0 0.6926440894603729 0.4656405553869579
0 0.7032294208588807 0.41263150469116544
0 0.6915348211060399 0.42854394290758213
0 0.6702465641757717 0.35917840263117917
0 0.7023914663687997 0.39567189708999967
0 0.695332205813864 0.37342979545178623
0 0.6723372003306514 0.31805713552495707
0 0.5038919053647829 0.3266136155180309
0 0.6600177339885546 0.26810091973646827
0 0.6570422597553419 0.24350067532580832
0 0.6388670730849971 0.15574518118215644
0 0.6933030628639719 0.471708324422007
0 0.6926625507033389 0.47806273996829984
0 0.6910737947277401 0.48226684020913163
0 0.692234807688257 0.4943250315344852
0 0.6947454304798789 0.5025355065646379
0 0.6967747859332872 0.5129892412735069
0 0.6973883898361869 0.5235203810360121
0 0.6956275857013204 0.5355256570422131
0 0.7000801453123922 0.421149763205777
0 0.676705794489902 0.42340144851933353
0 0.3879399992849516 0.25698632662710935
0 0.5660291155395301 0.3359260702910631
0 0.545607434666675 0.33978751833024234
0 0.5248002591340438 0.34085981884728306
0 0.4942057294690091 0.3322914729947629
0 0.5832995950527813 0.329903607264809
0 0.529573459988055 0.28401567573132724
0 0.5539689566130224 0.2838669005943381
0 0.5065947641497073 0.28980583613333494
0 0.4914155981462935 0.299076600048853
0 0.4759991454041522 0.3443873172868853
0 0.6197855323553085 0.5623793506104013
0 0.4943944724357646 0.32165781162355256
0 0.3930176778332047 0.3364382847495701
0 0.4466092716092649 0.3316478011400803
0 0.5716896248252495 0.40786900934965714
0 0.670225871645886 0.4653612266416135
0 0.6727511040542437 0.48047410418157993
0 0.646787822894428 0.47647930370724717
0 0.6305799937766531 0.48672362203183384
0 0.6542334945305534 0.4856167151876118
0 0.6393705736035886 0.49149346429368723
0 0.5940332671870356 0.5124618956576223
0 0.6869146227836609 0.4142562528019366
0 0.6832675311876379 0.3981643689715344
0 0.45891513772632764 0.2828326320518618
0 0.6059105402749517 0.3604686034762341
0 0.6275413794362027 0.41446963419084965
0 0.6216306206972703 0.4052947300931682
0 0.5008675553228544 0.4126225834307463
0 0.6769708660633668 0.3771808647591135
0 0.5128267219533091 0.2562583255379096
0 0.48170137178638706 0.2665642909381701
0 0.4140238894716553 0.22356110435465107
0 0.609925820775654 0.26201673674842585
0 0.5750780066718226 0.2904687499222548
0 0.5772210382249044 0.4971050828695297
0 0.429372766095659 0.4923375146544498
0 0.643425034440082 0.42267142119614975
0 0.6603612459224203 0.4254295192334963
0 0.6109466079784476 0.5032015398792599
0 0.6160608769758887 0.5023092680651209
0 0.4666636003100354 0.2556642162411109
0 0.6247215905915136 0.42136337783025657
0 0.5540474235363628 0.2527150982747907
0 0.549957939464113 0.23866908394772074
0 0.5126996182877085 0.1747475096065065
0 0.4426817284977954 0.240649720378544
0 0.5367566366558489 0.20886426075645115
0 0.44128240612537967 0.27504266617090806
0 0.4157715449514596 0.2678403956086739
0 0.6716134133546249 0.4736113225636275
0 0.6507141441106796 0.48139016602350315
0 0.6350110108437745 0.48920113768266593
0 0.6477020395838696 0.4249518527932789
0 0.6136540887148484 0.5027954767579618
0 0.6233517929263737 0.5058257315469825
0 0.6185842765414197 0.5018114850572918
0 0.6570405331642731 0.41679910356583805
0 0.6421659776697988 0.4927249772393185
0 0.6565317997465963 0.4878662139177322
0 0.6730918800053389 0.48425995474276334
0 0.6675200643746749 0.5379832310521084
0 0.6734691268723944 0.5253147497125293
0 0.6738605849120928 0.5145887416342031
0 0.6739828275597614 0.5039544242879619
0 0.6740903543389362 0.4961494875990826
0 0.6422188644823821 0.4994006747784822
0 0.6391548825346905 0.5034152419670769
0 0.6354460321042849 0.5091903878294903
0 0.6320772138626679 0.5155478354381479
0 0.603173760616261 0.46600416963515073
0 0.38648913152839826 0.4092864693506904
0 0.6960586225209029 0.4249768964622332
0 0.6306323758933855 0.5006093014841494
0 0.6273112646911455 0.502905505636464
0 0.6669159965670627 0.4307620714540067
0 0.6300169657105985 0.4299343767373458
0 0.6639159516147946 0.4281652849653493
0 0.5840196499358052 0.3721017812905104
0 0.550814859893011 0.3872546878845795
0 0.6168076674575391 0.41278619818065476
0 0.45403063815572986 0.1956780547681062
0 0.48125450345485105 0.2202022498068602
0 0.5030814435171045 0.24306309624858524
0 0.6139404637658078 0.5240523330543352
0 0.6026774320913397 0.2382170734198197
0 0.5907913666704426 0.20418233372595
0 0.5724361762404442 0.1626034438610077
0 0.5058617465521978 0.3386213259204574
0 0.4527949169278145 0.35848764634650687
0 0.5948971205431483 0.3246061861515045
0 0.4701651137160218 0.30828447782475016
0 0.6209968023973963 0.34841888151738953
0 0.6427780940480854 0.40734081825484403
0 0.42796106539342715 0.3715479051289351
0 0.4720314922540084 0.3704452548338019
0 0.5033944611964019 0.37485084144965464
0 0.5456469868836196 0.36819902140161265
0 0.5747326087692509 0.35832324442656144
0 0.5961007670215939 0.34852924567201865
0 0.6523471273805784 0.3239835929611455
0 0.43844675920579745 0.40853679193102793
0 0.45069202197634656 0.30562999468782676
0 0.6902261713276738 0.42192830352679545
0 0.6143504361743513 0.3775744206231573
0 0.37094062113243603 0.3324972596505414
0 0.6128448221994482 0.3381840529649154
0 0.610676223817079 0.41344896619734556
0 0.48334727792636206 0.3216624034487683
0 0.6365713975999666 0.39604288741298344
0 0.40282612293958664 0.45018706645654594
0 0.5933219515111136 0.3188323813935985
0 0.6566237340802732 0.3847935278778491
0 0.509866362032683 0.5336154285980308
0 0.5039628018503604 0.5484687149524688
0 0.40432712824448297 0.4109277480322382
0 0.4720304562993672 0.5131299114745597
0 0.40206150872551877 0.2998671520015468
0 0.6171264227317728 0.5760647390199745
0 0.6884505716354951 0.4252141844967137
0 0.5955147354499154 0.39151762179706406
0 0.42501883467902307 0.3355530391568723
0 0.5268347279533095 0.33159681001435154
0 0.5449655943590662 0.33099538295165354
0 0.6194523002790369 0.5091960146375324
0 0.44707027142462524 0.44249408283959263
0 0.6540114283561707 0.5906279094841169
0 0.5830281350923621 0.576473076188046
0 0.5481989150461943 0.565761907722639
0 0.6486596866794254 0.19961934225714725
0 0.6932593668284623 0.5876525233621183
0 0.5615956148375636 0.32766763619754624
0 0.5773768962725349 0.32310116077246875
0 0.5881397610773211 0.32060400960238084
0 0.43021068074133084 0.30194009140781736
0 0.571863784738209 0.3072003406027089
0 0.5524391836446264 0.30343623925810276
0 0.5345204090294631 0.3045681314623874
0 0.5170510793509691 0.3090556712254234
0 0.5061794658717902 0.3142637339623078
0 0.37458803148373315 0.2915778141954671
0 0.5137056896220082 0.3296313338953516
0 0.6916516183511071 0.44087076329666636
0 0.6245806741973629 0.4543495924576469
0 0.6447318248126818 0.4201480456020521
0 0.6656787745330645 0.44504608809947965
0 0.6637033152839412 0.29310875787683155
0 0.5474450721041016 0.5511538394119428
0 0.5811179144226987 0.5636217381643213
0 0.6568589754726576 0.5833346916281659
0 0.46474187788756 0.5255560902149781
0 0.5865673147465872 0.31437629927759586
0 0.6449125324902327 0.35265678633814274
0 0.697746537949728 0.5801334751688916
0 0.6181742244440577 0.5857288547184156
0 0.41731655176566995 0.44833736264187357
0 0.6572313081959019 0.497687501233557
0 0.6548976742702982 0.5039033748533415
0 0.6527052754941194 0.5125113707521688
0 0.6512237009794816 0.5221761861573095
0 0.6384064982766691 0.5332227182129156
0 0.6267172111117322 0.4971759573273037
0 0.6224617219489553 0.4964594576669776
0 0.6184744122235671 0.49537788603616795
0 0.5868580992455068 0.4805178066958552
0 0.4859464217139327 0.4505735669447028
0 0.6366902401913768 0.3349657957320628
0 0.6090881850408472 0.3005227188701215
0 0.5947970048240994 0.3051903747993967
0 0.6300809292689614 0.49746199159518534
0 0.4859650290530661 0.49040489559588224
0 0.6326212494269662 0.2970576838306759
0 0.6268816888332367 0.5475579883741296
0 0.6874734007793925 0.35491955034110856
0 0.6616697363231493 0.34284194215484287
0 0.6802275621372721 0.33758653259795646
0 0.6343220744443976 0.380612984429235
0 0.6986597452474677 0.5674402125503706
0 0.6969383605148481 0.5506434325290763
0 0.6625833155020423 0.5535158451484598
0 0.5740203368275062 0.5210613201493802
0 0.5932590371888616 0.4285708233066227
0 0.5978937388762183 0.5366422140079996
0 0.5400887714779895 0.4321571699951006
0 0.575436075096545 0.4478815037271251
0 0.5238940910152767 0.4610568642616272
0 0.6591909890589507 0.5704420126002768
0 0.6201127612072489 0.39099505751029306
0 0.5554880911241407 0.5345997118431589
0 0.5869961468421895 0.5492470803468124
0 0.5547583540496619 0.5018056833225748
0 0.4569625890125399 0.4706169568974039
0 0.5229489816271741 0.5071766611026681
0 0.43722624526075693 0.4824455861164176
0 0.5608217301576034 0.4711112996806269
0 0.6294195120749266 0.3648576595213102
0 0.6513335121714551 0.4146162810532943
0 0.6357333368581274 0.41955863017102946
0 0.6625892921634342 0.4022834840028182
0 0.5902555656173955 0.2823502280141996
0 0.5547899373847506 0.2731218109312265
0 0.5240309831240902 0.2741932513921157
0 0.4980500243280245 0.28113388995761457
0 0.47934044444042706 0.2922522585677064
0 0.4679479582802109 0.3261793746248535
0 0.3956682076272757 0.3738556252873462
0 0.4904178941379423 0.35143474858740104
0 0.514927080144053 0.35508826711903446
0 0.5442248602276263 0.3524529967619025
0 0.57008432013833 0.34583575388659604
0 0.5899175256490707 0.3382628574319508
0 0.6039654690286388 0.3315755855777989
0 0.3767554876597031 0.370364030547764
0 0.6343520374401755 0.42359439264173093
0 0.652001995107402 0.36827147019946055
0 0.6699455263821975 0.4141365738018699
0 0.6775137328583262 0.42108439893826194
0 0.6669366359710693 0.4170069747644922
0 0.6385078624538754 0.42755945558133335
0 0.6830918173427167 0.42186687510946524
0 0.6818790332130764 0.4252233681471451
0 0.6017156146142794 0.318157805826353
0 0.614523360910623 0.3205784411534019
0 0.6247991809378499 0.3230639742768329
0 0.4997178316116333 0.31815042975156205
0 0.48248690431532654 0.30915269722109257
0 0.7020390292872554 0.35535261047923045
0 0.7805908743454062 0.293336964301441
0 0.7099267347999241 0.41904866060485013
0 0.8031090750642444 0.214948531207831
0 0.7343474794989047 0.31670436923918516
0 0.7518739726232446 0.3157521267300067
0 0.7679418150497519 0.31241840331450754
0 0.7834874300853066 0.2971140976833261
0 0.7205719390641088 0.3146177855522736
0 0.7559307709984158 0.2582306821061217
0 0.7350002371746561 0.2636538317669993
0 0.7746035612147787 0.25882544737795127
0 0.7853343512700952 0.2648904030089793
0 0.7946135829324308 0.30618427901164347
0 0.7512189305346945 0.5408615911784379
0 0.7835253619629404 0.28588153110898057
0 0.81657507756482 0.28870916249959366
0 0.8015091626540475 0.2879421819163405
0 0.7630993114865344 0.38479565615239353
0 0.7101242302552514 0.4602233678102493
0 0.7070784439211306 0.4759246986845265
0 0.724911101486372 0.4648137644581173
0 0.7329500032507855 0.47150645903919053
0 0.7172716266435125 0.4765208196380864
0 0.7239349134590315 0.47899530322655387
0 0.7594796859699747 0.4902775489765665
0 0.7163403565468995 0.4104242215985837
0 0.7180520458065945 0.39388811147731284
0 0.8016709840816 0.2454502185401709
0 0.7206311212933582 0.3469844973605612
0 0.7400937339533931 0.4003392906292625
0 0.7381619176139003 0.39097036369468857
0 0.8087686546470808 0.3751960883969846
0 0.7106587828501411 0.37306087509445524
0 0.7736507220112759 0.232278589774733
0 0.7920148774333622 0.23499145468939905
0 0.7941976072995559 0.18686175035393757
0 0.7037729517273281 0.2548185478086057
0 0.7183539867401123 0.27465712777946305
0 0.7695059737433558 0.47181610840818156
0 0.7983216630375903 0.4427604378565498
0 0.7272558918465739 0.41189296426980393
0 0.7154021535230719 0.41870904046556223
0 0.73813097178936 0.48490173155846805
0 0.7331964542036471 0.48511146864165433
0 0.7952635249365931 0.2223764571806659
0 0.7379648737285448 0.40727530821509983
0 0.7459551387506983 0.23647035768498545
0 0.7474759998528854 0.22193275566982187
0 0.740363772796548 0.15491640775100043
0 0.7957955540522285 0.20384071650712388
0 0.7406584620475769 0.18894766348859537
0 0.8045113592044167 0.23528906327226887
0 0.8066683230192765 0.2260931679736013
0 0.7096532427746317 0.468787398804789
0 0.721643222414929 0.4712110661942026
0 0.7290149693903716 0.47533414623011716
0 0.7228892367819081 0.41527228523855625
0 0.7356336039045582 0.48506560869838883
0 0.7332993590313456 0.48942935868449833
0 0.730854267011518 0.4851956958356111
0 0.7258390246526055 0.4079753939224326
0 0.7190609062495439 0.48118698869062504
0 0.7129924699016239 0.4797360885402431
0 0.703805677268816 0.48013850735581437
0 0.7179357001314992 0.5308226076157196
0 0.7161885227846063 0.5188068360090256
0 0.7140756534493488 0.508487882303155
0 0.7099980828554734 0.4985053417475327
0 0.7052536231020222 0.4914768462595732
0 0.7197787696900575 0.4872664195039998
0 0.7251680713632832 0.49030133900435074
0 0.7307404713786166 0.4946660219327263
0 0.735405268876449 0.4999426559261654
0 0.7560337555149327 0.44643984553606614
0 0.8024911148392636 0.3594403553268184
0 0.7239668421123339 0.4862077924220458
0 0.728787750005722 0.4875985761051593
0 0.7116542555715727 0.42547695351683573
0 0.7316569724808568 0.41720379642818284
0 0.713457746350247 0.4222921510105548
0 0.7387507648571677 0.3538903984038726
0 0.769547916624857 0.36132224564966947
0 0.7390191036721935 0.3978280432846235
0 0.7753552924031797 0.1662268166956694
0 0.7750753190206445 0.19048083748506464
0 0.7764517574206643 0.21761964695609134
0 0.7502802493779556 0.5049790281316509
0 0.7077711256949798 0.23066006613814313
0 0.6999016157958818 0.19372763692036918
0 0.696523952095405 0.15210551101228464
0 0.7791627179021421 0.30627766070158585
0 0.8076267670030179 0.31516457718351615
0 0.7116959593866182 0.3116701836171358
0 0.7952750001264655 0.26973069698914237
0 0.7089976694272913 0.33806274131588315
0 0.7353623431661854 0.3957755411448686
0 0.8251749354860057 0.3247482849204022
0 0.8072008833937023 0.3312476563712825
0 0.7937699439732925 0.3419791454854219
0 0.7631250509749288 0.34380376189947126
0 0.7388115939886674 0.33989827606988987
0 0.7216602226962214 0.3349230990461681
0 0.6887059477360352 0.3198485304480014
0 0.830839322960895 0.36078577469224515
0 0.8023744238459546 0.26439767829749894
0 0.7081930779892466 0.4195208751637003
0 0.7240172320086024 0.3645437244487845
0 0.802796615206677 0.284804347222266
0 0.7091408967971802 0.3284173719261004
0 0.7370436178601306 0.39816495206045066
0 0.7879661541918049 0.2843494795586752
0 0.7317892559196638 0.3844215754581534
0 0.8021070944226306 0.39952911773453587
0 0.7092613066020219 0.30536374171142994
0 0.722273560969726 0.37675748389700187
0 0.7952717063219651 0.49140961610752604
0 0.784453949202662 0.5062167801286863
0 0.8257658015126768 0.35957163779631907
0 0.808580642161162 0.46614247832609257
0 0.8117515930662984 0.25525418811518213
0 0.7512581108704858 0.552897450198298
0 0.7025610973005709 0.4235467542772708
0 0.738987121893012 0.374470725785131
0 0.8069748062154521 0.28714515767667603
0 0.7675055187681447 0.30380392055148664
0 0.7523747371590656 0.30719834352317066
0 0.7373871297939963 0.4917293237603229
0 0.8286672182705092 0.39445146283377774
0 0.724391371011734 0.5779313524132189
0 0.7567059306994729 0.5467391566089962
0 0.7691229627184246 0.5297844469547272
0 0.7368637867595839 0.30779077643933506
0 0.7227372436419778 0.30673109979733176
0 0.7138569342053455 0.3062884770009829
0 0.8058546470559161 0.25786862762077994
0 0.7199260346267534 0.2884479532423227
0 0.7340748640506164 0.2797405115288237
0 0.7514652221099191 0.27576310168141904
0 0.7675261581721513 0.2760313808917999
0 0.7764709358629973 0.27955635747183927
0 0.8056643501571987 0.24611122271288996
0 0.7760129907856816 0.29888144018857377
0 0.7418891761613928 0.43960825917513474
0 0.7290157131526781 0.4092901136564172
0 0.7150148924278177 0.43892992268437925
0 0.7787386140097743 0.5145622110885123
0 0.7649451170278632 0.5330446137034375
0 0.7303052641775297 0.5704041118207185
0 0.7930459444937499 0.47906399110089176
0 0.7124976289013157 0.2990282328232475
0 0.7060042917728424 0.345426862784054
0 0.7436513881320539 0.5634059952652972
0 0.8234395255213198 0.396716355111288
0 0.7141050320604573 0.48891131333682847
0 0.7197438925504684 0.4939811548461085
0 0.7249946684941001 0.5013578127259793
0 0.729143082447674 0.5103204724581345
0 0.7370519054972607 0.5191567476676858
0 0.7284258565177089 0.4820353247549223
0 0.73322779847228 0.48021086869032487
0 0.7371678792912028 0.47797349820966306
0 0.7655542317939841 0.45747436595999674
0 0.8180100606835407 0.4085064421529355
0 0.6984867673853169 0.32790792713994565
0 0.6989680081605911 0.29109221774598826
0 0.7068530308163684 0.2925993422451227
0 0.7237520010575004 0.4832856714725494
0 0.8122311338134434 0.4465252972167471
0 0.6890280765035878 0.2919484838195469
0 0.7445311792518782 0.5293866053871487
0 0.6959161920391995 0.3387985703737839
0 0.7214360846125561 0.37016117391378983
0 0.7238283960715585 0.5439426038576209
0 0.7715964239576588 0.49275602672411045
0 0.7523072407297466 0.4090264116940291
0 0.7591695636510849 0.5124830617852832
0 0.7910597272541212 0.40094444946102475
0 0.7698385151832 0.42342217733030735
0 0.8015181143646655 0.4251979746248411
0 0.7299950887327609 0.5587240245031274
0 0.7280106246471405 0.3780462270197661
0 0.7804639831833218 0.5004991268334181
0 0.76536983186784 0.5210148479627527
0 0.7836197666499926 0.47056943515072697
0 0.8225779300150664 0.42297366533590397
0 0.7983206005200095 0.468627165970595
0 0.8180588833663774 0.43193008601665495
0 0.7807677038337874 0.4427471434292586
0 0.7144622770340546 0.3547666644272597
0 0.7314388641844625 0.40423671525457633
0 0.7359972771095193 0.4067695951980093
0 0.7280594473299773 0.39391881110875504
0 0.71196506852689 0.26962630949590516
0 0.7395771379056184 0.25410292278165403
0 0.7646522871826006 0.24905133195545362
0 0.7833217304685841 0.25014997351428736
0 0.7935766454624094 0.2569420701783636
0 0.7936903879694317 0.28648492609677106
0 0.8230032558026521 0.32382338928139726
0 0.7912977577551551 0.31602454587169315
0 0.7782235054866128 0.32461395581131397
0 0.7567078963569973 0.32802550701991373
0 0.7351123859053073 0.32694900826267576
0 0.7193889319896698 0.3238607361264851
0 0.708750315334486 0.32026392299195994
0 0.8005510108626407 0.32187339417312455
0 0.733355884966643 0.4110260276690773
0 0.713118112605551 0.36086997273175614
0 0.7247887525869452 0.4067220151424408
0 0.7134989720323811 0.41598928052446116
0 0.7217989874922711 0.40963127898133317
0 0.728177758662597 0.4161595133335694
0 0.7122795737308004 0.41786181227020597
0 0.706897444051245 0.4218519480332084
0 0.7050626090039378 0.30679375270138615
0 0.6993428643630899 0.3118196001519328
0 0.6980187549539234 0.3161979565153951
0 0.7809141453193582 0.28280658255452695
0 0.7897544775320136 0.2725748735277549
0 0.5376215525295424 0.3165342384706373
0 0.5591404421821885 0.31431860262932987
0 0.5351634446693503 0.300766129338223
0 0.515613572752994 0.3188257779116216
0 0.5398840774660525 0.33221519038729047
0 0.7372444336828978 0.29081905516593354
0 0.7606765588988429 0.28839126242243723
0 0.7345745926317961 0.2744173761943112
0 0.713807713078416 0.2933611916459125
0 0.7400941855233648 0.3070646558118903
