0 0.44207469942952005 0.39496450944586015
0 0.44421430472834705 0.3550675274497108
0 0.4455161559933852 0.3678701427342063
0 0.43896276940776324 0.30169593269714684
0 0.44739461863091223 0.3399722410690742
0 0.4537870696576839 0.3191631318269958
0 0.47185656610671983 0.2668173096782372
0 0.30288349821346217 0.24249757806884295
0 0.48345372734693537 0.2246254590623885
0 0.48824420357555276 0.20349625696915324
0 0.5096614377156592 0.12427826651757581
0 0.44091713403347677 0.40042313180360084
0 0.4401653576249312 0.40611772633390775
0 0.4402587675344089 0.40998175757918354
0 0.43758965060429234 0.42213231006975277
0 0.43553890658833305 0.42918827044440616
0 0.4331368197871663 0.4379565987298497
0 0.43126486254392293 0.446968433554345
0 0.4287916970152392 0.45631505062854444
0 0.44390904897124456 0.36200772542263404
0 0.4239236023355637 0.359180559042934
0 0.2514537562800862 0.16854168858250973
0 0.36814508156434395 0.26398875676581585
0 0.34422323629574436 0.2628649719952123
0 0.3216374513972158 0.2598748880207609
0 0.29424447192169945 0.24637767216488984
0 0.3886493805968812 0.26298896202978855
0 0.34452368595680605 0.21338248380138355
0 0.3727291874618973 0.21884110615912422
0 0.3174352928178723 0.21331674122159874
0 0.2993562185060123 0.21806456935221896
0 0.2759595078883795 0.25428462353748216
0 0.3461216356495262 0.4637747274740452
0 0.29677961892468013 0.236144825232835
0 0.22744746103819916 0.23396925074915587
0 0.2564260745853311 0.23935722534059772
0 0.33992504161872944 0.3268452294497869
0 0.4152438272152269 0.39021709989115577
0 0.41667061981269576 0.4042125257308797
0 0.38808962488979226 0.3940075402582243
0 0.37071186297805 0.39961276883049507
0 0.39674722330982676 0.404583383992332
0 0.38185687356860326 0.4066212469996931
0 0.3380462013593706 0.42223446875421744
0 0.42513897820112573 0.35272549055649294
0 0.4242928649931517 0.3379731486559197
0 0.2744012170703099 0.2021764478649533
0 0.39583506061054985 0.2922389947081234
0 0.3783313618179112 0.3427504863886081
0 0.3791752607887807 0.33402474820260336
0 0.27320870449019885 0.31741361530367307
0 0.43146306251171773 0.3186357784950012
0 0.3281377821154735 0.19311255266092284
0 0.2962778110041397 0.1940030860024132
0 0.27328599681331134 0.14467033026198617
0 0.4290661937576809 0.21700013079818598
0 0.39460737770619775 0.22919322106620454
0 0.3247216777082234 0.40761018492290274
0 0.24273927428048372 0.3708885983074546
0 0.3948075687709237 0.3528497029595245
0 0.4114227062287713 0.3586809102043704
0 0.3533459961540085 0.410887398895137
0 0.3597939919193083 0.41120619677705417
0 0.2888110258659733 0.18318387961472482
0 0.37781898048608115 0.34898593332419614
0 0.370960080673926 0.19905180481405021
0 0.3700988282634236 0.18667246134397114
0 0.3664515849658709 0.11954939202764563
0 0.27812722884904484 0.16209529246582538
0 0.36921227519019245 0.1518945450743181
0 0.26556047206186545 0.19357010845894773
0 0.25514923218433366 0.18027977374949064
0 0.41488649397459715 0.3976803869539308
0 0.39200161542067546 0.39975155290759756
0 0.37574394852048737 0.4032726135118152
0 0.3998727648821561 0.35589876689662003
0 0.35656096544195326 0.41107921130858
0 0.3638178100062825 0.415887628303021
0 0.36316078234825455 0.41137739432664105
0 0.40334129006550784 0.34928084621791455
0 0.3874419862836725 0.4087775669912426
0 0.40155134541827414 0.4076748810628979
0 0.4195448712206088 0.40814653763708836
0 0.4001356240063277 0.4527286136984684
0 0.40330898623426253 0.44286309329357576
0 0.406913918722028 0.43408830324243114
0 0.41180968278319524 0.42560625472244135
0 0.41650898050406815 0.4195892259319482
0 0.38591112454229265 0.41499313157082734
0 0.37996601806914254 0.4174852540908759
0 0.37257678272351935 0.4212916526647366
0 0.366456425391169 0.4257439923597542
0 0.3511981604157118 0.3850343190619671
0 0.22850859555011058 0.29517616807071057
0 0.444572049920066 0.3647805292552618
0 0.37610377063228106 0.4133561073248921
0 0.370047317212644 0.4144048492820803
0 0.41693002884649527 0.3647558855982155
0 0.38486445981238965 0.35801686567485264
0 0.41425044149286133 0.36179943158250405
0 0.3694470873110405 0.2986256521933161
0 0.32842443141504685 0.3054108201114026
0 0.3754565954711367 0.34004054742634365
0 0.30937485183090097 0.12768386557150282
0 0.314206711979355 0.15162604170479102
0 0.3238395531092012 0.18065154764575891
0 0.35363962287515527 0.43295500895023914
0 0.4263340826401731 0.19611260397437064
0 0.4286516508095375 0.15719372924960806
0 0.4312871937258837 0.11897854604189365
0 0.30301539122052334 0.25425443374955076
0 0.25110057687960596 0.26230333467960926
0 0.40252504331150135 0.2611034475753033
0 0.27833598506350055 0.22269718446199863
0 0.4138539385694995 0.2841004138880919
0 0.39005679432852863 0.3385976377613887
0 0.23066198404579727 0.26851092015579786
0 0.2613802327133935 0.2757741802527811
0 0.2881513205258655 0.2855489481669162
0 0.333827736382746 0.2879332873886308
0 0.3686027935537105 0.2851963764407881
0 0.3944319552007104 0.2812670211916434
0 0.4479281296206929 0.26806975422097834
0 0.22913048721315488 0.3020006559638932
0 0.26387596972884003 0.218722623013941
0 0.4323377376618768 0.36037402362303095
0 0.39417561863545125 0.30875406443436376
0 0.23172341035639688 0.2288996162222232
0 0.4143453962189236 0.27577504356560756
0 0.3751270517643997 0.3400128167719179
0 0.287590569270311 0.23522792160864545
0 0.3925042987372805 0.32815340999182435
0 0.2324172733076514 0.3317215080645868
0 0.4044476018802023 0.2556532621383667
0 0.411126170103057 0.3214973204217913
0 0.2714794882993658 0.41801129937313347
0 0.2764974301877404 0.4295939489898591
0 0.2193441771379503 0.2979821440446702
0 0.250763755370293 0.3942109943143272
0 0.24092674098185848 0.20491827707980734
0 0.3415074487401463 0.47435611733903804
0 0.43533226162320954 0.3633832182041408
0 0.3713571671946642 0.3177615303727373
0 0.2406715716113521 0.23947213750999877
0 0.3239040749485483 0.2514036309111019
0 0.3445188283668792 0.2544978356446236
0 0.35813741643720537 0.4178002063065661
0 0.23325959313267897 0.3321134520878006
0 0.37760061207954393 0.4956961116474011
0 0.32283401482970403 0.46869984866602704
0 0.3016053341360535 0.4525520269839648
0 0.49843182267015995 0.16378025673462404
0 0.42198303807133863 0.5034111721235662
0 0.36505139754291327 0.25552062589502844
0 0.3845750985014791 0.25561791863447125
0 0.39766930716450205 0.2561024464180744
0 0.25230635771771526 0.2132887881987177
0 0.3869946588946797 0.2406463606784635
0 0.36759207155634077 0.23257411106059842
0 0.34587626728201715 0.22886601242447804
0 0.32378737263790164 0.22880650924193902
0 0.309977295969609 0.23142085592941883
0 0.23868392477055642 0.19534475261771947
0 0.3107969928139876 0.24710009495417276
0 0.44342032049778646 0.37965972581933544
0 0.37240695588699374 0.37883672708576965
0 0.39445277589534405 0.350513186036197
0 0.41253181587794663 0.377909267500202
0 0.4787331283218247 0.24528919165668964
0 0.29433298991199286 0.43988508261819753
0 0.31710125197841144 0.45689632177070083
0 0.3752605410819315 0.4892297154502371
0 0.2580549120274274 0.40399439535672693
0 0.39922696289130905 0.2500733574090055
0 0.4257662767222159 0.2915685668958888
0 0.42170552035424275 0.4967688693977618
0 0.3467652663148405 0.48364421226800125
0 0.22454239912173918 0.33135664067093024
0 0.39932490426276807 0.4170801510873073
0 0.3932685366662746 0.4214393838020406
0 0.38662306184758616 0.4277368584561603
0 0.38130987118065107 0.4353249596248459
0 0.3735721595428161 0.4436719389289865
0 0.370360245558783 0.4089847359085988
0 0.3642410554211854 0.4072327079297809
0 0.35936791434066706 0.405135067049436
0 0.33477752394817045 0.39526245701496854
0 0.25694779347518326 0.3462531819745174
0 0.4313406272150796 0.2749744517240377
0 0.42451176550317915 0.24496283324729223
0 0.41008631973075466 0.2452887992417685
0 0.37630257136208095 0.41024111768104854
0 0.25658881243019666 0.3789405600738978
0 0.44537154399644474 0.24651254517327847
0 0.358959962609951 0.4533852808274691
0 0.46000190110649236 0.3014834530978582
0 0.44291502815761646 0.2858339983656172
0 0.46569230165411146 0.28492438057846303
0 0.4039538784997876 0.3144460951871861
0 0.42317870894313364 0.4853411975138835
0 0.42623076873992566 0.47020803001286154
0 0.38983581689842645 0.46510506637862853
0 0.31622530664572734 0.4233613797636926
0 0.3532171412862303 0.3495025083263574
0 0.3352563484308589 0.43976411417851385
0 0.30187732484270247 0.34099299076188927
0 0.3301882343327446 0.36227537855983205
0 0.28263213714969815 0.36245766837118926
0 0.37936882630682195 0.47862723982348276
0 0.39065813993099874 0.3216292241572768
0 0.29859915539182186 0.4287769411240891
0 0.3224067872209388 0.44678645767492475
0 0.3017983160567183 0.40444415517831894
0 0.2397564737605646 0.35720430517818863
0 0.2778309158635039 0.40016196659309866
0 0.2334813258064447 0.3628784418106079
0 0.3123128698344975 0.38029297885804275
0 0.4103801610097603 0.29982986894225166
0 0.39626558382802873 0.3461966219038867
0 0.38458615252237277 0.34849986204190325
0 0.4056715257308654 0.33738865971141013
0 0.4087045156251529 0.22713003421593392
0 0.37158301937932203 0.21207180488434835
0 0.33654415902960655 0.20622042751255693
0 0.30777893614668383 0.20626257287508512
0 0.2878314405050962 0.211509487382882
0 0.2743965482912989 0.2373309124124149
0 0.21954457417822085 0.26547364174683324
0 0.2851681252194859 0.26276684210393775
0 0.30790231549790137 0.27071587343657144
0 0.33912489528645945 0.27402788153181157
0 0.3693434816121049 0.2736645183953526
0 0.39300233043950317 0.27163347032712165
0 0.40974937806904066 0.26888812245847493
0 0.22949453182361296 0.2614332592360066
0 0.38537466123637265 0.3523182423513555
0 0.42029690509858514 0.3063544995137098
0 0.41016151796916367 0.3488195755586364
0 0.4219926845926776 0.3566677431760451
0 0.4112414134202627 0.3509152805253704
0 0.39135677464903657 0.3569982873446011
0 0.42556455800553417 0.3586654490564783
0 0.4284628227290222 0.3618141079005539
0 0.41231770429933123 0.2571957013078149
0 0.42404505924836494 0.261957747939077
0 0.4309156310080476 0.26566047049077807
0 0.30242434439528343 0.233820747862507
0 0.2886438595468988 0.2247373627173943
0 0.4812053669605577 0.3053716571022749
0 0.6746404681527665 0.2733725224525479
0 0.46847909927871156 0.3633176325903244
0 0.7741701856947146 0.21109535883612762
0 0.595749534509353 0.2836630543780072
0 0.6209127772206495 0.286371946900482
0 0.6458945211478929 0.2873853976757642
0 0.6827335905928149 0.2793420951985804
0 0.5748376956971889 0.279350375153416
0 0.6420632387012369 0.2390560468886388
0 0.6105894202421486 0.2402477063600986
0 0.6709767811409029 0.24264737592473148
0 0.6886617040835352 0.24978661982614375
0 0.6980377108738895 0.2909462753139781
0 0.5154230199785675 0.4806303871908222
0 0.6851229069102163 0.26856358223821203
0 0.7703972973149537 0.28130354194030216
0 0.7273379037400338 0.28036758003144363
0 0.5817718624062679 0.3482646746991792
0 0.472222241356906 0.39537212390492393
0 0.4666292329126269 0.4085728048854027
0 0.5015931696579929 0.40446045347804277
0 0.5200754925923006 0.41285054610151695
0 0.4897783952549037 0.4127164710034679
0 0.5075303460726758 0.4172734546774506
0 0.5426042051003452 0.4416445926415114
0 0.4645190821166783 0.35639974994591544
0 0.47129210729136245 0.34218313289565405
0 0.7221770148237043 0.23728756364412862
0 0.5433688206511711 0.30493573644690103
0 0.5268575806909472 0.3559549083913348
0 0.5323927958303363 0.3473981963923535
0 0.6592293435762703 0.3519820997299249
0 0.47656835967729866 0.32253334813553525
0 0.6640274409000381 0.21902437700778424
0 0.7000181657352528 0.22500939782121146
0 0.7548686293610037 0.183338464932651
0 0.5444212183670656 0.22889252659264833
0 0.583564330253923 0.24678452795510614
0 0.5630304565661064 0.4300661549449391
0 0.7077527534106612 0.4149240927057051
0 0.5053575787111677 0.36288440651740894
0 0.48495074044048536 0.36522683582554794
0 0.5408274600525949 0.42584465986751857
0 0.5344058634862618 0.42511314613256307
0 0.7139062041471779 0.21546907166145027
0 0.526671962396002 0.36226245502842985
0 0.6140565379259455 0.21927833486423515
0 0.6198094348867231 0.2068008876638763
0 0.6585271386154593 0.14276641154770042
0 0.7322437949321441 0.1997620365797837
0 0.6338690165980456 0.17376122560930987
0 0.7364253731216559 0.23121007679478836
0 0.7546701032652634 0.222250825569723
0 0.46986522887075 0.40249667840778897
0 0.495631070202413 0.40901162941119285
0 0.5140936194844387 0.4152135641125173
0 0.4989571461320426 0.3648821385588369
0 0.5374735945890724 0.425502447895308
0 0.5250422152285837 0.4289447639053544
0 0.5309994399296081 0.4247330792009618
0 0.4941666699034252 0.35761636700635846
0 0.5023014165681122 0.4183045379631884
0 0.48496383705219637 0.41475279051213926
0 0.4641859853317969 0.41194537568346884
0 0.4601265849694924 0.45857491583728
0 0.46241461281283497 0.4481861755375619
0 0.46261936966879963 0.4390513840377826
0 0.46246550593698077 0.4300279860536116
0 0.4616723456085986 0.42352007235779315
0 0.5009452907470712 0.42448711352840435
0 0.505264409106492 0.42777800970088825
0 0.510262920635159 0.4326859431193251
0 0.5141143200266713 0.43803089595491496
0 0.5403922337268475 0.40226418564752325
0 0.7596740044873475 0.34301552342633196
0 0.5145032018548829 0.42459991973772876
0 0.5197240983132069 0.42652162792843856
0 0.47652443539241196 0.37006481474404657
0 0.5162638808101542 0.36985879691045903
0 0.4805351568676751 0.36772984131940883
0 0.5675595498286219 0.3158213786807349
0 0.6056810230142456 0.32986065034764517
0 0.5353190217340043 0.35412766755263575
0 0.7189904358316574 0.1603234344529936
0 0.694307734065921 0.1830852526645502
0 0.6742826886317901 0.20704443344442022
0 0.520262552716058 0.4488943013432187
0 0.5554770587114343 0.20867340010397517
0 0.5702880735387279 0.16891477052851503
0 0.5907400032890497 0.13165104961904342
0 0.6687373120322007 0.2853591501500683
0 0.7210598721282895 0.3037071114898718
0 0.5610721097465305 0.27532299465697574
0 0.709962356065396 0.2581599301714914
0 0.527735791754622 0.29383395207451474
0 0.5126264900094849 0.3495967925514049
0 0.7391589432326047 0.31359777261071076
0 0.7019671063382917 0.3144150420864282
0 0.667524699671862 0.31865027168608784
0 0.6182117512457481 0.31306071354966714
0 0.5832710210784076 0.3044737594407648
0 0.5574497894898749 0.2960058640189301
0 0.4959027862750025 0.27221437521535163
0 0.7238200130844921 0.3465531962622103
0 0.7272121556700534 0.25734501518530073
0 0.4562623464356998 0.3626347259835982
0 0.5346881186408836 0.32081067279281705
0 0.7818454524132773 0.27609062364517156
0 0.5382549284882686 0.2869110203581207
0 0.5385257520001648 0.3543693428220557
0 0.695514441793981 0.2695243186090906
0 0.5180316659217142 0.33914869295461886
0 0.738658971927337 0.37840088491338003
0 0.5622054215221969 0.2699173613940835
0 0.4982892360994082 0.3291658143273169
0 0.6323715400595202 0.45339354770180734
0 0.6313977563431494 0.46476981323101907
0 0.7514256794744403 0.34613817824163473
0 0.6707705309622398 0.43454910300380395
0 0.7642205370126395 0.24958302188456977
0 0.5176741953640548 0.4922175103376486
0 0.4543319779609326 0.3650856187759345
0 0.554665034456092 0.33371659784554586
0 0.746564725280311 0.28410768664462993
0 0.6473532399547755 0.2780957200066192
0 0.6245692550884521 0.2777157707994943
0 0.5297882693980817 0.4316774629330437
0 0.7081645671828387 0.37560825104673845
0 0.47091678551983734 0.5053113759765987
0 0.5498165074531539 0.49150009737885864
0 0.5865755553989974 0.4811816778330051
0 0.6030716904859502 0.27546064073080695
0 0.5829951511656685 0.2726423429283242
0 0.5691165876287951 0.27137225279463
0 0.7433598831233093 0.254957458161233
0 0.5883433748398149 0.25933272756574277
0 0.6118845258081009 0.25496771327117157
0 0.6355923109919713 0.2546356517649206
0 0.6586530240024695 0.2576908112137909
0 0.6721876427091124 0.262081515605198
0 0.7822296654624779 0.24058994449330395
0 0.6634135651186046 0.2762320369022455
0 0.5196355631582847 0.3920714173594121
0 0.5054684965419367 0.3606235210298785
0 0.4755248189098221 0.3836121812268367
0 0.5930402008541525 0.4696647707960642
0 0.5567567504407988 0.48105746542997346
0 0.4723380339422306 0.49915276388256574
0 0.6706528502677563 0.44399178325069333
0 0.5705739332653802 0.265768920894478
0 0.5056593328840119 0.29842578219349275
0 0.5118899901204974 0.5003635732021762
0 0.7318210644561027 0.37821014510072143
0 0.482842632235354 0.4241035933454973
0 0.4861461366782209 0.42926275079643456
0 0.4891037910170696 0.43646879679791867
0 0.49077442433009166 0.4447123093678575
0 0.49291372066560174 0.4550866611204679
0 0.5221204864576396 0.4213360478728126
0 0.5280640824434626 0.4207448355526545
0 0.5333988833779524 0.4197442036647955
0 0.5552097711130537 0.4156494847678912
0 0.668566695622754 0.3839310837527328
0 0.5118821630498025 0.2818965462886
0 0.542689787939128 0.25639025660172055
0 0.5597865133848874 0.2593053108432539
0 0.5164471303863365 0.42155056802969104
0 0.6616257660499605 0.41701953606249176
0 0.5162197333850941 0.2541422815650949
0 0.5061472546199203 0.46781476989194026
0 0.4884869972487542 0.2897670946370099
0 0.5165848936964188 0.32427635057116744
0 0.46608689930368574 0.47258470406311687
0 0.5672903741210825 0.4476095348914747
0 0.5567182330139578 0.36752065800545763
0 0.5391669881997733 0.45962195732981004
0 0.6152926658276264 0.36928631586253574
0 0.5748019932694576 0.3843111768453288
0 0.6290802225030424 0.3943012235851899
0 0.4708703208699005 0.4878203180195457
0 0.5299561394669335 0.33360125401973156
0 0.5875709322182942 0.457072751519236
0 0.5521125168488499 0.4695646003471999
0 0.5906198508880309 0.43199092397203365
0 0.6928480883690878 0.3993404328752384
0 0.6236805392720025 0.4332856839237688
0 0.7077951157143347 0.4075289027122416
0 0.5872318621426192 0.4056046045830524
0 0.5201434988512772 0.30928884748886487
0 0.5021324479630225 0.35587360001967894
0 0.5168462766625207 0.36040991650781595
0 0.49326379326828423 0.34532752749758683
0 0.5661627953314077 0.24222486277916253
0 0.6111789222508041 0.23299491066101183
0 0.6507994854500525 0.23195341529936694
0 0.6824491726949748 0.23612502135981586
0 0.7030552751404323 0.24453606894007782
0 0.7083930627203189 0.2744988448396414
0 0.765004033655054 0.3139284737452352
0 0.6833606144798456 0.29736147444443345
0 0.6546988084849426 0.3008556677070518
0 0.6203244080774895 0.29861592030327233
0 0.5888768858295955 0.2931546033630733
0 0.5649036324979887 0.2871534019743986
0 0.5481226675621065 0.2814620252464448
0 0.7730779660401969 0.3092104429876253
0 0.5158890053189756 0.3640482830124535
0 0.5001851036704542 0.3133260645193279
0 0.4832982673046458 0.35569709178815956
0 0.47009259154273486 0.36136481897686723
0 0.48375058960059525 0.357847054657987
0 0.5083867237286226 0.36750129886934907
0 0.46443425452155906 0.36236189296944143
0 0.4622351051257129 0.36489741657976577
0 0.5524406015621459 0.26998647874218995
0 0.5356986346627086 0.2723608637054054
0 0.5245827181178306 0.27424499162716937
0 0.6795273752655158 0.26548160776973195
0 0.6982077780152172 0.2583760853905412
0 0.3568240391239838 0.24140220413852842
0 0.3840662015892785 0.24385794979538924
0 0.36010387354385 0.22773427471147314
0 0.3292153775063245 0.23900160585858218
0 0.3532874647700837 0.25514079441237986
0 0.6282319808811075 0.263767199301352
0 0.6566005806882673 0.2657930674926242
0 0.6305870365995898 0.25016220014714685
0 0.5998434357753786 0.26168250811340404
0 0.6258498737077672 0.2773945007035741
