0 0.595706665609032 0.6172608286142349
0 0.5950419964268804 0.5603008836507797
0 0.5918802718631924 0.5783796831965446
0 0.5781938063912093 0.4910293385386467
0 0.595961628574878 0.5399712949991227
0 0.5958474577404559 0.5119868367910385
0 0.5940027633681894 0.4403122290968895
0 0.44995560753159225 0.4284032300114632
0 0.5940028190612793 0.37251615673303606
0 0.5946663465350867 0.3414761871099472
0 0.5946230451576412 0.24308442175388337
0 0.5957030734047294 0.6254649862647057
0 0.5951929525472224 0.6341107130050659
0 0.594381448533386 0.6396813586354255
0 0.5941610709764064 0.6536513447761536
0 0.594645322393626 0.663350510597229
0 0.5947673738002777 0.6752388089895248
0 0.5944711422547698 0.6872112810611725
0 0.5882578819058836 0.7020135790109634
0 0.5938915999606251 0.5699501484632492
0 0.5761257827281951 0.5692243903875351
0 0.3607729120180011 0.3335234709084034
0 0.503519425354898 0.45102817937731743
0 0.4851023888215423 0.4516159728169441
0 0.466360745113343 0.44947475343942644
0 0.4399085462559015 0.4343421012163162
0 0.5189073564950377 0.44720617681741714
0 0.4775584534741938 0.3804979704320431
0 0.49925833311863244 0.384050178527832
0 0.45650725909508766 0.38427971974015235
0 0.44193491148762404 0.39364265352487565
0 0.42145916596055033 0.4466535814106464
0 0.5165730223990976 0.7208701968193054
0 0.44204104859381915 0.4207758128643036
0 0.3532710667233914 0.42596928775310516
0 0.3955617398954928 0.4269507199525833
0 0.4901167718693614 0.5375970214605331
0 0.5733342501334846 0.6132996276021003
0 0.5755091209895908 0.6339624837040901
0 0.550286583788693 0.6224476888775825
0 0.535220739711076 0.632039375603199
0 0.557932952651754 0.6363561898469925
0 0.5443348303437233 0.6402506962418556
0 0.5039769162423908 0.6650531768798829
0 0.5794528879225254 0.5598887890577317
0 0.577352924272418 0.5403734847903252
0 0.4121006522793323 0.3701378904283047
0 0.5302213937975466 0.4847383499145508
0 0.5349456715397537 0.5537547007203102
0 0.532249513361603 0.5422619432210922
0 0.42705300776287913 0.5332049787044525
0 0.5777115599252284 0.5140994727611542
0 0.4634552366100252 0.3488010622560978
0 0.4344926577992737 0.35534004792571067
0 0.3830579311121255 0.2975275874137878
0 0.5482223333325237 0.36968062445521355
0 0.517151701450348 0.3958825781941414
0 0.4909914179239422 0.6460341066122055
0 0.37957800407893955 0.6123826280236244
0 0.5496938979253173 0.5651686653494835
0 0.5641200790181756 0.5706526353955269
0 0.5184584005735815 0.6482866436243058
0 0.5234661282971501 0.6479905277490616
0 0.4219284080900252 0.3398823194205761
0 0.5338488935958594 0.5622940108180046
0 0.5001422381494194 0.35085869058966634
0 0.49761980064213274 0.3333059251308441
0 0.4714138627052307 0.25145197436213496
0 0.40004137181676924 0.3186922810971737
0 0.4842210178263485 0.29191290140151976
0 0.3968245807103813 0.35790127888321877
0 0.37747045224532483 0.3476826936006546
0 0.5740678395144642 0.6244900658726692
0 0.5540983163286001 0.6300177335739136
0 0.5396454164758324 0.6363844648003578
0 0.5539340634830296 0.5686424061655998
0 0.521021340880543 0.6481734409928321
0 0.5290675025898963 0.6539888277649879
0 0.5260653665754944 0.6478709504008293
0 0.5583057482726872 0.5588309288024902
0 0.5478118752595037 0.6425376087427139
0 0.5610017811413854 0.6400651782751083
0 0.5768216678872704 0.6392598390579224
0 0.5627081756480038 0.701079374551773
0 0.5711737759411335 0.6856909796595574
0 0.5725976533256472 0.6735878601670265
0 0.5744572734460235 0.6617471665143967
0 0.57634607674554 0.6528623193502426
0 0.5474040486849845 0.6500529885292053
0 0.5435436403844506 0.6542850464582444
0 0.5388974304310977 0.6605101630091668
0 0.5349509345367551 0.6676102951169014
0 0.512644097674638 0.6129991933703423
0 0.35101777999661865 0.5097735762596131
0 0.5928875092417002 0.5738599747419357
0 0.5375586242415011 0.6489457070827485
0 0.5334967601113021 0.6511173948645592
0 0.5691795734688639 0.5780304789543151
0 0.5394208062440157 0.5734789997339249
0 0.5668001836631447 0.5744084745645524
0 0.5083590852562339 0.4963701516389847
0 0.4745090061798692 0.5101474568247795
0 0.5286919083911925 0.5509468093514442
0 0.4180005276110023 0.2692889630794525
0 0.43375898487865927 0.2988109789788723
0 0.4558824243955314 0.3311883881688118
0 0.5187253932468593 0.6792613238096237
0 0.5440555712673814 0.3399702973663807
0 0.5361863325815648 0.2933782123029232
0 0.528458846732974 0.2439826399087906
0 0.4497387525625527 0.44383192956447604
0 0.39768959186039865 0.4601933598518372
0 0.5290733642876149 0.44249822571873665
0 0.41983303911983966 0.4018890008330345
0 0.5450136316474528 0.47147547751665114
0 0.5459210113156587 0.5463216096162796
0 0.3727354675065726 0.4728629380464554
0 0.4143286682665348 0.4778581283986568
0 0.44255625144578514 0.4879464775323868
0 0.4814486436545849 0.48583219647407533
0 0.5087087125517428 0.47833876833319666
0 0.5289178274106234 0.4696236737072468
0 0.5744205438531935 0.4448645994067192
0 0.37769761043600736 0.5184431910514832
0 0.4020272760186344 0.3960530675947666
0 0.5846662623807788 0.5694100797176361
0 0.5339350368827581 0.5068342834711075
0 0.34368713526055217 0.4185817278921604
0 0.5446537846699357 0.4593232452869415
0 0.5254150940570981 0.5510820493102073
0 0.43132250965572894 0.41964724808931353
0 0.5439831006340683 0.5322955533862114
0 0.3616991159506142 0.5597126618027687
0 0.5281112243887037 0.43503392934799195
0 0.5601944680325687 0.5207193076610566
0 0.4323787291068584 0.670924873650074
0 0.4308084763586521 0.6866523623466492
0 0.3563773905858397 0.5147456154227257
0 0.40480363224633037 0.6422556817531586
0 0.3640692467801273 0.3841540589928627
0 0.5128438130952417 0.7352985799312591
0 0.5857943259179592 0.5731767833232879
0 0.5153034287970513 0.5216181084513665
0 0.3747400428168476 0.4280612744390965
0 0.46967963557690384 0.4380855679512024
0 0.48549556811340155 0.4407807193696499
0 0.524949847906828 0.6574906378984451
0 0.3843788458965719 0.5588731184601784
0 0.5455008208751678 0.7585923776030541
0 0.4888327119871974 0.7302869901061058
0 0.46311546699143946 0.7126133963465691
0 0.5946601646021008 0.2951379768550396
0 0.5839305009692908 0.7620892181992531
0 0.500309247802943 0.4404711857438087
0 0.5140585211571306 0.4382619522511959
0 0.523247073451057 0.436746072024107
0 0.38353899409994485 0.3886097975075245
0 0.5137044244911522 0.41390424519777297
0 0.498043068125844 0.4046850338578224
0 0.481607466423884 0.4029256120324135
0 0.4650035323575139 0.4062701277434826
0 0.45412983247078953 0.4119888484477997
0 0.34838792444206773 0.3719947837293148
0 0.4583834479097277 0.4335970990359783
0 0.591723941359669 0.5939755648374557
0 0.5310574166942388 0.6022314399480819
0 0.5498770168051124 0.562004166841507
0 0.5669688501860947 0.5957858473062515
0 0.5934086851775646 0.4069492921233177
0 0.46007373319007455 0.6962805837392807
0 0.4858172653242946 0.7151686638593674
0 0.5459113764110952 0.7508132010698318
0 0.40352419489063324 0.655480545759201
0 0.5237562196794897 0.42715184912085535
0 0.5610651877243071 0.47962435334920883
0 0.5858169094659388 0.753916111588478
0 0.5154630730394274 0.7466951340436936
0 0.3654383082408458 0.5599555179476738
0 0.5606918073259294 0.6513720408082009
0 0.5571301506832242 0.6581726983189583
0 0.5535863715223968 0.6676221877336502
0 0.5509170991834254 0.678648391366005
0 0.5381225863937289 0.6922208830714226
0 0.5332455842755734 0.6441948980093002
0 0.5286935513373464 0.6425335302948951
0 0.5247343295719474 0.6403497442603111
0 0.49901162665337323 0.6281679689884185
0 0.41406597788445654 0.5745478615164756
0 0.5598736758343875 0.45663674771785734
0 0.5446061949245632 0.4147459134459496
0 0.5317167254164815 0.41816183626651765
0 0.5372175319120288 0.6452882647514343
0 0.41483136801980436 0.6194355666637421
0 0.5654119359329343 0.41299019306898116
0 0.526010912656784 0.7059422552585601
0 0.5952849575318396 0.4881507083773613
0 0.5761512066237628 0.4696336299180984
0 0.5946922995150089 0.46567032113671303
0 0.5474233463406563 0.512878680229187
0 0.587022971175611 0.73912313580513
0 0.5876613532193005 0.7195000782608986
0 0.5558255678974092 0.717854167521
0 0.4838464400265366 0.6696320742368698
0 0.5075795351527631 0.5664102956652641
0 0.5025133993010968 0.6899427443742752
0 0.4590165251865983 0.5615117371082305
0 0.4893564498052001 0.5861524507403374
0 0.44428875208832325 0.5926166534423828
0 0.5491758686490357 0.7365723580121994
0 0.535689759068191 0.524310226738453
0 0.46650252579711377 0.6801897019147873
0 0.4912626154255122 0.7008790850639344
0 0.4690947606693953 0.6455287903547287
0 0.3926633183378726 0.5922661811113358
0 0.4424361353740096 0.6446363985538482
0 0.3796487482264638 0.6021289989352226
0 0.47613358753733337 0.6115901410579682
0 0.5475862903986126 0.4928127512335777
0 0.552578424056992 0.5556797966361046
0 0.5415805007331074 0.5605443224310875
0 0.5605150792282074 0.5423926249146461
0 0.5301354593597353 0.38962337747216225
0 0.499928167834878 0.37249110341072084
0 0.472224030084908 0.3690603919327259
0 0.4480726937763393 0.37341096475720403
0 0.43015876077115534 0.3842352509498596
0 0.4159222703427076 0.423416830599308
0 0.35169184738770126 0.4701320916414261
0 0.43378141527064146 0.4573262110352516
0 0.4554480879101902 0.4654173716902733
0 0.4820768199395388 0.46671455800533296
0 0.5061387409921736 0.463176641613245
0 0.5243119671009481 0.45744380056858064
0 0.5372016454581171 0.4513163611292839
0 0.3460139647126198 0.4632208362221718
0 0.5415830347687006 0.5656633913516999
0 0.5619106088299304 0.4997624605894089
0 0.5659253426827491 0.5570759281516076
0 0.575032610911876 0.5661360114812851
0 0.5655857122968883 0.5598593831062317
0 0.5461822119075805 0.5712208077311516
0 0.5787915046326816 0.5681584075093269
0 0.5800804933533072 0.5720880776643753
0 0.5357116186060011 0.4356087163090706
0 0.5474322850815951 0.43957029432058337
0 0.5562884610146284 0.4429562970995903
0 0.44760896526277066 0.41658844649791715
0 0.43226796947419643 0.40464089065790176
0 0.6113356503657996 0.4907338052988052
0 0.7325642473064363 0.42518643140792844
0 0.6085843560285866 0.5687333315610885
0 0.7918488454073668 0.3342106036841869
0 0.6776730821467936 0.4475685074925423
0 0.6963875476270914 0.44857401624321935
0 0.7145736806094647 0.44702946692705153
0 0.7395079782232642 0.4313782349228859
0 0.6616749357432127 0.44399222284555434
0 0.7030765105038881 0.3763142883777618
0 0.6804843300953507 0.38121713101863863
0 0.724392817914486 0.37928134202957153
0 0.7385594413615764 0.38867529258131983
0 0.7528254491277039 0.4445315718650818
0 0.6526883822865784 0.7162520229816437
0 0.739555178117007 0.4169006019830704
0 0.7974430492147804 0.4252441808581352
0 0.7720507316291332 0.42504908367991445
0 0.6846790222451091 0.5354163542389869
0 0.616625324357301 0.613143652677536
0 0.6131679808720947 0.633849486708641
0 0.6362309628166258 0.6215353161096573
0 0.6478802585974336 0.63083136677742
0 0.6277749417349696 0.6359322369098663
0 0.6384771486744285 0.6394352123141289
0 0.6684137160889805 0.6604532018303871
0 0.6098620947450399 0.5594227492809296
0 0.6139408617280424 0.5399566948413849
0 0.7597356528043747 0.3652681209146976
0 0.6469935689121484 0.4837890312075615
0 0.6465876776725054 0.5520527541637421
0 0.6482766820117831 0.5406054764986038
0 0.7409636285156012 0.5298870071768761
0 0.6129449300467968 0.5137352228164673
0 0.71515948837623 0.34312312602996825
0 0.7414140742272138 0.34936882331967356
0 0.7784266436472536 0.29910114854574205
0 0.6327190957963467 0.3670205853879452
0 0.6622516376897692 0.3939635656774044
0 0.6817600917071104 0.6413227111101151
0 0.7574452187865972 0.606438958644867
0 0.6315558342263102 0.563751970231533
0 0.6181397030130029 0.5698762908577919
0 0.6598042326979339 0.6468752607703209
0 0.6549071114510298 0.6466068714857102
0 0.7498571188189089 0.3337483339011669
0 0.6456044440157711 0.5603740900754929
0 0.6801789091899991 0.3465265393257141
0 0.6819521493278444 0.32813681811094286
0 0.7093417603522539 0.25351620018482207
0 0.768980065267533 0.3192355543375015
0 0.6996201694943011 0.29311774000525476
0 0.769491829071194 0.3536726996302605
0 0.7837843189015985 0.3477297157049179
0 0.6156237398274242 0.6243600353598595
0 0.632268455158919 0.6294629961252213
0 0.6436062316410244 0.6353504925966262
0 0.627070730458945 0.5673100560903549
0 0.6572723691351712 0.6468034937977791
0 0.6506420789286494 0.652235609292984
0 0.6522588493302465 0.6464849978685379
0 0.6261214695870876 0.5578979581594468
0 0.633948409371078 0.6417513251304626
0 0.623722935281694 0.6396834492683411
0 0.6105340597219765 0.6391152426600456
0 0.6126413748599588 0.6997463390231132
0 0.6162993805482984 0.6844532907009124
0 0.6152701443992555 0.6725400418043137
0 0.6132116999477149 0.6609323337674141
0 0.6105971321463585 0.652334314584732
0 0.6340602132491767 0.6486618608236313
0 0.6383764555677771 0.6525832369923592
0 0.6431301114149391 0.6583648651838303
0 0.6469425540417433 0.664953100681305
0 0.6646654875949025 0.6099738076329231
0 0.7836575614288449 0.506741712987423
0 0.6417783008888364 0.6473842442035675
0 0.6462425754405559 0.64953533411026
0 0.6134273992851377 0.5775854825973511
0 0.6390674118883908 0.5717671141028404
0 0.6156129353679717 0.5738880440592766
0 0.6663627902045846 0.49500822424888613
0 0.698630809597671 0.5081181719899177
0 0.6500688299536705 0.5490796685218811
0 0.75341008733958 0.2714881718158722
0 0.7430984003469348 0.2999810308218002
0 0.7203663745895028 0.3248562037944794
0 0.6546826682984829 0.6751305758953094
0 0.6368250131607056 0.3360667429864407
0 0.6513482951559126 0.2940368130803108
0 0.6580677499994636 0.24515709578990935
0 0.730467040464282 0.44149117469787597
0 0.7721620899625122 0.4591104634106159
0 0.6510982053354383 0.4400165930390358
0 0.7549680736847222 0.39780702292919157
0 0.6349268534220756 0.4707651935517788
0 0.6387693424709141 0.5451287493109703
0 0.7851319802924991 0.4705514691770077
0 0.7605049414560199 0.476402448117733
0 0.7370520800352096 0.4864462599158287
0 0.7010060084983707 0.4848731443285942
0 0.6743105283007026 0.4775174751877785
0 0.6544987140223384 0.4691463068127632
0 0.6120191995054484 0.4446472078561783
0 0.7798913997597993 0.5150132164359092
0 0.7673593963496387 0.39283608049154284
0 0.6028536484576762 0.5690873339772224
0 0.6440314762294292 0.5057389974594116
0 0.7965646299533546 0.41765453219413756
0 0.6393072541803122 0.45901132971048353
0 0.6509932795539498 0.5492439031600952
0 0.7470434203743934 0.4162436291575432
0 0.6394873377867043 0.531169730424881
0 0.7732215117663145 0.5551760911941528
0 0.6510863705538213 0.43226195573806764
0 0.6275323983281851 0.520029604434967
0 0.7236767718568444 0.6643101453781128
0 0.717668991163373 0.6792514875531197
0 0.790442678425461 0.51147500872612
0 0.746453407779336 0.6362697884440423
0 0.7916185544803739 0.3839754983782768
0 0.6532732989639044 0.7301892787218094
0 0.5997257574461401 0.5730527848005295
0 0.6601936944760383 0.5200634315609932
0 0.7873116686008871 0.4272724032402039
0 0.7133457593619823 0.4351201422512531
0 0.6968612452037632 0.4369705066084862
0 0.65460622953251 0.6554218709468842
0 0.771472024731338 0.5545794725418091
0 0.6199408453889191 0.7556851297616959
0 0.6691066773608327 0.7233631566166878
0 0.6909010264091193 0.7049930050969124
0 0.6810325728729367 0.4359401673078537
0 0.6659396341070533 0.43403107672929764
0 0.6559231761842966 0.4336059927940369
0 0.7792212169617414 0.38594053909182546
0 0.6683152785524726 0.41341119855642317
0 0.6845912777818739 0.4039521299302578
0 0.7014837716706097 0.4008429989218712
0 0.7184281158261001 0.4028647094964981
0 0.7290075473487377 0.4081847533583641
0 0.79773671887815 0.3719585232436657
0 0.7246936719864607 0.43071800619363787
0 0.648153655976057 0.6001676425337792
0 0.6323107540607452 0.5606481686234475
0 0.6162372549064458 0.5951326102018356
0 0.699032356776297 0.6894587799906731
0 0.6765094307251275 0.708792507648468
0 0.6237210138700903 0.748039685189724
0 0.738625855371356 0.6486479803919792
0 0.6564867902547121 0.42539057657122614
0 0.623884055390954 0.4790709182620049
0 0.6466933274641633 0.7413183003664017
0 0.7803238287568093 0.5556110799312591
0 0.6237748133949935 0.6503296375274659
0 0.6277181347832084 0.6567212164402008
0 0.6314637457020581 0.665706105530262
0 0.6341217819601297 0.6762548565864563
0 0.6362421292811632 0.6890663236379624
0 0.6468837421387434 0.6429785951972008
0 0.6516740161925554 0.6412798702716828
0 0.655726217571646 0.6389658138155937
0 0.6760986663401127 0.6242189690470695
0 0.749053829535842 0.5701805293560028
0 0.6233414376154542 0.4562957860529423
0 0.6356583821587265 0.41258166283369063
0 0.6476034082472324 0.4160133682191372
0 0.6421641704626382 0.6440923541784287
0 0.7435814822092652 0.6140124306082726
0 0.6171717292629182 0.4116612531244755
0 0.645653091929853 0.7020283848047256
0 0.6119619748555124 0.4693406671285629
0 0.6348509715870023 0.512127834558487
0 0.618110129982233 0.7158267676830292
0 0.6850513583980501 0.6643406823277473
0 0.6675529515370726 0.5640245750546455
0 0.6672169551253319 0.684903907775879
0 0.7132138502784073 0.5581348851323128
0 0.6854884099215269 0.5830107092857361
0 0.7241326754912734 0.5881585329771042
0 0.6232103360816836 0.7341652512550354
0 0.6430695451796055 0.5230759650468826
0 0.6977166632190347 0.6738681077957154
0 0.6753600367344916 0.6951144218444825
0 0.7001976789906621 0.6404441654682159
0 0.762055576313287 0.5873507261276245
0 0.7210297349840402 0.6388766705989838
0 0.7670552842319012 0.5969471424818039
0 0.6967936616390944 0.607462477684021
0 0.6335973479785025 0.49208360016345976
0 0.63221568595618 0.5544916316866875
0 0.6403522514738142 0.5589420065283776
0 0.6275711885653437 0.541533100605011
0 0.6497399344108998 0.38741751983761785
0 0.6801578015089035 0.36940889358520507
0 0.7080260389484465 0.3647864356637001
0 0.7311556576751173 0.3686790570616722
0 0.7472424674779177 0.37928000539541246
0 0.7570946586318315 0.42069609463214874
0 0.7965760191902518 0.4681932181119919
0 0.7434721009805798 0.4553490549325943
0 0.7238217409700155 0.46369619816541674
0 0.6988116729073226 0.46484440118074416
0 0.6753120014443994 0.4610312581062317
0 0.6571433560922741 0.4555944301187992
0 0.6443583389744163 0.44969495534896853
0 0.7902134735137224 0.4613759383559227
0 0.6388669724576175 0.5639178842306137
0 0.6244788018986582 0.49915463477373123
0 0.6215434975922107 0.5562216818332673
0 0.6108697776682674 0.5655909731984139
0 0.6202163869515062 0.559138971567154
0 0.6337093467824161 0.5695988535881042
0 0.6081078181043267 0.5676760539412499
0 0.6048449270427227 0.5716952785849572
0 0.644150548055768 0.4332562744617462
0 0.6339807949028909 0.437958724796772
0 0.6271339699625968 0.44233145490288733
0 0.7350488552823663 0.4127221807837486
0 0.7468171393498778 0.40025926679372786
0 0.5026350469328463 0.42164407670497894
0 0.5216088751330972 0.4227168455719948
0 0.5014689171686768 0.40052049309015275
0 0.4825897672213614 0.4207499027252197
0 0.503627831954509 0.44275336861610415
0 0.705024654790759 0.4187122382223606
0 0.7234342562966048 0.4185622438788414
0 0.7037708362564444 0.39957562983036043
0 0.6864887692034245 0.41868120431900024
0 0.7061705958098173 0.4377114988863468
