0 0.5905303967652945 0.4068531453275547
0 0.5874765251256242 0.36658046108667924
0 0.5898067511083708 0.3788264991522503
0 0.5754538004911398 0.3247745997097646
0 0.5875313217881359 0.3537663256420809
0 0.5888533823600801 0.33695553222290275
0 0.5930713157362073 0.29668063576481923
0 0.47655508286842313 0.2931524369062162
0 0.5944358924018682 0.2669034621127847
0 0.5946174966886577 0.2509748345496608
0 0.5981003639567251 0.19658817133816683
0 0.5906184035262981 0.41229345200776385
0 0.5909887558548762 0.4182300696185991
0 0.5916602090944217 0.422375720422141
0 0.5917816529294107 0.42234678462105973
0 0.5916374040303854 0.4278199648489805
0 0.5915397567839562 0.43442265893898757
0 0.5917291379679105 0.4416650820012186
0 0.5908353323674906 0.45483113695927363
0 0.5883218893773445 0.3729971740760055
0 0.5724614272640727 0.3723370927054675
0 0.42138216666531464 0.24977316922333395
0 0.5246945063776105 0.3045536845254631
0 0.5075715348941867 0.30547510617587414
0 0.49134377864845696 0.30471974461018536
0 0.47057860310067606 0.2975284901319766
0 0.5392691045370785 0.30168802259849903
0 0.49734806888717137 0.2664939143410584
0 0.5178451027548263 0.2678632546706694
0 0.47886480938030196 0.26926724938284446
0 0.46770429296835564 0.27489444417278974
0 0.45764487051259617 0.30560991869253273
0 0.5261001775536356 0.473707145753027
0 0.47101667774880485 0.28938016412304896
0 0.41276715651846135 0.30076463207477283
0 0.4394814672600871 0.296689927077093
0 0.5076518125423399 0.35544621702335794
0 0.5703650577158867 0.4045114470463173
0 0.573317447417899 0.41825216966850753
0 0.5501755636955615 0.41007484149198237
0 0.5373528340697792 0.4159284345909995
0 0.5583354282479749 0.4195318709568483
0 0.5463896602517945 0.42144041710874947
0 0.5152205612337539 0.43441838935977606
0 0.572676098296411 0.36608545536420595
0 0.5703548677108459 0.35378121386389105
0 0.44396540396827183 0.26463035362608295
0 0.5433970242109982 0.3239451067454341
0 0.5358986379225043 0.3624216697129215
0 0.5355754487122162 0.3557393358034246
0 0.45896709832964067 0.3542468855861856
0 0.5727776877487762 0.33816636718955695
0 0.47994105549301275 0.24971463395600893
0 0.4579057848151726 0.25493992418468164
0 0.4346030590906425 0.22847909641032124
0 0.5557196312564335 0.2588429611270167
0 0.5354995911131428 0.2738797996892315
0 0.5029591897871927 0.4231766757844877
0 0.4329935758677213 0.4150594093051611
0 0.5490884585974085 0.36940634734824257
0 0.5625798819185812 0.3731001527870403
0 0.5240440185059978 0.4251346871131608
0 0.5281123033555751 0.4249402774649174
0 0.4489144612465227 0.24770866175826525
0 0.5362894419376357 0.3679505314479689
0 0.5114201791427306 0.24962460777672732
0 0.5075957734876544 0.24029275662257893
0 0.4996281571780579 0.2017139339146494
0 0.44155610689131014 0.23865796128908792
0 0.5059526202422154 0.22221063515719244
0 0.4346582499737478 0.2596092178624551
0 0.4274078642768699 0.2559509295709327
0 0.571198762594899 0.4118424251633866
0 0.5541183908277423 0.41511066637787164
0 0.5416132835396231 0.41873527366240154
0 0.5534480246813488 0.37162677188213467
0 0.5261376404561071 0.4250547818276061
0 0.5335925071802823 0.4269117390742155
0 0.5303798841021735 0.4248237821067415
0 0.5556740808587537 0.36539062006132944
0 0.5498698635443353 0.423213575567518
0 0.561578071821591 0.42240348374810205
0 0.5755075100604995 0.42211925808121176
0 0.5680717690081536 0.4538368559351154
0 0.5705699688020135 0.4406529262620194
0 0.5712806290715052 0.4334553669647676
0 0.5729602477218532 0.42703361012020696
0 0.5754360605644274 0.42210428137071326
0 0.5496169172761812 0.42330834695271086
0 0.5459257820739022 0.42567157010738255
0 0.541931120906701 0.4288192233618568
0 0.5388159897759996 0.4327480990011819
0 0.5207810546526929 0.4008439227479513
0 0.41857287903878254 0.3545410662305121
0 0.5891016218732681 0.37583226316115437
0 0.5408064453913692 0.4241014931883131
0 0.5371743118712671 0.42540106018718216
0 0.5679100071579092 0.37806534157747645
0 0.543462918780524 0.37521197957818914
0 0.5653558758240712 0.3756498658523506
0 0.5254268129415149 0.33135842358698697
0 0.4972779095675875 0.3398897065168001
0 0.5335638485377348 0.3613395415434316
0 0.45923767700979984 0.21200357557010918
0 0.4662531669632795 0.22678468182307332
0 0.47340273970290075 0.24083066829780236
0 0.5284021868987425 0.44197976989906373
0 0.5487694266224712 0.24263015214134664
0 0.5479125941353005 0.22227155961910217
0 0.5445330843392304 0.19729174489901513
0 0.477998181108684 0.3022724129572636
0 0.44117704587143686 0.31439184583201796
0 0.5489114296587208 0.2986376515957488
0 0.45306320293543206 0.28091543574794
0 0.5552812937945756 0.31576286744670706
0 0.5450066507868626 0.357793313114583
0 0.42125572936947336 0.32339475134841533
0 0.4516459082249348 0.32313295756401467
0 0.4724883151708273 0.32751022750923947
0 0.5046115833244244 0.32516401630489766
0 0.5282859276618636 0.31997895524615333
0 0.5458591587935822 0.3142029335435365
0 0.5767409426753531 0.2994973745082273
0 0.42386061959125826 0.34923353682713015
0 0.4404537108125566 0.2794042148676907
0 0.5791819804831396 0.3723966898370524
0 0.5437173224702666 0.33631854640001674
0 0.41374186096312127 0.30083332141908276
0 0.5588220039751962 0.30760573681329145
0 0.5333987776237198 0.362152509245218
0 0.4637214464728842 0.2898682013613169
0 0.5455553461227739 0.34970664159924375
0 0.42369615792725157 0.3840323992970945
0 0.5495331513730786 0.2943457953569268
0 0.5585512699960153 0.34249198186297375
0 0.45784656810358104 0.4449507776094752
0 0.4610441391226612 0.45882270683427484
0 0.4136403790254633 0.3519775046854794
0 0.4407506544881732 0.4277399931969095
0 0.4200174944310249 0.2766404255431573
0 0.5217870697693483 0.4865736001345958
0 0.5819166648488507 0.37527007240207255
0 0.52853638914567 0.3456644783166944
0 0.42711812408664557 0.29889864898195456
0 0.4920329598686363 0.297808368792053
0 0.5064695390090661 0.2989854785073705
0 0.5302671609045584 0.42889934986913236
0 0.4282816601956444 0.37383084813085926
0 0.5539133005504366 0.5047618748427105
0 0.5033956397686327 0.48685875493271347
0 0.4829280529847125 0.47533624462720725
0 0.5958524942398071 0.2233140337951377
0 0.5923790643738291 0.508088208881079
0 0.5211060238286915 0.2984077579834882
0 0.5351379355297813 0.2966894846336514
0 0.5446143893501426 0.2956027550523688
0 0.42976250804426297 0.27721021526834877
0 0.5334126589670463 0.28418968313214493
0 0.5180323455907121 0.2797795064559504
0 0.5025430600854415 0.27891847833531913
0 0.4877332914227675 0.2810842721652584
0 0.47911006237384135 0.28445741671974917
0 0.4152384895815628 0.27262733079472173
0 0.48268121116272006 0.2956236605049849
0 0.590053569038206 0.3888605191093199
0 0.536493719881597 0.39346294852198005
0 0.5485948346838166 0.36730456402321826
0 0.5665298169675256 0.3892876761300223
0 0.5942865066890475 0.28180442629408103
0 0.4778828895041711 0.46126353456860497
0 0.49878586306853634 0.47406837870092955
0 0.5521127398004009 0.4957839673807641
0 0.4457198648010125 0.4400719980231854
0 0.544359018028034 0.29034985635293964
0 0.564508301547811 0.31909522977696747
0 0.5911852927399084 0.498946088535779
0 0.5259203651786354 0.497113709022351
0 0.41956895501804753 0.3789256507275151
0 0.5613216611906446 0.42245252860360455
0 0.5574968015845818 0.4262698863734718
0 0.5545197790685082 0.4311857427201685
0 0.5525831166450484 0.43743906134650823
0 0.5456778889969934 0.4488319799679668
0 0.5368145915526378 0.4231840203456184
0 0.5324534844245589 0.4221060732666518
0 0.5288396045125486 0.4208030773311102
0 0.508976525143732 0.4112159694944109
0 0.4478575558350559 0.3806572858692885
0 0.566353134465117 0.30669713496160106
0 0.5599126092743772 0.2829082120700377
0 0.5505403252593576 0.28516230654983626
0 0.5410830210029828 0.4239958376944566
0 0.44632432443180164 0.4104588823992999
0 0.5735112964352475 0.2813747694679335
0 0.5355522494275862 0.46101614231822874
0 0.5904026215086506 0.32299117656315074
0 0.5757239610585483 0.31261167464469997
0 0.5917272743796498 0.31011113916792454
0 0.5521440385263178 0.33883680173662867
0 0.5906233969871505 0.48543643200096964
0 0.5906806903800884 0.469128940118795
0 0.5618208400307828 0.46752733910451083
0 0.4975353356152144 0.43902108423850117
0 0.519255791283861 0.37206901622419597
0 0.5147612703500418 0.4518174555789189
0 0.48127175307978054 0.3700454347774762
0 0.5036093192764476 0.38453377620512696
0 0.4679480527020708 0.3901930039002448
0 0.5548752704753152 0.48281241055964086
0 0.5427399659961588 0.34606415959967285
0 0.48272915077611867 0.44786515255936055
0 0.5041690886272157 0.4616941868924961
0 0.4846411445472814 0.4238507383677806
0 0.4328207519486987 0.3949114641054672
0 0.4643929833349799 0.4247906430929649
0 0.427073039586031 0.4041596602658932
0 0.4909842494670852 0.4012895517823409
0 0.5546077738834333 0.3274522231740444
0 0.5501859328917813 0.36329558399878964
0 0.5410865092579322 0.36647230578737766
0 0.5564492141144185 0.35517577346967383
0 0.5448728188683715 0.26983515872340913
0 0.5154009589666053 0.2614153272965375
0 0.4898568263536767 0.2606627088801867
0 0.4699711211120026 0.264147824808663
0 0.4575171430402667 0.2706417552396363
0 0.45328805202673256 0.29317124075248463
0 0.41056062023347945 0.32606089340538535
0 0.4663235293661995 0.31081929201839353
0 0.4832374683663815 0.3144890285339676
0 0.5056170668405823 0.3144144104475401
0 0.5269254485011604 0.3115572213124828
0 0.5435522515562516 0.3075208982833627
0 0.5549238910151937 0.3034338933580062
0 0.41586172844790203 0.32752735007042977
0 0.5421864922288098 0.3698174657941866
0 0.5629316580949454 0.3304542461697127
0 0.5608926177779331 0.36411620597211586
0 0.5708510719774141 0.37020878489611864
0 0.5619480896599686 0.36612693443685684
0 0.5477513937507501 0.373479304694328
0 0.5738324309200175 0.3714693062612656
0 0.5763458858562421 0.37428468449109076
0 0.5551762877637324 0.2944468051946464
0 0.5634769965827716 0.29640354449842493
0 0.5682067835884255 0.29787268900737707
0 0.4744878498059285 0.28702070173763095
0 0.46179542800545187 0.28135210530263705
0 0.6058993852591212 0.32505453367527126
0 0.7263846669016005 0.29606640259591804
0 0.6068945413903345 0.37273803495225455
0 0.7955963279627547 0.25263352182899873
0 0.6752787931558955 0.3050053086684865
0 0.6923398720061226 0.30648278217522706
0 0.7094487112785693 0.30683918142852995
0 0.7336395204318726 0.30056577586994115
0 0.6611130853745505 0.30218999680517766
0 0.7033728401369184 0.26818607246675413
0 0.6826858158353009 0.269193748466107
0 0.7226323558308404 0.2713611903978663
0 0.7347777428003303 0.27752269094898585
0 0.7475103034248834 0.30943920031315136
0 0.6607606760560208 0.4768097582651454
0 0.7335955827548031 0.2923986238925731
0 0.8040890341569603 0.30524284549120095
0 0.7689583885015817 0.3012603678289248
0 0.6826478034132141 0.35753328910394877
0 0.6116153927291998 0.40492561835200847
0 0.6102431227889242 0.4185567256115398
0 0.6344346964912575 0.411169535055214
0 0.6498229181716211 0.4171981809019041
0 0.6276209160748414 0.42017580314176756
0 0.6419134912108571 0.42229997410493736
0 0.6741864676213969 0.4368523370985891
0 0.6029799547879505 0.36641045219424057
0 0.6052191635978876 0.3540865662051182
0 0.7574986347669288 0.2676884673890613
0 0.647692932358271 0.3249607356656499
0 0.6474234527173425 0.363693318530625
0 0.6493079943998956 0.35697463789239986
0 0.7370442483998552 0.3576400285842372
0 0.6055456260337105 0.3384541987704964
0 0.7152790188286375 0.25074070454144676
0 0.7401144383828852 0.2568430835876812
0 0.776857565726912 0.230907181773533
0 0.6358208477748597 0.2592639350006226
0 0.6649427831424439 0.27501528653777946
0 0.6876895264231203 0.4257574041350549
0 0.7878011771898229 0.42097549754030567
0 0.6339780217987575 0.3704275953001669
0 0.6194396441495871 0.3739043379865107
0 0.6685263677991392 0.4260862944673757
0 0.6644450617238942 0.4258705590452467
0 0.7500174508316104 0.24977062517354467
0 0.6485722354192774 0.3693458432076024
0 0.6817962869310178 0.2502290076401387
0 0.6845041762424421 0.24069626504132727
0 0.7023415590640362 0.20272242843436927
0 0.7628319137710057 0.2419919938433404
0 0.6901417935447853 0.2241521765287517
0 0.7690073196395038 0.26317290068507526
0 0.7822466807023383 0.2596330323806998
0 0.6113014497837437 0.4121829738803938
0 0.6309888262285965 0.41595584396220725
0 0.645990998433109 0.4197655474605347
0 0.6296775768577801 0.3726487498657376
0 0.6663656327794876 0.4260002834623267
0 0.6572344086844207 0.42776317723324986
0 0.6620686760934597 0.4257333130896592
0 0.6244542973453988 0.3661117143824655
0 0.6391840989579631 0.4238941420694025
0 0.6251379475311891 0.42286754055183473
0 0.6093158084380476 0.4223757646664852
0 0.6145452162887477 0.45473614435235993
0 0.6139995433107207 0.44115164850940225
0 0.6128279913829852 0.433859428437818
0 0.6113963016477818 0.4273391615609829
0 0.6095468814362957 0.42232227325439453
0 0.6393902643823423 0.4239237415356462
0 0.6429570767446913 0.4263568265097482
0 0.646783764100779 0.4296578085389124
0 0.649959461849953 0.43367431010184837
0 0.6653769514228725 0.40280018642503007
0 0.8077544255598688 0.3597979358598298
0 0.6501461312740664 0.4248915644419961
0 0.6535865063405741 0.42619971484363245
0 0.6134608229504356 0.37881849092595715
0 0.642129404635369 0.37672327788604076
0 0.6163584398820934 0.37645909490705537
0 0.6665441310858424 0.3328108326727603
0 0.6955774504424147 0.3420749789192563
0 0.6526031768271692 0.3628033656699985
0 0.7476101248576168 0.21373653804220738
0 0.733687495883507 0.22971673238845097
0 0.7217094973672794 0.2418175494553996
0 0.6587063805966438 0.44423114335169644
0 0.6411970848775614 0.2428753432356009
0 0.6455585026036837 0.22316155672407284
0 0.6540683633667507 0.19769711158021824
0 0.7247032563394635 0.3051506402779694
0 0.7662229754250763 0.3190190299552362
0 0.6515965046761911 0.2994400891436248
0 0.7509058568045057 0.2845028667222886
0 0.6348810736640094 0.31647405103475107
0 0.6356433768312639 0.3587327753963257
0 0.7865854008791315 0.32778314874619663
0 0.7523975875307236 0.32705209944762437
0 0.7280936012288186 0.33043342920578495
0 0.6936776655635754 0.32693947546956253
0 0.6692564165541894 0.3211012794023134
0 0.6512361153771605 0.3152279975701447
0 0.6102131859159671 0.2998279129423681
0 0.7820548266801151 0.3539527491862033
0 0.7648924689755661 0.2834347087044676
0 0.5976760034068225 0.3726457191281626
0 0.645189966079052 0.3373747031394841
0 0.811516389062133 0.30484674800009953
0 0.6372796790006292 0.3086844028628507
0 0.6547291248659545 0.36368727917764704
0 0.7411539861421544 0.2931243859920181
0 0.6371212739984697 0.35063260935601737
0 0.8010402515467712 0.3898477210384123
0 0.6524552843741727 0.29543743606041123
0 0.6215465979234076 0.3431187914867027
0 0.7450863485094867 0.4505485277883813
0 0.7458367055981471 0.4646184504533014
0 0.8024972430764371 0.35742110756932854
0 0.7677277034848048 0.4335060931053482
0 0.7936775966032648 0.2805171481618026
0 0.6664284691528932 0.4902819840847945
0 0.596556321352343 0.3754412316474594
0 0.6614277689768795 0.34718874021738516
0 0.7857657326424675 0.304174709595552
0 0.7081445339862807 0.29980080222048344
0 0.693166683997786 0.29995674141147893
0 0.6606935152021641 0.4297819802908002
0 0.7781081768027841 0.37891189073648107
0 0.6322453386672942 0.5069800429150504
0 0.6914141942680133 0.4916374980568552
0 0.717245630071133 0.4808009963075654
0 0.6790433609032933 0.2987704067504039
0 0.6657637654477534 0.29707646778985564
0 0.6568591345714617 0.2963679388624613
0 0.7788107973613819 0.2816566059402391
0 0.6694300647526351 0.28545467317605216
0 0.6850918277406491 0.2810842721652584
0 0.7007307976107054 0.28059653357631353
0 0.7158244767772497 0.28310004448523374
0 0.7247428934282392 0.28682855961202575
0 0.8061449542830262 0.275974205269867
0 0.7187327735031708 0.29828745761171443
0 0.6482615895915133 0.39504822337326884
0 0.6336682838729665 0.3682922968844406
0 0.6145898946226901 0.3899642606409324
0 0.7199090321858724 0.4665305582749076
0 0.694707250293297 0.4788721641238664
0 0.6317013859245848 0.4978112653523934
0 0.7683975201115829 0.44583455838409125
0 0.6578509219085114 0.29172688413734865
0 0.6211833176733572 0.3196182753525528
0 0.6637595240576861 0.5009263326473931
0 0.7961124463423395 0.3847226553103503
0 0.625483045849619 0.42283725529825655
0 0.6289299912593536 0.4267805545937781
0 0.6317281451406358 0.43183934229428694
0 0.6338638650717111 0.43820601493036715
0 0.6389142609346768 0.4505305424624798
0 0.6538683860110834 0.42408937023801296
0 0.6576758401806344 0.42312875915976134
0 0.6611176248844163 0.42195139503946494
0 0.6792794393084723 0.4134896420965008
0 0.7514290950469327 0.38494462918500605
0 0.6222602805507838 0.30723834284046453
0 0.6378365096160631 0.283870393822507
0 0.6498619818486242 0.28626692190724595
0 0.6500850629202927 0.4248276534868556
0 0.756212065994488 0.41533522854666083
0 0.6190999215665246 0.28235552278386444
0 0.6505328258381614 0.4634801540888992
0 0.6083123856204472 0.3129170491080992
0 0.6329302312452582 0.3397273518959013
0 0.6208954649635509 0.46882325594498664
0 0.6936470119259025 0.44238606571149425
0 0.6694680532825648 0.37397415556159674
0 0.6743484803392917 0.454896375244739
0 0.7104629333512189 0.3729502971933669
0 0.6854137745587635 0.3869093656539917
0 0.7262019396834233 0.3938152662345341
0 0.6276441153594713 0.48454375811317724
0 0.6444437423335851 0.34712737331203386
0 0.7115602045622555 0.45224624964035526
0 0.686914321490984 0.46566903240540447
0 0.7077906911383198 0.42729653213538377
0 0.7738447169211343 0.40017010350855126
0 0.7327091359387973 0.4292601624957654
0 0.7866415474485244 0.4100707488901475
0 0.6996759349786783 0.40415735955999676
0 0.6328035072435306 0.32825773570383965
0 0.629799283506498 0.3641164271938367
0 0.6415525046078968 0.3676451127402255
0 0.6214769045008889 0.3558498802973109
0 0.6522560715675354 0.27100638394095317
0 0.6815780320751013 0.2628780784977584
0 0.7075964956846921 0.2622478178151849
0 0.7289805736722825 0.2661448375267141
0 0.7437545757756454 0.27341641761174723
0 0.7526147672395666 0.2970612477354643
0 0.8059286824761563 0.3309786301367089
0 0.7370296741839703 0.31420055541003783
0 0.7176928195772292 0.3170095182099596
0 0.6937672133687176 0.31580793031123505
0 0.6720065949838373 0.31228658932597697
0 0.6555966968777813 0.30825411555479887
0 0.6438197269721373 0.3042813052817219
0 0.8108440637588501 0.3320717751478949
0 0.6414407370965692 0.371040445833313
0 0.6199761425392537 0.3310253079197988
0 0.6165041342566285 0.36473398974963595
0 0.6075670817230321 0.3707500923247564
0 0.6168994299973114 0.3668133633143428
0 0.6364586728031625 0.3746896972175406
0 0.6036490427039344 0.3718715979605496
0 0.6025177848992972 0.37460319952470583
0 0.6455506898682831 0.2954430329699476
0 0.6345562836791896 0.29729012372780916
0 0.6267154272095563 0.29893928741206643
0 0.7297603897907563 0.28978386058026
0 0.741787582258635 0.28452341822015137
0 0.5100190355304928 0.2888660448438981
0 0.528444452124809 0.28857980605934846
0 0.5091241965942745 0.27835737156266926
0 0.49136677484975083 0.2891744611059584
0 0.5107451779178426 0.2994295811118866
0 0.6956413380707367 0.2894458227297839
0 0.7143186018939762 0.2904383339801756
0 0.696869036567865 0.27893813388521266
0 0.6769738939241015 0.2884246190222038
0 0.6945182155456221 0.3000495992287868
