0 0.3283836568573968 0.5149349821642184
0 0.29846447463229975 0.469170693200998
0 0.31739677942628197 0.481032328959852
0 0.2687925599175963 0.40739775284791524
0 0.29131251930904617 0.45151013354904734
0 0.2879490021893161 0.42546270049798984
0 0.28509266699532526 0.3579016644924213
0 0.1302902601319823 0.36215472335632615
0 0.273198029048723 0.3054046495653951
0 0.2637919960833854 0.2797920672943036
0 0.2378370962697539 0.17803795397662506
0 0.3310626742365263 0.5218114496800846
0 0.33555984275518275 0.5288760411663177
0 0.3404701248490267 0.5335886652667683
0 0.34364906803881234 0.542989516505799
0 0.3458145986929786 0.5528267725778464
0 0.34963970919021314 0.5647180188959018
0 0.3554327377884222 0.5759592031518491
0 0.3670356575247767 0.5867029567496084
0 0.30554017546079715 0.4763549634823784
0 0.288841448384795 0.4763702366489191
0 0.047349059467407154 0.28309454699865166
0 0.20487420693290034 0.3732120280448621
0 0.18140578562978932 0.37692390882169097
0 0.1581390246355848 0.3784102853685141
0 0.12631551324606513 0.368207008027421
0 0.22216909194735887 0.3679747021617219
0 0.1441469404051344 0.320746528645293
0 0.17435841909129557 0.32136146576640706
0 0.11971567553296078 0.32605463913835275
0 0.10796080640465808 0.3351276520246896
0 0.11554174922067198 0.38153633827599476
0 0.3008399849458278 0.6101991025784526
0 0.12174917846846638 0.35597376977673734
0 0.07510511730786422 0.3629061497819309
0 0.09161171588680442 0.3672402533479392
0 0.20700778456614743 0.45389090940213433
0 0.3035382897876721 0.5137405336474459
0 0.31608914914462777 0.5304741090098128
0 0.28554877631669995 0.5225088685846176
0 0.2766637100304345 0.5319633262987715
0 0.3016489205314673 0.5336768285344584
0 0.2920655324447641 0.5380005717467957
0 0.2703343258201361 0.5620303760511807
0 0.28006992444431755 0.47044408092864404
0 0.269911008916027 0.4540460473432328
0 0.07197221034436489 0.3194452013832312
0 0.23788270347124096 0.40149241809646924
0 0.24399384463147866 0.464795148220306
0 0.24206770981530207 0.45402292036019953
0 0.14455085792701594 0.4567236306187444
0 0.26787825211060706 0.4295036060551104
0 0.10628667702491906 0.2995070349484587
0 0.0811357883383616 0.3058288224969809
0 0.0471351439718434 0.2526786206914975
0 0.2138423361509538 0.30990089266635357
0 0.20215935665640614 0.32842662540106726
0 0.24979231997931317 0.5476781446903277
0 0.1860999138378125 0.5108951126424649
0 0.26481318702514794 0.47298069655323943
0 0.2824148620775849 0.4769125176123537
0 0.2732801220113997 0.5476699566688782
0 0.2788051033763291 0.5465430175534453
0 0.06780291003860729 0.29361196028919645
0 0.25040101290320893 0.4708636084113258
0 0.14788439927055397 0.30004809606379973
0 0.1373612603409399 0.28516638378937026
0 0.10428309390584914 0.20621019530410584
0 0.05786236813314241 0.2749417006207731
0 0.12458488316558819 0.24578350453902356
0 0.06001476689780073 0.31090208716666734
0 0.05285650677532315 0.2993670364919181
0 0.30866797143320956 0.5230875444678834
0 0.2932218288917907 0.528884262608263
0 0.2838345424448558 0.5353869218795825
0 0.2717407250718819 0.47520944257132924
0 0.2760560430354066 0.5471557155013466
0 0.28319076275368105 0.5509161896789416
0 0.2816767342370763 0.5459867668228028
0 0.2648957090126239 0.46927265913341754
0 0.29950581108637564 0.5394825033676891
0 0.30929992496252634 0.5365403634481156
0 0.3230578176123347 0.534691073738348
0 0.33905473472974856 0.587772111827954
0 0.32900268368297914 0.5763625216941102
0 0.32490042316541967 0.5649746214619841
0 0.32390340683843305 0.5529417390830982
0 0.3253001623588214 0.5437150086267307
0 0.3004374104581005 0.544097472779667
0 0.29610062260136044 0.5491176657021617
0 0.29188784156486 0.5556338602742448
0 0.28973012662334124 0.5627252549980395
0 0.25288073893645396 0.5173060660735487
0 0.1294420221440798 0.42761902430187015
0 0.311064821067188 0.47870312093164974
0 0.2925469355760433 0.5445397930404249
0 0.28759572824699986 0.5475993057409414
0 0.2915346049290481 0.48286811678935165
0 0.26382219569860316 0.4793037540805987
0 0.2870886582407734 0.48004451936807113
0 0.21879130508974015 0.41425547146568664
0 0.18500914626556048 0.431465623096917
0 0.24466718972729837 0.46088404786853365
0 0.06339704918918564 0.2269347460029986
0 0.07967740247289626 0.25644196903172395
0 0.0934030809562555 0.28494336882147925
0 0.2882166763575529 0.5725696630561694
0 0.1948200480686389 0.2869025618313981
0 0.1804066428320585 0.23832976480071155
0 0.16074510779883935 0.19080067314088536
0 0.1383944266705776 0.3757496797048246
0 0.10040239671723163 0.395700412245985
0 0.23236419478480477 0.3630950090032035
0 0.09397519485270091 0.3437172374405419
0 0.24814423053956433 0.3888641161659655
0 0.24750386439353156 0.4595707560690066
0 0.08828166270141694 0.405461402746816
0 0.11550901276316289 0.41001822049625386
0 0.14365303959492012 0.41613948507049975
0 0.1863476476795096 0.40901814558254646
0 0.21608095024701215 0.3981871310704813
0 0.23572036252319098 0.38823965420357337
0 0.26526578953512 0.3645306532375348
0 0.10473217095116631 0.44478088331679566
0 0.07944515083047697 0.34153626602107345
0 0.2941246276422084 0.47703246377146663
0 0.24434174643717796 0.4212979385837579
0 0.08489204968194024 0.352483333204501
0 0.248589297135671 0.37809175462387623
0 0.2469497881919074 0.4601256365593249
0 0.11293896768304655 0.3565466137835012
0 0.24659905109188254 0.44617221197381185
0 0.15510671466088696 0.4681134023986305
0 0.230865797693495 0.35640101739392877
0 0.25458941413915986 0.43622269645666545
0 0.2193730440642908 0.5672156328020005
0 0.2379899596710571 0.5768397663728878
0 0.10664800917216057 0.4379873654712884
0 0.1908596082271146 0.5422468128295752
0 0.06149878233170909 0.3287257388376961
0 0.3055270808777935 0.6231653191411076
0 0.3015116699022069 0.4790384621856312
0 0.2307996719146518 0.4359565356288093
0 0.08042439060817233 0.3701085339719876
0 0.15411758865955635 0.3682147281619307
0 0.17581335410511464 0.3673283831951336
0 0.27982206002985544 0.5546280036147792
0 0.12865657100288702 0.47756214520801754
0 0.3528398611276842 0.6421879310958302
0 0.2928648429522983 0.6169051589866796
0 0.2686238972117289 0.6003718058141275
0 0.24995710280873507 0.2290785705414824
0 0.3991295104975895 0.6434865178772435
0 0.19630344794522658 0.3641527676925111
0 0.21410101945165821 0.36026288935551626
0 0.22556713623680372 0.3581032903430561
0 0.06813568405681948 0.33748969568992954
0 0.20615520037049584 0.34251856123106167
0 0.182848707949229 0.33739481490260115
0 0.1589439311187616 0.3377283013190705
0 0.13849608689475118 0.3421719238495293
0 0.1284860802783097 0.3478406414913293
0 0.05930359300663717 0.31477963334074416
0 0.13969131267899804 0.3659509240438382
0 0.3243826275392116 0.494501457141992
0 0.26581602316680286 0.5062178140059828
0 0.26123258335698996 0.4710777669478529
0 0.2963936651925103 0.49852575271274335
0 0.28184685189661074 0.32987177776642884
0 0.24984882068005113 0.5885549869400244
0 0.2771145591347052 0.6053560717037311
0 0.3425175804171345 0.6357504752116462
0 0.21352638736617366 0.5481351031282078
0 0.2228171432332741 0.35085766003154717
0 0.25710196989617473 0.39688486803453954
0 0.3904842504208608 0.636891384094287
0 0.3193795082094572 0.6320979826556988
0 0.1323449718151733 0.47424806859165713
0 0.31101535264250757 0.5438641977195923
0 0.30759805819685226 0.5513160993306401
0 0.3055583064218791 0.5608520696338374
0 0.30663614729039673 0.5715775756409374
0 0.31080397398923515 0.5819590510651708
0 0.28513555082199954 0.5423817647912632
0 0.2785161458473983 0.5417451043479359
0 0.2726310261433645 0.5403056167565976
0 0.2475651216735657 0.5318948477030562
0 0.15261062972551342 0.49151299641536067
0 0.2565054761991798 0.375412500323579
0 0.23776895593967942 0.3404714054764269
0 0.22742274310663163 0.3434458630153546
0 0.29184264473492005 0.5425933499496204
0 0.1785121625847668 0.5267054802312637
0 0.25301332625267886 0.3384144073858048
0 0.3050253457016796 0.5955662727355957
0 0.28733917141703963 0.40273248558988967
0 0.26682098577920194 0.3873067879067442
0 0.28645526841104174 0.38133370981048853
0 0.2513654233454514 0.42740035399842186
0 0.3821711674582758 0.6232181569448294
0 0.3742986743112834 0.6040242315290835
0 0.33803932629614997 0.604273581847596
0 0.251673537764332 0.5676910393535138
0 0.23338070376027975 0.47604097792515737
0 0.2776135709360063 0.5833324329159892
0 0.1822033986913786 0.4784918031372582
0 0.22052898609952676 0.49624864723735723
0 0.18167489609844106 0.5062200197586998
0 0.33742098964089684 0.6226441933514592
0 0.24743525773215352 0.4370476145523425
0 0.24183687582004557 0.5767766684769823
0 0.27225579732327726 0.5936942236682478
0 0.22689084562180425 0.549126121087577
0 0.15273719204129646 0.5039712548636781
0 0.2061883658528042 0.5483466214455736
0 0.15986881531971536 0.5082015209495069
0 0.21799667654849356 0.5203824561244002
0 0.25094773972348916 0.40859801653094185
0 0.2561190367745553 0.46717769535966575
0 0.2517935527886132 0.4704510323917523
0 0.2560991151012677 0.4563053062739083
0 0.2091775868150542 0.3236527081114796
0 0.16381776475792023 0.3138492735810935
0 0.12770932155261508 0.3138410020084046
0 0.10273869789475731 0.31945387400186864
0 0.09101783364510936 0.32923112357386386
0 0.10386936477334094 0.36170625372435716
0 0.08745028725345072 0.4008201982457036
0 0.12815522754506814 0.3898578411854875
0 0.15268231417349487 0.39428953259897687
0 0.18357450599007183 0.3912633401326859
0 0.21117993881948274 0.3842554298071816
0 0.2304092033875646 0.3770857977029234
0 0.24252976952411 0.3707078971420995
0 0.10876028479146158 0.3892294021841055
0 0.2573706886465315 0.4737362002793212
0 0.2570600000788554 0.4160093122396987
0 0.26638617847177337 0.4685018822407951
0 0.28403543797042446 0.47443899988366395
0 0.27096383577342226 0.47007979752537543
0 0.26675254699709317 0.47751886566606955
0 0.2875109492160148 0.4763253863436726
0 0.2944999870350607 0.4785314064246778
0 0.23801534674722227 0.35680455316941195
0 0.24973777787005016 0.36001634635864355
0 0.2555204352600683 0.36323009464687434
0 0.12420685635767967 0.35216913041405784
0 0.1047337191710941 0.344571465310959
0 0.3112664440695902 0.4021694504986175
0 0.49887094923632325 0.3159976433069942
0 0.3349260239006518 0.47120115541802426
0 0.6120594428311721 0.2055997031089216
0 0.425121735468757 0.3452199566097686
0 0.45322356864416913 0.3428923360551127
0 0.4802633229491236 0.3379802751464966
0 0.5143853813338337 0.31988237488764926
0 0.40014256862141817 0.34437187811056263
0 0.4451105231575543 0.2824694667570888
0 0.4131165770032137 0.2898239977538776
0 0.47746779735711553 0.2811914837112823
0 0.5007789157849136 0.2857436727220639
0 0.543326461629616 0.32789183062867233
0 0.47627928674363973 0.5959074291558312
0 0.5081561650875375 0.3080937294914319
0 0.6432576412491375 0.2916068976489119
0 0.5738045325953898 0.3064738046437407
0 0.4525412699873213 0.42456586149553904
0 0.35657946511710004 0.5090026770727322
0 0.36267310952682863 0.5261222925810768
0 0.3932177726027491 0.5144993460026032
0 0.4195221784017641 0.5201337407953062
0 0.38981709820475224 0.526017920372966
0 0.4125896972432125 0.5271970288822064
0 0.4752680193320167 0.5406508170568143
0 0.31960884994454236 0.4659959132107683
0 0.31664598602756894 0.44837619340457857
0 0.5339147021158708 0.2625617798144063
0 0.3870842102334368 0.3826193962805568
0 0.38949842604515933 0.44810077509941004
0 0.3913192819062469 0.43638652372664916
0 0.5414729998837844 0.40981118052531357
0 0.31283003427713607 0.4239404971797626
0 0.45096260795204474 0.2548960371615407
0 0.49661524876130286 0.2542824869909987
0 0.5623057353124916 0.1795515682274541
0 0.3312799473174756 0.2925267299524131
0 0.3892564560583741 0.30278707278993566
0 0.4878603448684839 0.5219137163969655
0 0.6643865903218588 0.46143297951061507
0 0.37350326233344683 0.4609866822108674
0 0.3549062124402117 0.4687270695409074
0 0.4542853117560883 0.528821799701776
0 0.44776685818207923 0.5292661251922766
0 0.5091011761475525 0.2380550149054573
0 0.39503694967114383 0.4544802464235324
0 0.396403188471028 0.2660712159384554
0 0.3939129046970706 0.2496601984904597
0 0.40984102862058497 0.16027410828267424
0 0.5367721938114944 0.20845237636147215
0 0.3983893867591016 0.20528707108177696
0 0.5511081507451815 0.2491639041291258
0 0.5841553341284644 0.22830565473713432
0 0.35987359213886216 0.5182114607229019
0 0.3914648891924668 0.5206874515682745
0 0.416079422266935 0.5238135378962507
0 0.36923584592142267 0.4645420882267693
0 0.4508696774498736 0.5291114551381181
0 0.439304064217803 0.5347238926651379
0 0.4441095896476178 0.5294915130153631
0 0.35545739738775384 0.45901266721109996
0 0.41012571455477526 0.5292265553253527
0 0.3885516242729388 0.5291563388638603
0 0.36495166023572284 0.5306413451703592
0 0.40062736664458715 0.5819075835017732
0 0.3868596250776478 0.5707718409097995
0 0.37965032965730994 0.5597204516490046
0 0.37323189482128594 0.5480850726461258
0 0.36854787667592365 0.5394803978764592
0 0.41218727198150235 0.5332460383447214
0 0.4181029643657968 0.5366241152103717
0 0.42571479696735776 0.5416567739777671
0 0.4330341838818374 0.5473011949191839
0 0.4406257963580765 0.49648409462965337
0 0.6797659728738615 0.3628204596309235
0 0.4277016294660042 0.5312226278522906
0 0.4330173213419011 0.5328004762958795
0 0.34881180324714534 0.476682952227303
0 0.3917625577901479 0.46515832874721613
0 0.3516811957176355 0.4729390880360771
0 0.41934799433326264 0.38930042073749505
0 0.46842947595125195 0.39699612486476715
0 0.40006377728437065 0.4428337049750855
0 0.4965905891619712 0.1634674533582724
0 0.4767124525648799 0.19934021136440788
0 0.45527371028058533 0.23746225228324866
0 0.456992868610995 0.5558263289090544
0 0.32802516000448084 0.26569353091640596
0 0.32623560430048754 0.21668772123301752
0 0.32657283644596163 0.16555899153121365
0 0.5030387572819095 0.33018639831306834
0 0.5793561508043779 0.3361438857480741
0 0.3828413041947271 0.3425918022474161
0 0.5331316385909521 0.28909840537145876
0 0.3630916885048937 0.37407060057972186
0 0.3686563639903812 0.44532420031559733
0 0.6148234071205559 0.3415086439813669
0 0.5618376132967375 0.3550737224066981
0 0.5248478785407343 0.36937532171654625
0 0.4682756239275852 0.37477557251628596
0 0.4259018890863414 0.37277167959335133
0 0.39353092339970797 0.3687566749204081
0 0.31290794891133294 0.35808320462513277
0 0.6166337425474354 0.38485128382524364
0 0.5563120350277395 0.28185235730375346
0 0.3184041856147117 0.4743406767852771
0 0.3852207876509614 0.40374405715412226
0 0.6671939793822291 0.2777699434909577
0 0.3670391643361794 0.3627733367319686
0 0.4064523669169675 0.441525593352394
0 0.5223365165918565 0.305683276238152
0 0.36970467676075813 0.43127342182607314
0 0.677412342825096 0.41019367809874563
0 0.3814030638415751 0.3357951762958076
0 0.3411152475743557 0.42574647392708653
0 0.5926536438848189 0.5328261432365868
0 0.6068329508070179 0.5438685089635392
0 0.6591409227545026 0.37374735754518845
0 0.6247607406666524 0.4993348294934526
0 0.6157035421696212 0.2566052281532806
0 0.48885243673690504 0.6095171239429389
0 0.3209162004274144 0.4767288051474209
0 0.4143696278691006 0.41361643816716376
0 0.602679766911111 0.3037821847600297
0 0.4727668047523041 0.3279416271672843
0 0.4494691912790568 0.3326627066531501
0 0.4457468228946201 0.5369666084504356
0 0.6193403294332308 0.42231248457210896
0 0.4509876406164192 0.6354309418521369
0 0.5303108938020482 0.5987799207623393
0 0.565921742853215 0.5764134211090807
0 0.4263379275084114 0.33436755298044735
0 0.4037025417927072 0.33477591801756107
0 0.3888516058738855 0.335978821919749
0 0.5789659620760728 0.27175878273983733
0 0.40239920175904564 0.3172036553152834
0 0.4247078944167359 0.3074282605808002
0 0.4486651241922264 0.30302509356040164
0 0.47341466950569794 0.30221282512235187
0 0.489688251658881 0.30427627336864654
0 0.6446153368595406 0.23673781290793192
0 0.4882058030981526 0.3219955862520602
0 0.4100490496884719 0.4900765500891323
0 0.37120540550858566 0.4588702290583723
0 0.3579917774497748 0.49175887100231913
0 0.5591843000990595 0.5626257621823028
0 0.5258772396069351 0.5860550001787301
0 0.4440079294234443 0.628404483151512
0 0.6394856179074989 0.5067439528699881
0 0.3874299296086355 0.329042063829617
0 0.3376424597035781 0.3866551216608419
0 0.4926283399549891 0.6195605176325423
0 0.6580077003803756 0.4161020206948058
0 0.3916289631983073 0.5359874547670443
0 0.3978998135033843 0.5421836480926782
0 0.40544568820537136 0.5506294084052308
0 0.41301334990586025 0.5602855253905153
0 0.4322363469812224 0.5700515958066946
0 0.431577364889552 0.528151016932326
0 0.43597901010398954 0.5264912548537453
0 0.44002892959603873 0.5245073808077425
0 0.46723798081743345 0.5076182330378328
0 0.5757029859853877 0.4437819781204382
0 0.33739278592365823 0.36477119725542706
0 0.35212488197308367 0.3238253416820837
0 0.372269275091249 0.32316396678217685
0 0.4274711871890427 0.5294450919468182
0 0.5957620964347602 0.48272651414901685
0 0.3212195209604945 0.3286368068986046
0 0.4566093577469567 0.5823390421014243
0 0.3126719479652332 0.3814372130857108
0 0.3638942260250485 0.4136880917099718
0 0.41691710251412517 0.5974903575147683
0 0.5078674127443803 0.5426872949630689
0 0.43574181534975265 0.4525090387454048
0 0.48650332077515784 0.5642875294906263
0 0.5028430846669405 0.4412641782349291
0 0.4675720232567913 0.4679832295678294
0 0.5365683883785916 0.46650059611652606
0 0.4326717138862152 0.6151266873073273
0 0.3849017424263257 0.42022333596461114
0 0.5399079174160671 0.5496288321840878
0 0.5092525659419364 0.5736945635213638
0 0.5208651480629004 0.5185942590807955
0 0.6203842400361023 0.4533337897386033
0 0.5620282868401324 0.5123755069205556
0 0.6501720287531114 0.4567745300337149
0 0.49688202757343686 0.48919722342643496
0 0.3614837408637543 0.39478362120759375
0 0.36171504119031433 0.45525005412177916
0 0.38223216359277995 0.4558077419337373
0 0.3433017258306773 0.4461279632374882
0 0.36598018190557724 0.30218772633007157
0 0.4061620850071347 0.28236514467972157
0 0.44686310811580227 0.2731805574684478
0 0.4839945329750756 0.27158270685817487
0 0.5135610568151772 0.2763788320671636
0 0.5444019335351116 0.3066977553855116
0 0.6553592370282546 0.33207183228894926
0 0.5292196785517448 0.3398229643083609
0 0.5002215193044082 0.35099976397931765
0 0.46151740145054365 0.35688952477976155
0 0.4249022613040549 0.35762325505288645
0 0.3959146597974306 0.3557148611964509
0 0.374652526504416 0.352848619222641
0 0.6759322818806417 0.31913325447624863
0 0.38481522864289136 0.4594976654448829
0 0.33757172657145584 0.406150332845438
0 0.33991315739332056 0.46046919925525165
0 0.33340727611125515 0.4694286325869088
0 0.3441361604119948 0.462259769154052
0 0.38102078409217816 0.4648858180251746
0 0.32711989902478045 0.47208526121160854
0 0.32916907069208523 0.4746367823772918
0 0.37087621291478473 0.33807188072524513
0 0.35568013587158076 0.34482502661193143
0 0.344123700039564 0.35087066060437944
0 0.4996736732889994 0.3062649933865276
0 0.5172575717921452 0.29300088323533724
0 0.18793102898757807 0.34943835841961945
0 0.21823918747959092 0.3452504528121065
0 0.18111087771342527 0.33298690217181137
0 0.15759802436371215 0.3535994942100665
0 0.19442040214149786 0.36577443040597934
0 0.4507627943151003 0.31499728431907326
0 0.48056793055660146 0.31103834252768814
0 0.4441055978516595 0.2982159009375892
0 0.42130490701547346 0.31882234360463324
0 0.45754899667035476 0.3317323636037473
