0 0.32781247033717786 0.460190402224977
0 0.29574998594979024 0.4131632313290809
0 0.3188935770316327 0.42684030802326
0 0.29789099350888676 0.3707290209354238
0 0.2929293709866544 0.40030532433314525
0 0.2992834559780486 0.3834147795717767
0 0.3225122596672241 0.3403375465422869
0 0.2674990183812507 0.3350694657085424
0 0.32773673455131813 0.30794649258097434
0 0.3248864848245966 0.2908764625007802
0 0.32891604732325735 0.22257857016743499
0 0.3284941937061066 0.466186847379233
0 0.3305968437740143 0.47235239083145525
0 0.3335148662804289 0.476724089777216
0 0.3334791481177858 0.4773691658009874
0 0.33178587535277326 0.48489340363030736
0 0.330976794533273 0.49402346287636045
0 0.3319891824367199 0.503485714660046
0 0.34278642790431674 0.5170130501402185
0 0.30306833189852694 0.42010795745126744
0 0.3006298061698041 0.4199505310426367
0 0.25750057779728097 0.28268530588359275
0 0.29976206922784765 0.3470400089120611
0 0.2870346079481409 0.3487410426853185
0 0.2759187015447211 0.3478979167944573
0 0.26675330958467847 0.33889451916230484
0 0.30930655655708716 0.34256896681766563
0 0.27453486050697085 0.310958188264928
0 0.28944590751160965 0.3114151811583879
0 0.26328161897811486 0.3136993410818754
0 0.25858451457733805 0.3186557272330244
0 0.25981216814289704 0.3471727466329615
0 0.3133075310194746 0.5267568682419493
0 0.2657484513648013 0.33097222427579953
0 0.268217996238394 0.3363375828621235
0 0.25558946757240497 0.3363589092772058
0 0.27965471893548965 0.40220942736623133
0 0.3151775825213879 0.4576521265379926
0 0.3211353968115563 0.4722299080421316
0 0.30661273066033706 0.4626079963401277
0 0.30313909291586977 0.4692056638763306
0 0.3153122952009769 0.4734736847433638
0 0.31174656796328565 0.4756268841472078
0 0.29767234005192494 0.49076887901793137
0 0.2865613971618896 0.4125521863077549
0 0.2824320579145817 0.40057137616454286
0 0.24284702571148567 0.30831916447966656
0 0.30146556728063745 0.3679633955768448
0 0.281782884388528 0.4096334454544047
0 0.28426583412479844 0.40247230905484643
0 0.2584902303332978 0.4000506081638184
0 0.2888506798351065 0.38460629694956416
0 0.25462779529551244 0.2966673527150712
0 0.24475112398888202 0.3003112036893342
0 0.25059414718379364 0.26127418554685217
0 0.30219031902069743 0.30560576242018256
0 0.3031999831821056 0.315531527504642
0 0.28963670451590356 0.47814743585409003
0 0.3154255781084933 0.4507177754285488
0 0.292556882380171 0.4170650766885027
0 0.3014323984054809 0.4213524306232625
0 0.30466714596494715 0.4808607658648745
0 0.30775393355400005 0.4802891074659977
0 0.2413005367555517 0.29191870698110856
0 0.2872931608494292 0.41573409704451864
0 0.2723873812467494 0.29761251157268565
0 0.26816586246515844 0.28769524823477927
0 0.2661626514919261 0.23278859138805816
0 0.2444312981468566 0.27557957493402857
0 0.26600247970286833 0.2590647881573185
0 0.2407321863351984 0.3020594773932974
0 0.24802826963206556 0.2925293557345867
0 0.31727415481780435 0.4657153606890364
0 0.3105253073129248 0.46865982292814456
0 0.30698963127871776 0.4726063384813197
0 0.29721251161808665 0.41970885568793787
0 0.3061983729613588 0.48061246202981217
0 0.307168351525956 0.4823391811644777
0 0.30938753723464113 0.47998974511915066
0 0.2872436157566436 0.4123120720082141
0 0.3160667942559465 0.4775823098706438
0 0.31954040949014906 0.47659276901407444
0 0.3251890565486664 0.47634420100044694
0 0.32759464976001296 0.5147700780566703
0 0.3184884710514799 0.5015282955892543
0 0.31852624327578444 0.49230755104663526
0 0.3210141565254394 0.4835047850266416
0 0.32486259017853025 0.47688341346826957
0 0.315611535405859 0.47751052534960686
0 0.31166906512164055 0.48081174873291177
0 0.3080276020980896 0.4849774604465099
0 0.3054873637379484 0.4900743535699997
0 0.28770876786810284 0.4526101105073665
0 0.30508499275496664 0.38774716394378783
0 0.31078805837859497 0.42342644850624367
0 0.3131951260122847 0.4783567613426675
0 0.3099486506048669 0.4802671566288522
0 0.30552735322333396 0.4264047256016985
0 0.2964253839343152 0.42377490003375295
0 0.3034275281936564 0.4239784376101291
0 0.2926730803669767 0.375635249183533
0 0.2759827432480264 0.3851774269913105
0 0.28725379039632515 0.4084667608617468
0 0.25273330890117807 0.24440813734334835
0 0.2502021646880089 0.26409620102098647
0 0.2504894181768945 0.2865193294004557
0 0.3046748557306351 0.4993136386446496
0 0.29407778842018006 0.29030415566360696
0 0.29044114259329246 0.25722851897490784
0 0.29034367314678555 0.22600519431239746
0 0.26930537708896274 0.34460039191106534
0 0.25279695667484975 0.35590509705721063
0 0.315045953748074 0.33837291059341834
0 0.25404857241726936 0.32282781525653725
0 0.30636399223449384 0.3597425789116545
0 0.27977597047673897 0.4043855142403156
0 0.2552115652472415 0.3631230318482886
0 0.2526075553069723 0.3667902506174559
0 0.2606149629709568 0.37285426544382216
0 0.28028873179821256 0.3704478148608766
0 0.2960480331106389 0.36423548778637926
0 0.30633902835085036 0.3578321596092366
0 0.3124596931515856 0.3433338238045256
0 0.25515270090483605 0.3908939149151457
0 0.2490596224335914 0.3206406929232973
0 0.29735217655592777 0.41963248406635956
0 0.29802705680436276 0.3814876209548179
0 0.28863835176254843 0.3328230953279962
0 0.3130640262301932 0.35116498909415084
0 0.2924878884186136 0.4090784783376024
0 0.26285972034043453 0.3308839045782038
0 0.2839281914081979 0.39585374739575896
0 0.310475784730404 0.41787358317920503
0 0.31703092015170037 0.33338267356157303
0 0.2848601613907104 0.38874808849489434
0 0.29705659426907277 0.4901086727672435
0 0.31500905942409596 0.500795416216901
0 0.27442953497805495 0.3897880154087188
0 0.29339393783122936 0.4702099507000852
0 0.2579446603009041 0.31263608239749646
0 0.3171358404958502 0.537715595532605
0 0.30595015227160555 0.4228354570396403
0 0.29219364549251314 0.3913698686247176
0 0.25426541379791623 0.3378640546443615
0 0.2755133479516557 0.3411425706791751
0 0.2859696360661628 0.34239785115611043
0 0.3049059123434919 0.4849299083047725
0 0.2640784485860074 0.41630176874868413
0 0.3399209105905066 0.5577371846488182
0 0.32177203212012634 0.5340958928808253
0 0.3182275433172571 0.5202239724866887
0 0.32494468511419095 0.25594555978920863
0 0.3647481231613362 0.5639048175133289
0 0.29749746905996444 0.3407988983820728
0 0.30779357413028147 0.33726795972820295
0 0.31407439946494203 0.3349478114792641
0 0.2477618156278387 0.31743512619683084
0 0.30669974408885264 0.3241382850373679
0 0.295304980525311 0.32126116431615453
0 0.28260863968666566 0.3212644185157532
0 0.2724916600483529 0.3236221521696512
0 0.26798780627073127 0.3267538089384424
0 0.27027908110238136 0.30509391645009215
0 0.27010347852681543 0.3382176696620089
0 0.32166778708392 0.43877812910904274
0 0.2923281780899839 0.4442202075523265
0 0.2891757955893557 0.41470300810451205
0 0.3058524014467889 0.43959465702163414
0 0.32963355638562364 0.32347818685972946
0 0.3032397588199757 0.5082231087887541
0 0.3105779138017208 0.5225899797329243
0 0.33014538353110884 0.550373375257279
0 0.3161744158318702 0.4789256818909594
0 0.3136118360339327 0.3294419459205993
0 0.3015786363406384 0.3643410151150632
0 0.3552877341813229 0.5564246975043987
0 0.32737984555832883 0.5472046734487757
0 0.2821688341333511 0.41734628276304997
0 0.3190472095887712 0.47686828324135316
0 0.31468162511257414 0.48198859219221357
0 0.3112889230251312 0.4885919996081515
0 0.3095883850721603 0.49678845180475967
0 0.31426186495004815 0.5078010475064846
0 0.30985433259542955 0.47800158526986203
0 0.305940236499969 0.47686970019911196
0 0.30267675458750826 0.47521260412449534
0 0.28677486200281915 0.4647449847865612
0 0.2647622428992961 0.4262682893808852
0 0.3095175902894203 0.3505923220134796
0 0.31744991496522373 0.3241242355409455
0 0.3147904847530609 0.3249283230447389
0 0.31374824823851283 0.4786983202112482
0 0.2786702662706375 0.45578666562412645
0 0.3187685212556352 0.3249466114063212
0 0.3150767590454284 0.5165452379337017
0 0.30756142576958273 0.36893176612384776
0 0.3046406851486957 0.35782243303479033
0 0.31487763324316514 0.355231033439966
0 0.29365679019309104 0.38459993264776593
0 0.34917435145124476 0.5444030357485122
0 0.34618317621185424 0.5297583210024428
0 0.3279494565535099 0.5260027104869802
0 0.29277873229473195 0.4921360751415821
0 0.2859174572723977 0.4200574993453127
0 0.3035834793080675 0.5056418920768068
0 0.2684074651370657 0.4178553068257393
0 0.27918669676527064 0.4341776275095787
0 0.26962610334157944 0.4386598971929956
0 0.3261799246389815 0.5392491521036371
0 0.29352884184806904 0.3917843407772957
0 0.29317807564710047 0.4977780647100286
0 0.3043989249049349 0.5126118352438541
0 0.283197598254427 0.4759900336094359
0 0.2736438929717592 0.43787130015961667
0 0.2817855405997723 0.47348451606453734
0 0.28900421109605345 0.44376961498501455
0 0.2783570246810609 0.45278240296434846
0 0.3001075567717248 0.3726030556445426
0 0.2823539472957875 0.40995740042404927
0 0.2844861420862218 0.41385158460508004
0 0.2791897919266782 0.40144816080623485
0 0.30441275746264357 0.31274174181546305
0 0.28248747818647546 0.3063446938833024
0 0.2651996173440142 0.3061703240221485
0 0.2541309149658426 0.30906640555947384
0 0.25054851887708013 0.31455445107310376
0 0.2595366762673601 0.3335502588368477
0 0.2700169265587279 0.3628245100696036
0 0.26208390406471616 0.35366751661801593
0 0.26982433998838384 0.3583148858965711
0 0.28411780662359076 0.3582062844900375
0 0.2988881081976789 0.35452565265462754
0 0.3092466679976342 0.34937474702266935
0 0.3155140659593521 0.3449873414603954
0 0.30004510204208656 0.3598502316769767
0 0.28931546052719687 0.4177085676408829
0 0.29385398011258307 0.3763183429044612
0 0.2824024906817903 0.4105482718094866
0 0.29518369521866455 0.41739642865797305
0 0.2880902380702343 0.4129400244577134
0 0.29601960264621896 0.42185086352711026
0 0.29510928753842697 0.41869930930911226
0 0.30287382070054397 0.4219373940153325
0 0.31883687367464636 0.3339365599478813
0 0.3202752570839638 0.33781536173154697
0 0.3180553735570705 0.34108711719671464
0 0.26632195663578967 0.3290201968493614
0 0.2583534467093488 0.3236795629751175
0 0.3228040152090661 0.3710310370760395
0 0.46663700995293067 0.32921845085443335
0 0.3268082761701117 0.42122860292487957
0 0.5903430929843415 0.2695682156989549
0 0.41842137340535507 0.342329416899605
0 0.4341681139900329 0.3430737279989618
0 0.4522310932900043 0.34287130717742953
0 0.48109854948013386 0.3342094684138577
0 0.40521388072916803 0.33976553990802866
0 0.4362439093120555 0.3061807710835908
0 0.4180091541815311 0.3077358822239206
0 0.4560326042961567 0.3074318607278327
0 0.4713700857568294 0.31147847594098843
0 0.5033704530685505 0.34461165552443646
0 0.41724409781237864 0.5367938284861281
0 0.47610800126765634 0.3254877331646833
0 0.5989110400068 0.33359184294463473
0 0.5333796073781684 0.33417376828320483
0 0.4222568186356666 0.4055690342124472
0 0.34582002936525547 0.4579159688759357
0 0.3475940633327403 0.47258409944937585
0 0.3692558599596328 0.4649479940058069
0 0.3871707554827345 0.47164981994540134
0 0.3660751482907762 0.4745467780752385
0 0.3823208063840866 0.47716783771806576
0 0.42268956722097195 0.4977175197861296
0 0.30946289034599955 0.4133585793699356
0 0.3099318579473394 0.40117305485492055
0 0.5004786268827763 0.3007645341072311
0 0.3895906652224825 0.3686445800072335
0 0.37100858796150127 0.4129268395456862
0 0.3769807863108655 0.4054276746638278
0 0.486057403239798 0.40524752889858917
0 0.3153894491335179 0.3849714157429147
0 0.43709748729746395 0.29009000291215614
0 0.4703146019514571 0.2925275665252133
0 0.5495516343953761 0.24684889511542119
0 0.36049904056051946 0.30615772750783476
0 0.4042211330317436 0.31280766637559904
0 0.43332316869116844 0.48543780360450134
0 0.6102222229572053 0.46501598396199817
0 0.35894260206755174 0.42023437890283605
0 0.3454126836137569 0.42347894799202046
0 0.4118417243057109 0.4822477753809158
0 0.4078195901944282 0.48186721414961714
0 0.4851637232176801 0.2820382965530487
0 0.37720843261860787 0.41931443709008237
0 0.40028913002064886 0.2941363899710965
0 0.40094381856157424 0.2824105001351935
0 0.43752597018759304 0.2221871175743798
0 0.5187624769007906 0.26401279264308036
0 0.4184917292379318 0.25063663935090635
0 0.5206964913200824 0.29316202737390995
0 0.5563990993702665 0.282255499366116
0 0.34649126295079574 0.465875164704754
0 0.3672125244394262 0.4700652769112841
0 0.3844413633676285 0.4744499926554396
0 0.3565407005396295 0.42282376113407155
0 0.40966316962495763 0.48208559375811133
0 0.39938050318271556 0.48415070161857504
0 0.40575267517186225 0.48161698901589883
0 0.34067869051656824 0.41448506078821545
0 0.3814669019998388 0.4788699161974674
0 0.365755502530869 0.4772822750692672
0 0.3493097394387773 0.4766089559552517
0 0.365034116075394 0.517532137004619
0 0.3519246330920686 0.5029400178092591
0 0.3500624939482263 0.4934619393278944
0 0.34930954810152665 0.4842060590361027
0 0.34932071319285857 0.47730064748766576
0 0.3816332190911821 0.4789337753615481
0 0.383891595170853 0.4823189354798895
0 0.38674328555452064 0.4869402831697718
0 0.3896331983677884 0.49223153966855493
0 0.40034614852134215 0.4581813482528037
0 0.636497734708989 0.3925468801976518
0 0.39428536102492756 0.48020927750683845
0 0.39641358275362787 0.482016042746762
0 0.34059032647216575 0.42838654516542213
0 0.37513426929078203 0.4276513362184484
0 0.342748650052446 0.42601073929604066
0 0.40964723235749184 0.37690818159187095
0 0.4381913961248195 0.3876586881406764
0 0.3840628870307131 0.41182804884428675
0 0.4992653011007512 0.2306262538074813
0 0.47378086758420823 0.2527559278334709
0 0.4442692351468066 0.2779509257921513
0 0.40681936908909616 0.50617195435978
0 0.36057719619984324 0.28823376423183905
0 0.3711703467242261 0.2529443952235136
0 0.3826874648319914 0.22015749369847012
0 0.46989226436361353 0.339983343126926
0 0.5293908784998224 0.3551510593834076
0 0.3959980770311457 0.33703338117041487
0 0.4986925274133682 0.3172508496394817
0 0.3743940867642139 0.35991801749518576
0 0.35237859760193113 0.4067325006298562
0 0.5604041932111091 0.36511601896045054
0 0.5080163691272127 0.3670288879186549
0 0.47590988842730825 0.3734103373073517
0 0.4375534214554949 0.37055302997852896
0 0.41296278051239377 0.3640473446154848
0 0.3944448462509094 0.3580706888373862
0 0.34048097160585383 0.3431343329634438
0 0.5542245402615121 0.3967925659678084
0 0.5200125619452051 0.3157761088235581
0 0.3110801403192764 0.42018149515732806
0 0.38328377300120414 0.3829022971715065
0 0.6341030027003999 0.3280144930678479
0 0.3789148682609518 0.3515826073732782
0 0.3914395570755005 0.4124871983807138
0 0.4886621785290698 0.3254844189245016
0 0.35893405942206685 0.39788897906212095
0 0.6289745791161314 0.4276404328485753
0 0.3982136385872009 0.3323153441256665
0 0.33634984842006194 0.3898993786820706
0 0.5220429202977647 0.5066309526087122
0 0.5415035394277978 0.518724326836936
0 0.6019957566514929 0.3953596133976541
0 0.555356041231054 0.4858034507549824
0 0.5801734055610414 0.3055749255767528
0 0.4277399702275053 0.5494026391113058
0 0.3169627140494103 0.4230842171831334
0 0.4015502450948066 0.39358517400761867
0 0.5597961234285477 0.33563719745329085
0 0.4456571505424824 0.33385306751315896
0 0.43147399545984066 0.3349505012973826
0 0.4027019827923876 0.4867394354115141
0 0.5529580452340714 0.42535701742831694
0 0.400575449333546 0.5646054671007268
0 0.468212976100597 0.5491815937009263
0 0.5010558576025861 0.537401631315972
0 0.41982512477230516 0.33444044453666566
0 0.4089672310238189 0.33311157832120325
0 0.40181340134524285 0.3327507344173624
0 0.5442384240475107 0.31142741742920366
0 0.409988893156356 0.3219251531235715
0 0.4227798108724838 0.3179029744276975
0 0.43622433663682736 0.3174202841647128
0 0.45115325679170326 0.3190254571431495
0 0.46173958670585713 0.32144158626807495
0 0.6168402858237003 0.2952697760564216
0 0.4570326678296353 0.33174594325271056
0 0.3811714772848373 0.44849807507497197
0 0.3555294043840246 0.41766115959654465
0 0.343141561096653 0.4414115811282016
0 0.4907583568958526 0.5245164658953535
0 0.4610431641340256 0.5376169128303833
0 0.3916159587654662 0.55700156742588
0 0.5788560148249281 0.4957419684592714
0 0.4015470936577371 0.3283703175789498
0 0.34917538692342476 0.3646646698817928
0 0.43424278053831544 0.5588500728791065
0 0.5972986072301865 0.42719442738180463
0 0.36581328638056493 0.4777038800431059
0 0.36750360467332477 0.48317297674874043
0 0.36946747895885024 0.49032133651223586
0 0.37160128323321645 0.4987432531061325
0 0.3876435048085578 0.5130164127083535
0 0.3966716404290909 0.4795919882648803
0 0.3992149739506397 0.4785228576114837
0 0.40203738973495806 0.4771731933380695
0 0.41778244204977727 0.47130487478793937
0 0.5099934231727681 0.43513885322720447
0 0.3571375827205942 0.3505022971633267
0 0.3786191171471109 0.323523841719044
0 0.39298559582613884 0.32360088579515195
0 0.39454602989110543 0.48037885612946873
0 0.525734986396546 0.4682884358979286
0 0.35513918894402524 0.3255080749142043
0 0.40438684234593775 0.5245724717511776
0 0.3315459046750627 0.3579087113525639
0 0.36168501637083417 0.3861348341278573
0 0.3743647108686731 0.5302568499712234
0 0.44712216359503726 0.502595408879062
0 0.40790783043237444 0.4241690544530432
0 0.4289513938921563 0.5155996467838896
0 0.451488862329341 0.423629409693023
0 0.4235699886971332 0.43970758135014393
0 0.4735887199640274 0.4471369070258546
0 0.3828118453000454 0.5448343192643308
0 0.37844228776211436 0.3938835997213709
0 0.47220193008159067 0.5114545890308441
0 0.4460580583582533 0.5253713717485996
0 0.458100419729314 0.48612473992274163
0 0.5516481729263955 0.4493321108215667
0 0.4926779197251543 0.4862807013411471
0 0.5852625712435297 0.45708214927543983
0 0.440564900953719 0.4603140377934943
0 0.3665077618144928 0.3734908157048073
0 0.34474872084374125 0.4125024967212626
0 0.3636156880158059 0.41721378520448155
0 0.33064541529784813 0.40313054597441184
0 0.3867578947163643 0.3119667739944255
0 0.41042980171264487 0.3036560285440151
0 0.43455093480805135 0.3005591352727819
0 0.4593663294898703 0.3016826026537951
0 0.48156093282902496 0.30699337234205387
0 0.5085777301103511 0.33005619710905754
0 0.6032790668467258 0.3641440940109339
0 0.4879630772357291 0.3512672261988863
0 0.46450429742640637 0.35611192485753523
0 0.437959945582329 0.35554026645865844
0 0.4162567863438992 0.35219653434258824
0 0.4004111919314303 0.348198912245162
0 0.3883352227350499 0.3445735177461137
0 0.6380639989325341 0.35985408628240545
0 0.3677508349114276 0.42115554554348295
0 0.3414861674797028 0.37710434618465444
0 0.32542031575390634 0.41244048680713835
0 0.32297312357324237 0.419097354358181
0 0.33026685454743976 0.4150539813365074
0 0.3660042184464475 0.42531203502353204
0 0.31748510976421074 0.4197835461731921
0 0.3226380695370918 0.42286893566872213
0 0.3903309490452421 0.3331046256216917
0 0.37811985072937415 0.3375315258794643
0 0.3666071221232414 0.3414791221631334
0 0.46908522635064226 0.32351579628092175
0 0.4841955117088683 0.3172414592923002
0 0.2935039342400875 0.32977111241284834
0 0.30647079218575296 0.32899513591001645
0 0.29348455290211006 0.3182053748280444
0 0.28052700295093214 0.3305951574064316
0 0.2934745020688848 0.3412906427649742
0 0.43280090803795673 0.32424530137251034
0 0.4486779380351939 0.32423537066008185
0 0.4328207846017594 0.3137978076379984
0 0.41791087436549207 0.32409996713729616
0 0.432822326554897 0.3349332096094781
