0 0.5027011985985094 0.47747722079565996
0 0.4976612988506101 0.43821333886251335
0 0.49892442516003194 0.44745516777038574
0 0.4757199521469396 0.38611801787301253
0 0.496684021937867 0.42333927112202535
0 0.4954584777950249 0.401992382272896
0 0.49314528450791334 0.3488996903454424
0 0.341027029143792 0.34193164712184015
0 0.4914423874928035 0.3103002722599398
0 0.4906239366273515 0.2904284971535669
0 0.48884157972803927 0.21521241240178574
0 0.5030485602861237 0.48347720030806834
0 0.5033346908461432 0.48948355639285174
0 0.5035725550326253 0.49332845449183016
0 0.5035855510270536 0.49308569463058793
0 0.5042743074913787 0.5006847684576562
0 0.5048721857158197 0.5093650588978673
0 0.5053650962929559 0.5181412229791995
0 0.5076047185058403 0.5335251914541941
0 0.498264847202428 0.444429471675352
0 0.47547952625001727 0.442097921747214
0 0.25096483461670394 0.28157628932089174
0 0.4026606420609796 0.35220390511935085
0 0.3814345436564301 0.35363607077169895
0 0.36024610551938835 0.35378049388445176
0 0.3312723481912978 0.34682675418790254
0 0.4202153720395537 0.34954374916148634
0 0.363343025999339 0.31544535346618635
0 0.38844496105951004 0.31697439300630254
0 0.34078190157100086 0.3177864432467208
0 0.3267749062492923 0.3232408632316547
0 0.31251514508402883 0.3553296758914232
0 0.425824174567586 0.5548391471824689
0 0.3323747740311551 0.3390217170731209
0 0.24716789551860283 0.3452973145491275
0 0.28620461378240347 0.3444344142697892
0 0.3839603276697054 0.4157444733493733
0 0.4734361560491476 0.4743140407989875
0 0.477218271591104 0.4891013621490089
0 0.44644588113029465 0.47846638971110694
0 0.4282993335592965 0.48218263108510684
0 0.45501620836940265 0.48851444242267844
0 0.4374544649274893 0.4882422753100125
0 0.4006542604596365 0.5004052745383005
0 0.47861127974388007 0.43784744863901764
0 0.4749824294631374 0.4234116139607742
0 0.29080835108749087 0.30747039945223487
0 0.4290241257918258 0.37894827491302996
0 0.425220751177253 0.4277904937322873
0 0.42391595021262146 0.41900642770244334
0 0.3171283482215964 0.41248236895930623
0 0.4750890059895603 0.4035659702980558
0 0.3403057358328396 0.2942408747334327
0 0.3100759281394089 0.2979086166481331
0 0.26850967701778633 0.25704456513518104
0 0.4413681961534027 0.31047681579314645
0 0.41066131675104534 0.32262921240697556
0 0.3815063027891264 0.48558662046205986
0 0.28241354787409206 0.4770632687207729
0 0.4420289456249275 0.43592409936754606
0 0.4606006434078819 0.4404009282919728
0 0.40356762813847397 0.48700266964030714
0 0.4093075465045237 0.48757941185700376
0 0.2968490829880345 0.28684112505695797
0 0.4243495665651788 0.4322315638390815
0 0.3832661510009734 0.29778081013280466
0 0.3781291249389458 0.28514043068912265
0 0.35571125323284486 0.2243786851785556
0 0.2835336870044321 0.273376267308268
0 0.36961193757128596 0.2537952889083625
0 0.2772144003338901 0.29929680895725974
0 0.2645955552872326 0.29298411483373016
0 0.4748096545900957 0.48249043198457436
0 0.4507495234294263 0.4838038808629992
0 0.43279683798204444 0.4852487371446819
0 0.44718665281270387 0.43794309722464303
0 0.4065475846685705 0.487305844399032
0 0.41842361178850374 0.49237696986881135
0 0.41246710392877384 0.4879041919433052
0 0.4532109210376137 0.43439364697904087
0 0.4410271137804041 0.49046967455602514
0 0.4585832027151263 0.4916637940094553
0 0.4795883692143959 0.4929014491981989
0 0.4756897739483394 0.5326770323098169
0 0.4754283232815849 0.5173954640853153
0 0.47594213366706833 0.5085262770658063
0 0.4774680852195784 0.49987316832822914
0 0.4796680321610113 0.49275518813223207
0 0.4411160551172723 0.4904089845907146
0 0.4366164575896525 0.49357113933457386
0 0.43179017950016724 0.49788545318501903
0 0.4281517384254595 0.5027631559594226
0 0.40408318798474585 0.4660962644083783
0 0.2548887814440069 0.40466456619669144
0 0.49851764428635403 0.44619700752537733
0 0.4280581735136505 0.4893280180392334
0 0.4231830198633889 0.490695955353757
0 0.46878637043687943 0.44590436036261283
0 0.4322423682534159 0.4392436929336531
0 0.46482999610424836 0.44326653491114404
0 0.4059315089278927 0.38673076896900344
0 0.36907585280112143 0.3963595432922922
0 0.4202932386648238 0.424101259017758
0 0.3011828097646526 0.23743125376240923
0 0.3163227840092734 0.259448470405151
0 0.3313097429156502 0.2814765522270965
0 0.41996457433938583 0.5134432895334394
0 0.4321964136673488 0.29107858245565943
0 0.42571305256715036 0.2528593206114563
0 0.41647443130686757 0.21770827784787009
0 0.3421920606875777 0.3515072583358375
0 0.2896734196413773 0.3651925829486233
0 0.431169589525848 0.34674049541767643
0 0.30524688527707056 0.3278214177333819
0 0.4442135847844617 0.370197054482459
0 0.43897524619856215 0.42498507695510307
0 0.26547453437192664 0.37478424812130606
0 0.30545652378815386 0.3757205790076219
0 0.33411797112514097 0.38152983649060146
0 0.3767479725070484 0.3792108146517179
0 0.4075182854831715 0.37324600631203686
0 0.42951994172348557 0.36707408440099837
0 0.4721959289318313 0.3525120686082279
0 0.2698209134988896 0.40494493533186326
0 0.28727675208236136 0.3246042994362665
0 0.48635483055860546 0.44397966075816775
0 0.4308108875834803 0.39441933986481764
0 0.24311876852381448 0.34049753098853025
0 0.4457410358747904 0.3601678689232677
0 0.41845528952492256 0.42334444739842386
0 0.3209473274015944 0.3388569389411003
0 0.43797213349881864 0.4141783871740665
0 0.2652029774450819 0.4399335880522987
0 0.42971349144338966 0.34203294710102145
0 0.4560726640030072 0.4076059665055439
0 0.32925967165515346 0.516233602586253
0 0.3340305137059058 0.5307732628664615
0 0.2539614110242904 0.40619271801790835
0 0.30036510866810995 0.4958260453633807
0 0.2552378925924095 0.316868816972705
0 0.4232978126074431 0.5697382711014658
0 0.4889534671175698 0.4457385694808621
0 0.4109157383342749 0.4041206320700185
0 0.2684113323291804 0.34638912127364624
0 0.36244189749144873 0.3449706965096121
0 0.3804681071525009 0.3451634315354181
0 0.4143182521255163 0.49443285182101876
0 0.2753266384220758 0.4338702679209651
0 0.46550925549572203 0.5898808879936972
0 0.398462326673422 0.5668033223834869
0 0.36900682720090705 0.5516355572212549
0 0.4896068594816719 0.2523916302854557
0 0.5120909607747629 0.5922480717086369
0 0.39796466755986015 0.3440526951431037
0 0.4144162375498532 0.34259035955126355
0 0.42495263069124267 0.34231120321515135
0 0.27158223000818404 0.32008348466553516
0 0.4081509342407823 0.3339422520469217
0 0.3886934625923931 0.3309283588623233
0 0.3704298729706128 0.33070125286110763
0 0.35340690097078903 0.3326899432447986
0 0.34296743108111494 0.3354295437926061
0 0.24351130378821526 0.30786844760543364
0 0.35000679268813173 0.34369823273755074
0 0.5003026566172202 0.45728826747750334
0 0.42582639263394273 0.45968803422697113
0 0.44216023328498677 0.43456561438383723
0 0.46811335911965013 0.4576364283291799
0 0.49230896415012254 0.3286284792436479
0 0.361349562291496 0.5362626414717103
0 0.39151804513621846 0.5529068707096723
0 0.46295102835693297 0.5809444843995055
0 0.3064160717902287 0.507535632786555
0 0.42269513898601946 0.33874448621180425
0 0.45871192866474536 0.37694608119960366
0 0.5109792409244671 0.5833955888081338
0 0.4293666452219006 0.5805659410559244
0 0.2633879587376574 0.4380387958226008
0 0.4587041654324968 0.4916352119615155
0 0.45452843683333244 0.4970864061510126
0 0.451274923992633 0.5038233923991433
0 0.4492933472460399 0.5118535225187634
0 0.44436055511087424 0.5250240952008043
0 0.4231614640072459 0.48786855815650354
0 0.41853212521794236 0.48637949097302063
0 0.41470161834096353 0.48481673061781533
0 0.3879382422382939 0.47471991588219953
0 0.3020234256734864 0.44309636795031243
0 0.4585312187374134 0.3604046773169599
0 0.4445934676985177 0.33205689964495544
0 0.43108766165231904 0.33355588177332735
0 0.42800865752526407 0.48932989350169664
0 0.3040692170031257 0.47660383042961063
0 0.4644980671600177 0.3325531345096465
0 0.43440584206144744 0.5390435021937092
0 0.49461911150103993 0.3838875928808926
0 0.47371633531844953 0.3702168593660708
0 0.4938844160708334 0.36712513448924783
0 0.444071800359672 0.3999074431555914
0 0.5098847657590857 0.568737524331079
0 0.5086526142777301 0.5499754478611242
0 0.4704144936234701 0.5486037846278403
0 0.38191448947950923 0.5075720167583418
0 0.40079682589370674 0.43430159928134493
0 0.40631259459624075 0.5251560777458842
0 0.34836425207022226 0.4325756986980036
0 0.380749161152197 0.4483692681749706
0 0.33168281542877986 0.4543568946412877
0 0.46462424701938215 0.5665813926586697
0 0.4311425666047412 0.4066031942356969
0 0.36540114165542525 0.5199379410251529
0 0.39588237185644826 0.5381843653423805
0 0.361161870141196 0.4889378968407126
0 0.2832871692351216 0.45825525592355165
0 0.33394825780847903 0.49253318338891644
0 0.2770885797387947 0.4679173384601877
0 0.36429517003343426 0.46458589197131295
0 0.4452766165162085 0.3854733839151465
0 0.4462344462978661 0.43212573774382224
0 0.43231184683901297 0.4330974523552779
0 0.45579195364739455 0.4240646749966417
0 0.4246728106862098 0.31958804999816165
0 0.38682303908660687 0.30998759515806784
0 0.35430039120791557 0.30778325159727005
0 0.3282350343396382 0.310419689206516
0 0.3114791675137601 0.31685018737890347
0 0.3055839064018104 0.34145010337977777
0 0.2479765369074912 0.37555488815053584
0 0.3254008610018478 0.36174808358246424
0 0.3487047564963533 0.365857134317849
0 0.3784677393226179 0.3653763282576888
0 0.40562286968040784 0.3619172878058981
0 0.4260807673566155 0.3577690274019485
0 0.4398177990104117 0.35374253452419574
0 0.24831925939997898 0.3720452352184037
0 0.4326993992642039 0.4354420054898278
0 0.4590007302765045 0.3918662353043551
0 0.4622844213158041 0.43487754130072387
0 0.4741637911554581 0.4407909744719951
0 0.4622006658805587 0.4360997926911027
0 0.43879951911044 0.4386831547126389
0 0.4788918338976367 0.4427781144733831
0 0.48124042252534244 0.4444780836623993
0 0.4376134471766365 0.3428005613841439
0 0.44992146614982365 0.3463975483516477
0 0.4572860556414441 0.34970979010489883
0 0.33687204415111893 0.337510706978818
0 0.3186253555701695 0.32965349449830894
0 0.5138407652072621 0.38513460037578623
0 0.6456328323002465 0.3369112716663162
0 0.521203808300507 0.44070582847616385
0 0.7349676104036227 0.2707236132002565
0 0.5847072980169845 0.3506657508316633
0 0.6074160175791596 0.350865950198073
0 0.6290793405991426 0.34934995137361785
0 0.6563373454993656 0.34131420736969115
0 0.5647000583158357 0.3484094194513844
0 0.6186743913196684 0.3104078987991638
0 0.5922184829505629 0.3125747331106967
0 0.642603984589188 0.31246385576986974
0 0.6573778997840183 0.3177409070181132
0 0.6773536804313469 0.3484023927186888
0 0.5918437546977584 0.5508780204231016
0 0.6535958779631756 0.33354385380739643
0 0.7449216049245114 0.33378358792253127
0 0.7028769387579996 0.33733961478983787
0 0.6124105094474881 0.40971226088876334
0 0.53206696010469 0.47224968175644616
0 0.5304463658475638 0.4870179984201734
0 0.560096008607036 0.4744258683741291
0 0.5782093632836112 0.47635469399599334
0 0.5528553652882378 0.4847110545595531
0 0.5701862423868227 0.4828256396421714
0 0.6122175064340805 0.49382165110733084
0 0.5167237516250864 0.436776184480013
0 0.518236191717043 0.4221896126320571
0 0.6921168801788482 0.3024709666608838
0 0.5621391288849359 0.37556155229382193
0 0.5703926475194845 0.42368248075279885
0 0.5709212658409271 0.41486853235437393
0 0.6794485660043612 0.40314846734757165
0 0.5160164383802557 0.40242161311531705
0 0.638765136533093 0.2900171957322945
0 0.6704348129361323 0.2932270872473849
0 0.7143194744868604 0.24740540074984585
0 0.5376977246136911 0.3082965781765429
0 0.5692744609123459 0.3194664325089619
0 0.6293315441160154 0.4778183299084747
0 0.726861327638642 0.4668519507502345
0 0.5548311625661548 0.4326267112770038
0 0.5367593263429334 0.43812789279268793
0 0.6031038154183133 0.47790322584264416
0 0.5977256605510108 0.4790112740720946
0 0.6831642020363577 0.2824477917213948
0 0.572280003306473 0.42794928288750855
0 0.5950796323489032 0.2942075790231686
0 0.5987360991178059 0.2818415422286098
0 0.6231491058916101 0.21870978730632515
0 0.6988476181585658 0.2652548271728541
0 0.6097857871785537 0.24930488163570189
0 0.7054619545151112 0.2943590663778663
0 0.7207835446578293 0.28367703233521996
0 0.5319534013552991 0.48037068428395197
0 0.5566067715452833 0.4798946418984484
0 0.5743803247040797 0.4796131224796325
0 0.549889748088532 0.43492260241217406
0 0.6002800607443253 0.47847541693709666
0 0.5891650490673529 0.48450845460119046
0 0.5947768194306512 0.47961689841072513
0 0.5426566961799406 0.43182891455130623
0 0.5670006617333448 0.48519022271582873
0 0.5496349516208477 0.48794565216682595
0 0.5287760369194526 0.49089790515179904
0 0.5392299398606312 0.530946505585733
0 0.536124490759337 0.5148320319782219
0 0.5342676880554034 0.5060528171446163
0 0.5316189107006283 0.4976017082174134
0 0.5284969979237003 0.49073531505931894
0 0.5666742310944493 0.48501585471907943
0 0.5717997450796816 0.4875861135095391
0 0.5768701822904501 0.49118447581618263
0 0.5807816642096356 0.4955706573882193
0 0.6007622558741323 0.4600244171743785
0 0.7452018310543701 0.39338781050386756
0 0.5794100244707752 0.482650546466603
0 0.5844790246244674 0.48344749298265055
0 0.5295957842603103 0.4441716831082377
0 0.5657322714213722 0.4353772645255966
0 0.5330018594538709 0.441309552346165
0 0.5863904354972966 0.3820924877326576
0 0.625064421810842 0.389784346939324
0 0.5756476528434309 0.41970922600283606
0 0.6792687151872377 0.2293850571810207
0 0.6637478739568675 0.2530615704834924
0 0.6465887251788883 0.27742056457633846
0 0.5939078997454905 0.5082634372531243
0 0.544574355127014 0.28879797008802305
0 0.5536888896328043 0.2503007647067672
0 0.5617621825657748 0.21453409513807986
0 0.6464856944345991 0.34636666573641967
0 0.7021771856830045 0.3565755331026727
0 0.551648393546087 0.345884659380283
0 0.6800343542051395 0.3222309391982812
0 0.5456679555620012 0.3676576407979781
0 0.5554686848216763 0.42178448773383037
0 0.7274151881800317 0.36385217742306014
0 0.6876573796676915 0.3670106687635746
0 0.660005339965249 0.3733429177090542
0 0.6169104349990058 0.3734285888343752
0 0.5840764924412758 0.3694645863658977
0 0.5597118770024939 0.36438003258488155
0 0.5146935023801299 0.35149235466079626
0 0.7265200890637872 0.3938683539992829
0 0.6985496474978531 0.31868746542639526
0 0.5101302525961459 0.4432840892398
0 0.5618539042956817 0.39090352291272296
0 0.7500812021547467 0.32854964730477626
0 0.5415503184331237 0.3580585112846916
0 0.577986275792717 0.4188157806915131
0 0.6648269163788654 0.3333304261790793
0 0.5554988630202765 0.4109277356081083
0 0.7393629119519187 0.42916750828513295
0 0.5511179008023711 0.3411536677828375
0 0.5358675387060384 0.4054525354990816
0 0.6847255957900189 0.5079107252792037
0 0.6818326124534035 0.5228499340825816
0 0.7440630570425963 0.3947780033062883
0 0.7105462624507022 0.48614575833776813
0 0.7335349894601374 0.3062156525489096
0 0.5964657363796393 0.5659583890345464
0 0.508051768218023 0.4451706044284935
0 0.5833764269625684 0.3995119206251765
0 0.7225022961613342 0.33839631285704463
0 0.6251806984725292 0.34151371906653094
0 0.60681920152734 0.3430943838367187
0 0.5933128643948306 0.4860868688164223
0 0.7253150854650234 0.4229859840062826
0 0.5574095553645675 0.5877597149416027
0 0.6214872743444713 0.5617789584444577
0 0.649554186176738 0.5453049461796599
0 0.5878523599089878 0.34289023349605313
0 0.5690445005397828 0.3418874862323723
0 0.5568318896603068 0.341766081295585
0 0.7145803315865616 0.3137088752745524
0 0.5738035024898421 0.3305422136442246
0 0.5940093059904762 0.32601719783757555
0 0.613433194239802 0.3250498342990346
0 0.6316617009247004 0.3267617939447325
0 0.6426698705320946 0.32967092379613405
0 0.7457953981075827 0.2961720759410837
0 0.637244917588702 0.33924553476348435
0 0.577118012155352 0.4550282351846303
0 0.5542837375412368 0.4313694262478116
0 0.5334308522314875 0.4557135041625333
0 0.6547543334088191 0.5295361578133738
0 0.6267053535496335 0.5477717544606471
0 0.557668881686079 0.5787822762287153
0 0.7065200346480194 0.4982489928288941
0 0.5583924711643162 0.3369974804242099
0 0.5308318720284397 0.37513230894831784
0 0.5921386638020913 0.5769003871807644
0 0.7388769679775651 0.427038483296859
0 0.5493017730617682 0.487804192284765
0 0.5544466248367869 0.492715953457501
0 0.5586111537628682 0.4989456896247398
0 0.5615771458470286 0.5066338104095628
0 0.5702118594912245 0.521339386602353
0 0.5841987047734951 0.48083779946813043
0 0.5883074071562032 0.47905761049801976
0 0.5919181692620086 0.47729277531394154
0 0.6198053239982656 0.46740913814498103
0 0.6994931067087488 0.4330348119090056
0 0.5296965656978715 0.3587573211015792
0 0.5371572661915556 0.33039482730077985
0 0.5494973065452449 0.3318577130282759
0 0.5798997172896755 0.48266049892074125
0 0.7033905304608845 0.46663924830073655
0 0.5185862713169536 0.33088909918142606
0 0.5816064100098888 0.5352260108528603
0 0.5145317084975727 0.369194144678698
0 0.548168434874587 0.3972037764685797
0 0.5462771428008246 0.5466387750835185
0 0.6304075249816335 0.5006622629080972
0 0.59775708836446 0.42872199842853104
0 0.6082725348369452 0.519691555269815
0 0.6510304811591912 0.4246256133163147
0 0.6209934265561985 0.4416699162069357
0 0.6715087944179922 0.4454810559815757
0 0.553923598541793 0.564442215166928
0 0.562635975748846 0.40294441703157075
0 0.6483206601190488 0.512831738733425
0 0.6205139180983165 0.5327575021525731
0 0.6485709579732771 0.4808786845498291
0 0.7213721132516464 0.4476285105143218
0 0.6760054709709028 0.4837606452016799
0 0.7296539981432644 0.45733377869994474
0 0.6412568060609941 0.4566791422756081
0 0.54575767790815 0.38288924670245883
0 0.5491782486339576 0.42920421733708014
0 0.5639439163707853 0.4293567299445911
0 0.5379116899161887 0.4217894389547333
0 0.554983084491406 0.31698827142853053
0 0.5929208289763693 0.3060627148365736
0 0.6265067272694059 0.30318864363015163
0 0.6536709798155926 0.3054804087479027
0 0.6719400052619655 0.3115926409402777
0 0.6814183651310037 0.3352279565839736
0 0.7466505095486633 0.36394034916499873
0 0.6650086416182621 0.3549565338797363
0 0.6426178240736392 0.3597304110521746
0 0.6124693663068699 0.36111897845379387
0 0.5835933288599607 0.3592900024534727
0 0.5608328752430426 0.3559088687124051
0 0.5456126601049388 0.3521466034895572
0 0.748220306962183 0.36030107677049034
0 0.5640782187266675 0.43159305639192874
0 0.5315703631637497 0.38998584662637487
0 0.5329628089898438 0.4328826493878211
0 0.522249329804184 0.4394740997488041
0 0.533664405246741 0.43416294008989575
0 0.55868919221018 0.43513923082976175
0 0.5175423743125801 0.44167346708253274
0 0.5156328378620243 0.44341837235216824
0 0.5437507027397537 0.3418817598203179
0 0.533942132146902 0.34503976354059185
0 0.5279332341846332 0.3479509689037861
0 0.648906448319827 0.33183580762670517
0 0.6663129583571398 0.32417911959276613
0 0.3767749485675983 0.33598141737704007
0 0.3980438931412784 0.33524198504319863
0 0.37566226026579463 0.324031258132164
0 0.35509926998079716 0.3366114102246097
0 0.3776158768801443 0.34790381977746015
0 0.6072330427249141 0.3323175264119308
0 0.631091814072874 0.33187899327569215
0 0.6065100155733588 0.3192664581980478
0 0.583612947813088 0.33262037609049533
0 0.6080261732694908 0.3453645186207271
