0 0.4952827070880195 0.4092922958528033
0 0.47965039329036424 0.37189464039684084
0 0.48587011347484327 0.38062912707003005
0 0.45530164484744484 0.3319985538906192
0 0.4760439150926212 0.3602901654584067
0 0.47266981932941987 0.3435859974496853
0 0.4665427144373889 0.30142421529900215
0 0.3419484061229488 0.30101574337260323
0 0.46053199980245985 0.2747333324658945
0 0.45637606185577484 0.2599723283548533
0 0.4422867185557666 0.19615193386996013
0 0.4965018191901238 0.41374035790470076
0 0.49805899701364664 0.418008224749417
0 0.4995788926177699 0.4206987810060845
0 0.49975594197926315 0.4209323800313547
0 0.5008948341659878 0.4263625180128939
0 0.5024063563703195 0.43271811463818044
0 0.5044467754500068 0.4393585851844053
0 0.5100449834666823 0.45029630572159096
0 0.48219933854820934 0.37696233937829177
0 0.4651142536136119 0.37672673193564327
0 0.26634860330301785 0.2593067087094236
0 0.40144714947951876 0.307073471616514
0 0.3812067478733218 0.3099522768340496
0 0.361703452532706 0.31130436349729573
0 0.33704160757200874 0.30541016059632625
0 0.41777942459220474 0.30325732796643834
0 0.35779694581161375 0.28112113406384215
0 0.3820078214225562 0.2798670280423964
0 0.3387474201052733 0.2848441072317384
0 0.3289401236435641 0.2895496383494472
0 0.3233939679744451 0.3143266299681634
0 0.44625837307261385 0.47151619936368483
0 0.33471809894494386 0.2978596761359932
0 0.27269089084280573 0.31033024090047207
0 0.30168948427814507 0.3072761008458108
0 0.3935236071600862 0.3621733780973446
0 0.4726758591587777 0.40762948693696016
0 0.478934769599658 0.4185003070912746
0 0.4540441798289185 0.41248178315458833
0 0.4421927717554828 0.41711451918442055
0 0.4632330801256973 0.41946960948639034
0 0.45087379103769426 0.4208292477989789
0 0.4229964644688627 0.43450295499392916
0 0.4638469326917244 0.3725371331161594
0 0.45767774117057736 0.36167846388698366
0 0.2981457653981836 0.28533148987693074
0 0.42263278438021307 0.3287041468649918
0 0.4242208065141154 0.36902083613857717
0 0.4225105052894872 0.36209852438165535
0 0.34111867083803465 0.3636413102749712
0 0.45580500971687876 0.34600023564344606
0 0.3345950511486634 0.2749062572021662
0 0.3109119330816295 0.27871638564219386
0 0.27436109583662904 0.23988623653324495
0 0.423185675850381 0.27823356210445027
0 0.4047276553414438 0.2821364091327472
0 0.4063662473193329 0.42460772358112453
0 0.32893415244863083 0.4141914484478672
0 0.44012135736968205 0.37458529707437715
0 0.4551767301948174 0.37728452969411885
0 0.42743374864854244 0.42388678207900954
0 0.4317645259282511 0.4235808398597729
0 0.2996830804192502 0.27152165215207924
0 0.42608343498052464 0.3733165798165043
0 0.3713592179119587 0.2740436821065334
0 0.3639432546156256 0.26543399848923177
0 0.3349176329439101 0.21101661248606926
0 0.28736582305282354 0.2536355506004014
0 0.35121209048868524 0.23539929152090358
0 0.28775219368221966 0.27924275166869905
0 0.2762756805624003 0.2689479556605683
0 0.47542650726340385 0.4138389511138016
0 0.45864334516227245 0.4163551164895111
0 0.44631844192095427 0.41909212744013863
0 0.4450388766177323 0.37621982747353383
0 0.4296538663785095 0.4237356285871186
0 0.4381450153887272 0.42576497367450167
0 0.43414458932112093 0.4234335425292483
0 0.44603796048170846 0.3715647377582811
0 0.4545188555089028 0.4220304219804195
0 0.4669733817243706 0.421401807425185
0 0.48207788307057775 0.4211313338568492
0 0.4856627414245968 0.45130716227226375
0 0.48173829366493487 0.43978734212632503
0 0.48067723291561654 0.43302351458472493
0 0.4808339115799121 0.4266410051665691
0 0.48204458164780034 0.42137987550741396
0 0.4543717582102703 0.42208961004055806
0 0.4510780196312977 0.4247165195505071
0 0.44793129598964815 0.4281241410637494
0 0.4458436838796605 0.43205306739170357
0 0.4198424793050989 0.4043810726692958
0 0.2939751396846512 0.3572901321679169
0 0.4838307376384087 0.37867762824022994
0 0.4451435166613563 0.4226351765371998
0 0.44151595396840054 0.42410393216595144
0 0.462505294414966 0.3815245197056243
0 0.43530025576119835 0.3792472957454113
0 0.45894016159455414 0.3794744879192447
0 0.40623481239637604 0.33664619237739846
0 0.37850988170374994 0.3472335244187657
0 0.4218573801057494 0.3668083434704668
0 0.2953067573354296 0.22355061311344182
0 0.31074210406159575 0.24197508098546022
0 0.3253442700547369 0.26600437898258245
0 0.4399036627019877 0.44164020757867684
0 0.4109310268060021 0.26512747382895546
0 0.3959494222603414 0.23105055575045
0 0.38250327960628533 0.20246602655012416
0 0.3460749959897088 0.30982486283557015
0 0.30594359690566425 0.3238621638706012
0 0.4277471471577883 0.30020327829055904
0 0.31369146255209396 0.2947667736259306
0 0.4325473015399083 0.32068762923619765
0 0.4324182688218096 0.36529678846738356
0 0.2900225380840509 0.3341395067317145
0 0.3186513017863035 0.33282539924109206
0 0.34185168649191444 0.3370295590865686
0 0.37765351626212185 0.3325142552208456
0 0.40357393811902276 0.3252516171391706
0 0.4213021825189176 0.3189338691393781
0 0.45000181812793016 0.30535947818378484
0 0.3011243758804124 0.3589751140116164
0 0.29873910999816394 0.2943936699295636
0 0.4725555430125931 0.3771889691952593
0 0.42634148668983707 0.34139654132890407
0 0.27244550904825976 0.3064117583428851
0 0.43407065631902736 0.3129489460254308
0 0.4220451501643528 0.3665634772237043
0 0.32825294205837924 0.29921693447398845
0 0.4309587440574947 0.3569096575797715
0 0.30884362097181706 0.38513874711457247
0 0.4271294098833333 0.2958858437049463
0 0.4421699302190024 0.35039366874265376
0 0.36782059170629666 0.4452511411831246
0 0.3751670420574753 0.4556010983745504
0 0.28992172784131504 0.3592680015178941
0 0.3434294134621387 0.4294299738747733
0 0.27345347420676896 0.287553532569675
0 0.4463118255624305 0.4827140902880556
0 0.4759589594019496 0.3787587482181395
0 0.41308757533197815 0.3508690008835763
0 0.28911985813275626 0.3090439499905391
0 0.36166667820804793 0.304264398650353
0 0.3792875509142228 0.30349317641917223
0 0.43538997468093166 0.4277979941656871
0 0.31339737776990817 0.3816948334993043
0 0.48487347299638 0.49649874245898323
0 0.4282691256831522 0.4815838734925904
0 0.40409767368565436 0.470912328510551
0 0.44868987110321934 0.2266239335540659
0 0.5254789163237032 0.4962910319337193
0 0.3966308522807515 0.3009190079495774
0 0.4130111440368321 0.2978525261701264
0 0.42310805031624826 0.2965681332146159
0 0.2873886508624191 0.29128889767279537
0 0.4054281245512159 0.28745521049692024
0 0.3853756439993563 0.2851514352589661
0 0.3660218618891161 0.2863086050156481
0 0.3496596347135694 0.2897819419455084
0 0.34134819808051636 0.2934436483412796
0 0.2659995835274458 0.28026760688849855
0 0.34993536665063835 0.3030855881964198
0 0.4892949575315351 0.3898366562883306
0 0.43439425390375697 0.39703789705075093
0 0.439028203163458 0.3730646439405702
0 0.46464342146140075 0.3920881725061014
0 0.46408092117179994 0.2868336254025098
0 0.3941451056010049 0.4599761946230942
0 0.4191917288724495 0.47143268936909505
0 0.4804658114343234 0.4898369826885484
0 0.35163612769025826 0.43790461150755794
0 0.419953982791175 0.2924519721765696
0 0.4426659100243579 0.32548574839504607
0 0.5223586855699187 0.48958169275559255
0 0.454127433385862 0.4908764391026882
0 0.3044744633219164 0.3842101553397149
0 0.46685597567778564 0.42159776870878585
0 0.463961661995753 0.42580275200538753
0 0.46223818296161684 0.43088234081771803
0 0.46179598509131564 0.43701578639679073
0 0.4604301737702411 0.44771994807705373
0 0.44106617885763233 0.4221625155913904
0 0.436994606345568 0.42155635514244527
0 0.43368024998546945 0.4207242879067889
0 0.40993801022515347 0.4139966922146933
0 0.33689920486801345 0.38855574793697145
0 0.4412830087315777 0.3122031503582593
0 0.4349563972943503 0.2893356716040499
0 0.42543817530183686 0.28956137754902334
0 0.4452898864350889 0.42266028175442855
0 0.34427719960070174 0.4150066248933721
0 0.44575846737817576 0.2911117351758554
0 0.4527399747672936 0.45925617699297316
0 0.47065023766101705 0.3291498146812368
0 0.4523786145221928 0.31925774652580297
0 0.46869017576555844 0.31562279224951073
0 0.43528586998581886 0.3450807821676598
0 0.5181908464140218 0.47828472660195015
0 0.5138939470862565 0.4634438477317739
0 0.48239044423984445 0.4642746094961344
0 0.40640057825847814 0.43991134181526137
0 0.40979021285539086 0.37703094691593453
0 0.4283148636636527 0.4511921000406609
0 0.3695712911531977 0.37802985338320644
0 0.397146159540052 0.3901102429036028
0 0.36124222919992777 0.39717073377615175
0 0.4792851757906053 0.47876773089725777
0 0.427873887486108 0.3514561215357751
0 0.3942773504101712 0.448575815058643
0 0.42022149232418643 0.46070396474429537
0 0.38826916152206453 0.4266159802860355
0 0.3249297455844024 0.40066783028359737
0 0.3681040106989119 0.42808304884418935
0 0.3206977881491184 0.40750841953739614
0 0.388373170128983 0.40612622669764925
0 0.434791235415184 0.33314021866514076
0 0.43945521909905516 0.37019736703878603
0 0.43075835899166437 0.3726925243687185
0 0.4435565377707067 0.36317413230860457
0 0.4153252772015074 0.2818308183865518
0 0.37864726036787033 0.2785503296933559
0 0.3487731799402315 0.27995989726196907
0 0.3270916750492609 0.28341029806536916
0 0.31571716641116404 0.28829233894436995
0 0.3169228948004868 0.3033384579864348
0 0.27854782318615395 0.3347768779867184
0 0.33412685455835384 0.3193350505106938
0 0.35328195373649185 0.32225026833529796
0 0.3791461502728255 0.32006877558942165
0 0.4033786869081466 0.3150548921516223
0 0.42103964211824146 0.3102446019834613
0 0.4325575417960468 0.3065569167089018
0 0.282939959641384 0.3314505973772973
0 0.4327871651267228 0.3751363063821141
0 0.44377828186944773 0.33760053206304586
0 0.45101388762502564 0.3710493577748352
0 0.46308127450554265 0.37534528221032637
0 0.4526825689346246 0.3721631658003197
0 0.43938013303862966 0.3778877578536916
0 0.466614560952977 0.3766078537110216
0 0.46985314490840485 0.378269437492264
0 0.4329840361100176 0.2968292977684033
0 0.44051730936474126 0.3004687709837967
0 0.4428180862704049 0.30414891465110067
0 0.33724631660658383 0.2959617217134985
0 0.32439228313286667 0.29396840763388216
0 0.48831901719550724 0.32924170981838097
0 0.6135263407359952 0.27990693529570326
0 0.5025167205249486 0.37371758043025594
0 0.6847473496328229 0.22229613553478111
0 0.5576961897313595 0.2957595343360249
0 0.5781646223495835 0.29489503115970894
0 0.5981220579503671 0.29291052399029643
0 0.6234308098159407 0.28330985711228035
0 0.5399660510213479 0.29514629421582134
0 0.5814839478420175 0.26207393629950765
0 0.5575931282794994 0.26553432897936485
0 0.6034296678136224 0.2622062910047377
0 0.6180430349448452 0.2652216585619109
0 0.6430996788422698 0.28930108665679555
0 0.5920981243252754 0.46133798194227754
0 0.620933477645335 0.2757594931569899
0 0.706557200897647 0.27368300047165117
0 0.6653335261280122 0.27913127446211644
0 0.5832570770188518 0.34682350601098555
0 0.5177658895111602 0.4044051736778354
0 0.5189643838321385 0.4156477318046996
0 0.5419547746524863 0.40658595343554244
0 0.5588525425156822 0.40917387956417867
0 0.5377320005032031 0.4142887964381935
0 0.5531723300885895 0.4137232662728114
0 0.5951848340261242 0.42153416213041506
0 0.4961683107944934 0.37002641055154506
0 0.4953669764344459 0.3586121126546623
0 0.6429472829660644 0.25665597936936785
0 0.5356311556761679 0.3192238745667179
0 0.5449734539117502 0.3596407035307855
0 0.5452354177832603 0.35244137076487453
0 0.6440823316250158 0.3390996348783837
0 0.49132329695250676 0.343027155314173
0 0.5887851131998975 0.25181131513777727
0 0.6197228487581015 0.25181934880729046
0 0.657517163325911 0.20526718635181462
0 0.501440532748466 0.27246036635052345
0 0.5382485706359148 0.2723899914055878
0 0.6066628982839377 0.40928388058398824
0 0.7181108728375124 0.38344320099546303
0 0.5320093994555266 0.3675088191994969
0 0.5170127776977809 0.37241198862931746
0 0.5820219044614098 0.41297187716324135
0 0.5775896580484898 0.4132919385566475
0 0.628370209718528 0.24333236944971617
0 0.5477441432683364 0.36399896924169906
0 0.5494089398695075 0.2580358826133035
0 0.5498441919360472 0.24843626011232411
0 0.5622299601850302 0.18985389848673564
0 0.6431141744327286 0.22218579308401723
0 0.5536686118854128 0.21668202652138954
0 0.65362191265044 0.24954969658059364
0 0.670612007541501 0.23502075505552825
0 0.5188054539587187 0.41071533990202486
0 0.5398485763403384 0.41078422861810054
0 0.5560579958331325 0.4115291506237125
0 0.5280478753797386 0.3698584064378502
0 0.5797333307564259 0.41315114849842854
0 0.570652529678267 0.41632936857872127
0 0.5751293884671252 0.41347189275374324
0 0.5197041531133911 0.3658073482491215
0 0.5510519656312206 0.41522198748884737
0 0.535934217841081 0.4164965492412911
0 0.5188095445704201 0.4185023355928267
0 0.5362945760235839 0.44758871808555556
0 0.5283528044009986 0.4365527457702234
0 0.5251882907165133 0.42985941367860164
0 0.5220599885544052 0.4236504114377573
0 0.5189785499773596 0.41868765226432253
0 0.5511093165563501 0.4151448441773468
0 0.5555076850173266 0.41719288763052187
0 0.560174359170639 0.42009832446249373
0 0.5643985334621824 0.42363398258360274
0 0.5757695829252834 0.39226328641731545
0 0.7254147012110638 0.321470460119825
0 0.5625343675846639 0.41430239342384456
0 0.5664781839789256 0.41519394998224624
0 0.5115085713889288 0.3777068998687756
0 0.5429975237373424 0.3710684979924504
0 0.5141277159361736 0.3751727189891827
0 0.5580224228779906 0.324062292620262
0 0.5930228771074958 0.3296504729652997
0 0.5505466789979002 0.356840286843525
0 0.6179472487419844 0.19383977348945156
0 0.6053788580162369 0.21530470409378502
0 0.5924690796629243 0.24196938712219274
0 0.5804539373063523 0.43116054679296034
0 0.5030282391640155 0.25690687086826525
0 0.5034839991966019 0.2210494305313744
0 0.5056579808664062 0.19091080804789287
0 0.6147167087411103 0.2889775707854988
0 0.6685211284329062 0.29519091120788027
0 0.5283157967192971 0.29403625197292116
0 0.6392031378396179 0.26856335377471047
0 0.5193373158412136 0.3133076192429347
0 0.5304954613194518 0.3575656870322198
0 0.6916899687570074 0.30087776509871395
0 0.6556752075481674 0.3055169481483305
0 0.6298011825622424 0.3133031605563549
0 0.5896309913014588 0.31566077142213445
0 0.5595176924505959 0.31367650526280727
0 0.5372559521347284 0.3108674322966463
0 0.4867653671814048 0.30213521513509456
0 0.6932383613741916 0.3271372398789625
0 0.6554551655831544 0.2660383814887971
0 0.4922333894216496 0.375655663031969
0 0.5362242943728748 0.33231013976268886
0 0.7153762028269146 0.26824117350097026
0 0.5195463488445334 0.30711335878564705
0 0.5532062354943027 0.3563832513849187
0 0.6296063431579134 0.27584999244405617
0 0.5301973957406438 0.34894463577255697
0 0.7251537531290365 0.35143690098146474
0 0.527957058309213 0.28983199170657564
0 0.5107284450660581 0.34480321888597854
0 0.6749961549497169 0.4225700435616215
0 0.6802321379275426 0.4328069067704752
0 0.7169151513472848 0.32448512473091573
0 0.696290342056233 0.4024776553515322
0 0.6886470478190028 0.25211439536224983
0 0.6004374814422234 0.4722353734585069
0 0.49173120506431744 0.3774798683683324
0 0.5565346756383128 0.33923231093039424
0 0.684335186186692 0.27889127862749635
0 0.5935270930437938 0.2858855720632565
0 0.5761331806526236 0.28796165302303267
0 0.5746986662726039 0.41786165044914864
0 0.6950643665116766 0.35122844734177083
0 0.5676247632211965 0.4908101412450305
0 0.6270871028790007 0.46749715534796626
0 0.6524022240191698 0.45304721492047634
0 0.5591420699720797 0.288573898976634
0 0.5427046743747981 0.288879439512395
0 0.5324307050070037 0.28977822637335854
0 0.6695203907463861 0.26122980851749455
0 0.5453761183535275 0.27863628995714723
0 0.5623626442545134 0.27278708564753856
0 0.5802990156833244 0.2703667016966002
0 0.5982586130013933 0.2706257574121404
0 0.6094859145257784 0.2726520697892823
0 0.7020622775282549 0.24216194413833736
0 0.6053013560240683 0.2829705751645639
0 0.5545293973839801 0.387700543733117
0 0.5309014751211457 0.36599232348966304
0 0.5164753152462451 0.3881084332184762
0 0.6516252823335968 0.4417091565472739
0 0.6275033294830633 0.45707439302657704
0 0.5658105082971894 0.48408284681554165
0 0.7018553310114405 0.41076145316503065
0 0.5333641880880231 0.2856829428339597
0 0.5045258423070544 0.3202771187661597
0 0.599591328802964 0.4807124011079717
0 0.7162742156373418 0.35137861670914644
0 0.5361236763065276 0.4165588302641922
0 0.5406588194486888 0.4202213801952623
0 0.5448139475091643 0.4249671700393191
0 0.5487086491092391 0.4308428955004082
0 0.5611033398334099 0.44014853590763875
0 0.5660049358949714 0.4133564087544909
0 0.5691973426095818 0.41228698675306685
0 0.5720024040859678 0.41109199849715145
0 0.5940050631761551 0.3997178488636609
0 0.6671374035270318 0.3622764902455466
0 0.5025191090029218 0.30694852797140987
0 0.5097388190257809 0.284910786688698
0 0.523267130812873 0.2834335856648706
0 0.5627316778282756 0.4143844372737482
0 0.6794987104671157 0.388906497947918
0 0.4910938932519892 0.28859536895840804
0 0.5776388002964465 0.4502977316979296
0 0.4879726467087217 0.3162169222783598
0 0.5231609945387944 0.33792025202549764
0 0.5473870520844407 0.4596447655873269
0 0.6179696510181479 0.4242287553060129
0 0.5725859065094719 0.36418569180535976
0 0.600544496236936 0.43869576728121834
0 0.618760868664021 0.3580691571006123
0 0.594283938569867 0.3745444659490763
0 0.6416257133950358 0.37511120116488533
0 0.5587710322731215 0.4732875431546513
0 0.5376914238314265 0.3425313574001656
0 0.6397751645873422 0.43073076555817763
0 0.6166783904089875 0.4468335933196619
0 0.6290139457129914 0.40833412008996334
0 0.6954028165858724 0.37146321225980794
0 0.65672418863877 0.40619435221512123
0 0.7119174396376247 0.37688485463583693
0 0.6145237911006679 0.38845751624299873
0 0.5201091236718323 0.3260488785016611
0 0.5252002605601497 0.36350710782575313
0 0.5395152875748666 0.3643142506017448
0 0.5137139876251635 0.3575802078898649
0 0.5222634484424539 0.27444146925247975
0 0.553968654135647 0.26380810428480184
0 0.5839473746069099 0.2591069816432384
0 0.609583595038756 0.258732160750013
0 0.6282174843970848 0.26179230597263536
0 0.64486339137606 0.27788812435746935
0 0.7147192890229432 0.2985229961435247
0 0.6325451044932656 0.29581574993844356
0 0.6119273233672847 0.30177228407274864
0 0.5841801825748838 0.30430711768798946
0 0.5578190178974815 0.304009771495132
0 0.5374632006430108 0.30264914905802803
0 0.5230739386347325 0.3009023180011637
0 0.7219833368840425 0.29417539512888985
0 0.5404498962604481 0.36687944144565865
0 0.5059236509968406 0.33245096998925533
0 0.5103958700986012 0.3664549222644071
0 0.5025698435695275 0.37237555593807503
0 0.5115817082316979 0.3676995184295666
0 0.5361895928078372 0.3704772199162785
0 0.4984728351397359 0.37415013328102065
0 0.49810638222033565 0.37598897998007186
0 0.520724472468314 0.2915844865004468
0 0.5107417601444151 0.29628503674305745
0 0.5046030423077552 0.3001403344899231
0 0.6159353541291278 0.27438401847337346
0 0.6278059249338896 0.26941957222934093
0 0.37747421569150424 0.29289904588497945
0 0.397781357412105 0.2906792024092645
0 0.3742353434714934 0.28226282896462435
0 0.3572427777411497 0.2951268326514256
0 0.3806024903998427 0.3036435968387201
0 0.5805971910772116 0.27661397433058815
0 0.6017620983817007 0.27468649617263247
0 0.5771478994385056 0.2662649811795039
0 0.5595044871873182 0.2784246831021694
0 0.5842360235426737 0.28706760602708187
