0 0.1876550287656162 0.5503234308051026
0 0.13397307888321255 0.501038324508978
0 0.1599811123603064 0.5125867631124413
0 0.11144362588453552 0.4409569922348727
0 0.12648360228732877 0.4844290618663249
0 0.12535475238995708 0.4593434776300969
0 0.12960163925005042 0.3910653087755908
0 0.012525636864745098 0.39194872243248896
0 0.11958976644698692 0.33324210417011507
0 0.1105532503646353 0.3097155708981597
0 0.09415273425047813 0.23764884397387503
0 0.18984271731713545 0.5568426951766015
0 0.19367242167177406 0.5640396163515423
0 0.1977271372857301 0.5691566883221917
0 0.20394309982657433 0.5848173175169074
0 0.2055392895379792 0.5927429457073626
0 0.2083773118160341 0.6027444172164668
0 0.21267292486584705 0.612537814417611
0 0.2079580167065496 0.6117711342547251
0 0.14317976181273875 0.5082434560941613
0 0.13131007714116055 0.5083431728508161
0 -0.029327699185713478 0.3258756115384724
0 0.06948512152809164 0.40076696788487226
0 0.05290263372918834 0.4058618419520233
0 0.03636797104516755 0.4079240122890991
0 0.013290126929464548 0.3958686139596545
0 0.08048777533290179 0.39448519294028694
0 0.015809895632707554 0.3470208609881608
0 0.0385464065424774 0.3469550783867421
0 -0.0011811198099799778 0.3531121246192766
0 -0.007747683755081633 0.3628811388883902
0 0.010652658165149067 0.40854619916366497
0 0.1556294660853303 0.6326650392102159
0 0.005947669401116993 0.3842606664351795
0 -0.010703345517749372 0.3949863921365012
0 -0.003720878744902818 0.3923402398176815
0 0.07046546066260856 0.4835483629418456
0 0.16466167366699033 0.5519933223076489
0 0.17479208702950375 0.567428562498611
0 0.14796642278847488 0.5623453584702118
0 0.1406934010269849 0.5721525610789009
0 0.16160951360412265 0.5720418198601059
0 0.15384782154275023 0.5770235855942187
0 0.12303456040504186 0.592105579505796
0 0.11822178340314524 0.5027185452373132
0 0.1083015779276257 0.4873732222811035
0 -0.031828295439481735 0.3463474583690581
0 0.09495569036706634 0.4322616711906765
0 0.09282105165007322 0.4970457476766213
0 0.09188912825092026 0.4862888853187146
0 0.02697716596657815 0.48377375194559924
0 0.10829444504950357 0.4635093338463617
0 -0.01667274672376073 0.32468751882729324
0 -0.03086697731329047 0.3326440353756366
0 -0.03722474934614223 0.30082685827561045
0 0.06187620329792085 0.3299937447452027
0 0.06023353629786035 0.3538086024639399
0 0.10601664144221855 0.5797385497585587
0 0.08088476316112539 0.5338958565955577
0 0.1108819988110791 0.5046742450931798
0 0.12686524155509213 0.5090777728220691
0 0.14119629165076691 0.5872881212960119
0 0.14619113877415657 0.5860075952566188
0 -0.04052707504319108 0.3205148426734883
0 0.09979120625749878 0.5030382215328838
0 0.011380999227580816 0.3223243277034034
0 0.0016320812637391298 0.3079787380669428
0 -0.006265604949515799 0.263806333684403
0 -0.03661650111493857 0.3178142798335656
0 0.0030787531286478043 0.29284812727052234
0 -0.03846387111622354 0.3372821888198023
0 -0.03256336048893307 0.33841843676307926
0 0.16859491833526155 0.5603254320180935
0 0.15421748938767807 0.5677080806182778
0 0.14662692582477693 0.5748555406928062
0 0.11760028407139622 0.5071573975941409
0 0.1437298717868069 0.5866983622312546
0 0.14987114355292008 0.5914639094601507
0 0.14857530707250471 0.5854310456825339
0 0.10875640113068663 0.5013413482386133
0 0.16043457259302554 0.5779649025072222
0 0.16833795299348625 0.5745023606264072
0 0.18078470416367054 0.5715085073657657
0 0.18350857010354166 0.6130331868710726
0 0.18830919395322385 0.6139616915713186
0 0.18558761477470398 0.6042405327377112
0 0.1850889493589816 0.5940417134243509
0 0.1863650530576706 0.5865201499799023
0 0.16432900289478508 0.5871614558541256
0 0.16061957310075345 0.5910242552342622
0 0.1567048799732457 0.5962255832293759
0 0.15436193395567976 0.6016604444254999
0 0.10528758860638608 0.5493740359078283
0 0.042783775326350464 0.45141367802153465
0 0.151430396768062 0.5102580524009207
0 0.15776051564709 0.5865363721614298
0 0.15369666813184385 0.5888451527642167
0 0.1360956174523934 0.5152093601615533
0 0.11231608591649843 0.5117162940942723
0 0.13140825643811538 0.5123983209547789
0 0.08171207101448723 0.4442717798378157
0 0.05607129746805067 0.46057699244955314
0 0.0957433357834816 0.49283089385084483
0 -0.03175290803546491 0.280195885086837
0 -0.02624768909552823 0.30246056438140245
0 -0.027535181168628776 0.3109544158629749
0 0.13833697674715 0.6005850131097047
0 0.04424748432053172 0.30663711399487825
0 0.045840190885507545 0.28666007680737454
0 0.034186052401428635 0.25098010032721185
0 0.02224346396067868 0.4046297672650088
0 0.004994513952861662 0.4224383788264316
0 0.08623261960304301 0.38925145368861114
0 -0.011468153608881908 0.3707308704438417
0 0.1019395201102547 0.4203938873565715
0 0.09392957057317962 0.49213847155156343
0 -0.007609508850652239 0.4346558665451796
0 0.012774848419687023 0.43766991476649825
0 0.02972744324285051 0.4446156238732131
0 0.058804719344429345 0.43701238671074744
0 0.07901811470156131 0.4255081783818162
0 0.09130532262117966 0.4156574407349462
0 0.11330364879382693 0.39724822773233703
0 0.003631573899284653 0.4712813148032064
0 -0.019057369345556133 0.36727693625118424
0 0.13297234062591326 0.5091336234756138
0 0.09809053729733695 0.4524496795042701
0 0.00801921773539937 0.3836028073144996
0 0.09878274450159591 0.40591511029912075
0 0.09976499179459136 0.4916742854144262
0 0.001972657263926838 0.38378317148789115
0 0.0939910102473653 0.4787628856042157
0 0.060039964221093964 0.49084245167348695
0 0.08417592764548633 0.3824446263196676
0 0.09864933999336284 0.46950717095447625
0 0.09183706278386324 0.5922524068018664
0 0.11196785456622424 0.602722566931144
0 0.014038427935346313 0.46342633586862814
0 0.07287314777141032 0.5664134843193966
0 -0.022475547521658566 0.3643817403394243
0 0.15978794917464256 0.6471271140419919
0 0.1429247652059016 0.510920745069566
0 0.08897267460175183 0.4666321700033934
0 -0.0053638334831465845 0.3948302122561828
0 0.030976151237669197 0.39939854410679443
0 0.046971123098679214 0.3976461677771548
0 0.14682667670042618 0.5943489085720933
0 0.022014939266702404 0.5024109528116558
0 0.20287586376070976 0.6685248336066371
0 0.15238845890954786 0.6433105644324552
0 0.13331218970858533 0.6271509210700574
0 0.10179663538608862 0.2769678364953269
0 0.24578906069307224 0.6688997315323871
0 0.061586874982585076 0.3928668979069461
0 0.0736218273801648 0.38733063152302866
0 0.08105025804885056 0.38438431918621063
0 -0.023091700980844704 0.3622809016186258
0 0.06439691093628822 0.3688013743771159
0 0.04665762477594873 0.36364535261755404
0 0.02859202837166579 0.3642765941179317
0 0.014224806557530943 0.36920267473096435
0 0.008131208465151165 0.37563223705991455
0 -0.014853347902712614 0.352063575775727
0 0.019934062157636104 0.3968117351765218
0 0.165573182799246 0.525324022769928
0 0.11330607185221236 0.5386025735865468
0 0.1070680594800607 0.5029451260748117
0 0.13994729591776495 0.5304739363815474
0 0.12868796450936276 0.36106271510538845
0 0.11437100601261077 0.6139866207604823
0 0.1365225149075622 0.6302355854407601
0 0.19035573935379152 0.659325863485751
0 0.09826265016327733 0.5722436370409053
0 0.07732986391562482 0.3772593053138774
0 0.10539458935027538 0.42981937210197035
0 0.23236664991987788 0.6598247783339541
0 0.17371123640433603 0.6583857052999994
0 0.032579307241932205 0.49827965977399247
0 0.1733771875176741 0.5872402493072593
0 0.17031141289550325 0.5932088864886242
0 0.168102265133158 0.6010978326849316
0 0.16830605948748795 0.6096383146617723
0 0.15847840727023457 0.6085402716113173
0 0.14943167648237685 0.581597777294076
0 0.1436878468679345 0.5812877349879431
0 0.13867151024548904 0.5802593811050706
0 0.10292514454087485 0.5640823237274004
0 0.03630474436542262 0.5161999726425046
0 0.10755925127507551 0.4077678324087806
0 0.08734572719296683 0.36531762778759
0 0.08046424137833326 0.3690511463129002
0 0.154956946230453 0.5813243507691052
0 0.05830513013769751 0.5510976592483727
0 0.09736077268810375 0.3637551668545474
0 0.15772898559984955 0.6190769095783648
0 0.12700872447179712 0.43641501315262005
0 0.11191657659314248 0.4207034992782966
0 0.12836834796420907 0.41494651190612625
0 0.10051654878517856 0.45949172850536263
0 0.22249464059005614 0.6444744894038076
0 0.21502089872956276 0.6263798708501069
0 0.18542539101579916 0.6267948938452679
0 0.1100267879259975 0.5947267529757126
0 0.08939427161670249 0.5069295918164046
0 0.13260067375781742 0.6086645864922068
0 0.05329925809865412 0.5061343407501345
0 0.08090737332468448 0.5257610615828763
0 0.05578380159061888 0.53207344348016
0 0.18528008323324763 0.6443032295159672
0 0.09876893306879894 0.46850811631783196
0 0.10492677249662254 0.6023782262983529
0 0.1305185699754435 0.6181142389774322
0 0.0897066492749297 0.5772018640585568
0 0.040249695434518486 0.5283449240352797
0 0.07638123655772727 0.5742912405210993
0 0.051809334641565445 0.5319486982148627
0 0.08131955070016177 0.5490322775814844
0 0.10191412342955238 0.4407244522286498
0 0.1011240852429815 0.49945116613222207
0 0.0992494709789753 0.5024142634609471
0 0.09849529405650885 0.4894169191951337
0 0.0631187627820865 0.34740050969564396
0 0.028189512941500416 0.338487662439761
0 0.0018508077153693075 0.34029868692159654
0 -0.014233787017671959 0.34702986595423324
0 -0.018961673683446388 0.3568892112892607
0 0.0003199042833369711 0.3880008228123188
0 -0.0005122951191404592 0.42917111386423523
0 0.018339962334088657 0.4176401554890301
0 0.03502088687990023 0.42282893612332967
0 0.05622488908145739 0.41939675289651623
0 0.07506318366074044 0.4113885902192282
0 0.08721765341318172 0.4035810032292553
0 0.09458555305457633 0.3971730925466703
0 0.027624213420178578 0.4159038523616998
0 0.10517616578094337 0.5057106769603231
0 0.1032318961604134 0.4490124971970268
0 0.10725491514186496 0.501089076762614
0 0.12519626922743476 0.5067144658254541
0 0.11306534857367692 0.5024466416110163
0 0.11428240536833587 0.5097212968313176
0 0.12759410508948824 0.5085938221086627
0 0.13647868783901568 0.5104859574981357
0 0.0894003595508959 0.38261558824907177
0 0.09839840200932129 0.38618327635137933
0 0.10206017327373443 0.39064134702734327
0 0.006165850664610448 0.3803744607645532
0 -0.006702028052962344 0.37220698964336646
0 0.1486744707369286 0.4347903782258863
0 0.31700563916693564 0.33607310659211614
0 0.17416658965141876 0.5020104966733767
0 0.42339613580185437 0.23830339244526366
0 0.2531989398209945 0.36719953327075294
0 0.27653632377800735 0.36456518341665684
0 0.3000778201157632 0.3595127187669277
0 0.33164624254340713 0.3403374049650586
0 0.23317608771764714 0.36610794598641605
0 0.267250649145116 0.2998950263728266
0 0.24210520930912183 0.308016446362371
0 0.2943469235754531 0.2981058025165744
0 0.3152710322452628 0.3031404558731162
0 0.3581184582865756 0.3504389739554861
0 0.31208795130900713 0.6144998045071312
0 0.32572565081974736 0.3275728986639044
0 0.45746373093646503 0.31321499341208003
0 0.38872498711166176 0.3285577009553495
0 0.2828717430972535 0.44976603408222615
0 0.21275691412713216 0.5444079626513564
0 0.21735428881062113 0.560739461818467
0 0.24377980010341044 0.5487558714721514
0 0.2654145766535531 0.5542233094573021
0 0.24017840842513935 0.5604420661926269
0 0.2587107918832613 0.5619193441194037
0 0.3098396257213924 0.564805237106655
0 0.1537264868940996 0.4974223671400029
0 0.15022013968099718 0.4807336489143579
0 0.34619501200707065 0.2752806799567264
0 0.22479547082406023 0.4108499806860219
0 0.22564670637897824 0.47713606564894967
0 0.2281305683857721 0.46519061398247014
0 0.36150268335705216 0.4310257395972376
0 0.14832633782340132 0.4568481750462366
0 0.27149769501841586 0.2638472202031509
0 0.31158168354760046 0.2644035582633122
0 0.3762489320791286 0.2179317755219729
0 0.16979472598303919 0.30789555800349816
0 0.22346144088584444 0.3220349272956019
0 0.32061744999626407 0.5476848764264065
0 0.504587945892759 0.47244014137465024
0 0.212427559916092 0.4901240407772686
0 0.19576168862049995 0.4988323726731798
0 0.29282712077964906 0.5655097101693568
0 0.2875173820749573 0.5660283895938293
0 0.324981438724891 0.2481696404840635
0 0.23294379213905853 0.4831384714530862
0 0.2249900121241808 0.27652900993176127
0 0.2232784545453994 0.2601820996921995
0 0.24130865915314012 0.2110863956420318
0 0.350478070585624 0.24200946568794873
0 0.23042140350393628 0.24557756762141766
0 0.3649649309075397 0.26372578558714493
0 0.39343153571952943 0.2578906834449457
0 0.21529696080023827 0.5528208190980165
0 0.24191295477035252 0.5548126712441445
0 0.2620168430325778 0.5580553529055222
0 0.20920617951323156 0.494062521600205
0 0.2900420877596606 0.5658233279767244
0 0.2823114714220814 0.572976051983626
0 0.2848901810205501 0.5662918510644332
0 0.19129809704811676 0.4896179418201032
0 0.25624333095291385 0.564451659762341
0 0.23874842537486035 0.5641154964332995
0 0.21889524793495302 0.5656200541102367
0 0.2391948284500319 0.6057502881340359
0 0.23987033169554628 0.6070801759543626
0 0.23413374096803044 0.5974910127080005
0 0.228937567981041 0.5877052300002263
0 0.2248254864598098 0.5809736536896747
0 0.26000467477285344 0.573963751093201
0 0.26547094304924423 0.5764080696779749
0 0.27232983384443366 0.5802879851149476
0 0.2784821305262006 0.5846088128245395
0 0.27358358482951706 0.524208036000314
0 0.5094228257303652 0.37602817416191103
0 0.2719516852951568 0.5708527670606323
0 0.2768494434978651 0.5716911558871683
0 0.19038875352429308 0.5071085655170938
0 0.23193007537528224 0.4941757126994755
0 0.19293823498098747 0.503217228340066
0 0.25334299064200855 0.41615390570267385
0 0.2955399163715217 0.42183660210474677
0 0.23741925669753033 0.47109552116497705
0 0.3182562098878881 0.20747747340280076
0 0.2984845986508805 0.2363926015470339
0 0.2771832500786885 0.24670154960907023
0 0.2923769468198652 0.5792389396740043
0 0.16679242034645184 0.280663216340801
0 0.16734349954387415 0.2614455593344958
0 0.16849013620420641 0.2222129416530547
0 0.32089055896453234 0.35120313802491065
0 0.39160321701479994 0.3596256615675014
0 0.219289509822493 0.3639480949419996
0 0.3468960027979768 0.3070958706671777
0 0.20257428385641263 0.4035498996791632
0 0.20319744904080164 0.475719471923683
0 0.43156032814927725 0.36180898511539333
0 0.3715175168345804 0.3783934675481008
0 0.33540534503434016 0.3925979076520256
0 0.2860341068843137 0.39780344017173935
0 0.2511170480562293 0.3953374533873537
0 0.22380742333505466 0.3910027375039847
0 0.15462816749577937 0.39010541912006297
0 0.4345447182979273 0.40274354138452073
0 0.3697336612512236 0.2999859368023665
0 0.1551505485954492 0.5057694409852442
0 0.223087881003385 0.4322787872475127
0 0.4864785527081593 0.2987264499392199
0 0.20101690851151943 0.3846915474404459
0 0.2450845564675072 0.4691137002862018
0 0.33802115771433583 0.3251546183358068
0 0.20540668766783632 0.46139859628418217
0 0.5127100678889648 0.4212436648166698
0 0.22012369310402352 0.35707848110924595
0 0.17609143694457802 0.45717738601176633
0 0.4287339819838171 0.5475914167969124
0 0.4514742032017397 0.5575790497919787
0 0.4803652672663979 0.38860966777024064
0 0.45761211297434307 0.512614804311939
0 0.42660144829879637 0.2826198266252227
0 0.3285669896589673 0.6284822986825652
0 0.1607571422405865 0.5079168936480647
0 0.2503533000531404 0.4406217558876328
0 0.41869197996414226 0.3269746808902077
0 0.29316659125944844 0.34880266899000045
0 0.27315482464821444 0.3541268386270689
0 0.28750120816023456 0.5745021619874499
0 0.44042681368148845 0.43796744281830996
0 0.29671700784693594 0.6585334595778715
0 0.37703915199507837 0.6171345516391422
0 0.4119489113597766 0.5924661754266075
0 0.25443572939737985 0.3563100463022357
0 0.23709072026869524 0.35663852892492126
0 0.22582822374027708 0.3573976111476836
0 0.39424310883750086 0.29181012284496555
0 0.2363632575649282 0.33861217595960785
0 0.2538283746689558 0.32873002025096315
0 0.2728035720470159 0.3237441493117291
0 0.2935147847494353 0.32224260432564694
0 0.3079192307980164 0.32382171782462493
0 0.4585208204453406 0.2638419066110383
0 0.30705692489509995 0.3424923396952774
0 0.24726721717287664 0.5185546057379764
0 0.20896476717746776 0.48821329953877823
0 0.19693962816634905 0.5218950177664342
0 0.39794027189845627 0.578786969832752
0 0.36573076879848604 0.6037045055109521
0 0.2837461642920971 0.649326577005179
0 0.482588907946711 0.5187992627206056
0 0.22474393540102502 0.35032637877308803
0 0.1761669757897439 0.41794784723416617
0 0.3389644240555556 0.6401874634234802
0 0.4841398773309977 0.4289761828339618
0 0.24378120850609697 0.5772833722441093
0 0.24960084955977357 0.5820233943669693
0 0.2562386059890623 0.5889752612813659
0 0.2626042529616667 0.5969104903547661
0 0.2690895687302817 0.5935098907221918
0 0.2748165883771751 0.5637329840141794
0 0.2786394173036451 0.5617690075350844
0 0.2821405549412188 0.5595285256271777
0 0.2985660437008609 0.5346260202967602
0 0.3965395927105261 0.4615003987498905
0 0.17812412548000398 0.39578422550921855
0 0.19113011852554654 0.34455373202976974
0 0.21016876974507517 0.3438507653124954
0 0.271340801987959 0.565201521826827
0 0.42299833019142563 0.49812442342872204
0 0.161403341623752 0.34953207124186597
0 0.2922788129552551 0.6025238617606785
0 0.1521359762257856 0.4138491309855295
0 0.20074788845427657 0.44365053649829783
0 0.2538637967537279 0.6186806248581928
0 0.34182220940356667 0.5631429932039717
0 0.27096556110874465 0.4786434373777846
0 0.3223078058141729 0.5840786454470261
0 0.3263322029100812 0.46401851170736813
0 0.29670843627789745 0.4928481754401456
0 0.3596742132111736 0.4866749401325765
0 0.26928586674773175 0.6348713221109432
0 0.22262627323684486 0.44890781446643496
0 0.37482105406082195 0.5674029049666032
0 0.3455920642160851 0.5919068743353305
0 0.3517134063269781 0.5397492169685986
0 0.4453498928443245 0.46766492704982343
0 0.39260227427534433 0.5300178944416668
0 0.4800250395808531 0.4691693191942961
0 0.3234048152099485 0.5129246810856073
0 0.2000198351300281 0.42474335218253345
0 0.19652643613517284 0.485884423294793
0 0.21866798020251418 0.48501799326875933
0 0.17687279755330604 0.47771360841782196
0 0.20210882948468561 0.31973491991343705
0 0.2344666389019593 0.29726405338100764
0 0.2673251884786979 0.28728714688964513
0 0.29903678336869116 0.2858620613489462
0 0.3262433069555656 0.29168249731478485
0 0.36008579996616946 0.3274856133953385
0 0.4727389635923116 0.34987786856034525
0 0.34349636101852293 0.3621933018383772
0 0.3166272180235904 0.37362176251152285
0 0.28295155258282373 0.3792738685141439
0 0.2521892362476691 0.38003170924342194
0 0.22823969687780607 0.37794088523672975
0 0.21015600325620692 0.37500375995169516
0 0.5005927466503952 0.3357027773623881
0 0.22287749895906966 0.48848533559104673
0 0.17410122765147168 0.43752643122621204
0 0.17374694622729137 0.4917221574031788
0 0.17024034156423548 0.5004720048412032
0 0.1792588437219029 0.4933361320391945
0 0.22069003756927408 0.4942539433422296
0 0.1636402485487254 0.5033322071899539
0 0.1687110585524984 0.5055883484690086
0 0.20948325623960598 0.3592754114257253
0 0.1938721725474233 0.36663230317442314
0 0.18129230460718923 0.37245401374023895
0 0.3173012220017288 0.325766740836527
0 0.331571733498055 0.3113245795602384
0 0.04815025902960612 0.37849656116703284
0 0.07219809884934322 0.3732346151833949
0 0.04280690038981645 0.35979990103970405
0 0.02429612758366958 0.38359532524710116
0 0.05334541736089665 0.3969487960571828
0 0.2779233126860598 0.3364741255407748
0 0.3017686302571193 0.33185254189631214
0 0.27289628431848856 0.3199278976606286
0 0.2542977665105592 0.3408872872591019
0 0.2830862140525942 0.3528197942868523
