0 0.5591935003581254 0.4752958234453547
0 0.5419441981484061 0.43449414035548334
0 0.5447463259586821 0.4443546563818835
0 0.5074069546130688 0.3950324671855871
0 0.5369246393118215 0.4220312318724135
0 0.5292970148603553 0.40490820474814676
0 0.5098704746721879 0.3629777748947558
0 0.3767301519603833 0.38131175978460174
0 0.4995722239027205 0.3393722852503044
0 0.4934822748941572 0.324414834164191
0 0.4649393687267666 0.2562368383658105
0 0.5610505685858105 0.47957052592782007
0 0.5626030960322722 0.48386047445777536
0 0.5635206928557676 0.4866499864104865
0 0.5632212621200344 0.48664280459068826
0 0.5653843055276767 0.4911358785154163
0 0.5676389412711496 0.4965795998771985
0 0.5698919633160466 0.5025333284899809
0 0.5743611911716668 0.5168561567214952
0 0.5438390089927808 0.44023261046495993
0 0.5236196945542875 0.4424870155643726
0 0.2833153228882862 0.3453614082241404
0 0.43186179026151483 0.38017204420074174
0 0.41477456016708975 0.38513839514791104
0 0.397117395642335 0.3885066441219786
0 0.3708143329814724 0.3866499353578125
0 0.4456200199606626 0.37445737459305406
0 0.38901393929415423 0.3560316560492999
0 0.4103309124222268 0.3526332336275474
0 0.37146141116871784 0.36210666672475095
0 0.36164068070280814 0.368810858739459
0 0.35807965137064457 0.396573077833307
0 0.5114949910051149 0.553762744302335
0 0.36828536848011223 0.3795126281354738
0 0.2979391972817805 0.40059756865535956
0 0.33157450284646905 0.3926130518101264
0 0.43901757223774557 0.4363904349181963
0 0.5358204810029786 0.47763751339221344
0 0.542389578955329 0.48773995624936145
0 0.5157507623991241 0.48606181252693786
0 0.5027501791229715 0.49306680758794147
0 0.5252051832883254 0.49181055288383924
0 0.5116121634517027 0.495665670413038
0 0.4775824729434174 0.5126420462477035
0 0.5257402737827405 0.43702211641315103
0 0.5186602011646914 0.4254070793588956
0 0.3318093408142095 0.36618476382632187
0 0.4641328332135859 0.39797914578862814
0 0.476195289834362 0.4393631445540898
0 0.47207399332167016 0.4322904491986054
0 0.38219661565254565 0.4442636703235516
0 0.5126529093831778 0.40925457836061285
0 0.3712388253568307 0.34677898424907005
0 0.3467574789715202 0.355554616537647
0 0.29360314438362484 0.32146434404927754
0 0.45855242447198735 0.34070572613374045
0 0.43064591320960416 0.35334908703099127
0 0.4576093969542695 0.5041160005806149
0 0.35884479850368656 0.5156725536006085
0 0.49288552019583143 0.4438703615164411
0 0.510135390188383 0.4445479282218477
0 0.48728118986701185 0.5029577666866607
0 0.49138445180395374 0.5020416312027669
0 0.33291094410030736 0.3501632513775342
0 0.476531656337497 0.44433220400326495
0 0.407916146978412 0.34107247691439546
0 0.4007186479056659 0.3328398196161657
0 0.36041409048535256 0.28114653913223225
0 0.31535160258088424 0.33482558053472766
0 0.3842333124383636 0.30568034639177116
0 0.3177148940284615 0.36260601154704025
0 0.3020197329637797 0.3541575074735759
0 0.5390251668413049 0.48334095681059186
0 0.5206408368666535 0.4892167148814685
0 0.5071636297861519 0.49445184482180554
0 0.49804898209707893 0.44505325380874716
0 0.48938775382450095 0.5024968556303909
0 0.49898249178153015 0.502626520568046
0 0.4937241354390331 0.5015368938877962
0 0.502417787099662 0.4392669620937195
0 0.5149766950989547 0.49645652848741284
0 0.5285773052955451 0.4933535901532657
0 0.5449094888146805 0.49015576845925785
0 0.5489453190694684 0.521138384182384
0 0.547245347386469 0.5064575924821522
0 0.5456450066488722 0.5003516239964444
0 0.544743516927828 0.4947696097087169
0 0.5447423813621635 0.4901757942161698
0 0.5147731897785611 0.49657643791558087
0 0.5123753831114458 0.4991415976614192
0 0.5100596658885479 0.5025055816640025
0 0.5086290623344805 0.5062880230986554
0 0.47186627445499535 0.47979710866575653
0 0.31543452875769656 0.45522817666979803
0 0.544280475086492 0.4423303881633109
0 0.504724942755116 0.4989848967263664
0 0.5018661860781519 0.5006763991238414
0 0.5188316715800244 0.4481117040782735
0 0.48598558415213355 0.44997179540603055
0 0.5145813389478818 0.44636355599631433
0 0.44757810870752385 0.4083231968292292
0 0.4208510019209074 0.42205211552588834
0 0.47039429746244266 0.4378991563251053
0 0.31791181007967045 0.29982883002663
0 0.34135852166977915 0.3183285237654396
0 0.36074111845506274 0.3392347521756006
0 0.4975276528655187 0.5176660355882369
0 0.44651551807866147 0.327377101973347
0 0.4283157324661379 0.2964146958421106
0 0.4078007824718952 0.2674556129976459
0 0.3813182630819147 0.3893383625840795
0 0.3415554078376811 0.40789728795272717
0 0.45416441944468283 0.37001872807741165
0 0.34580042124118493 0.37681140599475393
0 0.4744589949917534 0.38803646778282913
0 0.4876124762079638 0.43366070610025653
0 0.32332009097318287 0.42152575921753177
0 0.3594475448050577 0.41413787266482477
0 0.3860281038543452 0.4145037042705909
0 0.41993667731952405 0.406054035908934
0 0.44268927439723327 0.39621391330940137
0 0.4587488773319384 0.3876000190342682
0 0.4933375799218598 0.36896654245430144
0 0.3364523550414521 0.447149364736633
0 0.3295628632135365 0.37808320088231046
0 0.53366359355657 0.44162424124669336
0 0.4703433763073838 0.4106815544807393
0 0.2898265219334027 0.3994353394145551
0 0.4707064136619801 0.379398503381273
0 0.4685779601821433 0.4382051802847696
0 0.36029821796261746 0.3815976109193719
0 0.48309664533514046 0.42509208425231604
0 0.3338139429283531 0.4851144496081532
0 0.4515480163871594 0.3661749225271785
0 0.4973247900362248 0.4159951697009197
0 0.41288922233102116 0.5399822782779086
0 0.41865006648004055 0.5548409732139629
0 0.31958222717208706 0.45335546200690063
0 0.382290912427656 0.5263342224601386
0 0.2986485223974223 0.37502706693350407
0 0.5121047598836215 0.568848830850228
0 0.536017441879148 0.4433110129574071
0 0.45698907926840626 0.42248640727737674
0 0.31574347732669633 0.39651358883449994
0 0.3963807571841323 0.3814636687545673
0 0.411898620588624 0.37877662641846616
0 0.49661976811678515 0.5048535220001055
0 0.34887596636848606 0.4723217901976212
0 0.554896699183661 0.5795297656154287
0 0.48712230032390874 0.5743999608616898
0 0.45571001396392996 0.5672161801569704
0 0.47817782312631607 0.2877728954173516
0 0.5966104188852984 0.5735000518785007
0 0.42609429707669694 0.3745714625802593
0 0.4392031774572704 0.36996644540973334
0 0.4478273205459118 0.36752818082121835
0 0.3141007770014846 0.3773474197672761
0 0.4306030306641174 0.36124859858250274
0 0.4130144035038741 0.36129737612993823
0 0.39714215396215086 0.36422804883424786
0 0.3830500455451724 0.3692785104115804
0 0.37532240913613985 0.37390313664640207
0 0.2826833805960158 0.3697099588487459
0 0.3850943999283988 0.3819175328033558
0 0.5490477590457253 0.45413597629985947
0 0.48788490737585916 0.46944239519644476
0 0.4926099811640123 0.44218589387078217
0 0.5227222988462966 0.45947851488987607
0 0.5038979820016286 0.34996103290198505
0 0.446366803801578 0.5526506162208059
0 0.47803659461762593 0.5615539402849432
0 0.5509603205744339 0.5702510260153508
0 0.38796812814214954 0.5388170831661293
0 0.44452204749636026 0.3639369645304438
0 0.4895394564322803 0.39063829647890036
0 0.5933941084405651 0.5640566451609998
0 0.5196320361903181 0.5791421679482944
0 0.3359459674633715 0.4804489139629447
0 0.5283685703964337 0.49344835095647455
0 0.5265698642672404 0.4973302593697672
0 0.5258679950366849 0.5019550816952318
0 0.5263128678273895 0.5074512082813443
0 0.5211923332965892 0.5210124694782755
0 0.500861419648256 0.49894109497899597
0 0.49692744664523913 0.49886162924593774
0 0.49351798544597364 0.49849599373081455
0 0.46058816499198263 0.49184722183407215
0 0.37669515860793384 0.4746977469843367
0 0.4839162547951159 0.3775428118373173
0 0.4628848913733078 0.3562840247067852
0 0.45069425030732935 0.3590492826980957
0 0.5048196130715634 0.498899450228698
0 0.3842054910795844 0.5063293246903281
0 0.48037411171295075 0.35424370156682056
0 0.5155575967029385 0.5372249251906422
0 0.5225533386287482 0.3903961490461792
0 0.500359783515982 0.38247129277906555
0 0.516302139295832 0.3769063628886057
0 0.48384468427494814 0.41253262563892035
0 0.5878767833599577 0.5498798799471579
0 0.5807006657933411 0.5324326904787533
0 0.54879915981513 0.5377096122373706
0 0.4610221453173005 0.5223124033730963
0 0.4575023997737014 0.4508523649495581
0 0.4872612128763095 0.5321053661729979
0 0.41455094338111254 0.45654624894909235
0 0.4455659760000265 0.46663177898828534
0 0.4053093215207691 0.4799741785163465
0 0.5488305372874374 0.5557907627544542
0 0.4741686936062963 0.42090454406064487
0 0.4478549028382353 0.5361289990984875
0 0.4798477620858213 0.5462302654117778
0 0.43891534144463745 0.5095306269932485
0 0.36109677463284007 0.49357429017191345
0 0.41465684982097667 0.5161368227091389
0 0.3548561241072805 0.5050949095815852
0 0.43631355132421723 0.4856900736905526
0 0.48019161435734964 0.40033831231404043
0 0.4959400424166866 0.438343350654063
0 0.48383852831371454 0.44265879096760263
0 0.5021201344206929 0.42935499678487365
0 0.44427757216212543 0.3497217900619127
0 0.41041327081620693 0.3489748072688994
0 0.38315889549077203 0.35325181381641957
0 0.36244360033584677 0.360011144068794
0 0.34970977039926726 0.36775525378576224
0 0.34814191281633533 0.3869367424344671
0 0.30602925096678996 0.42703450913878455
0 0.3712776885975314 0.39977038478937704
0 0.3918506570322358 0.3997071700683538
0 0.4161173964486174 0.39470977552127146
0 0.4371832452066567 0.38728487685970636
0 0.45280023154033266 0.38031824203073117
0 0.46346450799509237 0.3747764998588009
0 0.30156053112738807 0.4271498839708342
0 0.4847500887092041 0.4453904071579809
0 0.4947816160224054 0.40275331565003464
0 0.5106729908805826 0.43737833957741223
0 0.5221967411268017 0.4411497754247292
0 0.5107219098540752 0.4389551289487576
0 0.4912377397084366 0.4477037620069324
0 0.526973587744262 0.441797511841076
0 0.529108122477065 0.44354558638904407
0 0.4585670075257835 0.36565931443718896
0 0.4703551951552863 0.3671871301704559
0 0.47797339142340683 0.36895711784777435
0 0.3712615516117733 0.3770513964304026
0 0.3567033457853224 0.3751506898282231
0 0.5385593159691148 0.38910449998102326
0 0.6329582023393848 0.3337862020817356
0 0.5614235122566638 0.4350691271432932
0 0.6779332666293435 0.2731661647018315
0 0.5865002984747939 0.35234243120404257
0 0.6049215044502331 0.3503493659090305
0 0.6221055116342462 0.34688542470120004
0 0.6420586554576522 0.33613170354046684
0 0.570058861585415 0.3522464448343153
0 0.6015734385051157 0.3182308583695819
0 0.5813665555223174 0.3228342823036339
0 0.6206892819508262 0.3168864486658055
0 0.6339073559350293 0.31877079395496327
0 0.6601851522598577 0.3401382888356845
0 0.6512725754924442 0.5260909475062204
0 0.6384746309207834 0.32937301058268204
0 0.707247117291326 0.3245461658723112
0 0.6771502044537793 0.32880592869891634
0 0.6228587203861579 0.40129805345466174
0 0.5800962460267803 0.4680013985953469
0 0.5821694004470888 0.4790091919510261
0 0.6023826784575763 0.46695726494426315
0 0.6175425099613874 0.4675657832320186
0 0.5988438075975232 0.4754900022045426
0 0.6121904694515726 0.4732027274111043
0 0.6487917828819026 0.478233236765516
0 0.5572008515667656 0.430893720060155
0 0.5546501917845529 0.41844120438116184
0 0.6548607836922874 0.3075754644106264
0 0.5718643811085949 0.37750559138215106
0 0.5974260538654483 0.41572424596634466
0 0.5947250810492298 0.4084618819364603
0 0.6743563842028379 0.3888496556791706
0 0.5463560799379712 0.4027643702600313
0 0.6070468052411857 0.30586179151483206
0 0.6341567321316056 0.30417185784250067
0 0.6537478396911984 0.2558410171473372
0 0.5324191331215526 0.33152515441179276
0 0.5651275780375885 0.3303247120069421
0 0.6588640112591826 0.4637849595451701
0 0.7353856574905955 0.44410780277373135
0 0.5867515573197085 0.42540734898352967
0 0.5733745041424814 0.4321925509451092
0 0.6366512411800416 0.46928054688201437
0 0.632516467295911 0.47019310371167417
0 0.6401641733296539 0.29509379250415857
0 0.6000787651409274 0.42012076976074686
0 0.5729550919293062 0.31443969090131746
0 0.5718448971924575 0.3048507849267427
0 0.572068185262058 0.24268664403454118
0 0.6478274485663228 0.27362588695857837
0 0.5714710570223953 0.27133348929709283
0 0.662332028798435 0.30005248366058734
0 0.6715995594859123 0.28608981266185857
0 0.5818860469304997 0.47399635526581085
0 0.6008262960645168 0.4715321822010953
0 0.6150154579916726 0.47041471064954565
0 0.5832077258307001 0.42827409613823547
0 0.634536997212664 0.4697578560183014
0 0.6268352920432454 0.4738300458892532
0 0.6302561238408089 0.4707251711600069
0 0.576476540821402 0.42479196752327075
0 0.6096686171772687 0.47520147933476214
0 0.5968039730644744 0.47815006982157193
0 0.5814587754075942 0.48208992301985837
0 0.597846541877674 0.5114991319352302
0 0.5914459260099608 0.4967889511498852
0 0.5882580644734527 0.4909846926296967
0 0.5847511986351531 0.4859447954357534
0 0.5810190425456866 0.48211463044087094
0 0.6092934322583935 0.4752805038638737
0 0.6136237027366525 0.4764398897903553
0 0.6180575786401397 0.4783220168041146
0 0.6220130526825137 0.4809745839540509
0 0.630067619940509 0.4485691835482915
0 0.7269343594494073 0.37875582855464757
0 0.6190878952974859 0.47318927069073136
0 0.6229928366677917 0.4733869055475014
0 0.569189526302659 0.4383560230118641
0 0.5961681758256062 0.42832069217726804
0 0.5712016590101563 0.43538784797208896
0 0.5931888400050609 0.38062100598345633
0 0.6262522388411604 0.38312135777179745
0 0.5997377368419067 0.4127299418483955
0 0.6197534563100856 0.24492011645781822
0 0.6154587768504153 0.26801318448522815
0 0.6086240760658098 0.2958253209033738
0 0.6362208319099053 0.489924185409926
0 0.5312431353427793 0.31615355988775473
0 0.5276519388122403 0.27820031398880307
0 0.5223861714096173 0.24663697582656058
0 0.6356395119396241 0.34210168316528416
0 0.6832219246450973 0.34400182600686513
0 0.5592042583486309 0.35140390461985616
0 0.6531226510263007 0.3201355725742768
0 0.5563870394683402 0.37246009334921837
0 0.5845934147744075 0.4148738498705021
0 0.7037565677386263 0.3502939457910648
0 0.6745636847032153 0.35468355739030283
0 0.6537990297960199 0.36384003447449725
0 0.619210685805782 0.3688746004540851
0 0.5918451371076314 0.3689094187988751
0 0.5710144400920557 0.36738922608935315
0 0.5279765312924333 0.3624001163719357
0 0.7115602347513904 0.3765008842059668
0 0.6666021441797847 0.31641108818028285
0 0.5533003329258898 0.43775728474492615
0 0.5772968973640514 0.3902430267653603
0 0.709351589417328 0.32198319989054097
0 0.5544843394309282 0.36456762880518817
0 0.6003839334715968 0.41257201534682425
0 0.6460237519248672 0.3285490377009779
0 0.5809647445769414 0.4061763719588086
0 0.7334928488277871 0.4102184128934059
0 0.5578728673736686 0.347329239104537
0 0.563335625535768 0.40329800643350766
0 0.7160619158783684 0.4808881570031677
0 0.7191024825948736 0.496125135300816
0 0.7268336527049541 0.3769720532539962
0 0.7291537926572821 0.45940056885930075
0 0.6887951912763326 0.3028792038127996
0 0.6614699551592702 0.539242036100747
0 0.5519723187646141 0.44018265637366666
0 0.5970215534224458 0.39569201806317206
0 0.692925004531508 0.32743617427953775
0 0.61689353418415 0.34078785134614376
0 0.6018191988215499 0.3440043874408888
0 0.6304561328142881 0.47474831385888916
0 0.7189943050236806 0.40219524168017984
0 0.6345841829543528 0.5636082103718882
0 0.6823353765775328 0.5356075450562049
0 0.7007133712911088 0.5188016700355903
0 0.5864027294775714 0.3454994070141212
0 0.5713909697597441 0.3462595523915429
0 0.5621607932059661 0.3472088271940964
0 0.6773266354980676 0.3109426348861577
0 0.57183936878067 0.33648882136828656
0 0.5863609526144422 0.33065723271473596
0 0.6016904914184756 0.3275141938441042
0 0.6174548024554616 0.3265569651148457
0 0.6276995172805112 0.3275096592479858
0 0.6949907180083834 0.2938821239099986
0 0.6265240872845702 0.33719097293805383
0 0.6098636655217927 0.445426095654999
0 0.5860495386726182 0.423858723130779
0 0.5751796351826709 0.4492035612895869
0 0.6994792205969924 0.5029285982035209
0 0.6819327587828689 0.521303320924441
0 0.632177859544754 0.5541426209004029
0 0.7299923182505629 0.4728429746152698
0 0.5620690514536008 0.343191113754891
0 0.5479993928709755 0.379547323923612
0 0.6614786213182885 0.5508373170227244
0 0.7324125075145907 0.4055500829565352
0 0.5964033574513767 0.47819181261719135
0 0.6011630211673353 0.4806989540440449
0 0.6052937010384124 0.4842812604662301
0 0.6091661592540534 0.4891261455157529
0 0.6198705689900595 0.5013146496553352
0 0.622864547631015 0.4714853165374286
0 0.6259587847668192 0.46987158859121625
0 0.6285577060897714 0.4682057005339775
0 0.6477902737324652 0.45467740707639337
0 0.7002364934786506 0.4130088317653407
0 0.5413868744736132 0.3667053967390371
0 0.541051404469687 0.3434239591377369
0 0.5527749246229297 0.3414876130612
0 0.6194248295834531 0.4730739939040032
0 0.7154170341141846 0.4425719963467639
0 0.5259542980271837 0.3478996790405633
0 0.6357216611504555 0.513328167407409
0 0.5336786547432775 0.37613455011792807
0 0.5692808795720339 0.3962509499295898
0 0.6101153726163118 0.5255207894504934
0 0.667856137389722 0.48142679348803946
0 0.6188125505071619 0.4195762260452561
0 0.6541214706781118 0.4989145982308664
0 0.6580324783597303 0.4100188416415367
0 0.6406082093877636 0.42892151390728744
0 0.682139491500414 0.42679535208836844
0 0.623585153695034 0.5410087392597959
0 0.5827435185403927 0.4000046395737192
0 0.6875651345952697 0.4889740772221399
0 0.6702256445651469 0.5085745625521826
0 0.676747795842264 0.4628316403731056
0 0.7238292447898699 0.4243733875345493
0 0.6995217146594888 0.46068949716678564
0 0.7347997952576565 0.43267983619285666
0 0.6621065891307333 0.441775427132413
0 0.5620009772803473 0.3848086442204489
0 0.5813448602414649 0.42168594076149707
0 0.593723123650188 0.4211682124414306
0 0.5704096019591974 0.4161141231872033
0 0.5508276088082272 0.33263370383908786
0 0.5777481651824453 0.32048181962707767
0 0.6035472608130911 0.3141407874831255
0 0.6260311023696609 0.3122215870821822
0 0.6426881772020588 0.3140896078253138
0 0.6595987222440864 0.3291577275680459
0 0.7192487912657468 0.34995340987824014
0 0.6524635448080042 0.34716485386741336
0 0.6358488146215677 0.3541456807566726
0 0.6120404253673294 0.3585988747468893
0 0.5882645790343699 0.3599858238645222
0 0.5692565844434759 0.3595564098677773
0 0.5558172245712384 0.3584450906601505
0 0.718436742282432 0.350036503288193
0 0.594387070964212 0.4238357069915619
0 0.553984750305181 0.3914738387085389
0 0.5692758890597717 0.4259143413408943
0 0.5619372660699098 0.43338037001481955
0 0.5697835466783979 0.4274478927254677
0 0.5905430018901825 0.4281360728369243
0 0.5589094296421694 0.4355350630222887
0 0.5576829290746347 0.43790550475967105
0 0.5517759854378907 0.3493233093640942
0 0.5438873303001341 0.3545240744192531
0 0.5398717011608507 0.3584732174117496
0 0.6338055136249118 0.3285500916881838
0 0.6433570851450381 0.32219470816030016
0 0.4034894580102485 0.37036976709529973
0 0.4215289794475488 0.36662790416807367
0 0.3986696690806876 0.36013789215813513
0 0.38517949264496565 0.3741029897785705
0 0.40816754029820795 0.38063606819596846
0 0.6026261377593746 0.3342749825206356
0 0.6215752622355586 0.33080165347327356
0 0.5981160893064478 0.32403321726166684
0 0.5835160020252933 0.3376482808287593
0 0.6070792286292367 0.34452299816884857
