0 0.5028721771162489 0.33547564131626184
0 0.4719726477304231 0.2940388647974401
0 0.47645377205765765 0.30492354594710946
0 0.4298750066562839 0.2533954196218131
0 0.46486469277221226 0.28081405994252884
0 0.4545345359846302 0.2626664540258007
0 0.4290687043381774 0.21857284905685895
0 0.2869619278480177 0.24519837831241498
0 0.41585046239197254 0.1928671045039875
0 0.4075330881320912 0.17672953565699467
0 0.367915699015493 0.10444675780076912
0 0.5049804630486862 0.33951399853264075
0 0.5061709662170514 0.343516285220782
0 0.5063667575950208 0.3462034019007199
0 0.5062738002642341 0.345937581381936
0 0.5091794003611025 0.34964356657819473
0 0.5120731073877086 0.35438039790892945
0 0.5146582097462986 0.3601167408236559
0 0.5177953487829022 0.38113773603370227
0 0.4748527187368144 0.3002862802882125
0 0.4537481579767621 0.3040248941684115
0 0.18587805873349958 0.212980760720329
0 0.3466887558284013 0.24229896867620773
0 0.3284715283662081 0.24863237520490866
0 0.3097010339083879 0.2531264050715212
0 0.28145152322300104 0.25162633918765664
0 0.3616044430629067 0.235295283621636
0 0.29814298596719035 0.21656120120399242
0 0.32141157288266264 0.211895781258742
0 0.27951409764911817 0.224118417425864
0 0.2695954137522241 0.23201985937961633
0 0.2687881886959076 0.2640110036169273
0 0.4564204761839431 0.4264276710109434
0 0.27781492649861006 0.24328636496827222
0 0.20614313277537408 0.27367630816888117
0 0.24043811663337375 0.26094814767872077
0 0.3616302797327871 0.3033695119446602
0 0.47679053732882376 0.3401224064654198
0 0.48295931566668593 0.34962913836689963
0 0.45285279433364456 0.3515918982633646
0 0.4356732543395913 0.36112778946973273
0 0.46209042908056924 0.35643862079882965
0 0.44445474883136543 0.36287591595580615
0 0.4130708331485157 0.3825121608333311
0 0.4549344233844591 0.29781528389540274
0 0.4456490113035492 0.28565004392378573
0 0.23838176035686678 0.23117806686871295
0 0.3842997361460458 0.25976046358329663
0 0.4023048876096373 0.3037453888767008
0 0.3969156350940466 0.2964155821912531
0 0.30078709230798745 0.31608930186948914
0 0.43713200092315674 0.26847163382647693
0 0.27924452138983685 0.2078954220034074
0 0.2534594906736975 0.2185064902988033
0 0.19412465555512387 0.1857801956543024
0 0.37269035661998 0.1983277556904848
0 0.3438446716122005 0.2119612864394119
0 0.39008844886784966 0.3748461547969044
0 0.28235637056438817 0.3986481601993243
0 0.4209929507873628 0.3075501687716747
0 0.4394988244318444 0.307190950366034
0 0.4132763816286688 0.3741763168271037
0 0.4176751942900212 0.37284071603115054
0 0.2385004005678322 0.21330681351431902
0 0.40335882552292035 0.3091839984923169
0 0.3184047449866067 0.20052527690279312
0 0.3099679615672516 0.19170667981539946
0 0.2591211560141781 0.13790840936311777
0 0.21812133418153162 0.19853353667734325
0 0.28727788024622464 0.16288155047357947
0 0.22309547411682812 0.22806341805751773
0 0.20627296545907206 0.22104486423558084
0 0.48008536207287206 0.3455361797325853
0 0.4577456991309705 0.35426018117130664
0 0.4401696892860143 0.36203081927437714
0 0.4266576919218768 0.3085147662871126
0 0.4155787501646125 0.37348340473313263
0 0.42893610343984934 0.37159801749647525
0 0.4203311595255914 0.37204691659713135
0 0.43056688943634863 0.3017973050043203
0 0.4475320465862751 0.3633875667616941
0 0.4650159534876761 0.3576654593149821
0 0.4848516125070012 0.35189428493596503
0 0.4908881658769172 0.3872695055560789
0 0.490257115467735 0.36638645946547604
0 0.487828160919573 0.36048603694939957
0 0.4860152879162975 0.355629567110884
0 0.48501192972711893 0.35164861985738727
0 0.4475392917899982 0.36328026382387546
0 0.4457322627953861 0.3656821755179461
0 0.44412222132086754 0.36902376577474066
0 0.44343119292803435 0.3729734886167706
0 0.4025914149115915 0.3479354480902354
0 0.22939497370110906 0.3337921113639638
0 0.47563872081430064 0.30266291507776233
0 0.4339206668993701 0.3677556801965271
0 0.4315443767801575 0.3694604119096977
0 0.44948175824854686 0.3105441327544226
0 0.41438670909923053 0.31474031918290735
0 0.444622413781674 0.3088908359624337
0 0.36771488384060236 0.27217805957880575
0 0.34037069895345234 0.2889796565624251
0 0.3958826809311691 0.3026649526495864
0 0.2166675601316535 0.16071062783400217
0 0.24344853295580202 0.17885451655888904
0 0.26757425822965475 0.2000037961895915
0 0.43522398335778195 0.38680069882800616
0 0.3584775908485703 0.18420234408931455
0 0.33344643725001294 0.15045394559485326
0 0.3079572295689065 0.12020536582323088
0 0.2927693516501914 0.2545218939582507
0 0.25231992607207404 0.27803888711808383
0 0.3709365559498901 0.2300230252246062
0 0.2541248532740966 0.24199983110462409
0 0.3941274448905302 0.24818375145179639
0 0.4137706275543441 0.29665317958679754
0 0.2350118691506593 0.2951324901719024
0 0.2721804990230695 0.28414452615855396
0 0.30112896681479784 0.2831916859832363
0 0.3369055777464224 0.2719188198663186
0 0.3602800745031108 0.2598142940281094
0 0.37671209402058436 0.24943512343410132
0 0.4120278997427743 0.22612692631673123
0 0.2509251047411691 0.322916819565538
0 0.23703878324316896 0.24456304138985233
0 0.46416026758758916 0.3023964337248733
0 0.3924694893800694 0.2731574157225913
0 0.19805111169167186 0.2728973775022272
0 0.38885869515006954 0.23976139324730722
0 0.3940247988085384 0.30324626638405566
0 0.26986138449738856 0.24618467321430426
0 0.4078003062826136 0.28774263018715207
0 0.25164856567330984 0.3662723279085712
0 0.3683771022959896 0.22565643996864126
0 0.4216546907859004 0.27682534788829694
0 0.3454943224787712 0.420317516270755
0 0.35404344073132327 0.4367074962111487
0 0.23248267789249835 0.3316060996789863
0 0.30925707721515844 0.40824707845846814
0 0.20464563118698803 0.24494973948036414
0 0.45976365924529405 0.44339051151621167
0 0.4669910575384679 0.30420761479847674
0 0.37955624658776366 0.2869679123379182
0 0.2244785903426616 0.2665055972942408
0 0.3080286905169487 0.24515077072209207
0 0.32463008375919383 0.2415982642467471
0 0.42679142061135045 0.374169598347035
0 0.2664695526270763 0.35023338855176733
0 0.5082121656640716 0.4526390224911164
0 0.4335240603465101 0.45178503208402276
0 0.39751387703353946 0.446685623107613
0 0.3861632743121489 0.1380502684176832
0 0.5527965862142004 0.44337189802225085
0 0.3400294566931932 0.23621670664220618
0 0.35450780019164085 0.23045811564594076
0 0.36424610585622164 0.2273789315983869
0 0.2208017519796672 0.24483869181594986
0 0.3443921629501426 0.22049467854093815
0 0.3246579367829406 0.22097057546826376
0 0.3071645632710146 0.2248532787181329
0 0.292105202279661 0.23114205140998398
0 0.28440414879309095 0.23661714457515357
0 0.18753779136940188 0.24025247559167337
0 0.2958780908552201 0.24586579322383023
0 0.4824528007403664 0.31543438773656235
0 0.41854545603627746 0.33571948910105054
0 0.42051587804504065 0.30563843077507574
0 0.4549390712509985 0.3227063989725666
0 0.42149423686382564 0.2046040413712246
0 0.3849652354484019 0.4308454020731691
0 0.4213455222223116 0.4379891288885172
0 0.5021296462611012 0.4422067373559095
0 0.31745041153677134 0.4219185796336851
0 0.3604366153316653 0.2232328308881193
0 0.41040401719510555 0.24987477085728577
0 0.5474036598335141 0.4327825821828151
0 0.46989628170495445 0.45454872291589127
0 0.25244338502702507 0.36095635808896326
0 0.4650853297308735 0.3574807286478471
0 0.4641306716138902 0.3610250573011412
0 0.464442933059257 0.36530368278423947
0 0.46598031744360924 0.3706499408336653
0 0.4610475640258063 0.38889289960481116
0 0.4297524875272875 0.3682969859328823
0 0.4258912723997365 0.36853758461665415
0 0.4224394796335179 0.36851360184558923
0 0.39181827543222386 0.3615906211561051
0 0.29726336013687693 0.35053175515022833
0 0.4029387745844281 0.23607663734667544
0 0.3787965596370075 0.21446977140030998
0 0.36625849536579586 0.21775291914093323
0 0.4338662595204685 0.3678443696403849
0 0.3091972871966984 0.38516744733720587
0 0.3968843645213739 0.21174862176395845
0 0.457852975991757 0.4076220946035523
0 0.4456298046785852 0.24738422478886618
0 0.42094003004224406 0.24027926690768506
0 0.43741398288503935 0.2332211181089498
0 0.4070325197409029 0.27408982511015906
0 0.5387321762416674 0.4173539506568425
0 0.5276787977503694 0.3982500351857448
0 0.4938138611614704 0.4059186294890832
0 0.396570582266735 0.3951124499241511
0 0.38363081929476367 0.31773992779030313
0 0.42657153551345284 0.40394328620986664
0 0.337050618522841 0.327251588412817
0 0.37236862856408826 0.335785902928615
0 0.32949920241599495 0.35375423005957535
0 0.49712577365014865 0.4261451368962509
0 0.39780517181624536 0.2839834753801857
0 0.3842668422376332 0.41184680703757465
0 0.4208007649235103 0.42052675286928815
0 0.3704657373221024 0.38296384094417957
0 0.2821396466992471 0.3730846464202024
0 0.3444042952488298 0.3929650144300599
0 0.27598158237726794 0.38712032225684845
0 0.3645737120962661 0.35716708026070526
0 0.40168783206330694 0.2611242048982261
0 0.42339131827263726 0.3011910723171372
0 0.4110643730863281 0.3067752031096514
0 0.42859906476476917 0.2910013683680175
0 0.3582966658084289 0.20805169550189073
0 0.32159318143258925 0.2085676004273304
0 0.2922130430360203 0.21429979936152266
0 0.2704114048215358 0.22259643387751302
0 0.25742916171641456 0.23169731726680975
0 0.2575900599198497 0.2533631488896798
0 0.21644798261315926 0.30284882973933563
0 0.28333098716709926 0.2669349191845327
0 0.30559819807177 0.2660361848015716
0 0.33133463124218193 0.25932968235102255
0 0.35336261372203415 0.25003920841044275
0 0.3697910448131354 0.24152298422827237
0 0.38097063338626985 0.2348981223244598
0 0.21299077303189298 0.3030571301562199
0 0.4123819407237613 0.3097524259617363
0 0.4173912301497615 0.26263338478579035
0 0.43897778492258943 0.2991608798071958
0 0.4519623177854911 0.3025837801936744
0 0.43942818369554437 0.30089928652497305
0 0.4196804069468509 0.31186563575613324
0 0.45703652355334035 0.30300429096256476
0 0.45969295015801553 0.30486426362092944
0 0.3755333472205245 0.2249338591768258
0 0.38784180346714414 0.22619314740101495
0 0.3957925089027571 0.22786208393349164
0 0.28058575555358245 0.24027926690768506
0 0.2651684575754663 0.2392603708566099
0 0.46292632737237477 0.24501488670922708
0 0.5563633111507996 0.1785062294507372
0 0.4929195911340091 0.29388139353714127
0 0.598406920776419 0.10998767279628394
0 0.5077512408404247 0.20151316882043646
0 0.5275803381658118 0.198328058572783
0 0.5460398527591125 0.1937344217322011
0 0.5662748181949491 0.180571088216443
0 0.48985562181991077 0.2025766849409843
0 0.5222546349724998 0.16301205144196318
0 0.5003470527413099 0.16935980357769606
0 0.542854321229717 0.16046125933096028
0 0.5571686907306962 0.16181434469594472
0 0.5870489361493484 0.18381666478471478
0 0.6061051547851252 0.38718904900378076
0 0.5619552414054456 0.1730776975552241
0 0.6398984595485355 0.16412890238174493
0 0.6042996295120405 0.16938751730797946
0 0.5575335140785446 0.2535438044131666
0 0.5241171649616697 0.32680467181447626
0 0.5261589112165181 0.33724480435468146
0 0.5464852277351462 0.3245952555882758
0 0.5622106348366841 0.32446372206660284
0 0.5429430407998355 0.33291771770387457
0 0.5568070798788382 0.3300274771408758
0 0.5964389935783718 0.3346897718915041
0 0.4879923057944878 0.28927386541297473
0 0.48361189663410187 0.27588674318099365
0 0.57983975339195 0.14726781656128773
0 0.49889250974292343 0.23071760317121726
0 0.5301633899950463 0.2707807809330415
0 0.5267029508300449 0.2630369341459827
0 0.6133220953785855 0.2366349595612374
0 0.47283328907645267 0.2593111789960792
0 0.5292337141607119 0.1489344264070193
0 0.5577979640144369 0.14507343431097874
0 0.5696854636720989 0.09260209120702052
0 0.4505887706966504 0.18257187360870666
0 0.48307592243604036 0.178682176531225
0 0.6062195401476778 0.3183717127295508
0 0.69730378071899 0.29142248490150424
0 0.5196046333598054 0.2820474241954693
0 0.5057767177729503 0.290145147645819
0 0.5814626790259195 0.3249927197677502
0 0.5773191401815932 0.32605233972055325
0 0.5632884272414705 0.13427903962092122
0 0.5339645587879679 0.2754671685937522
0 0.4934180064693741 0.16085628668467203
0 0.49128261937395384 0.15036884943644205
0 0.48076152412787726 0.08334317209496014
0 0.5660876732157625 0.11219600139968637
0 0.48421649521459703 0.11473518761171811
0 0.5870545067540978 0.13792670620740324
0 0.593734345358351 0.12435503228419069
0 0.5261283241536306 0.33249478387659875
0 0.5451084681503151 0.3290711400517519
0 0.5597709491848946 0.32724368593830994
0 0.5161495939221071 0.28539677925299906
0 0.5793349472400935 0.3255340805736141
0 0.5712604752701261 0.32980408767859143
0 0.5749153387935265 0.32672652818154596
0 0.5081644225055757 0.281785706355088
0 0.5537758165079615 0.3321886249426482
0 0.5404754337733206 0.3356468248842419
0 0.5248796201270559 0.3403431250565294
0 0.5428650865088338 0.3739357456780862
0 0.5360385325291882 0.35319130954103195
0 0.5327296274835649 0.34752961334542953
0 0.529007882527683 0.34323099763065146
0 0.5247414144484893 0.34013942294362665
0 0.5536698041402776 0.3320566783996596
0 0.5579422187546025 0.3328305426715077
0 0.5622140865610994 0.33439958311509393
0 0.5662925210983857 0.3370086387663648
0 0.5713943748370461 0.30419883121182956
0 0.6740676263428252 0.2208997285452442
0 0.563785065451394 0.32963172011617303
0 0.567589856846177 0.3295356513581414
0 0.5020451986271403 0.2971377361943756
0 0.5309289209544659 0.2846862724509792
0 0.5038555426442105 0.29376894160025363
0 0.522640476246243 0.23290336704340533
0 0.5590595522004626 0.23356940521710162
0 0.5330003315339917 0.2674346474417742
0 0.5318613650034303 0.08284374672001686
0 0.5305986832017484 0.10820443949837616
0 0.5298651746757652 0.13759118145790653
0 0.5835849085579747 0.3482573569036912
0 0.4480917727493722 0.16585600608284923
0 0.43806779417006864 0.12487078576848126
0 0.42811660938288854 0.0906388632197311
0 0.5600690961531971 0.18768016254340392
0 0.6131346086445062 0.1866205012884693
0 0.47810403808303503 0.20252903604852981
0 0.5777272980498231 0.16167939686472865
0 0.4812750108540058 0.2261165181795756
0 0.5158553087840909 0.2705036986997162
0 0.6402223406602507 0.19261792874422626
0 0.6051491638240607 0.199793953826462
0 0.5838035975137482 0.2117729762542075
0 0.5463455183350522 0.219123351401177
0 0.5166117148878782 0.22034261785987494
0 0.4942006935244021 0.21989939091862112
0 0.4487388856385065 0.21686716739466225
0 0.6543921136661716 0.22044552900436995
0 0.5921478849714217 0.15622021878759065
0 0.4846294376513232 0.2970904865558597
0 0.5061626957486505 0.24422568557918936
0 0.6415428815652495 0.16097302027586577
0 0.4762192598503569 0.21800742287566696
0 0.5340853349670119 0.26729482595903287
0 0.5699592093410699 0.17168598092984463
0 0.5112131837269535 0.26125080969886505
0 0.6887515695846599 0.2545487678785255
0 0.4762539137964663 0.1980126479613608
0 0.4914939605995365 0.2589913077544475
0 0.6773776591795942 0.3333890300945959
0 0.6842486071197883 0.3498222946688749
0 0.6734913934184157 0.21942014851863834
0 0.6908288241728492 0.30891801276500674
0 0.6154566280867743 0.14173702058800752
0 0.6200340247672537 0.4010824527645457
0 0.48355994989042694 0.2999232070169587
0 0.5284995221249436 0.24908667111742325
0 0.6212165650466214 0.16635744149486223
0 0.5395836927320646 0.18723992312300033
0 0.5234635245540867 0.1914866633605266
0 0.574820160055938 0.3307480341282444
0 0.6682656877066778 0.24764530932989673
0 0.5933551341295242 0.42991379119347833
0 0.6443670072957225 0.3957634816567103
0 0.6643682807360006 0.3760071852500888
0 0.5068385843997416 0.1938914111342983
0 0.49042580568272137 0.1957169102801793
0 0.48057892448876216 0.19751531522775043
0 0.6031176702159903 0.14892430738478468
0 0.49037331213121826 0.18472437549760376
0 0.5057108616051467 0.17714213018400082
0 0.5225636155708976 0.17274041058144707
0 0.5396838952665743 0.17089242930861487
0 0.5507067892214527 0.17148024124511774
0 0.6204173370547916 0.13148029704672703
0 0.549709069988002 0.18274342889587084
0 0.5484717122238615 0.3021383780068245
0 0.5184542863913204 0.2803767529734667
0 0.5101826560238133 0.3085369592991428
0 0.6597758810157361 0.35857553801674774
0 0.6416753115861312 0.37992571121540625
0 0.5887221681035083 0.41934586985819583
0 0.6948866508901119 0.32337543843449024
0 0.4803914719301721 0.19305176633423654
0 0.4724973440170288 0.23420127276061237
0 0.6220550265001215 0.4139836141164752
0 0.6863449999819631 0.24991802795641666
0 0.5404222225365432 0.3354266294534656
0 0.545404564589262 0.33733996446581854
0 0.5494854597617751 0.34045521904161014
0 0.5536123209673426 0.3451484628561614
0 0.5663048584500084 0.3616490499048993
0 0.5677880405083947 0.32783975830112677
0 0.5709002997888171 0.32615950498459995
0 0.5733860540001289 0.32451259625562723
0 0.5922857147196064 0.3094479741825574
0 0.6475267021552377 0.2608757588094559
0 0.46404099513007246 0.22073059631646544
0 0.4588409893862579 0.1950537907904473
0 0.4706782852501973 0.19193717324431392
0 0.5639125400263331 0.3296669921365337
0 0.670468297989472 0.2917171893776327
0 0.44402034418738406 0.2012708905166474
0 0.5866359595371329 0.37401939626189246
0 0.4562609791755676 0.23133381720686305
0 0.4976845428995464 0.2511161477237508
0 0.5592084206316782 0.3888782511154811
0 0.6189585904712263 0.3370542087848636
0 0.5551941676632218 0.27369858378517453
0 0.6056238613698793 0.35712897216064343
0 0.5980565194850382 0.2605991446669551
0 0.5807354587899602 0.2822621677448784
0 0.6280698784343575 0.27702789354151575
0 0.5767392846553222 0.4052956281364828
0 0.5130972100988679 0.25453153112228366
0 0.6429227169441141 0.34408416199511377
0 0.6257888695792012 0.3667421809573104
0 0.6267661176945852 0.31627103124839673
0 0.6780606221569621 0.27131220169257425
0 0.6535793863560843 0.312521706348744
0 0.6940834243660388 0.27928976347480994
0 0.6069458718209163 0.2945381524986115
0 0.48862321950171306 0.2391151800967645
0 0.5130395560484865 0.27810395174268365
0 0.5266123857835064 0.2769664635044941
0 0.500467042884101 0.2725209223403447
0 0.46896202635505924 0.18244448406756789
0 0.49745717336950096 0.16730195240697998
0 0.5250777696137843 0.15874766142687935
0 0.5490099078287249 0.1551462945298872
0 0.5665609012155429 0.1559701206135577
0 0.5851323405361694 0.1712138149617375
0 0.6586272769972034 0.1908151457707087
0 0.5794358674598776 0.19248978199734204
0 0.5624275808425053 0.20140479202719702
0 0.5367531078341214 0.20748793517333874
0 0.5109696150149988 0.21016288149184076
0 0.49044825897916505 0.21094086220946864
0 0.47595522002033563 0.21075463089821994
0 0.6577036160489788 0.19061127844927966
0 0.527938155538362 0.27987294957257697
0 0.48019991831287095 0.246705438023892
0 0.5003864570804264 0.28327693358279654
0 0.4933290818463201 0.2919354298408481
0 0.5011580712769342 0.28501421137564426
0 0.5244605602777522 0.2847770270014155
0 0.4903530802415765 0.29439904691948404
0 0.4893874176170515 0.29714087515637494
0 0.4701653453318969 0.20080450684696005
0 0.4628233907987242 0.20732033112342807
0 0.45977565484202426 0.21231498412679936
0 0.5571730993688107 0.17237037101733513
0 0.5670507385031037 0.16488844858131546
0 0.31464851696206175 0.23220007434703302
0 0.334583900059047 0.22715061341506848
0 0.3085985668003559 0.22092693288257156
0 0.2946946961886209 0.2373012180129687
0 0.32068672784320684 0.243651172929052
0 0.5233520441081213 0.1804921460756357
0 0.5430700027424357 0.17526997339682301
0 0.5168042254188786 0.16984146903606429
0 0.5033856638423775 0.1856219671882581
0 0.5298965135994165 0.19120700662766676
