0 0.5878147616165097 0.3703755464206557
0 0.5720291323802642 0.32940748192015146
0 0.5792009669517163 0.34266011888573483
0 0.5456039201358199 0.2898720726579511
0 0.5675844547617788 0.31627656765678686
0 0.5632692716292691 0.2994589278010093
0 0.5543754015290787 0.2588546028992041
0 0.43242607287716767 0.2720887729433738
0 0.5445364884686369 0.22353497406347794
0 0.5390542644991654 0.2057516858691261
0 0.5234080060121882 0.1467633390960907
0 0.5900222475518657 0.376469008394984
0 0.592821077958441 0.38307728620470405
0 0.5952817040656689 0.3875894359513825
0 0.5955025219213107 0.3879189143995611
0 0.5972258144290136 0.39370796593631346
0 0.5995475058817159 0.4007167328639525
0 0.6025095126799893 0.40848873776881967
0 0.6097600751788305 0.4252467258971612
0 0.5751647305387988 0.3361705224387118
0 0.5605285444340122 0.33839830363831935
0 0.361595346706326 0.233236155924009
0 0.48377026460341765 0.2763487334344901
0 0.4676481241415322 0.27994268665126726
0 0.4514948926897492 0.28203682171530414
0 0.4275797648268913 0.277629333216937
0 0.4968426790921497 0.27161670866466703
0 0.4430673361327578 0.24105020965180812
0 0.46388329898757774 0.2396125546356543
0 0.4255215130777802 0.24653110667770983
0 0.416119926086458 0.2540895381227595
0 0.41683122226457553 0.2883093771146459
0 0.5500103753327318 0.4511849973715988
0 0.4250771453611961 0.26909536907986764
0 0.36821779168607816 0.2898927629828787
0 0.3942442337671916 0.28055089695446966
0 0.4857004199349931 0.33327797814911486
0 0.5665103149313464 0.3709255680650556
0 0.5749569442201767 0.3857858755341431
0 0.5486280191296766 0.38025151314187783
0 0.5384198620852538 0.3886519693860821
0 0.5603919826479401 0.3893804854037715
0 0.5493371989656601 0.39325789376801135
0 0.5242624438764677 0.41402570373203906
0 0.55728497434769 0.33122797706881824
0 0.5504485222860731 0.3191380534185415
0 0.38745894587995633 0.24556753197971845
0 0.5119649184404044 0.2957122739957494
0 0.519544245070043 0.33494536950140774
0 0.5161367674920126 0.3285910205012944
0 0.43415863881131267 0.34004528115109567
0 0.5472310024474744 0.303348432401983
0 0.41949823662198543 0.2256542347392448
0 0.3985274280676862 0.23367415489602825
0 0.36783532377033795 0.20813924107564932
0 0.5004767976732697 0.225162943204244
0 0.48338648840344905 0.2434422347058101
0 0.5073930294201847 0.403466011629719
0 0.4273407336025801 0.4060415653955369
0 0.5361318397119579 0.339903582377928
0 0.5511273165795371 0.3414557945160639
0 0.5291018385424393 0.4010143694089574
0 0.5330327324223417 0.40005814461481004
0 0.38660337929987204 0.22662146134870728
0 0.5218717211912453 0.34095938800095843
0 0.4517593584986176 0.22156389804781318
0 0.44491068295788666 0.2118868971405243
0 0.4230306425175083 0.16843300991031637
0 0.37884347096777166 0.21769030287820085
0 0.43772450856518647 0.19010402859092093
0 0.37573171693061475 0.24087558607427345
0 0.36978378225479447 0.23839274708296404
0 0.5702094885870375 0.37896537213098436
0 0.5544343641035667 0.38515627217226
0 0.5436470475880909 0.39104416724346597
0 0.5413928738626247 0.3416611540551279
0 0.5311038982013107 0.40053660261864754
0 0.5393929690248352 0.40125804521790404
0 0.5351685833830371 0.3995523145552777
0 0.5405712072356341 0.3339638462921484
0 0.5537889695368738 0.39470559442076697
0 0.565013381247782 0.39211137788970263
0 0.5789362830954765 0.3897900063784516
0 0.5858010813153746 0.4277529279057051
0 0.5814281797610255 0.4104470839353503
0 0.5792637902473096 0.4026431219250548
0 0.5784282327201296 0.39563608303123493
0 0.5789562664957489 0.3900376221045059
0 0.5536463152507186 0.39476780363825525
0 0.551136295000712 0.3978832182096166
0 0.5486212083558996 0.40189103552607264
0 0.5472701868427454 0.4066256408263989
0 0.5168964830128956 0.37736032823888527
0 0.38982862058068124 0.34541158649433895
0 0.577153207129064 0.33921992611818286
0 0.5453149560634597 0.39697742896253657
0 0.5422762992009835 0.39900752309323695
0 0.5575528134776571 0.34559418206789244
0 0.5313874110893861 0.34758646681863054
0 0.5544715219409154 0.3435524525094767
0 0.4953394476874468 0.30619254566374277
0 0.46904294752370457 0.3191551263926744
0 0.5160160462061564 0.33493053145101426
0 0.3862596083793962 0.18641547128265978
0 0.39962433460895525 0.20129770174079917
0 0.4096869642724468 0.21661459030557415
0 0.540673343189658 0.42042832247683315
0 0.48843146326169684 0.20895225794709363
0 0.48074810238327154 0.18336946606969967
0 0.4675123896528397 0.1561884617939049
0 0.4369747719181238 0.2814432996995643
0 0.40287336870587825 0.3002474181124476
0 0.505174628289943 0.2673439376828383
0 0.4030497433767037 0.26210904355142634
0 0.5216843800202704 0.28520154285163773
0 0.5265966538135513 0.32810783920501796
0 0.38431885851083425 0.31331593883471665
0 0.4175019103263501 0.30863077834206804
0 0.44102447596280386 0.3107418826982087
0 0.4730318676570297 0.30335580534627793
0 0.4949278127292038 0.29418582108174385
0 0.5103104391178501 0.28576511228117957
0 0.5384894191967284 0.2644626947344184
0 0.3951972162170249 0.34021766980489093
0 0.3892215766987217 0.26177023372062447
0 0.5662650885964244 0.3369633904358252
0 0.5168519628701834 0.3079869129410645
0 0.3688931485268637 0.28939612606326404
0 0.5210656898434152 0.2772205149760099
0 0.5156402223220857 0.33617045331735906
0 0.41730904101319455 0.27046040059471665
0 0.5236306965099609 0.32028032985388066
0 0.40537901518214103 0.37533945028855353
0 0.5037256137228213 0.2625950933838425
0 0.5342753074340176 0.3103187678574848
0 0.4694880335139826 0.43225982442957345
0 0.4770459530222768 0.44528678017837997
0 0.3842652316837874 0.3441014603740361
0 0.44301704414786164 0.41810812602857916
0 0.36827675426056616 0.26252782678737696
0 0.5508430469388197 0.4632868790159039
0 0.5701379049176405 0.33973153933089656
0 0.5040724373064966 0.32005116952901463
0 0.3818421995086509 0.2844971041051613
0 0.44977742332949416 0.27415290934031084
0 0.46408365245609845 0.2728245927840054
0 0.5370406483296101 0.4039499993417777
0 0.4081701497991377 0.3650691001689067
0 0.5894107401119506 0.47610766880986405
0 0.5327240029970804 0.4657170936173084
0 0.5075159183534389 0.45773567405401494
0 0.530999902431472 0.17656890417681353
0 0.6281682499350375 0.4737496629816477
0 0.47763755401981534 0.26990689984222754
0 0.49040530502544677 0.26633620596065577
0 0.4992891192939211 0.2642502848173724
0 0.37677043047635367 0.26034589608510333
0 0.48444023439149814 0.25428840025466365
0 0.46782634580185645 0.2519667522580016
0 0.45234065996443673 0.2536099280963759
0 0.4386531338410036 0.2581825129458216
0 0.43138648714194316 0.262970721855217
0 0.36216834954571625 0.2590041354256852
0 0.43969479743941425 0.2735773819167407
0 0.5832008792378228 0.3533110050928025
0 0.5299345101485272 0.3671969088519655
0 0.5347660422828127 0.3375940997393525
0 0.559933634246955 0.3575910914177988
0 0.5501730130191593 0.2416089175462055
0 0.49741960678422503 0.4450037051983574
0 0.5233260715058081 0.45410583533492743
0 0.5843094577266195 0.46843722621265915
0 0.4518882373214271 0.4294907078355634
0 0.4972981415720429 0.2592566126868838
0 0.5325853120425582 0.286458376408959
0 0.6238331347075192 0.4658128266908875
0 0.5589880012761691 0.47251543210668057
0 0.39933480617869255 0.3714335869674255
0 0.5648899279566254 0.39225139470995307
0 0.5628175031283736 0.39687379301429127
0 0.5619541381481831 0.4025563055059823
0 0.5625951204621842 0.4095865691743311
0 0.5609552246608814 0.4256035303201328
0 0.5407190305271229 0.3966894002855659
0 0.5360984912904506 0.3962369319103679
0 0.5321246933836474 0.39538775305120216
0 0.509129084112272 0.3899606209175259
0 0.43195846387605624 0.36907514337064173
0 0.5300408018289237 0.27377239629334094
0 0.5117702277903818 0.24997879911203677
0 0.5021102674902743 0.2532244383120069
0 0.5454316498861032 0.3969230074174598
0 0.44278446456048054 0.3996852118761933
0 0.52693720532872 0.24711860361553373
0 0.5547202498600956 0.43828289782633634
0 0.5603274277996916 0.2856471451724611
0 0.5419957491918959 0.27795329347711983
0 0.5575116923086754 0.27284232241098955
0 0.5262989037147554 0.308592600314891
0 0.6192673510136987 0.4538129681632632
0 0.6142966918301481 0.43882121492166815
0 0.584075557028694 0.4415893868571904
0 0.5087286465278658 0.42073466831228645
0 0.5043505374892352 0.3485219552069485
0 0.5304150737287626 0.43150806059690416
0 0.46391139503269757 0.3525294499570916
0 0.4930757183565872 0.3636635865817885
0 0.45807180424782795 0.37522514661153156
0 0.5825457366709971 0.4565469941505197
0 0.5192675686083765 0.31786158939703507
0 0.4973466891779678 0.43141997695303097
0 0.5235904603567807 0.4420318556766884
0 0.4895334490240878 0.406855077636676
0 0.4214218120534712 0.38596146681061644
0 0.46873187729577975 0.4111257634576963
0 0.41752379202138523 0.39636582019282324
0 0.4871569250706379 0.382630716184942
0 0.5250573419820407 0.296929040208918
0 0.5341565100955561 0.33269424832501665
0 0.5266604519091578 0.33801235304493193
0 0.5371381283309389 0.3230530868391363
0 0.49202962967916886 0.23822806546000205
0 0.45963097121645125 0.23330742003870944
0 0.43373390818447 0.23589466683337001
0 0.4146825578142319 0.24213266155632937
0 0.4040638432221071 0.25068987350837857
0 0.4074783496212859 0.275121529897054
0 0.37363027897565176 0.31712314294499844
0 0.4279249338158072 0.29288117858876034
0 0.44682200925762644 0.2943980697156334
0 0.4693959598048327 0.2906636503898129
0 0.48938606182734173 0.28436835406541155
0 0.5042233773927648 0.27802539856827896
0 0.5141212273750627 0.272443492205537
0 0.3789858174223437 0.31723813783554805
0 0.5289664567774358 0.34164878133298304
0 0.5345411456586943 0.2978902647809154
0 0.545171763072034 0.33132430919412137
0 0.5576910426848045 0.33622611904678557
0 0.5470746111769214 0.3334241467697614
0 0.5356934618849292 0.34474320605355485
0 0.5608057082956853 0.3369186228396846
0 0.5646986234540174 0.33972172409880397
0 0.5097685400946734 0.26224323113759357
0 0.520269380843086 0.2639564729872204
0 0.5270906208939693 0.2656319860984631
0 0.42771541594453 0.26630934079488117
0 0.4123765529459539 0.26163629957941736
0 0.5772715298938349 0.2853001099006802
0 0.6889616014585214 0.23441955956424318
0 0.5932464755537138 0.3338378150256074
0 0.7482478095509332 0.17722943934405885
0 0.6424738505721596 0.25373397788413765
0 0.6609874832982252 0.25196645273213963
0 0.6785716442116202 0.24897607868792965
0 0.6995414394869583 0.2382929588900227
0 0.6257196036069202 0.2532415112861398
0 0.6535528375126641 0.20898330495471046
0 0.6324248424562221 0.21370261139562485
0 0.6746759329164078 0.208939666340665
0 0.6899298600506681 0.2132913278264492
0 0.72008352843015 0.24511386550107256
0 0.6874827272278347 0.432965092632283
0 0.6946153902303317 0.2296570637980763
0 0.7764268922403392 0.2316458118395979
0 0.7385528334082431 0.232458598306533
0 0.6716749341176029 0.3071205228650603
0 0.6088842173668906 0.364694393315569
0 0.6128771777897445 0.3802543471173412
0 0.6350739897554937 0.36806387493924264
0 0.6530915775379551 0.3724246028424645
0 0.6316304574032876 0.3791332678968499
0 0.6471153608354335 0.37919994696181697
0 0.6892714852522194 0.3912505405623706
0 0.5874281764533449 0.3269626135919608
0 0.5858857606533711 0.3140396163577125
0 0.7110779667705424 0.1988920367398516
0 0.6233024587108114 0.2797233761191702
0 0.6333828913008613 0.31886557704594287
0 0.6339935522039228 0.31194256667663406
0 0.7298593360160474 0.29843676123632434
0 0.5811246321674137 0.29843353557319535
0 0.6591241017675601 0.1890281777755887
0 0.6878294482009824 0.1906743719130337
0 0.721550756365941 0.15668409645390444
0 0.5815820827262814 0.2128986839820691
0 0.6164912488390122 0.22302860255334891
0 0.6990719706700321 0.37697465413090897
0 0.8011208083559189 0.35439828397179185
0 0.6211343495654658 0.3279752644504152
0 0.6072234659758298 0.33371913366291034
0 0.6745441040409266 0.37982936600009265
0 0.6701822587709386 0.38006364130506326
0 0.6949393060136948 0.1808238533698544
0 0.6366877455248612 0.3249192481615296
0 0.6241611805646229 0.19505615878839785
0 0.6228246014832445 0.18391390040475114
0 0.6347262939823328 0.13740996436244635
0 0.7106258647854318 0.16956269473922686
0 0.6295844291332905 0.16183360267420108
0 0.7209308348627533 0.19160666919889904
0 0.7368725603642846 0.18560597960020647
0 0.6113870164010092 0.3729124383098271
0 0.6334267573014594 0.37390879956947987
0 0.6501416787819521 0.3758438748805797
0 0.6174851087578238 0.33108157804366256
0 0.6722801053574317 0.37997120301596593
0 0.6637596606202266 0.38313645408267066
0 0.6677736048959981 0.3802149709867162
0 0.6096424835140695 0.32414412131162584
0 0.6448576726993931 0.38137303013093665
0 0.6300072358127384 0.382546987186293
0 0.6134553624607842 0.384713803352762
0 0.6349036049742236 0.42104396332545774
0 0.624501206200837 0.4044032971732089
0 0.6207233944019688 0.3967325780905929
0 0.6171012684262754 0.39002061825172574
0 0.6138166797814993 0.38491211251384405
0 0.6450020200592556 0.3815204429359329
0 0.6490425661143371 0.3836979037907277
0 0.6537010584199479 0.386752514612107
0 0.6581301135855888 0.390722153901386
0 0.6680957249951262 0.35646862977025223
0 0.8006460294441835 0.2875301490644781
0 0.6561619154008632 0.3809312525249663
0 0.6596999007438306 0.3819008407806482
0 0.60336782409169 0.33940650768974584
0 0.6331474514450202 0.3336487911662468
0 0.6051616869898285 0.3366620904591237
0 0.6464606287107186 0.28463525464888717
0 0.6805986638813583 0.2891880938318931
0 0.6396051423962106 0.3176421751829089
0 0.6854646346740079 0.1426728411215026
0 0.6764060746768356 0.16083224163669832
0 0.6615736972430587 0.17778454140788702
0 0.6764082294979176 0.40176986579467605
0 0.5799636966568508 0.19400007667995633
0 0.5830104725773324 0.16828217559835823
0 0.5824458196696349 0.1393021498741556
0 0.6927163771939177 0.24449805184906603
0 0.745153768656123 0.25183875103290676
0 0.6138204763710248 0.25184832434026466
0 0.7109213831052499 0.21784293434533084
0 0.6065337180085323 0.2729165587438589
0 0.6194683137322277 0.3149199919874261
0 0.7683381812984933 0.2588269428378728
0 0.7352290988471437 0.26337454031829405
0 0.7119554406982936 0.2716542991603456
0 0.6742128259521999 0.2744984930636836
0 0.6455494985298769 0.27267737582284196
0 0.6234513722391571 0.2694186035658465
0 0.5737665338355278 0.25931616073229063
0 0.7742660684424614 0.28692185811969745
0 0.7257897768342545 0.21418883403142294
0 0.5842941174527261 0.33445253425619514
0 0.6244266083471885 0.2926428251239766
0 0.7836390014439193 0.22991213311000364
0 0.605693286481286 0.26448762450231555
0 0.6427617244076628 0.3184355500699425
0 0.7037117622069669 0.22911016413477622
0 0.6191217466748716 0.30670535697990436
0 0.8043570930947734 0.3197564591212767
0 0.6117897883749209 0.2472078738426294
0 0.5998994856444089 0.30094883855985327
0 0.7642015148315752 0.39257027455070775
0 0.7704092978425167 0.4059197274910636
0 0.7948939141341905 0.2864137700959748
0 0.7834569447151216 0.37148475980892237
0 0.7566210081808677 0.20682979464864865
0 0.6955646915274833 0.44452870326215815
0 0.5841257335767465 0.3377901278957933
0 0.6452194517674829 0.3001099127013476
0 0.7572831282635781 0.23259844232340152
0 0.6728312521544186 0.24131323943952887
0 0.6579979768785243 0.24442160363290824
0 0.667874676265797 0.3849057763898406
0 0.778831133862588 0.3134713466761827
0 0.6668865881891693 0.46606627165102493
0 0.7212686800252536 0.4410576132499203
0 0.7446789640917557 0.42647344558512795
0 0.6427552855970488 0.24598668386288383
0 0.6275984023693745 0.2466462974120923
0 0.6173445579874868 0.24751796375135748
0 0.7392792389865666 0.2095403539366415
0 0.6247425205093898 0.23341494982316047
0 0.6390731068100104 0.2261635554270918
0 0.654934180436758 0.22295142856298708
0 0.6716084168430119 0.22300264748538576
0 0.6825676829503056 0.22540501770185156
0 0.7675492346035278 0.20054888708584784
0 0.6824752308648346 0.2378497758165461
0 0.6472188179000018 0.3510494005112421
0 0.6199355507701761 0.3255562244677076
0 0.6092983534567467 0.3508465984622304
0 0.7422582278271768 0.4125731185036881
0 0.7203198404754767 0.4284459385885244
0 0.6636885515245204 0.45811791513480393
0 0.78878071237717 0.3833666742682791
0 0.6155533629630688 0.24214013818265342
0 0.5922460998663922 0.2778356719751652
0 0.696240740989331 0.4546672850429845
0 0.7982522540957616 0.31592840340291084
0 0.6304242963026344 0.38266649800522323
0 0.6347964539306576 0.38642455683368926
0 0.6390979129050854 0.3914958983242345
0 0.6433751557949726 0.39811636453249205
0 0.6585763411179877 0.4121342209540829
0 0.6595165357308046 0.37943387666002376
0 0.6629627103040993 0.3778757200855501
0 0.6660310472617169 0.37612510662452847
0 0.6861117223144081 0.3654646816707793
0 0.753710896656986 0.3243161182777554
0 0.5895334623030972 0.2651524682338832
0 0.5932519139116826 0.23741972580009482
0 0.6057007770498091 0.23769204088953697
0 0.6560284447569384 0.38077271118217487
0 0.7665523476741485 0.35500035399482366
0 0.575258144597967 0.2391474600933513
0 0.6743673317543062 0.42217799127936695
0 0.5759022308804315 0.2730169229480733
0 0.6118533555968402 0.2964289011407633
0 0.645915099840124 0.43325348995646845
0 0.7100438065669707 0.393224208628764
0 0.6622662926525004 0.32645929494157894
0 0.6951310594373614 0.4091666108753835
0 0.7065395031297257 0.31859125743727057
0 0.6840090786857445 0.33706990644043566
0 0.7292842809661029 0.3376156195205133
0 0.6567302494612424 0.4467255641766289
0 0.6265634725868451 0.3026242249486159
0 0.7303544061596383 0.3999540708979973
0 0.710042652198534 0.41719782085311846
0 0.7196897605300453 0.37518005644907804
0 0.7806951823616832 0.3362145757808739
0 0.7458424648655115 0.3731761593110755
0 0.7964176035128565 0.3439790694987407
0 0.7042171190559613 0.3525403250499266
0 0.6079448179856635 0.2850665718901391
0 0.6145839500024852 0.3212714148502724
0 0.6280851097549567 0.323733632638007
0 0.6032767059430795 0.3136299571403268
0 0.6021863151703203 0.221468464500096
0 0.6290531631260482 0.2074791206365206
0 0.655815399648771 0.2019799410128126
0 0.6797799601333554 0.20213957677702277
0 0.6983567239865975 0.20726513244858644
0 0.7188271138235487 0.23115544192263393
0 0.7881377035052465 0.25835773557508024
0 0.7116273178832944 0.2522985117108214
0 0.6933929397084039 0.25878420280141323
0 0.6680173048993203 0.26211890486442074
0 0.6433602516158221 0.26245375173766405
0 0.6237057437373617 0.2609943465358403
0 0.6093095123516357 0.25859754058827206
0 0.7932141541428707 0.2582388814090013
0 0.6294212270889604 0.32757237912560044
0 0.5945495779504253 0.2892613394253728
0 0.6006694493917474 0.3234874684603608
0 0.5934431029774468 0.3313014069859053
0 0.6018912072926131 0.32575902651671934
0 0.6258745968090331 0.33225062748297257
0 0.5900132434780587 0.33286152199870733
0 0.5897044114422697 0.33624991983258756
0 0.6052457506646587 0.2484502034360955
0 0.5963065267112184 0.25246668396209804
0 0.5902508381549819 0.2555419390275031
0 0.6892250026831647 0.22760983909211574
0 0.7004740152680924 0.21960130091808758
0 0.46373171117235334 0.26147089218225134
0 0.4826570814671899 0.25846726987876145
0 0.45927781143268953 0.25030455652739153
0 0.44462003863813504 0.264528037453232
0 0.46795619942467925 0.2726743460035458
0 0.6556416030674544 0.2324320096261695
0 0.6748897732561651 0.22987409332553213
0 0.6519099660060577 0.22056287109684877
0 0.6363118318565787 0.23489565592186123
0 0.65941033383462 0.24434400339420437
