0 0.6391929795965552 0.5865585880354047
0 0.6216939467936754 0.5252663001418114
0 0.6248179719783366 0.5433549696579576
0 0.5655594140291214 0.46233659628778695
0 0.6121489035896956 0.5043899148702622
0 0.5966153996996582 0.4755464673042297
0 0.5541728838346899 0.4019345545209944
0 0.394080716278404 0.46334530897438525
0 0.5184691268019378 0.3326711758971214
0 0.5034777275752276 0.30176484463736414
0 0.4524349429644644 0.20919007267802953
0 0.6428653115406633 0.5935816980898381
0 0.646268862951547 0.6010925734415651
0 0.6481866063550115 0.6059465903788805
0 0.6574277986772359 0.6234539050608874
0 0.6626341387629509 0.6316826056689024
0 0.668874173052609 0.6423211127519608
0 0.6748900680802763 0.6533757897093893
0 0.6784383926540614 0.6630947060883046
0 0.6249431541189552 0.5351299347355962
0 0.6026651212014258 0.544135569781065
0 0.2505985568277538 0.4129692420363426
0 0.46031575128436086 0.4591762024909258
0 0.44035840798169373 0.4686458522453904
0 0.4192707456182688 0.47559121921658515
0 0.38668057904578745 0.47568018846213816
0 0.475325514934957 0.44736501965671777
0 0.39865940078161655 0.4011200086213648
0 0.423660983145237 0.39341830760240554
0 0.378358333511278 0.4160462414845824
0 0.3681075643282384 0.4333911968395114
0 0.372058195900172 0.49753011874854564
0 0.6122357674874366 0.7195143431425095
0 0.3835000439547002 0.4608819682151079
0 0.2897481224499643 0.5074916958808899
0 0.3376481028273702 0.4928122667595744
0 0.49318014034070073 0.5512752944603563
0 0.6155465811491012 0.5945903725922108
0 0.6269132439047098 0.6109719017520547
0 0.597333322558552 0.6150481823831797
0 0.5871511737816035 0.6323546098545194
0 0.6114201659336687 0.62282386533916
0 0.600345191732049 0.6343880344182253
0 0.5694667691364884 0.6723326921463013
0 0.6043848812580108 0.5331358781084419
0 0.5919370152056217 0.5144204527139664
0 0.32534179659560325 0.4264609508216381
0 0.5084775845054537 0.4774779399856925
0 0.5485295983031392 0.5485147276893259
0 0.5396651617251337 0.537347292713821
0 0.42465152181684973 0.5774165971204639
0 0.5782084076665341 0.4868918025866151
0 0.3652325904462487 0.3760958809405565
0 0.3394467798061669 0.3986729534342885
0 0.2558919681236148 0.36721468828618525
0 0.4661056757904589 0.3524594825692475
0 0.4491007375530899 0.39596166340634226
0 0.5460170065052807 0.6617547452449799
0 0.4078447569627315 0.6809927217662335
0 0.5699257933534682 0.5530038561671973
0 0.5885109358467162 0.5507253270596266
0 0.5790133671835065 0.6582127382978797
0 0.5839071492664516 0.6551277965307236
0 0.320038071507588 0.3904533788561821
0 0.5507865393534302 0.5570184692740441
0 0.4049822563771158 0.35844304617494344
0 0.39316506921313704 0.3416025808081031
0 0.32675082990899684 0.2790479796938598
0 0.28549213698133824 0.37944834139198064
0 0.36050429549068214 0.31127563789486884
0 0.3056320015806705 0.42320450460538267
0 0.2768644338939339 0.418923575617373
0 0.6212547209113837 0.6037185790017248
0 0.6045842812396586 0.6194658681750298
0 0.5936054308898747 0.6336494751274586
0 0.5758532005362212 0.5540034428238869
0 0.5815681816078723 0.6566599767655135
0 0.5926275037229061 0.6574386294931174
0 0.5863432082347572 0.6536165412515402
0 0.5786364386789501 0.543268558755517
0 0.6049696750007569 0.6343189209699631
0 0.616156217828393 0.62421915512532
0 0.6306487370282412 0.614618380740285
0 0.651125708874315 0.6754360005259514
0 0.6504513907246292 0.6636854160577059
0 0.6455844210460782 0.6519688155502081
0 0.6415490159764886 0.6403642093762756
0 0.6392786687240004 0.6317317105829716
0 0.6094760593026877 0.6441946217790246
0 0.6075024106539786 0.6498175162822009
0 0.6056522856466472 0.6577867550775409
0 0.6049837376922369 0.6662987444549799
0 0.5541183952242136 0.6179346043616534
0 0.3277285843156278 0.5908356413245202
0 0.6250900695100426 0.5392512727528811
0 0.5989078948274255 0.6484586160629988
0 0.5958054992370307 0.6525028601288796
0 0.5983476676046848 0.5551076160743833
0 0.5618937851861119 0.5651085611432791
0 0.5936139306984842 0.5529383702203632
0 0.49167669350281357 0.4998740956187248
0 0.46348524698987603 0.5304954770952464
0 0.5396664401516318 0.5474802406504751
0 0.27858991231769326 0.32255758736282586
0 0.310394433978945 0.3433480581268668
0 0.349016752326861 0.3623474596068263
0 0.5926190039142967 0.6777002869173885
0 0.44623903166502715 0.32423162199556826
0 0.41692246617749334 0.2870515461079776
0 0.38346734042279423 0.24354178570210933
0 0.4002625994384289 0.47898621689528226
0 0.3531129863113165 0.5234019171446562
0 0.4841016709804535 0.4369106750935316
0 0.34954766212031246 0.4543475780636072
0 0.517483615456149 0.4570724807679653
0 0.5585942354984581 0.5362405229359866
0 0.3352479780092835 0.5447528941556812
0 0.37695107962936164 0.5310153171420098
0 0.40990152060985563 0.5255635261535645
0 0.45051146391779184 0.504040376469493
0 0.4771318797487766 0.4828514914959669
0 0.49531734120100734 0.46298954654484986
0 0.5357208013534546 0.41630990356206893
0 0.3632996268570423 0.5877752520143986
0 0.32858046554028986 0.4581834889948368
0 0.614028294198215 0.5397634377703071
0 0.5236362157389521 0.49878412690013646
0 0.2754187581129372 0.5032438535243273
0 0.5069020620547235 0.4435336908325553
0 0.5359073479659855 0.5484443923458457
0 0.37163133965805173 0.46642700508236884
0 0.5488711800426245 0.5218343019485474
0 0.3624868585728109 0.6363992739468813
0 0.4808755789883435 0.4294020526111126
0 0.5618206384591758 0.5022602278739214
0 0.4935467896051705 0.7160635583102704
0 0.49923250507563355 0.7323967844247818
0 0.3367589571978897 0.5951134201139212
0 0.4505139862187207 0.7002528451383114
0 0.28070125095546244 0.4608998766168952
0 0.6145572172477841 0.738165657222271
0 0.6163973567076028 0.5426185104995966
0 0.5111805409193039 0.5228026539087296
0 0.3178711558692157 0.5056036004796625
0 0.417274776333943 0.46216808930039405
0 0.4354325270280242 0.4572186881676316
0 0.5900734839960933 0.6628774378448725
0 0.3896785064600408 0.6253344399854541
0 0.6626320656388998 0.7446998564526439
0 0.5843132051639259 0.7475781451910735
0 0.5465998307801783 0.7430659152567387
0 0.4797642117366195 0.2590305294841528
0 0.7067629682831467 0.7273676164448262
0 0.4520367649383843 0.44988563675433396
0 0.4664477930869907 0.4409757677465677
0 0.4759690299164504 0.4344017423689365
0 0.3078680731821805 0.46176879685372113
0 0.45519230160862206 0.4151109952479601
0 0.4341712556313723 0.41388386879116296
0 0.41544147818349303 0.42041562423110007
0 0.39927256177179515 0.43284260407090186
0 0.3908970369491726 0.44482202660292386
0 0.25689926454797385 0.45583584643900393
0 0.40406163381412624 0.46361920442432164
0 0.6316618381999433 0.5581543736159802
0 0.5685520377010107 0.597912247478962
0 0.5692415933124721 0.5501538237556816
0 0.6048431453295052 0.573241724818945
0 0.5355887433513999 0.36807364244014024
0 0.5361519420519472 0.7276552964001894
0 0.5741432187147438 0.7332649409770966
0 0.6588319601491094 0.7350097309798003
0 0.4550142548047006 0.7131965339183808
0 0.47213613451458514 0.4231651366688311
0 0.5399578177370131 0.45845001488924025
0 0.7031087761744856 0.7167700428515673
0 0.6226686606183648 0.7495232114568353
0 0.3681792944204062 0.636262421682477
0 0.6231850758194923 0.6384023420512677
0 0.6227170335128903 0.6460582410916687
0 0.6237366650253534 0.6563443459570408
0 0.6265595689415931 0.6675861638039351
0 0.6200410104356706 0.6799063041806221
0 0.5913388152606786 0.6452746625989676
0 0.5858383679762482 0.6463445082306862
0 0.5807408669032157 0.6465771265327931
0 0.5465716708451509 0.6401084132492543
0 0.43001434821635487 0.6259558882564307
0 0.5261159830726683 0.4351313283666968
0 0.4867266088258475 0.3996408089995384
0 0.47571187615394595 0.4103949570097029
0 0.5957656261511147 0.643941193073988
0 0.45096943429671227 0.6716459106653929
0 0.5055074715055525 0.38591079246252774
0 0.6147364042699337 0.6991268686950207
0 0.582407105807215 0.45082943625748156
0 0.5513185375370085 0.44104795502498745
0 0.5690413295291364 0.42772467685863375
0 0.5423141305334866 0.4991939581930637
0 0.6961486767977476 0.6996460596099496
0 0.6865350822918117 0.6797010257840157
0 0.6528375219553709 0.6945578970015049
0 0.5498916753567755 0.6868866860866547
0 0.5247664484195411 0.572476245649159
0 0.5806284344755113 0.6963284995406867
0 0.4724615458864719 0.590723723359406
0 0.5159962698817253 0.6012357261031867
0 0.471148135419935 0.6297159653156996
0 0.6554899459704757 0.7168830681592226
0 0.5345106151886284 0.5162956800311804
0 0.5358800518326461 0.7068584106862545
0 0.5736854383721948 0.714114635437727
0 0.5220762589946389 0.6712820913642645
0 0.4140308554749936 0.655287941172719
0 0.49248346700333057 0.6837390076369048
0 0.4040097193326801 0.6718565348535777
0 0.5140044122934342 0.6337469212710858
0 0.5317139017395676 0.47814967688173055
0 0.5709011982195079 0.5429713709279895
0 0.5592558039352298 0.5525603082031012
0 0.5739402598701417 0.5251320062205196
0 0.45855520251207055 0.38221228746697306
0 0.41677902326919136 0.38073177048936485
0 0.38537554745562375 0.3918017402291298
0 0.3626199358608574 0.4092179091647267
0 0.3502082976512611 0.43046426139771937
0 0.35705135189928117 0.47873603384941815
0 0.31002965052612125 0.552594979479909
0 0.38897291868925093 0.5009631861001254
0 0.41429649177007377 0.4970709152519703
0 0.4434288774617016 0.485246673412621
0 0.4684035610407591 0.4697682775557041
0 0.4858864062000066 0.45426147263497113
0 0.496771983243525 0.4406215326860547
0 0.3000670801382512 0.5465247949585319
0 0.5611118373461068 0.5571308836340905
0 0.5522044525481761 0.479033107124269
0 0.5873564821667969 0.5377182524651289
0 0.6008670661598444 0.5418554751202465
0 0.5877759442664683 0.540760924294591
0 0.5683827671222389 0.5599769067019225
0 0.6065740311518312 0.5418027427047492
0 0.6090101592242718 0.5447459064424038
0 0.48840395621955396 0.4258725319057703
0 0.501958317682147 0.42292239954695104
0 0.5111133198719472 0.4205338044092059
0 0.38675576434470715 0.45326650626957415
0 0.3641861465293914 0.4503229606896639
0 0.6002226701006294 0.44486719854176043
0 0.688978189881891 0.3148098934441805
0 0.6408391437493265 0.5245503077283502
0 0.6993569744750857 0.1928746785968542
0 0.6430644696578384 0.365271473955363
0 0.6627089094370604 0.3575747559778392
0 0.6805085106752813 0.3469856783747673
0 0.6978069687262177 0.3168787147849798
0 0.6252104834653437 0.3691106878221035
0 0.6356891926378012 0.280736237950623
0 0.615205068513751 0.296762921102345
0 0.6584144329652191 0.27312995931133627
0 0.6767984824255109 0.27517371270805596
0 0.7160310766659677 0.32319660037755965
0 0.7526839444413781 0.6447718527168036
0 0.6913880238309502 0.30168838072568177
0 0.7538511823862791 0.2793279655277729
0 0.7247488051652908 0.29271629052236675
0 0.6957393730059266 0.44818021468818187
0 0.6584265607409179 0.5731393147259951
0 0.6640740961767733 0.5923362813889981
0 0.6824478145688773 0.5721159774810076
0 0.6987276085652411 0.5757711242884398
0 0.6798649093136191 0.5883033016696573
0 0.6924593797884881 0.5876795241609216
0 0.7400410665199161 0.5821916490793229
0 0.6370639848522842 0.516323783621192
0 0.6307353245094418 0.49475939497351645
0 0.6856082230806351 0.24247705675661563
0 0.630473177973181 0.41575537314638494
0 0.6706932703033089 0.4853828001767397
0 0.6652875993400812 0.4727688321843743
0 0.7487621465697885 0.4128437304869294
0 0.6152598335407674 0.4681285323575139
0 0.6322697127237916 0.24542169058695434
0 0.6607417220249772 0.2372658454813063
0 0.6682401426136494 0.16594313429668545
0 0.5605916559696198 0.30937771005555986
0 0.6028321804478765 0.3184306935407221
0 0.744900572951883 0.557084489800036
0 0.8081836175173521 0.47799896374344825
0 0.661832876317203 0.5051228610798717
0 0.650792212318629 0.5189690340310336
0 0.7178254000842571 0.5872537700459362
0 0.7123575699515641 0.5894183192402125
0 0.6612365421839058 0.21709714755415915
0 0.6736924934200943 0.49357346929609774
0 0.5991832402534782 0.2663458061404526
0 0.5919954773038626 0.24725919188931583
0 0.5764867472462356 0.1585783136077225
0 0.6703989903442562 0.1902090569026768
0 0.5883503378368914 0.20115086128935217
0 0.6891804922372102 0.22479594657197594
0 0.6990653550252318 0.21028454713523387
0 0.6622809820808471 0.5832275107502938
0 0.6817125120200217 0.5805981449782849
0 0.6961146084591746 0.5815664969384671
0 0.6589037938974798 0.5108333120122552
0 0.715088876336813 0.5884103320538998
0 0.7123197699896991 0.5961174743250013
0 0.709555846452713 0.5905114190652967
0 0.6536999761126936 0.5042028503492475
0 0.6886841517873108 0.5916177306324244
0 0.6773234319873154 0.5931754942983389
0 0.6638080798089504 0.5979586413130165
0 0.7020598099566996 0.648628917708993
0 0.695734397508204 0.6403181210160256
0 0.688247655518353 0.6299703104421497
0 0.6800970992073416 0.6205555696040392
0 0.6730914256535471 0.6145101666450501
0 0.6941575793549418 0.6009093273431063
0 0.700638372451067 0.6021499710157514
0 0.7087363405153155 0.6049318064004183
0 0.7164992917329073 0.6089641751721502
0 0.7135770160704851 0.534805254265666
0 0.7829198367893696 0.3654886085540056
0 0.7006070682778954 0.5963503599166871
0 0.7062093750573695 0.5959276223555208
0 0.6486725466325879 0.5298547076061368
0 0.6725483708083629 0.508208910189569
0 0.6497874036431313 0.5246683733537794
0 0.655648781824857 0.41686787055805324
0 0.694527424685657 0.41357955960556864
0 0.6712652452290058 0.4799068385735154
0 0.6301427911035716 0.15218354407697915
0 0.6356060258112848 0.1849227945320308
0 0.6284743754193187 0.22437851661816238
0 0.7328639801591634 0.6034181836992503
0 0.5501291171647609 0.27725935420021414
0 0.5390118857845664 0.22823054129257797
0 0.5195412083528936 0.17802691431716083
0 0.6939876522868872 0.3327239083126187
0 0.7413614392280579 0.327168370783329
0 0.6129212805069983 0.3702682426199317
0 0.6963251342065633 0.2757503708824515
0 0.6115115216001868 0.4095055700279772
0 0.6592647247947753 0.4843641214072704
0 0.7646300453692675 0.3306884981691837
0 0.7386207001283764 0.3516497669741511
0 0.7199770609848202 0.3744122238829732
0 0.6828713192604482 0.39102093009278177
0 0.6527254350483418 0.39669810347259044
0 0.6293345836922526 0.39814814943820237
0 0.5748511214740575 0.39671100974082946
0 0.7824360732920468 0.37713659200817345
0 0.705571820307523 0.26424093889072536
0 0.6343883072957397 0.5293211594223977
0 0.640005506016314 0.4395358215086162
0 0.7476893739774824 0.27167447209358214
0 0.6096227673813701 0.39608182916417717
0 0.6714451232925057 0.4789756780490279
0 0.6979379556141794 0.29734190851449965
0 0.651493342872709 0.46929475497454404
0 0.7984977055341005 0.41844663554802536
0 0.6094774413853884 0.3623470777645707
0 0.6332903462462127 0.4659640213474631
0 0.8024896095506847 0.5553350031375885
0 0.8051435538567603 0.5729786355048418
0 0.7930019227787852 0.36753100641071795
0 0.8111421037465334 0.5147428803145886
0 0.725953324791044 0.24167339336127042
0 0.7632387718185782 0.6592034280300141
0 0.6326446717604994 0.5344162715598941
0 0.6638300894759596 0.4451764144003391
0 0.7394300477579236 0.2859548760578036
0 0.6746197672560811 0.3362772368825972
0 0.6582968177273869 0.3462540304288268
0 0.7182693595997989 0.5970262588933111
0 0.7945643672719598 0.42025763699784874
0 0.7431195866316557 0.7023060109466315
0 0.7791758093051613 0.6442086735740304
0 0.7918203111737967 0.6136655315756798
0 0.6413350004702807 0.35232389038428663
0 0.6248887691646814 0.35714545072987675
0 0.6146230043843388 0.36141276704147457
0 0.7130465036258101 0.2498715465888381
0 0.6177470641210675 0.3334390988573432
0 0.6294000253081322 0.315170581638813
0 0.6452464327216149 0.30352225452661513
0 0.6635954463854432 0.2972671247087419
0 0.6768610562197864 0.2977093362249434
0 0.725111981946975 0.22621859535574912
0 0.6840910417959094 0.3254114381968975
0 0.6933368986472488 0.5333327177911997
0 0.6612124248407781 0.5020558658987284
0 0.6582063258625567 0.5457083398476243
0 0.7904617584310472 0.5939885891973973
0 0.7769642351195216 0.6257724894210697
0 0.7403279177844524 0.6918342161923647
0 0.8102512823417782 0.5304828763008118
0 0.6116228483617305 0.3523959249258041
0 0.6057223572395742 0.42515797140076755
0 0.7648832429200411 0.6741493448615075
0 0.805704713985324 0.41618389561772345
0 0.6850577395409345 0.6068349463865161
0 0.6924529531039297 0.6103018067777157
0 0.7011187843978405 0.6165080416947604
0 0.7097681343555451 0.6247068440541625
0 0.7210292750969529 0.6264794703572989
0 0.7026515141129493 0.5883434714749456
0 0.7069822702556848 0.5843991555273533
0 0.7102826837450266 0.5803927138447762
0 0.7312503986060619 0.5432722244411707
0 0.7783104873262345 0.44799232920631765
0 0.5923690888099372 0.4018274095840752
0 0.5847769630141556 0.351141248550266
0 0.5986144095659256 0.3478423414751887
0 0.6983078354969621 0.591361858136952
0 0.7957904819399119 0.4939777638763189
0 0.5652367322705686 0.36070324685424565
0 0.7367474597878754 0.6341180719435215
0 0.5887031489983201 0.42224921165034174
0 0.6349366486072541 0.4521139536052942
0 0.7150639297440649 0.6613515580072999
0 0.7599894953891635 0.5765933070331812
0 0.6949837883934379 0.48523884564638137
0 0.7511525622569024 0.6060639686882496
0 0.7354756327345967 0.4560287149623036
0 0.7208128409460187 0.4956923119723797
0 0.7620499388314783 0.4797163374722004
0 0.7305596336722374 0.6769875783473254
0 0.6491270790807903 0.4576890032738447
0 0.7794233748689294 0.5788753490895033
0 0.7662556855939329 0.6120900886133314
0 0.7640458390116691 0.5451357292011381
0 0.8017999157309532 0.4576086254790425
0 0.7853965289890766 0.5313776854425669
0 0.8128082044422626 0.4643556635826826
0 0.7437617022544145 0.5145096892490983
0 0.622351645398885 0.4321032238192856
0 0.6581232972443104 0.49753011874854564
0 0.6684454509988427 0.4958224819973111
0 0.6460147670470178 0.4881728833541274
0 0.5875761987641454 0.3196955078281462
0 0.6097192022018134 0.2872606238350272
0 0.6354067294858396 0.2689307063817978
0 0.659949443116784 0.2606969845481217
0 0.6805439265444875 0.2623721265234053
0 0.7086850652471185 0.2963672561571002
0 0.7760615278035402 0.32189331548288463
0 0.7121564423665404 0.33961402270942925
0 0.696357855014503 0.3586091475561261
0 0.6717292103916407 0.3722441808320582
0 0.6463773564435542 0.3796675570309162
0 0.6258028095588088 0.38291107788681983
0 0.6104785184375942 0.3834538284689188
0 0.764525007084012 0.317986458260566
0 0.6691047735512257 0.5011256599798799
0 0.6178999915719032 0.4457312502898276
0 0.6480903442949056 0.5063062665984035
0 0.6416903684847057 0.5208585804328323
0 0.6482959290966391 0.5093766601756216
0 0.6664234294556082 0.5092542415484786
0 0.639524333924055 0.5249207329005003
0 0.6378752328455448 0.529884758591652
0 0.6031178223900497 0.36699184514582156
0 0.5947936073876917 0.37714201416820287
0 0.5897395728155971 0.3859022964723408
0 0.6849756783805787 0.2995410335250199
0 0.6901531329378485 0.28229999653995036
0 0.44941250085830686 0.42709198333323
0 0.473369004111737 0.41688942555338143
0 0.4367674461565912 0.40431192349642514
0 0.4244205930735916 0.43803023658692836
0 0.4618409486487508 0.4497464934363961
0 0.6544582212343812 0.3216249758377671
0 0.6735439540818333 0.3119149563834071
0 0.6439346289262176 0.3029417397454381
0 0.6353127824142575 0.33116946667432784
0 0.6648452637717128 0.3401096539571881
