0 0.6373728290736247 0.5216081342377221
0 0.6880604974943385 0.47020054206299705
0 0.658756002533636 0.48242547755805065
0 0.6781815386218705 0.38453465090772976
0 0.6998006542809576 0.4489802554392586
0 0.7070464350336747 0.4163103202661386
0 0.7164780839169912 0.3295338231915483
0 0.4501599874570787 0.2567445900493536
0 0.7373262413685842 0.25845332477039423
0 0.751979325029204 0.2258957971970494
0 0.7979592056297284 0.1001936599088553
0 0.6343811618910133 0.5309560820698357
0 0.6288716165567759 0.5404377071240458
0 0.6231077330575573 0.5466594503710445
0 0.6197767160493407 0.5550290774613523
0 0.6170095168143439 0.5689697488428305
0 0.6115910222204469 0.5854674832889447
0 0.6040463534762247 0.6007579466024526
0 0.5819387227225361 0.6088200137257195
0 0.677521560117781 0.47848554103138347
0 0.6375042951936059 0.4695638863804241
0 0.3238045083676025 0.10887729540800516
0 0.5368655634869774 0.29759225487328184
0 0.5011550914898193 0.2925189893466596
0 0.46765870870732 0.28413849202588726
0 0.42805384324608947 0.2611195200357955
0 0.5696342603908741 0.29843499456731654
0 0.5231688145539172 0.21978680956097077
0 0.5617602759842678 0.23042690230253787
0 0.48310614039572025 0.21640684343755437
0 0.4524778791611715 0.22057151327879665
0 0.3868032821076665 0.2679163619352225
0 0.43738800744644457 0.612551348277936
0 0.43952988320403247 0.2478600292921828
0 0.27038578228127186 0.21264996077305973
0 0.3495315221859683 0.24033811640815614
0 0.4845896403280665 0.3967818591160515
0 0.6015763698721961 0.5111018415457144
0 0.5956631585133734 0.5348719853562669
0 0.5571283947506682 0.5154598418135232
0 0.5258854713371331 0.5211554331520495
0 0.5633309941640575 0.5324760309804362
0 0.536890532758882 0.5321987684542379
0 0.4404456399613433 0.5388578593540496
0 0.6605026902054711 0.4648595536097932
0 0.6661722711521945 0.4432677548533431
0 0.41073327484748345 0.18951763950597744
0 0.5766494179801117 0.35019954382040247
0 0.5645940909139829 0.4348747905450888
0 0.563132401350305 0.4196520051636254
0 0.3703242826947777 0.36888131432639903
0 0.6740106249884735 0.4124973463935974
0 0.5191826967598437 0.18330666413322425
0 0.46037836583684105 0.1806829876412218
0 0.38599989868754103 0.07935733193406663
0 0.666954471338853 0.23913346559475787
0 0.5902965535505784 0.24747443294372803
0 0.4249694761898306 0.5142674737464125
0 0.21289339497220888 0.423192670550971
0 0.5838809372138062 0.45244374423743056
0 0.6093860613070518 0.4637299094337244
0 0.4865082094995238 0.5306930265868434
0 0.4951791201564048 0.5318707372433842
0 0.44696357224485 0.15942511581384336
0 0.5555442976865838 0.4417709793907385
0 0.5884858980882082 0.20058345223387208
0 0.5939529143649039 0.179044203160289
0 0.5773796123995197 0.06578651451455138
0 0.4132853434811965 0.11536207366675234
0 0.5850444356028697 0.1223047117646129
0 0.39090939177025996 0.1712965333994966
0 0.35416358923740526 0.1366914720200121
0 0.5983207019970571 0.5239624910461255
0 0.5603859904858706 0.5246082769034389
0 0.5313711158520312 0.5268874633045623
0 0.5891737957223714 0.45713829175351905
0 0.4910331061132234 0.5313653431761379
0 0.5044685487123988 0.5392429234501653
0 0.49983055871739374 0.5325109958648682
0 0.6107208372877656 0.4525655481381157
0 0.5407912672566567 0.5358006838030709
0 0.5655316115855027 0.537459427746721
0 0.593641019124779 0.5412318685565132
0 0.5373177744215912 0.5996123757986976
0 0.5631337485296263 0.5915731136410382
0 0.5730384199453487 0.5769427251130247
0 0.5825666244224392 0.5610244087517833
0 0.5897712697513955 0.5490513514406004
0 0.5385776658138212 0.5384797145383426
0 0.5299226193548107 0.5429853534165282
0 0.5192205571442199 0.5493063821960181
0 0.508829902401931 0.5562409750950603
0 0.48967814566991885 0.4883906751775894
0 0.2130069993525672 0.29724195094916006
0 0.6686506165589075 0.48078020369282926
0 0.5202949326530063 0.5353041742556393
0 0.5130616713770859 0.5370999936478588
0 0.6164356184234436 0.4737294978988818
0 0.5580255464970065 0.4548761783697354
0 0.613305981496541 0.4689692786326424
0 0.5334671178310038 0.3551991538117869
0 0.4683431222570314 0.35987110107470627
0 0.5505035939834101 0.42640153801860137
0 0.46812857233648963 0.06372229664470441
0 0.4878738544684806 0.10836594420880936
0 0.5165943471933726 0.16051643782149488
0 0.4640126840102015 0.5607828480747942
0 0.6757678578225829 0.20368480472899855
0 0.676633861853922 0.1428628560072317
0 0.6840432552124956 0.07849745780896074
0 0.4407381636919163 0.2733340766102361
0 0.33663032909663176 0.2750384714275884
0 0.5927829588059899 0.2972098929813495
0 0.40794096697720406 0.22257548427810303
0 0.6096690154189972 0.34206664619354393
0 0.5941713664600318 0.43403444598658014
0 0.29196071974951016 0.2773444751581064
0 0.3568132354629983 0.2990453447015902
0 0.40194403306900456 0.31963495324594904
0 0.47284040169464314 0.332031826717785
0 0.5278624569912322 0.3334227249073906
0 0.5711092823843876 0.3307156690393393
0 0.6790323055905404 0.32743380111627307
0 0.28040431357687895 0.3307454956415743
0 0.3782973080087337 0.21128616651026205
0 0.6602850510633821 0.4750430557293633
0 0.5758320053132604 0.3775566999142924
0 0.24538250571246342 0.19392780050302086
0 0.6067842864018265 0.32460784826415795
0 0.5416287482499504 0.42343210221860356
0 0.42088329549030146 0.2441530759913472
0 0.5937642395782242 0.41565024548064405
0 0.207485515222275 0.3569541126013564
0 0.5968843301137289 0.28879428747743846
0 0.6346900840457395 0.41177024875586027
0 0.2919870129735064 0.5207054752130478
0 0.2718198082144026 0.5336318374060975
0 0.2333208143854027 0.3130706032625022
0 0.254928130611813 0.4751396390576713
0 0.3112284500393078 0.1709703650718299
0 0.41933650135708084 0.6299795826403097
0 0.655680020507291 0.4775986448644449
0 0.5356455764753355 0.386781738398555
0 0.3111566778996008 0.23585949957180327
0 0.48053532738765653 0.2713208526087264
0 0.508986175203209 0.2788102366863348
0 0.49557347206188906 0.5417829544399493
0 0.2701451017273416 0.37750167321092404
0 0.4651992702655655 0.6674251723975039
0 0.3654139766590201 0.6121293950004699
0 0.32188598565060456 0.5794557340609761
0 0.7753763457568144 0.16391890184186136
0 0.5325516862549085 0.6819392023756862
0 0.5384678010174411 0.2829484372093274
0 0.5674441649044732 0.28552580774782566
0 0.5867337055629391 0.28820156308408745
0 0.35016107301917865 0.19738262996506006
0 0.5720855228477817 0.26517204840343217
0 0.5446130291735239 0.252427327556732
0 0.5159456571229071 0.24565069077494808
0 0.48506960780214636 0.24314410979755388
0 0.46372443408988934 0.2444533277243471
0 0.27987319974304675 0.14554229616737976
0 0.46243381307279463 0.2637017627303212
0 0.6492123054943496 0.4970080043180301
0 0.5315545877392629 0.4838799184884507
0 0.5876662556073077 0.45018904144390703
0 0.6035094792894322 0.4908885354051194
0 0.7234580522532658 0.2917631705538533
0 0.3329677433847523 0.5620019925288118
0 0.37346539387314154 0.5956375153300861
0 0.4763277611858267 0.6582321918810519
0 0.23564978547805218 0.48342586630068646
0 0.5897844163633936 0.27986878423264233
0 0.6431912501081288 0.3615690679215014
0 0.545375672032793 0.6736628013297011
0 0.4123234109912845 0.642959088182297
0 0.2267466025243846 0.3664419609136856
0 0.5623865053236342 0.5431426135114968
0 0.5529890933768641 0.551437684331839
0 0.5418760950187985 0.5626714431439725
0 0.5312037172077371 0.5752479108377767
0 0.4958350571225301 0.5819867167609949
0 0.515108129675154 0.5322838060010355
0 0.5086584622196728 0.5293102759522752
0 0.5027289918000749 0.5259958996940345
0 0.4527904944454166 0.4989555565693889
0 0.32100866995841193 0.40859622334519896
0 0.6452235397960928 0.3332007552107302
0 0.6355032693567894 0.2761187184923373
0 0.6098055450750484 0.27356830858194026
0 0.5206705169569102 0.5346954413496268
0 0.2916788805445893 0.45628676989588873
0 0.67133354740463 0.2840435259258404
0 0.4633787200033522 0.59572210250952
0 0.7099761319675034 0.3873323739146272
0 0.6779617161201916 0.35787490914804865
0 0.7128181228820655 0.36003654966719995
0 0.603693020858353 0.39291954954592184
0 0.5578130173454467 0.6559159525286276
0 0.5700424092707874 0.6310711093603993
0 0.51461255350273 0.6189924204311432
0 0.3998860656786308 0.5392153282135058
0 0.5023581923054848 0.4341722583999268
0 0.42559558939304853 0.5691850653852517
0 0.4158374121149095 0.4128390933378055
0 0.45922747983349316 0.4502143848437471
0 0.36887762114870176 0.4410783143850942
0 0.4927524785629565 0.6409883624829423
0 0.5735870006558992 0.39887696809281176
0 0.35868685994502736 0.5464838480416198
0 0.3959598276826689 0.5805905369904857
0 0.38467325223721477 0.5072461237160923
0 0.26466249997953145 0.41670218081520005
0 0.3319626314748677 0.49680275962756465
0 0.22989008288017565 0.41874320476580734
0 0.4186445389577239 0.4730043655005507
0 0.609318609432065 0.36889154994830536
0 0.6026932279840648 0.44747021461066344
0 0.5734524917688301 0.4453648700119969
0 0.6297383638594648 0.43796590741830893
0 0.6211550663129317 0.24846978576038592
0 0.5720873345716966 0.22080513111318642
0 0.5224767360184118 0.20702687858011776
0 0.47526091129945625 0.20302923361714276
0 0.4362661787074247 0.20770396496922064
0 0.38955136533263773 0.2432800797989574
0 0.24634055925501908 0.26158429915531756
0 0.40353218328466806 0.28347970692875285
0 0.4382747533938868 0.29907789397925233
0 0.48609815598677675 0.3099337945730922
0 0.5331895059818844 0.31410075719364156
0 0.5719704783791832 0.31399008964959046
0 0.6003661150697895 0.31179667776004194
0 0.22645805065008662 0.24365216512649585
0 0.5687230561705802 0.449378134534001
0 0.6416325171788534 0.3866544072620404
0 0.6328476072787095 0.4563236590772391
0 0.6403645891651547 0.46760704018437443
0 0.6263793812667151 0.4576754981336502
0 0.5728817522811661 0.4560998264973918
0 0.6486979617203454 0.4715999153475411
0 0.6446139643804061 0.47435763754402865
0 0.6093239052404317 0.2923467443012201
0 0.6264661117423352 0.302573317917772
0 0.638392783183274 0.3105188217787697
0 0.4505612843042369 0.24619422276941733
0 0.4293444642631842 0.2285679495944002
0 0.7330158249937373 0.3938678594442983
0 0.9109854137868905 0.335225443108775
0 0.6974615793433978 0.47897812010000307
0 1.014568545263734 0.23933617185099057
0 0.8192110058786772 0.34402463877924716
0 0.8469349343142063 0.3500174725779329
0 0.8748523920274182 0.35355105491491934
0 0.9144921680148557 0.3422589121154322
0 0.799482726078811 0.33691505768809454
0 0.8986653195296546 0.2866746948930783
0 0.8620057829278265 0.2854061737989846
0 0.9281664562168167 0.293743620094019
0 0.9415999245014693 0.30445177972126314
0 0.9254198363073153 0.3588870074421453
0 0.6620195212124063 0.6407358292192696
0 0.9225419825501293 0.3284240975357092
0 0.9748374398092 0.3389954273693097
0 0.9552523326530731 0.3399982317187154
0 0.8051455711289276 0.44963635880345354
0 0.6701194601093264 0.5209268921861252
0 0.6542254384758946 0.5434528756827212
0 0.6942296496969904 0.5334647920565864
0 0.7057997367079023 0.5453417164068253
0 0.6731371417891779 0.5478182455983025
0 0.6857249066412306 0.5527123877415642
0 0.7149879642241864 0.5784381904160253
0 0.7112287764640735 0.47265754168787705
0 0.7266976933399264 0.4530372055955588
0 0.9870569137074678 0.28418420431332087
0 0.7706248442903697 0.38339575372945767
0 0.7594169162446075 0.4656065492965162
0 0.7633234575498018 0.4517184890116366
0 0.8832619963504141 0.45374882697297364
0 0.7324708212765573 0.4221623119073935
0 0.9484565562481503 0.26028963628287516
0 0.9779023192197585 0.2686741459674348
0 1.0222320445149922 0.20262670755005494
0 0.8154164662749933 0.26437057873692377
0 0.827935060437063 0.2917058920136656
0 0.7443211215863125 0.5609382657578197
0 0.8210041480098696 0.5153383245102514
0 0.7307245516948563 0.47500993325687446
0 0.706576873358491 0.479384679002122
0 0.7115688695610284 0.562889912257941
0 0.7036841541743107 0.5612842297782532
0 0.995270340848598 0.2529502040661943
0 0.7508855083291766 0.47241110885486054
0 0.8984694675290041 0.25733469412349663
0 0.9126015644279315 0.23927750126622355
0 0.965414431455324 0.14398826263583125
0 1.0097425772989397 0.22988410727284586
0 0.9349076021775353 0.19245299068502725
0 1.0014262070758737 0.2723805260734436
0 1.0097266898738395 0.25979984130341405
0 0.6635769998712792 0.5335542923345352
0 0.6843161751612199 0.5416640983983732
0 0.6965579471999793 0.5494522193369393
0 0.7212122114156362 0.4774043318181754
0 0.7075666785240173 0.5621391089198688
0 0.6984926825232929 0.5670025441974116
0 0.6997209384287004 0.5604569458732971
0 0.7305876968575896 0.4713223252814418
0 0.6758295957990688 0.5543805075148804
0 0.6634178468935209 0.5513578055384821
0 0.6458832860278855 0.5488937638057306
0 0.6179820873754488 0.6108296757308058
0 0.6394424216924526 0.6026508815753193
0 0.6443542839525986 0.5871412121830657
0 0.6456125029842916 0.5700073543067177
0 0.6434797787551971 0.5567554174520718
0 0.6750466987955198 0.5573986239326648
0 0.681757231267522 0.5646785667148261
0 0.6879006941541493 0.5738098878449145
0 0.6916071561028917 0.5832282976982311
0 0.7430313599767159 0.5266535179302715
0 0.8997148186754551 0.4137618960663914
0 0.6850693413107801 0.5580039176697167
0 0.6920915832050698 0.5624121543698417
0 0.693896246042183 0.48645155707868143
0 0.7332641240790022 0.4821573452065928
0 0.7000783125845362 0.4832253299962979
0 0.7927708928819469 0.39922903254390146
0 0.833793896851208 0.42150002622756716
0 0.7591406051203501 0.45964994959937877
0 1.0107550986950917 0.17126994125378397
0 0.9881714490963687 0.2069723431866009
0 0.9657476957467535 0.24210666810361722
0 0.6878740757489376 0.5923064345368942
0 0.8405711379268472 0.23654716959395727
0 0.8646442104014848 0.180629209683726
0 0.8965385414713578 0.12165843459744803
0 0.8989172885172086 0.3511006060880594
0 0.9413485129674276 0.37613669161598523
0 0.7881379431957821 0.3307658440579241
0 0.9568080924969498 0.3134216032089136
0 0.759470153055031 0.3679834865152645
0 0.7550333340962728 0.4596573192471513
0 0.9555492231028258 0.3919082701015777
0 0.9229853439102356 0.3951639757750514
0 0.8896529685964973 0.4028351240264722
0 0.8388656089060026 0.39214864344642564
0 0.8039638161373367 0.37695550042600295
0 0.7811847326280974 0.364016487004277
0 0.7410669867083323 0.33857650383592797
0 0.9321049117355895 0.43965932964897764
0 0.9738056862668739 0.30976281874476913
0 0.6918179664394553 0.4798625597176841
0 0.7613091457376091 0.4086338494913266
0 0.961890814258612 0.3232315870138784
0 0.7664965758506629 0.35128153094087544
0 0.7560772587069504 0.45777326879409935
0 0.9327432889160778 0.32873605882016993
0 0.7583903191472701 0.44234671265172504
0 0.8641152799272422 0.46273394247975214
0 0.7910805080148527 0.32256850295554335
0 0.7485803451469476 0.43038839463608713
0 0.7716905095880267 0.5867555748921233
0 0.744584332553031 0.5968998541085484
0 0.9286978487774051 0.4300182745479547
0 0.8119969535217011 0.5565658537343668
0 0.9951124885957018 0.29678597446447746
0 0.653612750611431 0.6579509988760415
0 0.6809658795523701 0.48180581300784225
0 0.7765746849903957 0.4268236550660179
0 0.9680648441794965 0.3423544718815496
0 0.8810455147310984 0.34096664437851587
0 0.8551426011023762 0.3385306482497876
0 0.7036432277956169 0.5718342081045571
0 0.8998941793430337 0.4791967939264096
0 0.5910541096465479 0.6818546970812277
0 0.6688108844436902 0.6481829401784049
0 0.7015697794566623 0.6264336356720605
0 0.8311708922580563 0.33313438743828966
0 0.810281994245607 0.3272961729441207
0 0.7970364342490546 0.32449024096845436
0 0.9874072732399407 0.3029013900711133
0 0.8211220958821779 0.30911828163332833
0 0.8493230651608474 0.305405289315568
0 0.878349855363512 0.30763835400438155
0 0.9027591652149777 0.31363917158815424
0 0.914592695464905 0.32019463705178647
0 0.9959391921544246 0.2777905435607837
0 0.8986711727915336 0.339189986070505
0 0.7280132836289257 0.5140739795498954
0 0.7354943097638283 0.47306168498322604
0 0.687247358637748 0.5038167400101122
0 0.7285827688461871 0.6130501915471622
0 0.6917170673537312 0.6347398837915244
0 0.605368958388587 0.6734187022184792
0 0.7812377836206834 0.5614453384670587
0 0.8011558298870243 0.31718028734286374
0 0.7480581041148526 0.3795160026595996
0 0.6339219595602662 0.6685960047161237
0 0.8933999852882587 0.4739003099572544
0 0.6617600266024363 0.5572149149906902
0 0.6671062380575733 0.5679285813825199
0 0.6702683001971074 0.5814827147383279
0 0.6697972519792241 0.595942905345283
0 0.655633984138068 0.6042224999053029
0 0.6945787549590607 0.5570291589243344
0 0.7035290891889759 0.5564375399781493
0 0.7117272792674368 0.5549545211913868
0 0.7487557571854808 0.5430492236972236
0 0.8698776768837615 0.4960061825883274
0 0.7508119244655546 0.3519019733983488
0 0.7829656572364789 0.30315461935707555
0 0.7959735562189592 0.3076463992031999
0 0.6855447097933836 0.5571894078208997
0 0.8317083238983611 0.5377124932627327
0 0.7630840312662742 0.3009622719722053
0 0.6594590443215496 0.6214075358911825
0 0.7370745046533269 0.3681179007021383
0 0.7529049765863579 0.4177880165295098
0 0.6157263052835167 0.6321798319252916
0 0.7328816645151134 0.5857237832614789
0 0.7709490499622245 0.47704260494000617
0 0.6971741191488947 0.605621095282582
0 0.8344055162631064 0.4802942982496926
0 0.7845045541116088 0.501358348340653
0 0.8316322779483932 0.5132256921487875
0 0.6135846153437663 0.6561292219466676
0 0.7573003581673693 0.42910464293659684
0 0.7417802484773046 0.5978962304873969
0 0.7008731483841399 0.6196978594929266
0 0.7685315134428102 0.5632074621919626
0 0.8669836569747194 0.5106840644019861
0 0.7929699037858337 0.5634052144071926
0 0.8552843336578754 0.5152324472372525
0 0.7848811604136186 0.5291364750923059
0 0.7544006243598261 0.3934746068506576
0 0.7424133298494261 0.4691330485831434
0 0.748263943824265 0.47249909426076725
0 0.7439963584609455 0.45593323151524456
0 0.8198453415212014 0.283638440953276
0 0.8757909579242734 0.2754359001549669
0 0.9198767973078812 0.2779658388215513
0 0.9498404810468641 0.28539573346464014
0 0.9626556404774709 0.29674140856669734
0 0.9419820124296834 0.33418470554458446
0 0.9552318926909559 0.38501343235801966
0 0.9100867058161637 0.36945090621424176
0 0.8803864653161961 0.3743889796467254
0 0.8432747874614432 0.36887787515743853
0 0.8106576250039702 0.3584647675672659
0 0.7886039278775954 0.34880262708511595
0 0.7746827342241502 0.3407458620139966
0 0.9286735995496206 0.36707304841794147
0 0.7407925337624492 0.4760111817917504
0 0.7468823882029783 0.4042660639689753
0 0.7287835450195295 0.47080993004881155
0 0.7045923853092056 0.4771750948299615
0 0.7226590355523199 0.472412255244514
0 0.7287109831540133 0.4801601297177446
0 0.7001638816986724 0.47938848665347117
0 0.6898597251597068 0.48135569129889005
0 0.7821350979576294 0.3229888390047482
0 0.7666825795059296 0.3272945147733719
0 0.758768644264276 0.3324732481481168
0 0.9198389833779643 0.32483008408698794
0 0.9443245714516948 0.31499547337571654
0 0.5088322018976692 0.2562890434607911
0 0.5455939615373131 0.26369881487121216
0 0.5192613209323059 0.234350891730275
0 0.4712878239812325 0.24870407914582152
0 0.498020809116981 0.2782018927339548
0 0.8419944561070961 0.31745445871124633
0 0.8786794497526521 0.32403260631302294
0 0.8494948537515508 0.2965569421887017
0 0.805418769804408 0.3110848107277014
0 0.8349988790724775 0.33810369998883133
