0 0.33021881711130907 0.4135005516513811
0 0.3356461753825095 0.3628329863044856
0 0.3381352925099401 0.37806359785448757
0 0.3249094692463613 0.30114855376002625
0 0.33810165964601413 0.3452977494978537
0 0.3443210301016956 0.3210683072589046
0 0.36283735786309224 0.26020095752792993
0 0.16529386581750863 0.2318594707430187
0 0.3743157593006826 0.2092125198029397
0 0.37882565949033586 0.1842317931875498
0 0.39997602515079805 0.09321421519151644
0 0.32893070490551396 0.41963449039210343
0 0.32861882171550383 0.4262494265962467
0 0.32953452787318815 0.4309901184317339
0 0.3276398222154706 0.4424925874277932
0 0.32547701109310745 0.4515311771723158
0 0.32318832627831634 0.4628119225462419
0 0.32200761107955805 0.4739113566714249
0 0.32953405933541086 0.48080491736831754
0 0.335986924573842 0.370981041646937
0 0.31114448122837374 0.3680531511951596
0 0.09394057365409432 0.1491705126892488
0 0.24502243371955454 0.25724250113553987
0 0.21567146524095335 0.25614970264909953
0 0.1881566963115322 0.2528301326122714
0 0.15637097127326932 0.23680437106113275
0 0.2694423578459502 0.25565629214720087
0 0.20906958461813785 0.1968655753107399
0 0.24392650348727712 0.20282867144293915
0 0.17729389239967122 0.19729838280773954
0 0.15756240172728206 0.20325937898982038
0 0.13423025935008054 0.24696900072471104
0 0.22584628254049438 0.49276035338251334
0 0.15812426000707763 0.22429373934599853
0 0.06645083075334252 0.22566172462906844
0 0.11091801964280977 0.22919782285588491
0 0.20518691391381533 0.3316213188080884
0 0.2973133886413735 0.40814620772573307
0 0.30030166147127435 0.4239553166453949
0 0.26426560617197414 0.41258967106594024
0 0.24374379412534367 0.41867134438149306
0 0.27659967981813327 0.4242240169294364
0 0.2591206539532303 0.42613210938296425
0 0.20816313717435683 0.44123653726362816
0 0.31193119689885074 0.36042588348207666
0 0.3095848208238304 0.3434000479086155
0 0.1249269325018935 0.18452790170943326
0 0.27220728075454004 0.2910396116625513
0 0.25169938224277416 0.34918676378605346
0 0.2519187801497898 0.33904456470077715
0 0.12342626711487267 0.32149843926390154
0 0.31665375212576824 0.320791113843273
0 0.18221665585594338 0.17220676327091095
0 0.14700671414282754 0.17410701591066335
0 0.1182361111862247 0.12100612169765776
0 0.3039175100970369 0.19917427602611826
0 0.2720499131749954 0.21463942867156874
0 0.1888166215852343 0.424389990764722
0 0.08365056736056815 0.3840438824672857
0 0.27319715847948933 0.3607267518908952
0 0.2947655209509129 0.3675593362584233
0 0.22517594757965345 0.429785711485296
0 0.23336325818476295 0.4300558739568274
0 0.13780290064429432 0.16135804763468134
0 0.2513424786837292 0.3563898726855874
0 0.23236728946870894 0.1784389485668033
0 0.22912555807250462 0.1637011564216297
0 0.22637133004796153 0.09036000965611649
0 0.1252718374195984 0.14038830352140633
0 0.23192313602705042 0.12724876007858404
0 0.11472307604576465 0.174474242743224
0 0.09936125016916653 0.16218685905845706
0 0.2972692849766856 0.41656203004106224
0 0.26979286484577486 0.418934911454134
0 0.2507453985858064 0.42261355740602613
0 0.2798114247965913 0.36430702684612887
0 0.2293362167314135 0.42998158238819345
0 0.23806456624204098 0.43527143451242684
0 0.23749411131259257 0.43018737749979874
0 0.28420857035158054 0.35647520843632563
0 0.266594850061312 0.4283933667808524
0 0.28318031327130927 0.42760512328232736
0 0.3044963375928533 0.42850377749152313
0 0.29257757175823806 0.476773822010624
0 0.286321675727136 0.4690236994380204
0 0.28979256283884813 0.4582327868731986
0 0.29576324159082984 0.44724936332566884
0 0.30184989362829345 0.4393928121700264
0 0.26527520322598486 0.4338336686646811
0 0.257417396905553 0.43717610482502095
0 0.24814900667858525 0.4418784375716783
0 0.24048702877785083 0.4472028222089702
0 0.22027672305388793 0.3988028296655042
0 0.06683429836723875 0.29605345256529386
0 0.33704812189697714 0.37428045216262834
0 0.25349123367277376 0.4319340071219991
0 0.24584614350322934 0.43342976270338535
0 0.3023776912488012 0.3748413721720378
0 0.2612513804234533 0.3670735166873231
0 0.29874212329397726 0.371303718426615
0 0.24052398214863321 0.2987105583380974
0 0.19118831907143571 0.30707918621891334
0 0.2476439636970874 0.34605562927318495
0 0.15901114090585508 0.10070822162560297
0 0.1666158960841376 0.12751518930546046
0 0.17555645246545976 0.1573960484134769
0 0.23003427690594508 0.4538754059326606
0 0.29704695361576 0.17444453233784488
0 0.3037717744770935 0.13272998765694288
0 0.3045175643912851 0.08854473499782287
0 0.16644838364315434 0.24624164022443415
0 0.10460563425273332 0.25711701744957466
0 0.2855216169156103 0.2531164880324937
0 0.1341929392975594 0.20886983905398548
0 0.29374331411933097 0.28141029817212376
0 0.2667381615075381 0.3443629761466211
0 0.07081868251164754 0.2657167331745333
0 0.11655310311900915 0.27350533927745524
0 0.1480237670588594 0.2853051456550969
0 0.2031227707359861 0.2876013711112533
0 0.24474510009781722 0.28360785708308645
0 0.27478607193830146 0.27833693562029094
0 0.33394591290236525 0.2622187918191278
0 0.06819707104928383 0.3042704484923737
0 0.11644525794540277 0.20427542818822894
0 0.3216742566366236 0.36928792186479126
0 0.2701371586272485 0.30987899526865315
0 0.07167011750901299 0.21944049018416398
0 0.29722837959160786 0.2714544657710608
0 0.24715163234919937 0.34602884324278554
0 0.14787627951505314 0.22337473895343316
0 0.26855211569790094 0.3322063182455223
0 0.07097947245408714 0.33838166489154275
0 0.2872625403263398 0.24639117222805182
0 0.2916827868308699 0.32441637439659904
0 0.12346827254516667 0.43913702269041666
0 0.1308243767621648 0.4523994676583178
0 0.05469369008068294 0.29976457774568427
0 0.09373323550204185 0.411624565101886
0 0.08271402145739849 0.1914924096099564
0 0.22194820101754073 0.5061076363351987
0 0.32563857514143996 0.37281344256508536
0 0.24282484894563378 0.3206119492102065
0 0.0930821105900696 0.2298284612092259
0 0.19007191577541174 0.24243979719892797
0 0.21504762756170603 0.2460001148504436
0 0.2309253746447181 0.43756793996193233
0 0.0717752533119942 0.3390202363897756
0 0.27042948545785894 0.5318881483971719
0 0.19794123182819864 0.49858785495780683
0 0.16760432745333964 0.4792421189350024
0 0.38878583555986107 0.13898903675916496
0 0.32662739356358844 0.5409016009610177
0 0.24034819899732052 0.2469337837834658
0 0.263964886403788 0.2466658923690995
0 0.2794605918574434 0.2469947756680164
0 0.10316936225327761 0.198200941368637
0 0.26505132365327344 0.22858740624442503
0 0.2406616507703242 0.21938778921378466
0 0.21353024759876074 0.21531203491690604
0 0.1873021241481797 0.21554461605891073
0 0.17186857124924157 0.21874747553471285
0 0.07930724253634361 0.1805220057531608
0 0.1746224122208382 0.23731599668591047
0 0.3365967366765823 0.39245510044754045
0 0.24642655995324694 0.39156609045370333
0 0.27286323364273907 0.3579699684858039
0 0.2975878295516163 0.390722159389075
0 0.36984266988335784 0.23430592818616547
0 0.15681213014739476 0.4645813560712097
0 0.18863912725247411 0.4848482702126282
0 0.2660444200290406 0.5239540390838224
0 0.10416170489435961 0.42260979305099905
0 0.2804907638312392 0.23964938348156983
0 0.30825052709016115 0.28971829193766857
0 0.3251411306204172 0.5328306060103194
0 0.23030138418141297 0.5169321169915431
0 0.0597643077625001 0.33837777609502717
0 0.28112316760332773 0.4363472000701289
0 0.2731154699365801 0.44211356976419725
0 0.26473548844896794 0.4500811227275808
0 0.2586290559688198 0.4593259120185463
0 0.2573764304068521 0.4664123259122403
0 0.2458499121766553 0.4282330550332935
0 0.23780063687497555 0.42647874114917833
0 0.23099783503053561 0.4242315456394906
0 0.20011074507789772 0.4103392711879237
0 0.1017080132971333 0.3550761750018752
0 0.3142908142588813 0.27054080080731485
0 0.3078721522781919 0.23330190314658314
0 0.2926090045317316 0.2337768340874397
0 0.25349367821769875 0.4295050337079864
0 0.10090893230357753 0.3932042693186768
0 0.3287550236102398 0.23519562260818935
0 0.2401075946630808 0.4791655563092034
0 0.3506679446888372 0.30052675075236873
0 0.3287218796552988 0.2828390886775115
0 0.3565245243064462 0.2813601482522587
0 0.28222779634129647 0.3162857097521654
0 0.3254441319638667 0.5184426188893165
0 0.3275767529564065 0.4989110917241831
0 0.2809082309908002 0.4930120674033748
0 0.18200039511491478 0.44363464918849305
0 0.22135151815816823 0.3574595717207251
0 0.20832475215070861 0.46303426837581757
0 0.15850662757575765 0.3484002313579953
0 0.1936979296338206 0.3725302759580058
0 0.13468030007076665 0.3733237771094199
0 0.2693749495196443 0.5105068607262445
0 0.26566490442943974 0.3245977478660864
0 0.16126403350870316 0.45094723548753407
0 0.19355893688362863 0.47236349121672966
0 0.16128760299602138 0.42161463446747227
0 0.0790892095002444 0.36820736530978204
0 0.1306646053801106 0.41751338522063736
0 0.07066043897017145 0.37522745189010603
0 0.1721365748578486 0.39330161367305516
0 0.2896701522517305 0.29942146145152027
0 0.27514737567821135 0.3530065263859035
0 0.2601734583387898 0.35575721215805833
0 0.28641570922191634 0.3429042107976911
0 0.2861685657300024 0.21179346738478183
0 0.23905081789201826 0.19438548755532623
0 0.1964111504172474 0.18825179769758085
0 0.16310249426193882 0.18890004452154446
0 0.14228417928711776 0.19548217483828217
0 0.1322013481759824 0.22637446325444666
0 0.05645500507032821 0.26226864619045775
0 0.1453477644719152 0.2572487076547788
0 0.1719266699336249 0.2666158851496831
0 0.20966649156079514 0.27016452085646586
0 0.2462861819609308 0.2691991348990625
0 0.2742597410447487 0.2663142389815614
0 0.29343167538381326 0.26282222415204576
0 0.06935034623125938 0.2570760761998585
0 0.2611958077688257 0.36021691511251464
0 0.3021555228575373 0.30677461567581193
0 0.293060837918696 0.3560322278476412
0 0.30864772489805264 0.3651416559094919
0 0.2944406205591773 0.35838442086324995
0 0.26918912336293155 0.36573841506758903
0 0.3131314888282164 0.367386207037549
0 0.3169297005053814 0.37105169330203236
0 0.2965791899443679 0.24827946292972225
0 0.3093113781027653 0.25425291881583906
0 0.31533206816967024 0.25887091134366613
0 0.1638018581937637 0.221601976618648
0 0.1469131695570322 0.21107732217365596
0 0.3773799148792959 0.3047731921059098
0 0.6080503926498477 0.26204522705304384
0 0.36636147494054544 0.3718781403375266
0 0.7259118446317906 0.19055723182388615
0 0.5148137380302203 0.2755279179004022
0 0.5452358144245067 0.2782914367010585
0 0.5753469447043374 0.2791039307346548
0 0.6182571010750557 0.2691403985164909
0 0.489636310545201 0.2707742063741808
0 0.568817768921832 0.22222682844277378
0 0.5309340450834121 0.22360226465996758
0 0.6032480841447533 0.22662634838235476
0 0.6243465439679754 0.23509295838017763
0 0.6383353300738436 0.28247113075120595
0 0.4394353804206043 0.5105384688643233
0 0.6203602245588343 0.25646435295276937
0 0.7281781007468952 0.2713982026630732
0 0.6723959078768638 0.26922004106913033
0 0.5078950240139217 0.3531291323624472
0 0.36672609918731175 0.41374227924279044
0 0.3605820614577346 0.4286245790664836
0 0.4023397371235779 0.4242867043292678
0 0.4247169383970494 0.43347736157273625
0 0.3883721981873492 0.43319058616249023
0 0.40947960097075514 0.4382287242658622
0 0.4712506437100439 0.4609961967875525
0 0.3609192456877181 0.36391690277968436
0 0.3681333014733681 0.34745864483526734
0 0.662277732720355 0.22061139125982354
0 0.455583881225264 0.3035151508779288
0 0.4397734202413116 0.36260155624624957
0 0.44622913744882187 0.35284801903992785
0 0.6039605060207189 0.35577743389993943
0 0.37292976344185036 0.32463159595095814
0 0.5923055269547153 0.1984940944051686
0 0.6351458508254103 0.2060805141996517
0 0.7011605828120235 0.1586710914598241
0 0.4500456424705087 0.2111846374023003
0 0.49858819331800885 0.23152560978456183
0 0.49620007663839477 0.4471434636189561
0 0.6702329745272544 0.42866138263670717
0 0.4139457438062515 0.37076703339709083
0 0.388364538613251 0.37418926766193067
0 0.4501234604839534 0.44709938022165535
0 0.4422092055469626 0.446339229389159
0 0.6507079053025708 0.1943924873890543
0 0.44075918298230393 0.3700813919058333
0 0.5328011070122699 0.19867294793451384
0 0.5386120347534051 0.18335917835982243
0 0.5827702942779799 0.1128759548191781
0 0.6751501359014068 0.17697662108026507
0 0.5552001869628198 0.14839749771787886
0 0.6788317835280664 0.21259963045765073
0 0.7033869928448512 0.20300061846967268
0 0.36399668329375706 0.42172983617545023
0 0.39527485969197396 0.4291317714632335
0 0.41733697949582516 0.43595614269252064
0 0.40634052009019167 0.3734204681459836
0 0.44593990704178305 0.44676612591545495
0 0.4320554622617955 0.4502039464767293
0 0.4378557562325071 0.4458912711409346
0 0.39848652318560124 0.3644464013132478
0 0.4033657533710013 0.4394871077079366
0 0.3829446769464871 0.4355764717111101
0 0.3581122766064189 0.4326988556206863
0 0.3687144309156555 0.4827317382658645
0 0.36164452179574763 0.47477018960430106
0 0.3603003072839246 0.46357288224841353
0 0.3588172426203635 0.4519565492903776
0 0.3568469190396337 0.44355261113720007
0 0.4030753006915 0.4444736959246978
0 0.4092217014811713 0.44868647585559995
0 0.4163123484905259 0.4546218682014221
0 0.42239955055059764 0.4609467624062462
0 0.46318360471524267 0.4164540770497893
0 0.721557295272119 0.34286003406927396
0 0.4186864905216523 0.44492482743087897
0 0.4251208179610691 0.44729870437585867
0 0.377740505626936 0.38030307799188834
0 0.4289816099883132 0.3793919174130984
0 0.3827842536857862 0.3773745964430405
0 0.48661387519997384 0.3156634089785538
0 0.535010242260961 0.33116446299343627
0 0.45077810961485915 0.36071738766888567
0 0.6568998561126773 0.1324767336726613
0 0.6287825374160638 0.15806308590220386
0 0.6031974005799756 0.18380750993251235
0 0.4432035241951922 0.47032224637050785
0 0.4617975884852027 0.1861102685668149
0 0.4773302269384328 0.14396005423467778
0 0.49954551785304074 0.10078173543493377
0 0.6022076043398571 0.2763943106537046
0 0.6670700185912571 0.29693300500600506
0 0.4730078233445244 0.26628617742590494
0 0.6495863888334121 0.2445703132579618
0 0.4350748826682819 0.290905370406833
0 0.42099471132463545 0.35522964246756666
0 0.6946673010974996 0.30962242802974027
0 0.6458565021868999 0.31038223664814324
0 0.6055059473222821 0.31638034750416894
0 0.5455949180739842 0.31097352038074644
0 0.5024545263137495 0.30153370016693076
0 0.4709326084153059 0.2920798491752869
0 0.393108341009808 0.2661861575795238
0 0.6816987865584813 0.3482517104414717
0 0.6703750433298102 0.2429541916468248
0 0.3512486870781782 0.37139624067331406
0 0.4469019169545878 0.3220503683757669
0 0.7397524505727905 0.26493888054029796
0 0.4473339902700754 0.28170908218601
0 0.4551885168260663 0.3610528197011348
0 0.6325891420308045 0.2576495647996063
0 0.42728566620420305 0.3433070278959625
0 0.7016249648629361 0.38493354577893746
0 0.4743456820395425 0.25968707640117317
0 0.4010407466928667 0.33203931776795664
0 0.5835433408680848 0.47583637316738864
0 0.5825953870885986 0.48921324208396466
0 0.7140158741786007 0.34717068723088057
0 0.6297563218869238 0.45300039560627964
0 0.7172655707170189 0.2346973899986113
0 0.4435708578125837 0.5252293465683328
0 0.34901757129636996 0.37441488008057944
0 0.4727740841072823 0.33678654278159
0 0.6949680616081012 0.27266167265098995
0 0.5759175014898243 0.26782355868519414
0 0.5487703819315142 0.2676667001889411
0 0.4386412700017293 0.4533492362089146
0 0.6677398239006976 0.3826178141194589
0 0.3871330176224688 0.5421032701947087
0 0.48303522439948615 0.5232011680784033
0 0.5278284952107362 0.5097875267019758
0 0.523031605446892 0.2652910188423781
0 0.49883676279446243 0.26226895729417904
0 0.48234182923151975 0.2611222134224743
0 0.6895885960462225 0.239156424080067
0 0.5053426746577653 0.24626103754145395
0 0.5333034609943502 0.24057796586874966
0 0.5617095619314331 0.24002555454611638
0 0.5892733541722036 0.24365795492984504
0 0.605351329855778 0.24894612709398373
0 0.7374919798806749 0.2242800196718915
0 0.5948518871758055 0.26548258095873634
0 0.4357732484109291 0.4052258770943819
0 0.4135917329587011 0.3679702420534471
0 0.378032934313585 0.3965361279524942
0 0.535102564574294 0.49579986784947444
0 0.49109802618308407 0.5106500306587627
0 0.3878925173594479 0.534364596239047
0 0.6289606632562629 0.4637377672206747
0 0.48432203284798797 0.25446722261422045
0 0.40779294645735986 0.2965132327549257
0 0.43701283639996363 0.5350273093860486
0 0.6957217148084681 0.38521509464666653
0 0.3820492808828877 0.4439516638804444
0 0.387245833370756 0.4506429138274097
0 0.3923408761306151 0.45965247759473987
0 0.39625438884340763 0.4696147031772745
0 0.40926994050102394 0.47817615314451967
0 0.42674110307975155 0.44253427532644035
0 0.4339445658373933 0.44185762473272683
0 0.44063923731131893 0.4408232048595786
0 0.4841752786676592 0.43112454634968495
0 0.6207955572675552 0.3930694369658881
0 0.4140699266884397 0.27727227646543745
0 0.4498747280378382 0.24396706758727665
0 0.47066489000360673 0.24693342601418636
0 0.4199627466845613 0.44291211079589554
0 0.61659586982888 0.4320686217021829
0 0.4183500396551462 0.24252066861126628
0 0.42666352952079933 0.4942816816897862
0 0.3852619425656926 0.2866612623312012
0 0.42434809731028755 0.32624118438394895
0 0.37730608962256196 0.5007891004478663
0 0.5008663054759995 0.4683926255394697
0 0.4789131512621787 0.37596330552197293
0 0.4668672487202576 0.4836123173488558
0 0.5525432518262904 0.37686423078833386
0 0.503468605033456 0.3950085153500522
0 0.5731132010367349 0.405669262117904
0 0.384617193841733 0.5200664558727405
0 0.44238619059953005 0.33690305112519725
0 0.5267113381800269 0.4801209247267826
0 0.4839474470806524 0.4963133756517657
0 0.5288483593534317 0.4494822791745513
0 0.6526511148058413 0.410845561383882
0 0.5704510916134476 0.451330235278762
0 0.6711615349170025 0.42036443305326665
0 0.5220346792840757 0.41908526788261297
0 0.42728366982584765 0.30890169403872597
0 0.4082629102191845 0.362371495044387
0 0.4277280066083755 0.36775218945522464
0 0.3959700475262187 0.35059833470047014
0 0.47697369006112655 0.22665738097854923
0 0.5305589704070917 0.21539349742631472
0 0.5780488187250709 0.21423818264708966
0 0.6159544212405692 0.21923130404199712
0 0.640657769979807 0.22899345882139738
0 0.6486700104258735 0.2630223727311104
0 0.725560074617088 0.3093515811300221
0 0.6213665214771963 0.2904458391001782
0 0.5877627476358213 0.29519346854864914
0 0.5460900606485358 0.2932654965673336
0 0.5076718778046878 0.28739406714659993
0 0.4785986198151665 0.2807349697692256
0 0.4582217896537942 0.27434930145245573
0 0.7329925504917837 0.3032114203148748
0 0.4273101116534527 0.3721449428888685
0 0.40207042975767754 0.31371285086707573
0 0.38433364700164474 0.36256674373984193
0 0.3681405128808967 0.3694823305801989
0 0.3851493305294826 0.36491669680865774
0 0.4186974094889838 0.37655661142876423
0 0.3612925276977603 0.37084182273167876
0 0.358852932976268 0.3739486600439178
0 0.46247704974709686 0.2601219838482912
0 0.4426977885926323 0.2636718173044008
0 0.4299825289078403 0.2667350223197349
0 0.613971569367099 0.2529269014247654
0 0.6355474080717514 0.24492028938917926
0 0.22829021632922852 0.22885000889553012
0 0.2633272268601108 0.23131619031460401
0 0.23042923388098865 0.21229586878422457
0 0.19315737963728763 0.2265253330040657
0 0.2258615609462754 0.2455381724899491
0 0.5529489647990038 0.25197792618865783
0 0.5865859029665275 0.2536702215459423
0 0.5551969683120019 0.2354202706053022
0 0.5195131719363892 0.2501709735549076
0 0.5506666561722252 0.2685660077159515
