0 0.623448623749225 0.42868395059005077
0 0.6708941854860472 0.3643317760980648
0 0.6436663704073947 0.378298041354055
0 0.6539453188686267 0.2830519652561001
0 0.6789518021371054 0.34364315485176833
0 0.6811119324487188 0.312410337186378
0 0.6799451167816701 0.2287951180468435
0 0.4605548738947381 0.1656634262398533
0 0.6950492285515951 0.1506561729895032
0 0.7059602441023225 0.11925955560544263
0 0.7256576038249161 0.02505245487327161
0 0.6218592428966708 0.43549652177354564
0 0.6181219642900903 0.4418192827183267
0 0.6141831968789515 0.4457693311183349
0 0.6100946193479974 0.4613665670156479
0 0.6095031209937904 0.4712487145610478
0 0.6069976531940958 0.48377912821977037
0 0.6026490563931672 0.49635650321193364
0 0.5913584057403647 0.5001238614320755
0 0.6617752396218155 0.37293025501396343
0 0.6251325746593268 0.36656378118888194
0 0.3302024369654448 0.03968234026561613
0 0.5328293145512757 0.20149700690222824
0 0.506618640507045 0.1988720802185328
0 0.4796019531786442 0.1934927300914474
0 0.4421011897856775 0.17064558235199556
0 0.5558157031950743 0.2008057396049085
0 0.5172854307229104 0.11853241408648699
0 0.5476830847075452 0.1271493774069392
0 0.4846867873616841 0.11814971452821856
0 0.4592110151829927 0.12526952935301738
0 0.4091645445998596 0.18211915415266286
0 0.4714030040347058 0.5001360431313515
0 0.44979237165787944 0.15544787088166112
0 0.29644986857538635 0.1370653512361257
0 0.3724177287000677 0.15398504299962001
0 0.49324605500568514 0.30313914599625963
0 0.59489597623115 0.4208005903855614
0 0.5912075504336668 0.43729312821574834
0 0.5605759681404933 0.4258221693013025
0 0.5355297097045443 0.4314005754564119
0 0.5652676959238623 0.43660551542821135
0 0.5436094301226346 0.4379429953901664
0 0.4640827086632666 0.43992253917714824
0 0.647058698632147 0.36033444858115654
0 0.6500595850141152 0.3394937856041867
0 0.4244635450127332 0.09520963278153668
0 0.5648994223903054 0.2551940962024357
0 0.5606220918505088 0.3359764523480249
0 0.5576105987572152 0.3214290317633878
0 0.39818350152800913 0.2810751402831596
0 0.6530676328617594 0.3098733305931091
0 0.5140059439708358 0.0798391177278498
0 0.46666344927380915 0.08196332360739293
0 0.3808212441432735 0.011376590735238532
0 0.631880765699822 0.12381445185645767
0 0.5691613073906173 0.14376632746147072
0 0.4495223263359588 0.4186445002322612
0 0.25283487805205845 0.3312307094750197
0 0.5780474862650685 0.35209040415027865
0 0.5997973607610101 0.36243923436040465
0 0.5035604043337314 0.44108866323595464
0 0.510367067773705 0.4415792502786802
0 0.45096696816060855 0.062369907744552776
0 0.5526275735186494 0.3432161598101906
0 0.5684301604557297 0.0910228180496589
0 0.5705247343234394 0.07086828487074893
0 0.5406740808292575 -0.002820473585439765
0 0.4102629779473595 0.0392054355662802
0 0.5529467619793571 0.04111902163080547
0 0.40148058225927147 0.07864541712662448
0 0.36293385777136555 0.06142854486470637
0 0.5930178528246672 0.42997069112632585
0 0.563063803250375 0.4316468576374261
0 0.5396119967588912 0.43478567548420116
0 0.5825151569493439 0.35677760424821275
0 0.5072081646193629 0.4414060229840486
0 0.5187125366343104 0.4480141534753468
0 0.5137147820028274 0.4418141275644302
0 0.6025424860417843 0.35096456797226616
0 0.5464790294189816 0.43984655362108477
0 0.5669246074622092 0.4393809655438299
0 0.5897562116708445 0.4413204686149307
0 0.5527861709504024 0.4926165449878444
0 0.5715910572072734 0.4895317150198895
0 0.5771847425595574 0.47722141937069273
0 0.5822057429215183 0.4651201899284902
0 0.5858111344277859 0.4564063909261123
0 0.5443190733051818 0.44764538342538085
0 0.5389427094031936 0.4508941896583723
0 0.5321476785061152 0.45602582757887633
0 0.5253701448116613 0.4621894143197847
0 0.5033353988243185 0.39191036645485006
0 0.24655543397302213 0.21486216709017752
0 0.6532419080967489 0.3759508574138517
0 0.5293987789393767 0.44482989259388134
0 0.5246080100212408 0.4461044867401538
0 0.6063646570495937 0.3719657469054927
0 0.5550752850654332 0.3561739922217701
0 0.6033288536836272 0.36742197307555574
0 0.5298130019851353 0.2618178157378798
0 0.47828079824862274 0.2691226334999437
0 0.547157413771619 0.3287164773630059
0 0.44836619480148604 -0.003978088109389596
0 0.4706063006559144 0.030423719176779624
0 0.5074989201258058 0.05885958337913389
0 0.4867633414333281 0.4590314235376275
0 0.6360844299197197 0.08999930814556453
0 0.631742413925088 0.05993727536305137
0 0.6305287971120813 0.008064068918642791
0 0.45504435832085816 0.1834997643919095
0 0.36785693960669247 0.19348510328842247
0 0.5721459740205951 0.19844407886266707
0 0.4228353954689658 0.13105195248904436
0 0.5919585752746334 0.2461669627091159
0 0.5872123816415019 0.33372163746667943
0 0.3212138104212025 0.19718417337407237
0 0.39227420844785543 0.21831002935119298
0 0.43588650858272676 0.23667660685984984
0 0.4951706311624983 0.24190880559060884
0 0.5359580427732157 0.23792265345868857
0 0.5668627672383318 0.23222107090379882
0 0.6491098198229852 0.2285076475985672
0 0.31541842335592146 0.24719695186485416
0 0.395432124481253 0.12122951292473337
0 0.646916127399258 0.3704342424869537
0 0.5660052301119203 0.2811155870556831
0 0.26979965473646705 0.1194587528705597
0 0.5930034524720648 0.22441011236413666
0 0.5390613961802877 0.32636830476315126
0 0.43336656300917914 0.1521318711016489
0 0.5848555626428645 0.3160656237731809
0 0.2425073477561059 0.269618269768746
0 0.5728402877955333 0.18978769273861595
0 0.6200750314671061 0.31074441036452416
0 0.33479140739402047 0.42147478564925817
0 0.3150350720338199 0.432941472141639
0 0.26847683524955873 0.2306479721613552
0 0.29905747435986996 0.38008193645788274
0 0.3282107172290916 0.09608523213992948
0 0.45580246720625006 0.5154163076825764
0 0.6415646544293218 0.3734802322543186
0 0.5330198288935682 0.2915992633804031
0 0.3354968117631 0.1510145797677662
0 0.48836241929751373 0.18035171317017595
0 0.5108583056084488 0.18598216519407604
0 0.5125582827174145 0.45066799845384514
0 0.3087128914244797 0.2901234240311643
0 0.497499017206871 0.5497122048035912
0 0.40377803851404914 0.5011822215888811
0 0.3623495595934598 0.4730862797602363
0 0.7161561195617137 0.07690758296976918
0 0.5571901045901619 0.5624687390482944
0 0.531787650335742 0.18827001190055973
0 0.5519336081393387 0.18898567790570467
0 0.56566422821387 0.19016970376605574
0 0.36501921851025976 0.10873769230168799
0 0.5560090240576993 0.16345576689295147
0 0.5356116020323142 0.1497937263354011
0 0.5125276239021964 0.1446305925431459
0 0.48760378781868063 0.1448581608093303
0 0.4704987238282743 0.14858764983389688
0 0.29542870163593604 0.07434667199850083
0 0.47233000737817393 0.1732136964150097
0 0.6367319812593253 0.3936988517642021
0 0.5359430230506088 0.38566443848869075
0 0.5816025152478529 0.34968566609465557
0 0.5978361256420612 0.3897285711506139
0 0.6832936245786108 0.18907070263572362
0 0.3731565209834472 0.45764701755150505
0 0.41220208994396357 0.4861986255516177
0 0.5076931313328121 0.5404196515031483
0 0.279032525970884 0.38704474859911464
0 0.568196386989692 0.18054880953353383
0 0.6222305165036864 0.26309369867262633
0 0.567837791112454 0.5531550708024399
0 0.448398943990469 0.5278682641361071
0 0.26421603414675465 0.27961368946277576
0 0.5638084214828585 0.4514851962742598
0 0.5580890233749929 0.45757322117038396
0 0.5516104324842277 0.4664564693751542
0 0.5453758540198855 0.4769648975004321
0 0.5156986047716244 0.4774646649542062
0 0.5253416537914587 0.4398009340400281
0 0.5207151147010534 0.4381273451058761
0 0.5165450125932693 0.43614984925674355
0 0.4739764476923839 0.403696425323901
0 0.3582153615906187 0.31848060151805047
0 0.6212281822834326 0.23603625553457633
0 0.6045262894552687 0.17171391737849817
0 0.5828683914049811 0.17137244139676508
0 0.5292090388095897 0.4409950230432593
0 0.3328902124548736 0.3628986433148384
0 0.6384356745883174 0.17713858695781748
0 0.49151017379177653 0.48699629734391753
0 0.6804361610632875 0.28447450525734735
0 0.6509814398444217 0.2576799043494722
0 0.6800073247564875 0.2583747025741183
0 0.5916364641617173 0.29432039017910544
0 0.5773282041368277 0.5365684690682785
0 0.584542238841886 0.5163963518712832
0 0.5376255416675754 0.5068288805692093
0 0.4298888972110074 0.43881418108940123
0 0.5078486319145431 0.33807286982950957
0 0.455028022436992 0.4642108349048573
0 0.44013649006576644 0.3210274593985599
0 0.47643766924738884 0.3552517140041227
0 0.4020132017524346 0.34860513171424035
0 0.5217387010545834 0.5247065305709839
0 0.5653989830094835 0.30118608416422554
0 0.39503621156124963 0.4442779733434967
0 0.43128987345034664 0.47287866123344585
0 0.4152695005354674 0.41059405654668807
0 0.30548605112277943 0.3262112491156744
0 0.3693623377577118 0.400358498485192
0 0.27098090946674347 0.32791273237570473
0 0.4450866306281608 0.3787416317540666
0 0.5938439762786679 0.27158812116021697
0 0.5955904448485893 0.34634332559678865
0 0.5694344882731852 0.3456634102308232
0 0.6185940403653227 0.33597101471994234
0 0.5932151995923208 0.1407587188741435
0 0.5560451023604559 0.1160149688306062
0 0.5173608003103215 0.10607805660237436
0 0.47992216747092165 0.10564484712870224
0 0.4474899797983792 0.11341712435950403
0 0.4073874946359707 0.15376981532444126
0 0.27846022808681364 0.1832040845375994
0 0.4270803639260323 0.19723106408896654
0 0.45925713889300823 0.21149745816769808
0 0.49897075646921346 0.21773865469124007
0 0.5341011327893838 0.21776983277953188
0 0.5613851363406234 0.2151455416627552
0 0.5819811051630456 0.21157302001248235
0 0.25642068198193674 0.16563659119217292
0 0.5648592601165824 0.34993692688319994
0 0.6234569852442845 0.28663673922419547
0 0.6227417677316976 0.3534380884922069
0 0.6287018878628379 0.36438993047113005
0 0.6168218292295933 0.355409899548344
0 0.5683623975061852 0.35656412438206053
0 0.6364561680542387 0.36769816221102425
0 0.6316991354460302 0.3708599310854207
0 0.5836793015832487 0.19219654432457425
0 0.60066625945594 0.2006150695292846
0 0.6153109922357227 0.208449561699577
0 0.459694801222371 0.1520830207220886
0 0.4404086451167646 0.1354637402555217
0 0.7008740163367727 0.2899573645190052
0 0.8456632906328077 0.22528775966037876
0 0.6785348499922649 0.3726529359817505
0 0.9069765080576357 0.13750562256445056
0 0.7694338628131411 0.23750902297704116
0 0.7920122221112251 0.2435370574178903
0 0.81450913425373 0.24601402059197425
0 0.844399466138819 0.23094363436102866
0 0.7542945243742155 0.22968816018622853
0 0.8378792032599449 0.17366136503608331
0 0.8071331730031449 0.17302397968976393
0 0.8613957145615764 0.18059377589303513
0 0.8705831008112949 0.19149482548236846
0 0.848986597812694 0.246714256444703
0 0.6625205352902412 0.522654673392358
0 0.8541005810965663 0.21619210852229076
0 0.8804492004539656 0.22896220152792723
0 0.8683793823356214 0.2240762984947018
0 0.7648998034065184 0.34217495996019115
0 0.6484737655390864 0.4284649624772694
0 0.6382958130991977 0.44420844938444054
0 0.6661151652426823 0.4392769797340683
0 0.6748199461270934 0.4499964160763699
0 0.652360931686733 0.4488108719172685
0 0.661236116743606 0.4544629685256792
0 0.699905437781759 0.4704341649361279
0 0.6908365060453829 0.36569718569517135
0 0.7019421586199946 0.3466939819895703
0 0.9031539886541988 0.1705691024661064
0 0.7317316493262416 0.27976970348669133
0 0.7298368029296398 0.35857022074253664
0 0.7318220773468846 0.3455143344791039
0 0.8260237258737502 0.3422107282540073
0 0.7030833478531112 0.3170849671830302
0 0.8814317148340785 0.14706323375196562
0 0.9012076958366062 0.15574190885476444
0 0.914749833876672 0.1045628474134466
0 0.7751682225776755 0.15320495522540548
0 0.778607816475889 0.1806218644199164
0 0.721107440798179 0.45403784487558446
0 0.7734223733777585 0.4012331444932067
0 0.707620117003503 0.3683805845353914
0 0.6866852560121081 0.3739176082222358
0 0.6785302434278571 0.4668526394211728
0 0.6721762813951658 0.4652254468720892
0 0.9136460391075715 0.13976380948139275
0 0.7226283812652463 0.36632194797629897
0 0.8433251688661783 0.1441427949330081
0 0.8558153069537618 0.12575437863883765
0 0.8661438824365968 0.05637031492331754
0 0.9130622054571691 0.12496016715531764
0 0.8539688101281291 0.09412265445875084
0 0.9117156950675923 0.1580593094229698
0 0.9099513421887937 0.1527169810689014
0 0.6445306625379168 0.43758566554473793
0 0.659889141826526 0.4449116335614868
0 0.668821967004434 0.45254694612129875
0 0.6993547017159669 0.37159086835125216
0 0.6752938416017138 0.4661119214866472
0 0.6690926704069843 0.4699870082995166
0 0.6691238324603309 0.4644099438967912
0 0.7075462184198524 0.36355303007623424
0 0.6540893223946509 0.4548915524845538
0 0.64547384692275 0.45056358893280446
0 0.6321535207655119 0.4475783664247264
0 0.6229857995134332 0.5013372646077819
0 0.6287523665181969 0.4974253149136253
0 0.6314599812030792 0.4846249971700751
0 0.6312990611338097 0.4719468495120173
0 0.6286708806519923 0.46257929931516234
0 0.6520091682348562 0.4629892399777537
0 0.6572632839822251 0.46801544440829235
0 0.6619761864776197 0.4748140331195748
0 0.6650765591665454 0.48245224103979445
0 0.7180529014895791 0.42019824949295626
0 0.8212003432538199 0.29992469568615376
0 0.6589606287686721 0.463321641476258
0 0.6643097403904666 0.466410108299359
0 0.6756222238359244 0.3814767233703447
0 0.7082034474157769 0.3771237608531247
0 0.6810462792282519 0.3780281372692274
0 0.7506419059051119 0.2943009700788104
0 0.7852162234485149 0.31398170577443163
0 0.728370637997337 0.3539293464111245
0 0.9053416809310084 0.07759597256131794
0 0.8976317631161731 0.10492102468143338
0 0.8954138765516488 0.1287370588792407
0 0.6796736778772395 0.48327229891134343
0 0.7972646345910819 0.12429958361646404
0 0.7933766168096791 0.08822390492195668
0 0.8077487880768983 0.04048912185041801
0 0.8328755452581074 0.24196399398472
0 0.8571025513760422 0.2631521178652411
0 0.7458696987317956 0.22293515574672948
0 0.877769534840532 0.19926872693974038
0 0.7211326801258585 0.26518229515008307
0 0.7260087866174139 0.3520361337972724
0 0.8736478210143421 0.2799754859312721
0 0.8468847657027452 0.28539279352711594
0 0.8237582639507626 0.29582564215297286
0 0.7841615524628888 0.28618333284621655
0 0.7569289372667022 0.27102977562209835
0 0.7396882312453311 0.25817200969094817
0 0.7018187878572423 0.23646125560221465
0 0.8606673741470212 0.32616665350354235
0 0.8883014185273129 0.19430180677901143
0 0.6745789724847545 0.3735770855908809
0 0.7263332977890968 0.30437888988982076
0 0.8626903914239096 0.21382938850185146
0 0.7291138045813726 0.24561631459256877
0 0.7249822969669881 0.35256644377241964
0 0.859310953837374 0.21568669158479442
0 0.7268241872282132 0.3358544588088989
0 0.8004452156955781 0.34822975883017415
0 0.7480839077869187 0.21400358680149784
0 0.717439996159595 0.32456954445527947
0 0.7474605505881102 0.4739079265490822
0 0.7277370611934558 0.48519432389217876
0 0.8520877834247507 0.3159151356505311
0 0.7745365038838076 0.44242056433273397
0 0.8963964296423871 0.18856136636889498
0 0.6585607867202034 0.5394143611840579
0 0.6640102362827115 0.3763744627651961
0 0.7399961355587711 0.3216176892104356
0 0.8728939702977305 0.22406978393378466
0 0.8218135195581809 0.23435590487459432
0 0.800042509060839 0.23259261273171591
0 0.6729313708517862 0.47413658940273784
0 0.8388545948850072 0.3646672848126163
0 0.6087615802560163 0.5628810807414677
0 0.6728360652923584 0.5337753643160281
0 0.6977827406447866 0.514136629000954
0 0.7800590778174608 0.2268832974459814
0 0.7634168767734714 0.21995466468126879
0 0.7529512656771619 0.21640643581100133
0 0.8941638330402581 0.18627194839975109
0 0.7728438043723935 0.19815978624898453
0 0.7960377013229806 0.19256564981263616
0 0.8208667350851971 0.1936294475975244
0 0.8414481293572031 0.19942274598971657
0 0.8503481666355029 0.2067366205803726
0 0.8904984787754391 0.17242066779214402
0 0.8362046203211598 0.2311092171979987
0 0.7060394460416358 0.4084904359734577
0 0.7116749775798424 0.36584555526142537
0 0.6702329305850941 0.39925331823203875
0 0.7163732861695082 0.49966886613679967
0 0.6882458361594573 0.5195343576047732
0 0.619406886074854 0.553193134199018
0 0.7491822830684807 0.44828765910604723
0 0.7566970993319283 0.20789252260456914
0 0.7124123375700868 0.2763482525620771
0 0.6451865366619566 0.5515583501561828
0 0.8293403361154639 0.35914138354684993
0 0.6425755436977615 0.46274892506392107
0 0.647192830948726 0.4702822291332742
0 0.6500546687647052 0.48032256222289543
0 0.6505749395684056 0.4919769881212193
0 0.6544210724532604 0.49469816788383153
0 0.6669556503386601 0.4599442388700402
0 0.6733060897044514 0.45979572806669317
0 0.6789078268667926 0.4588485568113949
0 0.7226450655447401 0.43622099744236986
0 0.8170319057029226 0.3818629362013029
0 0.7117463599728502 0.24958897858210233
0 0.7427685905409895 0.19432034414747487
0 0.7522242801344913 0.1984296197152656
0 0.6604940340570782 0.45946897605191106
0 0.7898720664822537 0.42346552247586455
0 0.7290195829194525 0.19364049940005593
0 0.6582939543801806 0.5070590970308885
0 0.7015992599013059 0.2651908046849396
0 0.7199564190662425 0.3128544219162153
0 0.6226232357971047 0.5169062177772107
0 0.716307168421538 0.4747194042672282
0 0.7391711734235287 0.3706194043159485
0 0.6890697918184425 0.4930007804994998
0 0.7893984032713849 0.36972247815650444
0 0.750946597236654 0.39292910960705385
0 0.7883724942803383 0.40083587985971697
0 0.6240105084750963 0.5364938958831456
0 0.7247007158787354 0.32393411877362627
0 0.7256955015270606 0.48491672238577965
0 0.6936566525179407 0.5046195440318273
0 0.742498971035947 0.4528168855153996
0 0.8156723111220028 0.3960224491098653
0 0.7631285987470461 0.4509784728936527
0 0.8039188362334085 0.4004066603339237
0 0.7515741351829923 0.4195863750965699
0 0.7192566083825153 0.2899175356587638
0 0.716893479551958 0.3610779559482699
0 0.7216320471919101 0.36527153240597765
0 0.716783386533675 0.3487204871099928
0 0.7743875841083734 0.17280582134490427
0 0.8206331164616606 0.16308897416228835
0 0.8563680946826935 0.16543280372153157
0 0.8790954898880876 0.17278482998194902
0 0.8863980557931506 0.18364161939724633
0 0.862019226602886 0.21961633122485616
0 0.8686290271580219 0.2726253663716109
0 0.838856104599393 0.25931091030006825
0 0.816890224814415 0.2665646531983562
0 0.7878655399317327 0.26229779234398964
0 0.7618315605365712 0.25195002141206163
0 0.7450817439543165 0.24204015608714974
0 0.7344928782271303 0.23395683946816817
0 0.8388838214070901 0.25523394271731376
0 0.7151839022079239 0.3696220585833425
0 0.7135008029315782 0.29978780163371044
0 0.7060245811615301 0.36325163011965544
0 0.6850398221741552 0.3704923615507458
0 0.7005956095197926 0.36498171389102935
0 0.7046777997975764 0.3746458972925725
0 0.68155780143064 0.37282814059568486
0 0.6718501443772212 0.37547450000825133
0 0.7410372191149256 0.2147074595093727
0 0.7286608128444009 0.22011871156485185
0 0.7238708374940831 0.22639528798020403
0 0.8534071576660094 0.21203073412179946
0 0.8703280752119811 0.201743165500786
0 0.5109332493789818 0.16277027266181032
0 0.5401943981161584 0.16731279301254645
0 0.5157937554885512 0.14148852624323058
0 0.4807029607827249 0.1580718442149784
0 0.5056187644114961 0.1841866356847079
0 0.7950363735789838 0.20792267672393633
0 0.8228014147152072 0.2129162906952526
0 0.8000125083262506 0.18534493873948638
0 0.7670114293046619 0.20299756274275157
0 0.7903139869803968 0.2306860002486602
