0 0.42267372532059316 0.41094017590301624
0 0.3797111719360818 0.37006953315458435
0 0.3904183570133603 0.37915262407150824
0 0.3322234327459465 0.3366627725570098
0 0.36930376882462396 0.3587238093217214
0 0.35610101898403274 0.34289959418600885
0 0.32442187797278166 0.30407281543897546
0 0.20763926912585032 0.3431658692981886
0 0.304060707192706 0.28102724016576575
0 0.29164859765897627 0.2674538728551588
0 0.24143951920711476 0.20946633945340695
0 0.42523991365147673 0.4143601779056632
0 0.42736794831960095 0.41746632020542584
0 0.4287815768595623 0.41937333604563837
0 0.4286227965646464 0.419402942493342
0 0.43111808079740277 0.4223922791256421
0 0.43418042248357896 0.4262558029613633
0 0.43758883367738 0.4305393829725791
0 0.45325671071591583 0.4451490020838337
0 0.38512158944554953 0.3752764266902122
0 0.3676500061283941 0.38100215166375256
0 0.11074969569302123 0.3261212309201558
0 0.2597456633963663 0.33460103493669757
0 0.24504928120776362 0.34215527816095215
0 0.22937270772197974 0.3481463897919309
0 0.20422079389833886 0.34999573446702265
0 0.27086138862954534 0.32658766965935193
0 0.21101520890774933 0.31806953143382416
0 0.23018600087126959 0.31155536820491153
0 0.19625232344412286 0.32643676300843555
0 0.18916010771594619 0.33420635198337445
0 0.19570975981490768 0.3629089276427808
0 0.4069885255202003 0.49171659955080005
0 0.19933721277376878 0.3428607896186303
0 0.14375413318529076 0.377704573498256
0 0.16946107671474633 0.36372429391612177
0 0.2876350119224061 0.3890916104765906
0 0.4007964446816755 0.4167542237302531
0 0.40838072853891744 0.4240362601003785
0 0.38308360508602596 0.4272857833167781
0 0.3707587054890135 0.43582723041375476
0 0.392432636540869 0.43057918051878613
0 0.37920407788909 0.4365355117597442
0 0.35790216542132525 0.4575459769238596
0 0.3647277193224948 0.37546438713004626
0 0.3527010587732429 0.3653548696766729
0 0.1589863287365955 0.3374960647113081
0 0.2969317244284827 0.34658796178257983
0 0.3212104693622045 0.385973604692929
0 0.31500965701011213 0.37966777103534644
0 0.23759391867434201 0.4066265452167262
0 0.34141426250014617 0.3502146340366723
0 0.19091989342933116 0.3124036203691925
0 0.16968930585552816 0.3246028617672298
0 0.1085224584068941 0.3016235155687816
0 0.2735869533827771 0.2944590165347293
0 0.24957606253092704 0.3089077992067821
0 0.3352034737801422 0.4530094224905622
0 0.25199250014417846 0.4800000242564989
0 0.33981096023774665 0.38733100675154425
0 0.35693945468443894 0.3852425632269486
0 0.35536147030475346 0.447588254576144
0 0.3594109288862218 0.44598041280456213
0 0.15415585555298172 0.3214234742133514
0 0.3247768893918913 0.3906748106946116
0 0.22547427977880705 0.3020385807191116
0 0.21478590778196635 0.29467474118522974
0 0.15104563080746194 0.25249238646980643
0 0.13013139403546634 0.31052764818288275
0 0.18024572329190763 0.2714660691394322
0 0.14413071039092282 0.3363931526740392
0 0.1277926809194943 0.33120813080366107
0 0.4046944518290136 0.4210353212943975
0 0.3879713941689419 0.42915786198083905
0 0.37499569874742755 0.436227897371071
0 0.34573457333380764 0.38759898038014123
0 0.35747863441381766 0.4467480115700459
0 0.3677887284885282 0.4448105269584103
0 0.36160176733265753 0.44517641352570575
0 0.3453023809453715 0.38142259980457416
0 0.382412470796186 0.43662425270978955
0 0.3956005278488864 0.43126579924770025
0 0.41109047838203283 0.42549141831156134
0 0.43047377224201744 0.45335322834443353
0 0.41716698063132557 0.4373086764328722
0 0.41385945523886575 0.4329585145781006
0 0.4117905423855004 0.42899767881718237
0 0.41108844453549903 0.42555204228214594
0 0.3823795084558103 0.43690437726352527
0 0.380803768320576 0.43917234090791235
0 0.37959608427532343 0.4421151120593582
0 0.37935833462878416 0.4454314522985099
0 0.33701436865426926 0.4265596544828968
0 0.18672769739414039 0.4277393917242686
0 0.38772673645745154 0.377168626241062
0 0.37217243922793347 0.44109563637470856
0 0.3699824423731669 0.44280810675759247
0 0.3668192850182886 0.38734935072885046
0 0.3372575360471788 0.39465791008610657
0 0.3619545345073161 0.3863423918036447
0 0.28541733020835597 0.35982930833014887
0 0.2651666884674974 0.3781190898971281
0 0.31664050386651704 0.3853998458471851
0 0.12009618483969699 0.2772739108489907
0 0.14588525368953528 0.29063059972680133
0 0.17760700027903784 0.3061611675049948
0 0.3791610515150039 0.458749205953833
0 0.25661425859383913 0.28324957904608355
0 0.219114126070686 0.2547652366152708
0 0.19031775212320295 0.2310375894109408
0 0.2148558300231462 0.3512265317249989
0 0.1846012582435556 0.3773055266642916
0 0.27743842752407427 0.3207132330407267
0 0.17646662603415872 0.3450643402942713
0 0.302397476590198 0.3348817082418912
0 0.3285209027969319 0.3785457049590954
0 0.1732372634679727 0.39443475115990295
0 0.20396996451460797 0.38059570975061774
0 0.22929088046531315 0.37669541956721875
0 0.2582434398000655 0.3626944964778596
0 0.27610634571022313 0.3490474919478099
0 0.288038712926209 0.3375672194836796
0 0.3110507922651975 0.31284021748148877
0 0.19603101990145186 0.4174700046795002
0 0.16166977884004946 0.3496449516303297
0 0.3756392709101024 0.378446851303612
0 0.3070934178388637 0.3581989938798158
0 0.14021367976522964 0.37747799140819605
0 0.29608084018463676 0.327338466177816
0 0.31618785028062435 0.3859664970549984
0 0.19264482322108487 0.34661958031896234
0 0.3214873004218806 0.3707796175410782
0 0.21586342564905467 0.4542270235825276
0 0.2737631265721891 0.3171682202297708
0 0.330208434358887 0.35943324043267016
0 0.3077615539583823 0.4953856040602145
0 0.32194051506888605 0.5086952309677566
0 0.1848450042307377 0.426102884221768
0 0.27418988368109515 0.48698325239229895
0 0.1340369229083476 0.35236824832964636
0 0.41341737414831703 0.507222329792769
0 0.3799211139912191 0.3796566914821017
0 0.2994537291967351 0.37228053117143933
0 0.15593734731816727 0.37052371644455456
0 0.2257445709698874 0.3406421613434087
0 0.23957262342066868 0.3358724659335786
0 0.36614541555552377 0.44715332984924316
0 0.218785940386031 0.4398169932158097
0 0.4612333165562671 0.51139979172444
0 0.3936444584118283 0.5169827106638231
0 0.36113513981842477 0.5148514122634694
0 0.2647159810623397 0.23688641762819843
0 0.5015507823909107 0.49835691028747003
0 0.2518087350965842 0.32961560181085614
0 0.2629267571736937 0.32297414130922675
0 0.2705017133899357 0.31915287133576214
0 0.14704175844140674 0.35158233171787817
0 0.2526782044897909 0.3159630836352058
0 0.2363372995801594 0.3190868121126424
0 0.22232665680348873 0.32444576206414594
0 0.21049817355916553 0.33137688494246936
0 0.20452525721781928 0.3366731727036877
0 0.12091203783031391 0.349786686292593
0 0.21537963317140288 0.34256608395472815
0 0.39920015568318573 0.3880800524915474
0 0.3470115484264882 0.41379927552264667
0 0.3381782899327252 0.38578608848046564
0 0.37556601736856543 0.3979237913221553
0 0.3138985280757365 0.29159212987060135
0 0.34422156684424565 0.5021927613711011
0 0.37791121775365394 0.5056345566459324
0 0.452052463169979 0.5023124675819839
0 0.28811296585785307 0.4979178045970806
0 0.2664468545952569 0.3160554306662601
0 0.31556726409041364 0.3351174623206042
0 0.49243932525100914 0.4892025078120439
0 0.42641204044870706 0.5165890206893285
0 0.2116590966673001 0.44990053643351013
0 0.3955613938362702 0.43143400463505066
0 0.39463069864913175 0.43459316677805304
0 0.39528938439553196 0.43812550604343414
0 0.3973916102524685 0.4422524567099585
0 0.40338728463520174 0.45791269968385284
0 0.3683688656791397 0.44160869285680243
0 0.3646265529905972 0.4421962488820587
0 0.3612979878064083 0.44247002359749615
0 0.3323136759193047 0.44041343378847925
0 0.245557497376981 0.43722173852333124
0 0.3063512041192988 0.32289310901061347
0 0.2810721924204541 0.30643909705289896
0 0.2705362887810106 0.3107879915531131
0 0.37222752841594425 0.44086863618829975
0 0.2666444182395935 0.46685753136441327
0 0.2965268837692945 0.3021787605855776
0 0.4047735965122347 0.4745075447835784
0 0.3451689886658088 0.32937660748543945
0 0.32171968492152897 0.3252566599327585
0 0.3350082946455349 0.31689326961835224
0 0.3188331657615693 0.35785759207995044
0 0.48004822044268897 0.4755373160908188
0 0.4658045619726181 0.4593069987452548
0 0.43701304471039254 0.46946067762547644
0 0.34548013211916323 0.46985083991202753
0 0.3108557358627086 0.4003781475450682
0 0.37488117214778194 0.47461227791896765
0 0.2728602740427722 0.41298495449017786
0 0.30631599753447203 0.4178424240022466
0 0.2743767170316499 0.43750541689603223
0 0.44390760912843374 0.48758238446021424
0 0.3138858340680599 0.3677946186583975
0 0.3384141459980089 0.48559655745824176
0 0.3731781062062668 0.4899011729420095
0 0.31882559143654676 0.46131832962450775
0 0.23970292986411115 0.4584301723086316
0 0.2986931056594071 0.4716301011866417
0 0.2399047715994327 0.4708594973536505
0 0.30635962003599043 0.4382509610791137
0 0.3115352685360805 0.3462722990391911
0 0.33829143141274864 0.38167701143285504
0 0.3298559301816251 0.3878051541421724
0 0.33923446994436823 0.37200686098008917
0 0.26196092553436756 0.303765501557053
0 0.22952770085438437 0.3083068902293841
0 0.20441749841784654 0.31632309072259546
0 0.18646778583364643 0.3259632688933525
0 0.17679788002177424 0.33551742374033167
0 0.1828601102790107 0.35477209328741266
0 0.16155116701417643 0.4024512260288432
0 0.2094553538152705 0.3639385421638903
0 0.22883731515511221 0.36072160433168
0 0.2501523424263882 0.35189015515472577
0 0.2675886840923973 0.34102675772231555
0 0.2799645350517138 0.3313383416853089
0 0.28799340724135225 0.3239627562571263
0 0.16273924898680137 0.4024954658487569
0 0.3327911915257573 0.3902645275212716
0 0.32399387600953167 0.34643611441487854
0 0.3508561145028342 0.37839526866657147
0 0.3649355573984592 0.37991614639759064
0 0.35263625621471717 0.3797867978396623
0 0.34078527792640356 0.3914236212554185
0 0.36937586517761584 0.3797860139090082
0 0.3733277341917805 0.3810734632222549
0 0.28011577608792676 0.31572536972985754
0 0.2917211849404418 0.315434034967768
0 0.29901031558604346 0.3159898940635764
0 0.2015939233014765 0.34009732953880145
0 0.1865342715755105 0.34111497605192487
0 0.3615037920358388 0.3249610919451368
0 0.4425385849469382 0.24957502773706464
0 0.40316268485849316 0.3667759530354237
0 0.47344186610501743 0.18118622402350107
0 0.40334923767849157 0.2763103424854901
0 0.4204053552416356 0.2710085280131603
0 0.43667875748613605 0.2647002772360608
0 0.4536876757831677 0.2502791542505872
0 0.38787980094228103 0.27963490093099896
0 0.4060202041721862 0.2396460756443549
0 0.387850906294973 0.24795310134473053
0 0.4249630650586408 0.23470778288184732
0 0.4392608659260947 0.2342448587650838
0 0.4749444228313539 0.25099407287611475
0 0.5389700169148652 0.4399827684181324
0 0.4471313961498115 0.24416608914085056
0 0.5273644327307525 0.22522932960503345
0 0.48864318576195964 0.23565997118535248
0 0.4593898450712795 0.32074597521104675
0 0.44159880758303666 0.4019361574580704
0 0.44588892631556676 0.41049438067104504
0 0.4640484757559455 0.3979732573464297
0 0.4804830428050912 0.39618087829887005
0 0.4624980184371057 0.40547398423803027
0 0.4764297269284725 0.4017424220624177
0 0.5170842151602973 0.39384027041386865
0 0.3943225708992585 0.36363040515478107
0 0.38671219770027243 0.3517590296873148
0 0.45654347684720287 0.21843346089556598
0 0.39773774989273236 0.3062364117822785
0 0.4346349521175675 0.34099202959433844
0 0.42995798174777755 0.33407444258530933
0 0.5103006707099469 0.29821350868197455
0 0.3731952185702065 0.3374803599672041
0 0.40598173641964147 0.22557880589063617
0 0.4333009241229814 0.21884895720775577
0 0.4382837078655544 0.16948966509190158
0 0.3388640644109767 0.26567280854004016
0 0.3748801201581955 0.25847491406012274
0 0.522027093431224 0.378287504332653
0 0.6129922823089621 0.33801408608754474
0 0.42752742994090787 0.3525582469891811
0 0.41623404119973595 0.3617923752121303
0 0.5023307625366293 0.3952011740294056
0 0.49825696792939433 0.3965826688901238
0 0.43629302797110187 0.20801983061044113
0 0.44010919032861356 0.3450799666453099
0 0.374345113320843 0.24051616027735281
0 0.36908165875660337 0.23082777037136798
0 0.34510071454164776 0.17449690455543823
0 0.43603367747172067 0.18753064013477685
0 0.3533668629825115 0.201331347335076
0 0.462141218635699 0.20869389338337857
0 0.468315415651254 0.19497160537951236
0 0.4444968284958083 0.4065889949383943
0 0.4635728011312692 0.4019416972346928
0 0.4786736207163852 0.3989390860433164
0 0.4252629872897397 0.3561481267645739
0 0.5002288873428884 0.3959352989559588
0 0.4927038655656835 0.4001753185538278
0 0.49590738425436226 0.3973847606043885
0 0.4146680495013361 0.35375473421552905
0 0.4742885774568371 0.40373031341511273
0 0.4611139508045238 0.40778932342494745
0 0.44591967947781086 0.41294238705565967
0 0.4754572677547517 0.4354427646899569
0 0.45770522401384683 0.4225771561049033
0 0.45367869880536327 0.4183955916028092
0 0.44981481118694594 0.4151477146407832
0 0.4458636084328527 0.41299321189306787
0 0.47480741872087767 0.4038241499144098
0 0.4790265982889611 0.4039255382790082
0 0.4836316125710373 0.404687806316044
0 0.48816147973032104 0.40616125624248944
0 0.48360099967407144 0.368170487276022
0 0.5775088138230469 0.2734411432259325
0 0.4850172581879989 0.40077586169692053
0 0.4888088039891875 0.4003822762465131
0 0.41403496216820634 0.36883222927217896
0 0.4401584585075793 0.354126683179883
0 0.4151049407765917 0.36544975141684216
0 0.42159824130003865 0.3054228746804638
0 0.45687415224054584 0.30174882688384125
0 0.437589219406895 0.33752509627653204
0 0.3967251047168089 0.16619004870670429
0 0.39862580443529977 0.18860740808473117
0 0.40370645827573276 0.21478249985670697
0 0.5079566275134034 0.407316142882126
0 0.3311519462858205 0.25007240560607635
0 0.31100590737617534 0.21754015884969546
0 0.2954133527920298 0.18879713236853696
0 0.4489720623292353 0.2574294249432674
0 0.500696075918234 0.2503433843021807
0 0.3772845475570015 0.28111681730850885
0 0.45982638568333956 0.231906040855076
0 0.3789964151447234 0.30411911960961163
0 0.41942055272343365 0.3423693957536117
0 0.5308383478094703 0.25241835728503653
0 0.4952786451448565 0.2635572932768559
0 0.47690017667153606 0.277320593919443
0 0.4425389005438141 0.2889397919609927
0 0.41462312954599445 0.29392880503682123
0 0.39305558970764926 0.29642203115466714
0 0.34320183827177336 0.29987731003674906
0 0.5496678392848243 0.27729020354108536
0 0.4726618508929792 0.22508189838001694
0 0.39408815255307633 0.37105605762073957
0 0.4071858086339805 0.31826945988164435
0 0.5325242663207261 0.22156035122664078
0 0.37508003324594186 0.2967873820360156
0 0.43945797370827716 0.33716595151286194
0 0.4552266664155152 0.24182712751022284
0 0.41336954368845275 0.3342081811549007
0 0.5980859405320623 0.3037430158127909
0 0.3747863528197226 0.277063412402851
0 0.39232484267457673 0.3346396043248799
0 0.5982446506943392 0.38152490275493567
0 0.6118442811395811 0.3952408670515254
0 0.5717272894537967 0.273084977398748
0 0.6055405842059333 0.35670359389505524
0 0.496229222935179 0.20791495375443195
0 0.556932493639381 0.4514035928076592
0 0.394850038477908 0.37366680800914764
0 0.4304314822606418 0.32013997068439703
0 0.5051550039130709 0.2305068291615749
0 0.42841092586193397 0.25907974269079126
0 0.41476283376307593 0.2646953123419181
0 0.4966159343071606 0.40037673646989075
0 0.5683820677678222 0.30146300576735235
0 0.538941998925546 0.4811851183573405
0 0.5829468285259993 0.4431662846734558
0 0.5983511120404886 0.42230084668035095
0 0.40072105209464615 0.2689360766739085
0 0.3870786056732354 0.2727810213531273
0 0.3787962565927402 0.2758740981419881
0 0.4826603807185007 0.21670480234467465
0 0.3843553903634134 0.2633619116268296
0 0.3960649812513072 0.25469085466170654
0 0.4099325534442197 0.24873627419920935
0 0.4251868933763193 0.2449720221153204
0 0.4357235158753136 0.24414557628873465
0 0.5027768061212872 0.19748927706825561
0 0.4369009376867958 0.25402819807978644
0 0.4608607719773832 0.36861803328645404
0 0.42567673479409324 0.35105234233365545
0 0.42453991978064826 0.3785564709400785
0 0.5875794049352407 0.4071512561345446
0 0.5740035845209723 0.42929904789164447
0 0.5301604457199574 0.4719698567321335
0 0.6166504007642684 0.36880588920220087
0 0.37742102567268454 0.2721190833743068
0 0.37029677686160023 0.31319995019314945
0 0.5642577776604373 0.4629070957501729
0 0.5899288834113142 0.30062431755705155
0 0.46143147632803605 0.4077976853519246
0 0.46610308155093505 0.40876722465390747
0 0.4704628069277691 0.4108595094387082
0 0.4750529180240372 0.41407610756763513
0 0.49470250551467354 0.42138892628144525
0 0.488013114132311 0.3988220713276794
0 0.4908105648406174 0.3969434337771457
0 0.49302324960413185 0.3950596745463385
0 0.5053298796486595 0.3713092933530393
0 0.5488935048165529 0.316960661523584
0 0.3600110188126564 0.30135571179182635
0 0.35465442810369574 0.27662421525388525
0 0.367080248568369 0.27216250006703363
0 0.4847699003699033 0.4006728793399921
0 0.5793932778355868 0.3432939635670703
0 0.3384897314497958 0.28488015480663464
0 0.5169122148629116 0.43020082945409027
0 0.3529848154310299 0.31271039856516797
0 0.39884893142658734 0.3260292497234068
0 0.4937193511134904 0.44706025114957837
0 0.5405019241506639 0.3926618919856306
0 0.46195957510043745 0.34044670130031696
0 0.5321065913885832 0.4124118227889572
0 0.49972975335043407 0.3228199682805849
0 0.4883445609846841 0.3455569623173147
0 0.5329619991876509 0.33498032671817835
0 0.5142580100699611 0.4600409668856773
0 0.41562662241251574 0.32733198568440863
0 0.5665046871518311 0.3958856500145318
0 0.5542086471358071 0.4188583197369092
0 0.5422400564117276 0.3727731793255046
0 0.5830854106208553 0.3227393802093423
0 0.5679870456781076 0.36530720669290295
0 0.6030627279339925 0.3278057933717534
0 0.516454353928566 0.35482490408247797
0 0.3881354694781096 0.31568957022998645
0 0.4183307265781838 0.3497915466626485
0 0.4325772254201381 0.3471018805883933
0 0.40349097574210685 0.3463513453801473
0 0.36053101726524206 0.263481800754865
0 0.3825534023344517 0.2463013333254966
0 0.4060403322396071 0.23516171792711038
0 0.42826161347329617 0.22904114014860513
0 0.44630965201751044 0.22782564260389493
0 0.4702020537756059 0.23971298412568326
0 0.5517069808328929 0.24779789614072745
0 0.46912029288385226 0.25987851576528687
0 0.4542805420477753 0.27022659638221713
0 0.4312132858549771 0.2789568793082583
0 0.4078780879145083 0.2846596089826114
0 0.3891615099881006 0.2879812146226565
0 0.3753123476129511 0.28956696261530335
0 0.5555158143296189 0.2468930441832197
0 0.43509439103629277 0.3497565310934316
0 0.37946472584229446 0.32425249702688574
0 0.4059833845366602 0.35634643508904223
0 0.4021311038700135 0.36507176618645154
0 0.40800846449058986 0.35769330634587054
0 0.4333568899689809 0.3548747620720794
0 0.39930637156509835 0.36781183900176617
0 0.40022237396434596 0.37030654152234393
0 0.3692334608539291 0.28042552112669183
0 0.36165934622935625 0.28781869273254834
0 0.35764881126258685 0.29331749591274536
0 0.4422183593168207 0.24414707882248837
0 0.4501859881793675 0.23595468991476556
0 0.2299724820515384 0.3294832743164422
0 0.24679805609681035 0.3224306421867315
0 0.22131476555343554 0.3205359079267668
0 0.2129622312343639 0.33661497891813086
0 0.2385492128846438 0.33856738434321637
0 0.41386976473681303 0.2556382740537326
0 0.4302855362386807 0.24911778711754343
0 0.4055091476310854 0.2467188417263653
0 0.3975203737778508 0.26203277026829513
0 0.4223291285983894 0.2645027789732684
