0 0.25598706658795584 0.6084434662383205
0 0.16931908636642018 0.5816618210781878
0 0.2089616429033897 0.5803190088881471
0 0.07643991265651419 0.535832338630201
0 0.1436876073586855 0.5693671586224065
0 0.11490258024179106 0.5457312299991949
0 0.04342092269902035 0.47763748081347435
0 -0.11367425201036375 0.5315892339324038
0 -0.028028461715872054 0.4271744146895485
0 -0.06337659950736615 0.4078451920622073
0 -0.1815412154586481 0.33676573767448764
0 0.267272197657066 0.6146721044858805
0 0.28125191006443195 0.6200009768191999
0 0.29325870701449097 0.6226245028713641
0 0.3034409999275665 0.6286319479013023
0 0.31889228740756176 0.6399095761128508
0 0.33892272702223963 0.6525895487957488
0 0.36022876806968124 0.6629393678694107
0 0.38547842622660905 0.6653086720183253
0 0.18598065073255726 0.5845304045814295
0 0.16906033059675918 0.5915335123531353
0 -0.2744764779969085 0.5120883427869779
0 -0.03763317633018219 0.5117704829278464
0 -0.053090517183573695 0.525099702060413
0 -0.07022998673166875 0.5358604185116558
0 -0.10397017559559225 0.5369943911656023
0 -0.029091520561017006 0.49981673809286126
0 -0.13015222620906874 0.48928172376970896
0 -0.10588150230243051 0.47873560213052424
0 -0.14482055307864 0.5012815841280234
0 -0.14600815575757473 0.5122322613438859
0 -0.09442983428351313 0.5543216208870799
0 0.328928676726435 0.7087428232732291
0 -0.12488675989407144 0.5298209712147331
0 -0.16133156140073598 0.5672547523967755
0 -0.1176496579778566 0.5456580976708628
0 0.05944646777008935 0.6022155978047429
0 0.22868239193511525 0.6195067929002804
0 0.2627109462122837 0.6307162375876698
0 0.22161986930764838 0.6361196719038601
0 0.22523842026575577 0.6489339954555987
0 0.25254579299359586 0.6397044390154342
0 0.2493409295733884 0.6472948781979351
0 0.23510950060485364 0.6834790679974297
0 0.15035006253839397 0.5916551429623613
0 0.1233517318177852 0.5819247308820962
0 -0.18697852839668877 0.5126871847497008
0 0.037110938156823176 0.5377089251725438
0 0.10467162685428592 0.6013579517126845
0 0.09164632388727842 0.5915772084610912
0 -0.0012016576542842874 0.6278621339188597
0 0.0969726179572318 0.5591570424576537
0 -0.1861533671260166 0.48532704271066684
0 -0.19691674929442737 0.4996930546463488
0 -0.30717844414196427 0.48860241791691644
0 -0.08864988311589193 0.45535488517139666
0 -0.07696273887186028 0.4733434217616011
0 0.19529900619451948 0.6765584036374626
0 0.10416022922209413 0.6464010141908932
0 0.13505476184314388 0.5997351838376956
0 0.16140935089376618 0.5961264425192397
0 0.24509611389905714 0.6635991717679813
0 0.2497326866042414 0.6596584573340493
0 -0.21707008968440178 0.49211163328478513
0 0.11765603496016358 0.6045751876343554
0 -0.15305365975812185 0.47040045956453197
0 -0.17778252025874114 0.4599511511980916
0 -0.29272174320632605 0.42463087597594096
0 -0.2734919919384469 0.5024988433233084
0 -0.2356579239419896 0.44926587651712824
0 -0.20056001531134407 0.5069301492109085
0 -0.25151603270491824 0.5233622685598489
0 0.24540556234707364 0.6267703544027128
0 0.23732145512990244 0.6390123762452183
0 0.23708898829613373 0.648800121138271
0 0.14597131165383245 0.5991765921489118
0 0.24749503118528737 0.661669944612363
0 0.2569393659953019 0.6630904346990129
0 0.25195693812496084 0.6577650815153274
0 0.13210483191968153 0.5959333291830727
0 0.260038606697421 0.6450975358295745
0 0.2652349434882331 0.6389618984426553
0 0.27633824851587235 0.6316774053314623
0 0.352233091990153 0.6805575139606341
0 0.3314303457022285 0.6757244751476251
0 0.3122039670280987 0.664422506151108
0 0.2956616541178678 0.6500621395179639
0 0.2853683250413524 0.6375297511728427
0 0.26427923689643257 0.6477647579896945
0 0.26562965802437394 0.6561144170479272
0 0.2687166709122326 0.6655373800867281
0 0.2745314722152637 0.6744031077756668
0 0.1701143266771623 0.6471039276724806
0 -0.03861842338415644 0.5934573874686854
0 0.1971989006733151 0.5829409953123464
0 0.2590705339285395 0.6515014717182793
0 0.257697282935218 0.6573404374594887
0 0.1798697011076289 0.5971315263178402
0 0.14104210158332076 0.6071053095899832
0 0.17081720980523016 0.5968910877506572
0 0.03073125334380628 0.5568677623051043
0 0.014297330408073444 0.5875755687491201
0 0.10180861472511749 0.5968271931901146
0 -0.31527737347628 0.4603308527804792
0 -0.2708766579056244 0.4782355896200235
0 -0.2107775907436435 0.4763331593225558
0 0.2713303272958568 0.6874070255139384
0 -0.12698672701128952 0.4393456136456694
0 -0.18433472621355126 0.4173780185536455
0 -0.24879364043974475 0.38571424977467084
0 -0.08837748131306052 0.5400303542233122
0 -0.08358386680662488 0.5713311007228522
0 -0.02585661511341159 0.49089067165082256
0 -0.1443517798428341 0.5234047916179267
0 0.03558175226481412 0.522143689683451
0 0.10379317860237414 0.5949831587818865
0 -0.10611282764293022 0.6010855108785172
0 -0.07107301410153616 0.5865277419455897
0 -0.050382704900608935 0.5879953006585947
0 -0.022456383390678205 0.5659177687983162
0 -0.00603295873394973 0.5424294611706901
0 0.0007717420728944189 0.5249144334953052
0 0.028784004189699387 0.4929704524267215
0 -0.05104803981826746 0.6297994624501981
0 -0.15544858181791055 0.5267502565543872
0 0.17448522547166123 0.590519850627302
0 0.0628667534541169 0.5558372746450833
0 -0.1627695661940449 0.5493477427730926
0 0.0022633624591415734 0.5094368834845936
0 0.10331809256288359 0.5940327317760394
0 -0.1250031230261 0.5294371272999638
0 0.08897127764973994 0.5823676305266615
0 0.02826294710310243 0.6190984615693077
0 -0.03324045080075161 0.48472149236895407
0 0.08920436711620083 0.5704389962906273
0 0.19664856255483285 0.6933014545196923
0 0.22778113111317586 0.6903661904624476
0 -0.0522325120383887 0.6191337263812653
0 0.14127065966741073 0.679973848330708
0 -0.21110571817242557 0.5441527447571008
0 0.3474910176343483 0.7181595911423619
0 0.18697769321697794 0.5880209977824848
0 0.06455485769313016 0.5750019037114165
0 -0.10890969369623014 0.548174216343572
0 -0.08810732790606199 0.5260761561104284
0 -0.0707768484842863 0.5166735014976404
0 0.25768659440733543 0.6685355856014897
0 0.00604371144045457 0.6496884131583923
0 0.42013167134291834 0.7161231398963319
0 0.32715476159569173 0.7133334439973862
0 0.28432301122793474 0.7038600764716395
0 -0.12122436521722259 0.37520603230966926
0 0.47345006094276193 0.6953792557739221
0 -0.05670517668735495 0.505053526010757
0 -0.04550641860893304 0.4939526617527008
0 -0.03737675543311689 0.4875748995393991
0 -0.15993333591831674 0.5246167720887608
0 -0.0635861499989919 0.4872927443859295
0 -0.08646352571263302 0.49439537810822265
0 -0.1059957381060941 0.5037257801800871
0 -0.12005326230463079 0.5146009423100529
0 -0.12471916792775802 0.522704150920478
0 -0.22854009077703352 0.5312169738851797
0 -0.10201650986568533 0.5302755647002698
0 0.23096653726175248 0.5899968903285627
0 0.17199950281092874 0.632077415339863
0 0.12924475135277216 0.599317688054551
0 0.20175558614502137 0.6092843230539998
0 0.00951680848352629 0.44948516352869833
0 0.2507324444590141 0.7036589717331786
0 0.29767272312292375 0.7105855746581532
0 0.40189946412468414 0.7155823272447617
0 0.17213679331955578 0.6711640971156355
0 -0.04451757412162616 0.4856262804029849
0 0.053911323670288926 0.5288272879946346
0 0.4559616230660491 0.6946315831079269
0 0.371911813315156 0.7197921833100791
0 0.009892273292267065 0.6414195845683162
0 0.2720691328711933 0.6435621235126885
0 0.27758199190921923 0.654589122286239
0 0.2871265705826757 0.6669843371112507
0 0.3014344623048814 0.6788010183995524
0 0.3108306122626618 0.6878976902832239
0 0.2497099951016817 0.6534850990619904
0 0.24174660944538437 0.656169623707811
0 0.23340585649156456 0.6577095815929742
0 0.17865344002950106 0.6622000165259876
0 0.0444362031327163 0.6543735743711551
0 0.031025672130447497 0.506727358213248
0 -0.036651613186303375 0.4689307013830057
0 -0.043152348171892785 0.47491274255152327
0 0.2572602120806559 0.6506307387885194
0 0.10924192376845747 0.6741776622522372
0 -0.028175679756868945 0.467295469853063
0 0.3185749522787776 0.6960246531536785
0 0.09151711895597353 0.5228060229708211
0 0.05421388856798625 0.5159646861088543
0 0.06925489569453598 0.5012822439685797
0 0.07681550718039917 0.5607979192901343
0 0.4333215222941886 0.6860319911100613
0 0.40781675768699005 0.6739685661114824
0 0.36684413665204313 0.69084464818144
0 0.22492696555684225 0.6898952109364275
0 0.10701503470647249 0.6149084007206816
0 0.27151139234181504 0.6951439492999555
0 0.06087629186163703 0.6346591514901231
0 0.1169773826210333 0.6380706004822216
0 0.09033313965340027 0.658155120599765
0 0.3834597818571315 0.7058028670164723
0 0.08055522073087075 0.5711498645167
0 0.22748468877028505 0.6989040507104831
0 0.278588754381779 0.7036072109073115
0 0.17774079886557673 0.681440820518774
0 0.05825052008354407 0.6633002639959414
0 0.159455460324276 0.6855519204474867
0 0.07316718227285847 0.6609189727435858
0 0.1390674047047 0.6596367192534974
0 0.05825013958578773 0.541892974140545
0 0.12042481336090491 0.598211465361781
0 0.11859427324587779 0.6031145205893836
0 0.11007041439449758 0.5892235571964861
0 -0.07482951279166791 0.46541023206786986
0 -0.12243365626826846 0.47394112733225474
0 -0.1521444084832994 0.4875827443104582
0 -0.16654742464458913 0.5013451121104792
0 -0.16447409237031457 0.5127651559087796
0 -0.11984969600499105 0.5362326785588798
0 -0.10890573306049374 0.5943673075959325
0 -0.08167243632767127 0.5602622020739717
0 -0.06028147509915652 0.5581192598937038
0 -0.03824230135201836 0.5438749885406738
0 -0.021322275237213792 0.5252194631213959
0 -0.012386025999375671 0.5103413782561549
0 -0.0076956820430801355 0.49919443513257816
0 -0.09966811230428499 0.569003769764885
0 0.12808878187367098 0.6040316256471335
0 0.07233224912798948 0.5486540670592945
0 0.1333576380777702 0.5956422295242834
0 0.16111640221209264 0.5923391410146659
0 0.14067279392009158 0.594187281097467
0 0.14291995313527772 0.6039367918960583
0 0.166805829504411 0.5928197615443708
0 0.17826865302573006 0.5909106228679133
0 -0.025584887829330043 0.48253753010076456
0 -0.01049152767057899 0.48486603410860984
0 -0.004858881020717484 0.49065199265845666
0 -0.1258568908099076 0.5275617504653077
0 -0.1403819429788658 0.5207918596724732
0 0.11755840269495829 0.5091634895474004
0 0.22570575798729914 0.3124459942880149
0 0.21510851497558667 0.563041377181824
0 0.23164768013165152 0.16383027073483877
0 0.17060831653700173 0.37954068988466416
0 0.19902444243145218 0.36432001946833187
0 0.2251100887497552 0.34680792441764197
0 0.24555841867300532 0.30954152279006786
0 0.14347017018629207 0.3901788409525594
0 0.13652159798917152 0.30338486214986626
0 0.10883260330707907 0.32696039703326485
0 0.1701436941858104 0.2859429668028134
0 0.19985186939330982 0.27905230685925714
0 0.2848936540903233 0.30557564277047167
0 0.5081252365661182 0.604368730855826
0 0.22874923847276243 0.2984764548821952
0 0.35235754934717994 0.2247623304684703
0 0.29519125511892125 0.2672324729994082
0 0.29611001883765203 0.4498003473677955
0 0.2795966064615501 0.5871803242558489
0 0.3067446198108957 0.603241613212104
0 0.32550101457454034 0.5739589523964416
0 0.3596199370688386 0.5664721814969096
0 0.33525867199154497 0.5886454268956718
0 0.3600083215059422 0.5780304252339629
0 0.4517781194165456 0.5486557533184941
0 0.1896522984230261 0.5677242656104481
0 0.1696960731661863 0.552804867394816
0 0.21127372022441251 0.23928894026401326
0 0.1811689625826957 0.4444707418783023
0 0.2542312596913436 0.5081221878338165
0 0.2445897578621368 0.49508362846633497
0 0.3714751748444079 0.3881721191893751
0 0.1411113954133553 0.5307146152749229
0 0.11668763357958348 0.2713565131345877
0 0.1644116165540773 0.24822714044072758
0 0.15580935786953934 0.16544669680892468
0 0.023784453920323214 0.37337167556293477
0 0.09494887145874883 0.3523816342551868
0 0.44229241412320586 0.5223804258119565
0 0.5518334981063001 0.36920069510373066
0 0.24996596631958046 0.5293262740864921
0 0.23755561690822208 0.547662839912378
0 0.40490217946416185 0.5585851806421249
0 0.39804177032671956 0.5626133239497773
0 0.16095825350827736 0.2254357344140641
0 0.26724402352774457 0.5106866581561847
0 0.06951884871764148 0.31109130496795945
0 0.05106309906755992 0.29537276652293465
0 -0.017802376970112752 0.22831711149253783
0 0.15610605964271856 0.2015063783612114
0 0.012334134938905564 0.27120474980662046
0 0.21529321204558266 0.2172763293829208
0 0.22349819648180078 0.196295195922684
0 0.29405730262362983 0.5959033064377575
0 0.33054139917131237 0.5818667015709436
0 0.35978116434540963 0.5725069732521288
0 0.24933043129438404 0.5352800887423201
0 0.40131100704915806 0.5607960130840826
0 0.39608836402710107 0.5724268759401462
0 0.3945465525277227 0.5646228317064218
0 0.22477156681408414 0.5399542892702852
0 0.3602214348401955 0.5817035376644744
0 0.33819874356404767 0.5929112227770467
0 0.3154755213277803 0.6069228270183356
0 0.421808559545796 0.6387320173243745
0 0.38790316547421244 0.6409242275995187
0 0.3651395067036581 0.631693754714137
0 0.34223734674979744 0.6207909892542294
0 0.32526742354285515 0.6123752361669327
0 0.36446931179193 0.5839454925860079
0 0.37601513571018796 0.5850150208122814
0 0.39082583792203907 0.5869724744805893
0 0.4061131654597587 0.5895432866038606
0 0.3644627049672518 0.5251118357950887
0 0.46257996644905147 0.2691624882979134
0 0.3791048812637512 0.574156244722799
0 0.38683562713275427 0.5734683242849649
0 0.24034743271857428 0.5583411496096906
0 0.27560257339934935 0.5225036693647647
0 0.23874404976407973 0.5533939583804279
0 0.22124213880772214 0.4336975251142971
0 0.280988311596054 0.4151633187128713
0 0.26109104619609363 0.49602936327267
0 0.07433484341029069 0.18449583544898718
0 0.08647566204734272 0.22359204825501852
0 0.1041881179780983 0.2511771959237778
0 0.45226712821484755 0.5761988544806885
0 -0.004597548243524931 0.347175015713841
0 -0.051260547815181086 0.32222109223707035
0 -0.09956892345734923 0.2787938876369129
0 0.2430103116755863 0.3268998383333127
0 0.33198611456141486 0.297358813282019
0 0.12375889036009352 0.39637412059421356
0 0.23621159506072814 0.267374668639308
0 0.14721491668435882 0.4495316456301144
0 0.22654786870348081 0.5188811080524335
0 0.37696579205904074 0.2858289793466988
0 0.3331551420316993 0.3275343483438888
0 0.30754781598381575 0.36192806079364814
0 0.2494362788520557 0.39462237221935687
0 0.20049664013677362 0.4117010986557403
0 0.1619967010667284 0.4226973231988974
0 0.07468152010469414 0.4625650362465709
0 0.4232267438650703 0.3243366327053442
0 0.2530174372579268 0.24902153348389525
0 0.19841715071698746 0.5758036099874173
0 0.20254261116329714 0.4658289009008926
0 0.36093037134165956 0.19914022678384385
0 0.12825239590889545 0.42949654023868206
0 0.2663450629876958 0.4902831784452493
0 0.24070153776690256 0.28947949223815445
0 0.21356298497540774 0.5036966372221804
0 0.5100235744631834 0.31343273085336715
0 0.11643837295847831 0.3889526739097632
0 0.1752351346633417 0.515598217995403
0 0.55488668128455 0.47849648324445415
0 0.5825311577291512 0.479930243457849
0 0.45519018116043053 0.2905661030032764
0 0.5507696955609951 0.4288953521762031
0 0.286412618428969 0.20724415022153825
0 0.5352037398935222 0.61072827413821
0 0.20577580437099904 0.5758991402368576
0 0.24431785762452965 0.4589969850957584
0 0.322017626796695 0.2502077801730305
0 0.2070092916202774 0.3388290590942858
0 0.18500882487217013 0.3547515982446579
0 0.4059116746024262 0.5714876662237576
0 0.46494569395371765 0.3573335543417702
0 0.5244587599802361 0.6580671785167231
0 0.5674700188122207 0.574902524392064
0 0.5775646242878134 0.5334812167543954
0 0.16140099723847937 0.3668393273703968
0 0.13793859757679544 0.37747463745811877
0 0.12367561323751362 0.38556794846019804
0 0.26595645371100884 0.22770039884807963
0 0.12237367963047623 0.36048986498540203
0 0.13808519298510014 0.33976966180740453
0 0.16045020252680606 0.3233821916694458
0 0.1868029236793518 0.3100127222629401
0 0.20605714787110435 0.30386440127421493
0 0.296511028882125 0.17478483367842226
0 0.21904583657674082 0.3247326103547892
0 0.32508980027205653 0.5359931197791054
0 0.24418018661814628 0.5290646473058878
0 0.2676379078869625 0.5683536435278079
0 0.5549562777832544 0.525267814771055
0 0.5465184979015689 0.5664020184510813
0 0.5082390399859678 0.6559010319435559
0 0.5754729243491193 0.42652139248558507
0 0.11700561728408869 0.3793649706787195
0 0.1323639681870989 0.4776367476573006
0 0.5523881254722175 0.6170587844361132
0 0.4983700350891772 0.33043808668566205
0 0.345686040050406 0.5969979452629821
0 0.36137811342875165 0.6014282613897476
0 0.3809695969954383 0.6077661032493884
0 0.4020899897284931 0.6150587343941101
0 0.4437756635588136 0.6063919486329198
0 0.38008943650362303 0.5696117761797799
0 0.3829074374777522 0.5654420970727841
0 0.38552104197531867 0.5608858247153675
0 0.4040869111351544 0.5205998094127582
0 0.4422805149206441 0.40158550465068876
0 0.10946347723476035 0.45533915897146965
0 0.07395374031661511 0.3940861601227769
0 0.09505625830279837 0.38163273269756914
0 0.3778226384156042 0.5730707703497463
0 0.504924696984051 0.4280157480567408
0 0.04558477020092148 0.41705158076728116
0 0.4760380683185385 0.602432648689983
0 0.09825679788486563 0.48700234122550523
0 0.18941844796105253 0.48890315857939065
0 0.4500470967601529 0.6419663357848938
0 0.48472656163094424 0.5330577090906259
0 0.30948413447510426 0.4855298703661361
0 0.4874218693740076 0.5660711817276745
0 0.36603045949547125 0.43962498280567863
0 0.35942021033746735 0.48404717197814306
0 0.42710086824796756 0.44538898332812155
0 0.482510335153813 0.6490084108072348
0 0.2197133852995271 0.48226893833650947
0 0.5237305564560193 0.5229878090441037
0 0.5181217428019864 0.5631319219692827
0 0.46978157830181166 0.5021674567327713
0 0.4985537117333721 0.386106561643247
0 0.5046794488847398 0.47464499391686804
0 0.5323695158786911 0.3738341504773393
0 0.41114009427223847 0.488195809502952
0 0.167583947416118 0.471327058994732
0 0.22817164287864447 0.5329433733853288
0 0.25356810398810775 0.5200157405469364
0 0.19735886538914926 0.5353119443780698
0 0.06950038592878291 0.3642754985596806
0 0.09464422247106795 0.3229489330285654
0 0.12966656770637566 0.2928962566125126
0 0.16786852514715217 0.27269248864330803
0 0.20377455912619757 0.2633387538762138
0 0.26420984794195895 0.28079140829011656
0 0.40790205836581955 0.2549868953494599
0 0.2818093565728167 0.32567920661962835
0 0.26100330687255313 0.352479987155896
0 0.2229718124266151 0.3767886232263364
0 0.18320741013085529 0.39428088640252623
0 0.1506399845333694 0.40573978747803563
0 0.12564237154930902 0.41332932854422366
0 0.41276191407256274 0.2317860399286587
0 0.26089816842433644 0.521630443704014
0 0.15143256135981717 0.4977442888786998
0 0.2073495085004994 0.5512786561879106
0 0.2100802544209597 0.5630694937210875
0 0.2143110435643642 0.5502765050140052
0 0.2629666234091889 0.5288162539942196
0 0.20587378254325556 0.569083133920694
0 0.21245305572482323 0.5695288928743368
0 0.10727875424231842 0.3974860252473301
0 0.09774817615675983 0.41456797757087804
0 0.09206673931732452 0.42851345112529426
0 0.21851429850649204 0.3007813329323412
0 0.22374783760066227 0.2786044950683277
0 -0.08665195857878212 0.5087624531203565
0 -0.06606161651565588 0.49440076680609973
0 -0.1084259772758118 0.49371988466753364
0 -0.10780583511439444 0.5229366714009842
0 -0.06508053764164877 0.5238609247314282
0 0.1704032455416892 0.3337207934536492
0 0.19798452476803347 0.3158226366907644
0 0.14553517474830865 0.3191059116547862
0 0.14280853647408154 0.3513178246470686
0 0.1952708147698455 0.3483628753465585
