0 0.6009731687929319 0.4034515650591988
0 0.5838237997630368 0.35037665544212726
0 0.585795899529172 0.36323460375053296
0 0.5490340038972057 0.30046388852423517
0 0.5800306222037129 0.33514523981274036
0 0.5740231423760238 0.31392273522805475
0 0.558467338833472 0.26182207875493646
0 0.39832834296090447 0.27183538502541144
0 0.5508082925706453 0.2317833649939385
0 0.5464967368170619 0.2130698356507481
0 0.5249743833732994 0.1291620840412983
0 0.6022365932231364 0.4085507058147071
0 0.6030283103818479 0.4134317926954532
0 0.6033264707126047 0.41660767296950024
0 0.6030172674066346 0.41640323616456293
0 0.6047320016862258 0.421300802109898
0 0.6062534670143024 0.4272674586677897
0 0.6076323530110328 0.43409208100343094
0 0.6097392311076755 0.45685141652390576
0 0.5852035300239272 0.35754061997800635
0 0.5604599373334128 0.3589358273623646
0 0.29162807709982863 0.2228995223624119
0 0.46272254864806717 0.2758232132140277
0 0.44059676583856344 0.2804031579930713
0 0.41863206863079383 0.2830320658783118
0 0.3894015665206572 0.2784530550133491
0 0.48162334367794835 0.27014444320314174
0 0.4183499155485112 0.24301524838243704
0 0.4449078656895005 0.24062985106222873
0 0.3958252854645252 0.24895125147009242
0 0.38268682972082624 0.25622718025376834
0 0.370155720728571 0.2901891465636267
0 0.5259381277972589 0.49538151811862335
0 0.3891548556478127 0.26920530221600464
0 0.2969352904626209 0.29119982235673547
0 0.340092267598147 0.28302421798740607
0 0.45782912603538967 0.34656357462855353
0 0.5713397669403449 0.404482847214609
0 0.5765936565787896 0.416682295717191
0 0.5440121011646546 0.41378851774810016
0 0.5247769775274007 0.4218487987915675
0 0.5534053335533194 0.4208177576462428
0 0.534109321584844 0.4250704408555791
0 0.49020213131671364 0.44250776154407556
0 0.5636749290253805 0.35225213567415875
0 0.5568735707227302 0.3380158506873725
0 0.34739177552578243 0.25044302858304285
0 0.49606149344016676 0.3011607993124188
0 0.5022629176306984 0.35221462847961893
0 0.49846513038906065 0.343417820615181
0 0.38770908704432455 0.35186579650726874
0 0.5526409705533929 0.3180279503913893
0 0.39958688754426397 0.2301338166538356
0 0.3680359085049966 0.23845863639228587
0 0.3080337676017181 0.19460783045792926
0 0.5048928511450472 0.23225768790512846
0 0.46927920542657375 0.24313334332428116
0 0.4671420351318691 0.4303543158415435
0 0.3466022196833206 0.43564867476622265
0 0.5218362366051778 0.3587870036346325
0 0.5428160152438543 0.3610039951576703
0 0.5000431614158594 0.4328182523233303
0 0.5050485165708739 0.4318927735954091
0 0.3532277346467194 0.2301687480530877
0 0.5018046679299163 0.35844796269700147
0 0.445089517566173 0.2273621856086496
0 0.4386057376699603 0.21601220727830694
0 0.39416737016290426 0.15132059648201085
0 0.33057065640130767 0.21149516613155173
0 0.41777417804721906 0.18212969898097758
0 0.3316264425039939 0.24440762389829193
0 0.31142291410461714 0.23431422696381377
0 0.5738366275377895 0.4114625896664633
0 0.5487925443474365 0.41769215810126153
0 0.5294702926488675 0.4235512337822845
0 0.5278955880228592 0.3607432523715323
0 0.5026736690298371 0.4323405402078145
0 0.5160059678246793 0.4323896761389746
0 0.5080279923327591 0.43137526468954224
0 0.5349773939941889 0.35330477734838706
0 0.5376576963083252 0.4260708737200585
0 0.556792926610164 0.4226714867180672
0 0.5787478134683941 0.4195808336354684
0 0.5768760122844706 0.46001813841470773
0 0.5789668831326391 0.43727214882771176
0 0.5779850039145221 0.4303527191497277
0 0.5778319557075915 0.4244722236973652
0 0.5786302918973176 0.419463039956231
0 0.5375272912661666 0.42600589137578354
0 0.5342970183929023 0.42859681004631345
0 0.5313011470210293 0.43213438620601874
0 0.5292260807979366 0.43647292925827746
0 0.4896569392927315 0.4020817541125892
0 0.3064609034715787 0.3589511013765266
0 0.5854368170966273 0.3603598957044491
0 0.5230370335199911 0.42868053092472796
0 0.519560455020679 0.43035931680081546
0 0.55306252853378 0.3661805302768514
0 0.5124447771712489 0.36626910148323444
0 0.5481007711799897 0.3636105794837509
0 0.47403188920377387 0.31264517089163046
0 0.438893530436832 0.327637263506219
0 0.49545139438756136 0.3502729608528856
0 0.34021048146583466 0.17044500283141067
0 0.36425875507943006 0.1934815602026124
0 0.3893454398392983 0.21927461017301117
0 0.5141050057566684 0.450641430158546
0 0.4939456661434277 0.2144211038839126
0 0.4729051342557954 0.17485477942703426
0 0.45374146913704666 0.13851005184477655
0 0.40030488355652144 0.2826521586680758
0 0.34690762380057055 0.3032081498615984
0 0.4937942726942508 0.26563158960662026
0 0.36182950315592083 0.2646876133546449
0 0.5104531242471674 0.28979084727124893
0 0.5174815558382998 0.345707175416359
0 0.3219797282439211 0.3191012888067011
0 0.3660247530788183 0.3126824069498242
0 0.397007018894605 0.31560555802307266
0 0.4396700001848133 0.3081801879233208
0 0.46969946324015444 0.29795229229806125
0 0.4913326685681291 0.2886224605035091
0 0.537150377974562 0.267889266644699
0 0.33173020256926183 0.35155329680529196
0 0.3416113014454427 0.2648802256022674
0 0.5727278047605701 0.3584799266595771
0 0.500838762189707 0.3171116601729739
0 0.2882102931566212 0.2890329308051994
0 0.5080122890193826 0.2795644880852837
0 0.49318760135413514 0.35059603487235913
0 0.378853313219936 0.27134944844073144
0 0.5133697867555462 0.33517828832070035
0 0.3220565393972008 0.3968314096547555
0 0.49248924292623997 0.2604782366450282
0 0.532520483976797 0.32514479745557345
0 0.40822305137534504 0.4697162938722666
0 0.41291180747034756 0.4872991846523423
0 0.31025433431015065 0.3574912129105001
0 0.37304285087663197 0.45081631310176157
0 0.3032592849239059 0.2599471859849881
0 0.524391976185143 0.5136754489031391
0 0.5752903828802316 0.36092090693073
0 0.4823459493725196 0.3307236085335414
0 0.3202854926981356 0.28666051790334174
0 0.42041728208246437 0.2735635177164838
0 0.4393745583846517 0.2716837444923062
0 0.5129862882034935 0.43497330425442127
0 0.3416060838929337 0.38310528276623157
0 0.574346157843652 0.5307058843149655
0 0.493035937740427 0.5173022289207017
0 0.4561043956681438 0.5054544141327125
0 0.5350555053142749 0.16830379391709963
0 0.6264852107219074 0.5268608696650767
0 0.45787046120866487 0.2678080914353115
0 0.47581252674369706 0.2634811620565428
0 0.4875269958992367 0.2615597242138524
0 0.3236912205491377 0.2624589328424654
0 0.4672981226897758 0.2525498483707939
0 0.4454455268771752 0.2512201957296634
0 0.42563469950919564 0.2535364532816237
0 0.40790278820887854 0.25852930858947226
0 0.398124385625124 0.2633467688076738
0 0.2859010111702525 0.25244897058692534
0 0.4074646488803884 0.27317930245097133
0 0.5894377511804518 0.37634919767362485
0 0.5110387734096983 0.39065302573684335
0 0.5219936243298909 0.35649168383384094
0 0.5557627217115267 0.3811153829961583
0 0.5538203400438246 0.24538485954205194
0 0.4471353722493286 0.48768004083978955
0 0.4843196025847093 0.501323561521544
0 0.5714003851070352 0.5191233011259548
0 0.37797938161732064 0.46564225938873016
0 0.48427580216008687 0.2569903838785662
0 0.528075247436114 0.2939847541460093
0 0.6245182103112988 0.5152333380951397
0 0.5316657678264639 0.526626668114593
0 0.3244720298149016 0.3917427227117013
0 0.5565312384911205 0.4226046666718911
0 0.5537622884401808 0.426672736155814
0 0.5524225087593431 0.4316161542698957
0 0.5523222777182641 0.4378555739919345
0 0.5424902812456307 0.4571243001930956
0 0.5185286460201377 0.4286763132482335
0 0.5142337391557901 0.4284463896267656
0 0.5104651296835231 0.4279426182957663
0 0.4735784686939872 0.41584267683219217
0 0.37484950863796734 0.38841786807861883
0 0.5240172748656377 0.2776731614401375
0 0.5067236042055099 0.24997101033079452
0 0.492356862305947 0.251877445295669
0 0.52298712062285 0.4287664510201717
0 0.3785058478622333 0.4270826340585515
0 0.52624126928656 0.24965956504794135
0 0.533353654505766 0.475759983278703
0 0.5685843251159658 0.29590162786020746
0 0.5428965073888716 0.28476132830415946
0 0.5635899960508813 0.27915609649558
0 0.5167970602279124 0.3201329023509786
0 0.6202425526697999 0.49768563478753186
0 0.6145662607868081 0.47597589818895725
0 0.5740337801044402 0.4796016237873962
0 0.46905380378112843 0.45270812176707864
0 0.4775491781208826 0.36546894799971924
0 0.49957022151869274 0.4668438151694726
0 0.4242669577993777 0.36944242102512415
0 0.46013102915299975 0.384016300889029
0 0.40869507946721884 0.3971661124108494
0 0.571091080489366 0.5014422288623409
0 0.5033015651709359 0.32974637288978137
0 0.45122988457265106 0.4681581034176592
0 0.4886336235896401 0.48318182860595593
0 0.44409983734721725 0.43543378414883127
0 0.352607031636264 0.40979618568351306
0 0.41377506757398014 0.44148395070131274
0 0.3430090989593578 0.42308722911537555
0 0.44548020924886933 0.4065004330182421
0 0.514852551014527 0.3051521372104037
0 0.5270186170692677 0.3517736402758654
0 0.5111340570627995 0.35663071652685385
0 0.5360264935247276 0.3414174067801323
0 0.48665598545061506 0.24070230471915094
0 0.4461930383644674 0.23678947585648386
0 0.41228635969531274 0.23935984841723373
0 0.38568373109497456 0.24564695800992026
0 0.3686499080580214 0.25394689345705335
0 0.3620229071897009 0.27727400354933046
0 0.30021248753789975 0.3242616762501606
0 0.3849255143381331 0.29533573617969733
0 0.4087252365830152 0.29713068891694583
0 0.43905566292612447 0.29311461735894717
0 0.4665144429258678 0.2857644725320996
0 0.487586432096103 0.2785626844759437
0 0.5021210137106802 0.2727667233110338
0 0.29646915533458407 0.3235950122276942
0 0.5116743523546535 0.3601969427604606
0 0.5320942150023968 0.3089806125431821
0 0.5453970996339036 0.35154621713403345
0 0.5591978974964308 0.3570216650116271
0 0.5454589335409843 0.353460560242335
0 0.5192060498115809 0.3636859252616979
0 0.5647185070683127 0.35818694877451746
0 0.5669294660506041 0.36068281909261923
0 0.500390694314695 0.2607913388722185
0 0.5125426949285294 0.26408290398725565
0 0.5197246306292389 0.26727466080067813
0 0.3929569655219498 0.2666458353616189
0 0.37553479785666516 0.2633924100925957
0 0.588557723990601 0.2955980154051297
0 0.7150129944733952 0.23672001976249873
0 0.6074487762120755 0.35297390062739886
0 0.7766213141705679 0.16571867455174957
0 0.6536312415062085 0.2558382201021996
0 0.6758772981879504 0.25476354106828786
0 0.6972750044711258 0.2520968247259009
0 0.7248462404569854 0.24031177800202716
0 0.6342487937730291 0.25510325984678406
0 0.679915008418586 0.21502408099131307
0 0.6540101810317972 0.21953273197447043
0 0.7040102400047623 0.21466676847658295
0 0.7201290664303562 0.21803386012713113
0 0.7442552656259226 0.2465514387341513
0 0.7018276145276816 0.47219011176755465
0 0.7230341794050258 0.2314940625126811
0 0.8038328260831211 0.23014985888764478
0 0.7667633819029384 0.23335939019486523
0 0.689164935408727 0.3175192684799001
0 0.6273138391096955 0.39613868641680566
0 0.6274419984091884 0.40894993902116583
0 0.6536560628725134 0.39710423307142395
0 0.6720641622238833 0.39920144258201984
0 0.6481277198409257 0.4062546931099201
0 0.6651976267280786 0.40480408353218134
0 0.7107712087099967 0.41328122164460196
0 0.6031280686349972 0.34720836698577023
0 0.6025241833666096 0.33223269318324933
0 0.7465409926422264 0.20543218085515327
0 0.6316258676512085 0.28442436607851496
0 0.6560080477400966 0.3325048538221829
0 0.654274334402188 0.3234984575622324
0 0.7530433463499598 0.3062972363786421
0 0.595500445884207 0.31262465490811114
0 0.6893987628104894 0.1998366647656413
0 0.7225090808680524 0.19969749650445537
0 0.7512610033964333 0.14302748463292053
0 0.5938193133181852 0.22581020116374112
0 0.6330176202337379 0.2279063863814741
0 0.725308491969886 0.39596790064504184
0 0.8174248711894387 0.3752295250693957
0 0.6411812156438828 0.34343896925017453
0 0.6235241061481445 0.35070686938538065
0 0.6959730815952239 0.40228302766015567
0 0.6910415657836458 0.4029334235018578
0 0.7318443798500559 0.18886020687827165
0 0.6587602813606677 0.33826535637827887
0 0.6465038959260868 0.2078807680071264
0 0.6470703971774682 0.19604687155156897
0 0.656937852744823 0.12097561915499577
0 0.7418307078111431 0.16397938008109728
0 0.6513182616428189 0.15570786876091058
0 0.7573353827161633 0.19648406384647757
0 0.7677084512036779 0.18095751630439275
0 0.6281627973784571 0.4032834002721137
0 0.6510776125866434 0.4020967569904051
0 0.6687824061221402 0.40204744030168094
0 0.6363853224269722 0.3467837072153022
0 0.6934339402486449 0.40261324160340906
0 0.6827787186788477 0.4064842250899992
0 0.6882091608384381 0.403356305822946
0 0.6280148822976195 0.34148760096750397
0 0.6618988840314357 0.4068331173148708
0 0.6453195959329605 0.40903884161641635
0 0.6259502511795448 0.41238433273806085
0 0.64029041564335 0.4518381958638412
0 0.6343067102944073 0.42906852703595505
0 0.6321025054253961 0.42223796982696093
0 0.6292861752697955 0.416693773822508
0 0.6256412504969732 0.41225846522096277
0 0.6616526966023705 0.4067498182041058
0 0.6664410589829736 0.4082389592692472
0 0.6708299831041823 0.4106590017892312
0 0.6746895873676175 0.4141587092392687
0 0.6912018071212198 0.37555434641198837
0 0.8189671054158522 0.29600107464669406
0 0.6743755211000857 0.40522762863100437
0 0.6786920073563638 0.4056735575415086
0 0.6171622379966404 0.35808955057375674
0 0.6525850969002299 0.3481676775044289
0 0.6202484287483536 0.3545129910327386
0 0.6568861837782289 0.2899990498587705
0 0.6961133645280547 0.2957520208496978
0 0.6597797809897558 0.32924380660920904
0 0.7132805644170098 0.1272368954791539
0 0.7044772531675256 0.15472156511268753
0 0.6935236686435731 0.1876467813508234
0 0.692424301624946 0.4272233538221622
0 0.5955872700104247 0.20692353620045428
0 0.5969684861762368 0.16077219862220943
0 0.59632208376475 0.12196511618685031
0 0.71529146656394 0.24726208709720252
0 0.7711188731634099 0.2528266785801321
0 0.6215847300608521 0.25375973406261293
0 0.7418590413163537 0.22114246846109198
0 0.6136669843741085 0.27710003945706546
0 0.6400267012903224 0.33021881290967914
0 0.795137242940457 0.2614702642827794
0 0.7576627545868573 0.2656411245681237
0 0.7303819117014823 0.27552762940741965
0 0.6876376277726629 0.27879780487737793
0 0.6554717036045116 0.27661018645849783
0 0.6314114583251269 0.27337069458503654
0 0.5806600380202999 0.2626023187801458
0 0.8004610376513522 0.2936151350537936
0 0.7576909192392359 0.21733243039984634
0 0.5970091797087503 0.35537683143131976
0 0.6361281595638265 0.3001668134677237
0 0.8061234160609867 0.22641186777880226
0 0.6124152783304453 0.26893338258715643
0 0.6607165765017271 0.3291649360587631
0 0.7319671020883581 0.23107750670633453
0 0.6375387223518413 0.3194582548694334
0 0.8218132887521515 0.33436210766650626
0 0.6213236835825703 0.24891671171222907
0 0.6162952124748541 0.31463148563668347
0 0.7870037033344093 0.4197978029648463
0 0.7861808497134758 0.4375108994435573
0 0.8197039791747279 0.2947147736946742
0 0.8069872671495313 0.3943223139082176
0 0.7851729671592298 0.20264259455860525
0 0.711457966948333 0.48889340611471643
0 0.5951128273230532 0.3584054244169291
0 0.6590955555438995 0.3085351957791094
0 0.7863283257769502 0.23237155010734778
0 0.6932504309908204 0.24423319284898648
0 0.6740831693067498 0.24684711291954137
0 0.6865719975498707 0.40800090155739716
0 0.8052515951187714 0.32494954916014185
0 0.6742863330342199 0.5173004815975825
0 0.7359057294771724 0.4845750476571097
0 0.7602560301513775 0.46452644294586737
0 0.6553999411509089 0.24754866315186888
0 0.6374665546514418 0.2478237912274789
0 0.6262437511721383 0.24884257098470908
0 0.7715718715411165 0.2110288718688315
0 0.6408747815243576 0.23617158625004947
0 0.6594494035386521 0.22941486850596857
0 0.6787225359483905 0.2262530873219172
0 0.6983412763346797 0.2260627797332363
0 0.7106399762889614 0.22811632122898448
0 0.7933080939818984 0.19173518606070158
0 0.7060975649434588 0.24055381238028622
0 0.6668652172969736 0.37023654925650445
0 0.6403581256289845 0.341359775243462
0 0.622892461474175 0.37245634252178494
0 0.7632255773667408 0.44581776393064554
0 0.73884501826504 0.46752656661513925
0 0.6734378813239543 0.5056343582877214
0 0.8043524537883375 0.40963133478510205
0 0.6275130516808965 0.24412184618953345
0 0.6020956348789774 0.2849074105421702
0 0.7087175867965688 0.5027962536483571
0 0.82184445898494 0.3294316438445147
0 0.6451399027491393 0.4088961033933405
0 0.65025560322987 0.4119265340808509
0 0.6539544933678015 0.41615035633246106
0 0.6572289887977683 0.4220489275412283
0 0.6698120706917151 0.44052051288494165
0 0.6788514044297778 0.4037698791294858
0 0.6823947811094315 0.40230830359286157
0 0.6855389559236558 0.4007844570754231
0 0.7124561911205882 0.3842226959009101
0 0.7803583312779665 0.3371167926900629
0 0.5963557867900185 0.2689239078781743
0 0.6017481695212747 0.2422554640882257
0 0.6163862241513055 0.24100674564639726
0 0.6746308603526457 0.40531384998905484
0 0.7935918342808018 0.37349506586358167
0 0.5818193140237228 0.2462213754222013
0 0.6857327652042327 0.45567890245845355
0 0.5850456863965677 0.27960330577216286
0 0.6251736632345811 0.30670177180697955
0 0.6520860692405183 0.46934980791116104
0 0.7314199176009583 0.41816950870164926
0 0.6817824194288772 0.3392882333069608
0 0.711197156864016 0.4388922186217446
0 0.7300434630850087 0.33084742746491363
0 0.7064811310366444 0.352427139122417
0 0.7565908430387145 0.35276105859573337
0 0.6655326982879121 0.4890467186552891
0 0.6412211662239354 0.3122943807123364
0 0.7524145721741344 0.4284444012935611
0 0.7277304156804862 0.4515492548977119
0 0.7454048832473548 0.3959237656731536
0 0.8071717219832151 0.35191857771597046
0 0.7717666263975527 0.3946905170661816
0 0.8195482293224853 0.36230511822994205
0 0.7308563881594202 0.3695934138436248
0 0.6183695695160524 0.2923559176101201
0 0.6345928483035254 0.3381092420954635
0 0.6503298647053863 0.33877837647130526
0 0.6222573046612999 0.3304949200887611
0 0.6159234998504752 0.2294244185306024
0 0.6506373119419036 0.2162776798873708
0 0.683447983763788 0.21023058621347815
0 0.7111616639987283 0.20943347548229108
0 0.7310884257211633 0.21292524466264076
0 0.7466868814890799 0.23268209160238074
0 0.8145264785574831 0.26168083178176393
0 0.7331918592200332 0.254834292591482
0 0.7111447111743948 0.2622345524529616
0 0.6816712129537178 0.2655509114805339
0 0.6534065996985072 0.26535557280632033
0 0.6313338197929703 0.2637610048919484
0 0.6157474876583918 0.2616867515919865
0 0.8128489256714997 0.2608062212449917
0 0.6509160879675461 0.34225181382203446
0 0.6071224849995064 0.2996978379678035
0 0.6188001104671023 0.34216984026673913
0 0.6082251277630744 0.35088955503011093
0 0.6190578474298768 0.3441622103901877
0 0.6455983044174702 0.34734306149724603
0 0.6041378423409618 0.3532188271266827
0 0.6024876436137635 0.35611754580252414
0 0.6134430179777353 0.2508053269939146
0 0.6024790321193312 0.2561350842748863
0 0.5962950335410626 0.26054350518877956
0 0.717671548542769 0.22995943079392114
0 0.7305085175549206 0.223013821395411
0 0.43062737381652644 0.2620239247014557
0 0.45385382381146366 0.25923754685166955
0 0.4275433106104965 0.2486206609485806
0 0.40737257343109534 0.26493332313670626
0 0.43368306974677934 0.27570825140329375
0 0.680179938512004 0.23494264569835385
0 0.7025561807272227 0.23196773770926654
0 0.6759279878081187 0.22286587132923846
0 0.657654464163858 0.23782559327673222
0 0.6843923776531997 0.24710805152637372
