0 0.4959556547924876 0.644551613368094
0 0.43918621018528936 0.5999259348958731
0 0.4573911995626986 0.612741376273334
0 0.37898296741768717 0.5472426000982523
0 0.4242847635410726 0.582312517426908
0 0.4064521510154009 0.5563469490036368
0 0.3627926402259618 0.4886650408618152
0 0.23185492875054478 0.5702940665185452
0 0.31711240420117975 0.42347246073186395
0 0.29513339400291444 0.39531673230230807
0 0.2296056101564318 0.310825964435935
0 0.5014894894324243 0.6508471190929412
0 0.507847789581865 0.6578726062551141
0 0.5124850939959288 0.662583765387535
0 0.5245308988727629 0.6771922376006841
0 0.5317689784802496 0.6860907062888145
0 0.5408206564374268 0.6970116686075926
0 0.54966000020504 0.7071273721754551
0 0.5520096959546208 0.7213268879801035
0 0.4476878439076245 0.6074146255850792
0 0.4341011868789792 0.6171538706868887
0 0.11897640214301645 0.5239082146435976
0 0.2958239261992276 0.5546806026250124
0 0.2797753432765603 0.5686423514038325
0 0.26215592068620025 0.5791109308600426
0 0.2300525825470686 0.5800733229145407
0 0.3073782052844763 0.5398035190999508
0 0.22641677376814187 0.5085522178560495
0 0.24921928448602557 0.49785660216584804
0 0.20983666349202396 0.524971156194806
0 0.20364883881993592 0.5420790581032634
0 0.22733544413931667 0.6007444588467479
0 0.5055369119159877 0.7776359003037214
0 0.22070465269498526 0.5670566746965051
0 0.17489880411885678 0.607764877192676
0 0.1997522824909538 0.5954364376142621
0 0.34582915585488083 0.6371488768607378
0 0.47423992296680806 0.6566673783585429
0 0.49176592361181976 0.670635849609971
0 0.46288108164444564 0.678364428319037
0 0.4596501862630248 0.6949641544371843
0 0.48084041737020017 0.6834583010524511
0 0.4749553992412984 0.6946623262017966
0 0.4530649496242404 0.7391071090474725
0 0.4249829792417586 0.6095616826787591
0 0.4080156531184912 0.594781949184835
0 0.17278893566690384 0.536286910995841
0 0.34440778037533165 0.5647240485996008
0 0.3885142635554075 0.62834398355335
0 0.37952088555321095 0.6188486887142062
0 0.29249855284579096 0.6698446828871966
0 0.3918303511571139 0.5699507530778647
0 0.19472852693870663 0.48817600794136523
0 0.17717051776126028 0.5109033217653632
0 0.10566533165983856 0.4841317935846746
0 0.28168913670815526 0.4537473857402802
0 0.27355002965778114 0.49607617147266864
0 0.42807619059458374 0.7318250894546509
0 0.33662910615094005 0.7447771731764078
0 0.41044506067410114 0.62870785985142
0 0.4271555174142122 0.6246833276003599
0 0.4631916991434991 0.7180905746296048
0 0.46759092416614295 0.714279112406075
0 0.16110815186984837 0.5021789543330669
0 0.395953698316589 0.6351885391399265
0 0.22646079915575684 0.4678229312412441
0 0.21227726857177914 0.4519561883062124
0 0.1335531752090901 0.3977982234209776
0 0.1248033023905009 0.4955015618354082
0 0.16629843190312385 0.42653341460973027
0 0.15764405666850506 0.5312890222296118
0 0.13277779673226178 0.5301281195133924
0 0.4828108174726367 0.6645292920991779
0 0.47191356904804704 0.6814666517078877
0 0.4669961990788579 0.6952386254444718
0 0.41717744916677474 0.6288640584796668
0 0.4654833134263754 0.7162256456911564
0 0.4744840472005308 0.716949300095439
0 0.46978039517998693 0.7122570861130952
0 0.4102351298555732 0.6197471633553505
0 0.48081004749983547 0.6934109397232533
0 0.4873866902664304 0.6838185824453831
0 0.49808223759755493 0.6734523858875037
0 0.528580105677247 0.7356343228369951
0 0.5268781548365951 0.7212176028639078
0 0.519594119861722 0.7101877149194479
0 0.5128917006775737 0.6976652223616838
0 0.508939138520509 0.6877349440008402
0 0.48668978549540043 0.7015310036018491
0 0.4855795373208821 0.7086169211193919
0 0.48482498805969954 0.7176751833409071
0 0.4852634212002158 0.7262405481189489
0 0.4183943924494088 0.6916151767596602
0 0.24512856490910054 0.6712683012709022
0 0.45228804172948 0.6100160067901015
0 0.4794239578768611 0.7059785842895507
0 0.4768932445906103 0.7112337604165078
0 0.4369591227732599 0.6276191068813205
0 0.4104140353389084 0.6408529233187437
0 0.432237846031785 0.6261692097410559
0 0.33451439454220233 0.5883508436381817
0 0.3149332385510206 0.621721125766635
0 0.3845720977988094 0.6276032533496618
0 0.10789301991462708 0.4429826220497489
0 0.13311690874397755 0.4613274409435689
0 0.1785806410945952 0.4748240629211068
0 0.47488599279895427 0.7424455896019936
0 0.2567915965337306 0.42814078656956556
0 0.21074777781032025 0.3952952527441084
0 0.1734239354263991 0.35606133881956337
0 0.24441308863461017 0.5840089891105891
0 0.22035352382808923 0.6257137712091208
0 0.3134078626520932 0.5282868091017008
0 0.19604429975152016 0.5609099620953202
0 0.3467449494637549 0.5445028509944677
0 0.3900201029609889 0.6166759639978409
0 0.21368393250741063 0.6434832435101271
0 0.2398828798905015 0.6348872501403093
0 0.2660783496685326 0.6295812780037522
0 0.2973551648668945 0.6047388657927513
0 0.3168542238883674 0.580000813677907
0 0.3292219712398946 0.5583219539374114
0 0.3495202421676368 0.5050156580284237
0 0.2481534986756742 0.6812238158658147
0 0.1828950744587928 0.5644540712237358
0 0.4389830160886049 0.6130052423104644
0 0.36105183488689363 0.5832649875432253
0 0.17388813197612762 0.599186247214675
0 0.3358016546349972 0.5382388006895781
0 0.38435697788372636 0.6282396594062447
0 0.21429817588068545 0.5710286134853959
0 0.3801571598276496 0.6041504517197609
0 0.2871853731572628 0.7084175836294889
0 0.30836711963638663 0.5210373593494296
0 0.3831971146631986 0.585509430617094
0 0.4054289340041578 0.7787801586091518
0 0.4211484371684492 0.7870339529588819
0 0.2388438406866044 0.6827518302947283
0 0.3657987657934427 0.7674988789483905
0 0.15141897974535823 0.5673352079465985
0 0.5148453500121832 0.7922121262177825
0 0.44516896540299056 0.6143720611929894
0 0.3566059079952538 0.6073108047246933
0 0.19016215838491918 0.6056398928165436
0 0.2554362591356039 0.5673106547445059
0 0.27166473073884845 0.5578945197165013
0 0.4725755521096289 0.7225049743428826
0 0.2835923698730767 0.7114772073924541
0 0.5629731463268399 0.7936929035931826
0 0.4950845420360565 0.7969506066292524
0 0.4627878963947296 0.793781266361475
0 0.2638089483603835 0.35726836416870356
0 0.6020217351615429 0.7739718291908503
0 0.2853052087128162 0.5460225611925125
0 0.29717351007275283 0.533593644015491
0 0.30512089366093276 0.5257228868082165
0 0.1697681713849306 0.5656137516722083
0 0.2823960737325251 0.5170913398265838
0 0.2622730850242078 0.5208215571939945
0 0.24509120341390372 0.5291666980832815
0 0.23099861857481302 0.5417912859469652
0 0.22460173703730107 0.5530225245282054
0 0.1402030661702156 0.5606275463476778
0 0.24234493323601783 0.5705261895433068
0 0.46986538711935283 0.6263206990435719
0 0.42445573061704633 0.6716813918203115
0 0.40719996355474 0.6265220856294036
0 0.4487007555551827 0.6445222429931163
0 0.3413656406570226 0.4562541849911213
0 0.44500852217897774 0.7853595180436969
0 0.4788030506111681 0.7883767578750849
0 0.5542004414834082 0.7879986457526684
0 0.3820923833176494 0.7716919763013721
0 0.29931074418127535 0.5186885921284556
0 0.36105239931494 0.5448623774573207
0 0.5937291583046317 0.7675331743434072
0 0.5278978396207095 0.7988368533551693
0 0.27840757025405766 0.7161448322236538
0 0.4963561802171171 0.6955738862976432
0 0.497280094306916 0.7047627873718738
0 0.4999683376401663 0.7161264982074499
0 0.5046010538004339 0.7272373793646694
0 0.5004493031650782 0.7425563126802445
0 0.47126116305589677 0.7045287949964404
0 0.4652658447623253 0.706719134747982
0 0.45971260108053685 0.7078245680779218
0 0.4199811999686062 0.7125991413369774
0 0.31420292328111826 0.7114026490598917
0 0.3471649567596614 0.5233180390670895
0 0.30939984088763595 0.49353123027831314
0 0.3008969326503575 0.5045024134218693
0 0.47618421372026204 0.7020720727741718
0 0.3516137968283147 0.7468247592449189
0 0.3238383837044239 0.48072380553931
0 0.5015583860687911 0.7597926246002317
0 0.39202445978298783 0.5337540486827492
0 0.3650670485571027 0.5279056053608656
0 0.3784066681750119 0.5125772174447775
0 0.37253849185071886 0.5827157579362392
0 0.5806760860607028 0.7541359335184097
0 0.5654726522043347 0.7367064673453569
0 0.5357928406447172 0.7534970110282302
0 0.43980810064822434 0.7536726580932737
0 0.3804971639998257 0.6524162592366338
0 0.47013132376596334 0.759440503641963
0 0.33695494499988854 0.6767895363271237
0 0.37954633943736554 0.6807104993611575
0 0.34929521745070813 0.7114583341404795
0 0.5443082755431533 0.7735050667077303
0 0.3729459724854678 0.5988242043182254
0 0.4349681847728789 0.7706748697906732
0 0.47012804644182327 0.7744811553508043
0 0.4091850023716688 0.7430067542940378
0 0.3161913850810379 0.7344448406249284
0 0.38889710963703694 0.7552245426923037
0 0.31952715483494104 0.7447928110137582
0 0.38873326163738964 0.7107200484722853
0 0.3610256891231984 0.5634506253525615
0 0.4021444361656904 0.6209512049332261
0 0.398794355429709 0.6304091487079859
0 0.39696224019862714 0.605694966763258
0 0.2801665465347469 0.481918140873313
0 0.24125901008956135 0.4868680376559496
0 0.21380544840358198 0.5012416187673807
0 0.19636729825288057 0.5198993202298879
0 0.1900317208841443 0.5399616230279207
0 0.2089299553539604 0.5819037767127156
0 0.20424729641526937 0.6468886971473694
0 0.24186784587800503 0.6048182053491473
0 0.26406805724836885 0.6000405045226216
0 0.2873393709771335 0.5849940650165081
0 0.3062330718152225 0.5655489714816213
0 0.3189125291071832 0.5474245741963386
0 0.32625559233129026 0.532942858338356
0 0.20909580616280438 0.6343394225463271
0 0.40414174674078823 0.6339404959231615
0 0.37289704931899903 0.5639128223061561
0 0.4124489987269044 0.6149824041873216
0 0.4295380228199065 0.6155483141541481
0 0.4163843003101647 0.6164919048547745
0 0.41327273594215513 0.6354643043130637
0 0.4333223854191601 0.6154831025749445
0 0.4394985755905509 0.6170542199164629
0 0.3150410261005163 0.5172128835693002
0 0.32749161692336204 0.5149879967793822
0 0.335198353882879 0.5146298004314304
0 0.22200549547560514 0.5606983659788967
0 0.204153601359576 0.5574207831174135
0 0.41034794263541696 0.5240363011136651
0 0.49441848052665593 0.3732443742454052
0 0.4658340599387884 0.5934377422556281
0 0.5157809168100357 0.22560424450784922
0 0.45860421005636454 0.4327217562124133
0 0.47585065495222806 0.42110571898519994
0 0.4919680980965495 0.4060110358521342
0 0.5069247858598829 0.37147515965625644
0 0.4419853363186121 0.43831355925649407
0 0.43242013808339835 0.34738783929497
0 0.41446047462522984 0.3656720660626888
0 0.45546176601201294 0.3359040766023099
0 0.4759026915766299 0.3343978652730584
0 0.532869030535221 0.3710561734624207
0 0.6339836567640305 0.6868343843147159
0 0.49628040120005606 0.35964527949690817
0 0.589816688746214 0.3029136860743165
0 0.5434220870956779 0.33443410191684964
0 0.5288097368553281 0.5018278039991856
0 0.5138550519011915 0.6257722603157163
0 0.5255200681276619 0.6445587672293186
0 0.5409812089055777 0.6178193235769868
0 0.5606644535437226 0.6169088419526816
0 0.5427819892764092 0.6356732761487365
0 0.557248680666089 0.631101167947054
0 0.6064007864333689 0.6251223014667631
0 0.45374473948031663 0.5884254738688469
0 0.4424898257479072 0.5692489556968212
0 0.48816785868257284 0.29565931130200623
0 0.455024170409888 0.4826028265058994
0 0.4956753343343735 0.5481326626613736
0 0.49075086349621416 0.535624585673213
0 0.5860402281396091 0.4538529141806066
0 0.42514462415128945 0.5451976742595435
0 0.4215150604955852 0.3101544361561537
0 0.45504638338461517 0.2966089594177902
0 0.4682109210640192 0.20960080530494452
0 0.3543269114103168 0.3859414353966713
0 0.40639002751559017 0.3885521633550525
0 0.6057315204292536 0.5988347373902798
0 0.6949865302070976 0.48614087821915747
0 0.48969552870839833 0.5691705508157611
0 0.4797296229749918 0.5850437106564641
0 0.586629600264132 0.6230476817116142
0 0.5815841233357787 0.6263464026153087
0 0.4567936341278255 0.27397324377670884
0 0.5029763021506369 0.5549836890771985
0 0.38723290264606475 0.336201483104378
0 0.3770685367286205 0.31842514453455806
0 0.3516154901124537 0.23115495778620243
0 0.4658823458477855 0.239194711484015
0 0.3666101584210992 0.2750960045494139
0 0.49520631283521654 0.27336171446368096
0 0.5085303833708167 0.24955652225762606
0 0.5205550677143037 0.6351958008483052
0 0.542392497509718 0.6270805541425943
0 0.5593459132127464 0.6238414727151393
0 0.48819953948259354 0.5754407843574881
0 0.5840809345245361 0.624835392087698
0 0.5819989597424865 0.6343199741095304
0 0.5789731884375214 0.6279272980988025
0 0.47576427925378084 0.5707632375881075
0 0.554886968061328 0.6359390474855899
0 0.5420150954276324 0.6414557529613376
0 0.5277878671884537 0.6504509245976806
0 0.5749690994620323 0.7019857950508595
0 0.5701143992133438 0.6885421440005303
0 0.559857576340437 0.6795783199369907
0 0.5485889342613518 0.6703543685376644
0 0.5397244279272855 0.6642011851072311
0 0.5620099043473601 0.643545363470912
0 0.569499063398689 0.644212793558836
0 0.5790396817028522 0.6456099174916744
0 0.5878998911008239 0.6478418502956629
0 0.5603269619867206 0.5854687722399831
0 0.6518107706680893 0.37471296489238737
0 0.56933239325881 0.6365341840311884
0 0.5754029807634652 0.6353457083925604
0 0.47988271042704583 0.5956870025023818
0 0.5063248534686864 0.569235043413937
0 0.4797281663864851 0.5906452918425202
0 0.4836664903908968 0.4779794909060001
0 0.5248908947221935 0.466876482591033
0 0.5004828775301575 0.5408857652917505
0 0.4151908445172012 0.20899711288511752
0 0.4199129223823547 0.24512601736932993
0 0.41662736851722004 0.2885228314436972
0 0.6019308804534376 0.6491390358656645
0 0.33732074899598957 0.3553431486710906
0 0.3180162719916552 0.31426177704706787
0 0.29224902102723715 0.2650088984519243
0 0.5042157861404121 0.38856294807046654
0 0.5645458977669477 0.36755946315824983
0 0.429441487416625 0.44045317489653824
0 0.502858354896307 0.32817546194419267
0 0.43181274067610503 0.48112208507955073
0 0.4789523873478174 0.5503434933722019
0 0.6002622854895889 0.36023757606744766
0 0.560983300767839 0.397119109891355
0 0.5403164947405458 0.42682384699583054
0 0.501050073094666 0.4515446795150638
0 0.47019861815497277 0.4620377402752638
0 0.445613297726959 0.4669108858332038
0 0.38462551818229257 0.478651162981987
0 0.626286824606359 0.404766084253788
0 0.5161821341142059 0.31121994806453585
0 0.4563186042010784 0.600264179520309
0 0.46598219498991966 0.5049585349857807
0 0.5948392608202994 0.2882056709378958
0 0.42391012897714975 0.46768289171159266
0 0.5042389094829559 0.5386145042255521
0 0.5050864619202912 0.35102318711578845
0 0.47175509221851825 0.5357985071837902
0 0.6765598844736814 0.4262206398881972
0 0.42483193101361394 0.4330023745074868
0 0.44725873293355106 0.5380181094631553
0 0.6835550051182508 0.5786954317241907
0 0.696560519747436 0.5907185200601817
0 0.6481379099190235 0.38460249500349164
0 0.6897738369181752 0.5328319914638996
0 0.5485986205749214 0.2730932109989226
0 0.6500350072048604 0.697809917293489
0 0.4586899302899837 0.6042164901271463
0 0.49394243098795415 0.505260974355042
0 0.5645625757053494 0.3199953092262149
0 0.4823305438272655 0.3980787698179483
0 0.4688905652612448 0.41194022074341774
0 0.5882863604463637 0.6336095130071044
0 0.6483747876249254 0.44502301830798385
0 0.6362670049071312 0.7434301981702447
0 0.6713099025189877 0.67410529255867
0 0.6840820716693997 0.6382067136466503
0 0.45502340570092203 0.4211482107639313
0 0.4408084128051996 0.42730840425938366
0 0.431111903116107 0.4315874557942152
0 0.5286935010924936 0.2904733011499047
0 0.4215932792983949 0.40328714028000834
0 0.42885775957256556 0.384076847974211
0 0.4432264225557446 0.37068224940449
0 0.46206222400069236 0.3614111328497529
0 0.4767714373767376 0.359128188341856
0 0.5560820261016488 0.2505532097071409
0 0.48999602291733024 0.3851333546452224
0 0.5349589437246323 0.5890542227774859
0 0.4869499322026968 0.5665933273732662
0 0.49537269165739417 0.6096374273300171
0 0.6745192768052221 0.6222816433757543
0 0.6626356630586088 0.6589596696197987
0 0.628752792533487 0.736251999437809
0 0.7008087329566479 0.5423594607040286
0 0.42272909060120584 0.4226754343137145
0 0.42050364185124633 0.5006173095665872
0 0.6569270377978682 0.7097139783203602
0 0.6708710324019194 0.4311360615305603
0 0.5520798306912184 0.6528115909546613
0 0.5610297659412027 0.6559397336095572
0 0.5720919730141759 0.6611813209950924
0 0.5829265881329775 0.6677569057792425
0 0.5922306928783655 0.6754818536341191
0 0.569707574043423 0.6283397775143384
0 0.573225126042962 0.6232775399461389
0 0.5756721219047904 0.6182377345860004
0 0.5846251159906387 0.5890554809942842
0 0.6287893893197178 0.4804498198442161
0 0.4071219268254936 0.47865265486761926
0 0.393414955586195 0.42429788690060377
0 0.4089228892698884 0.41880174428224565
0 0.5661092542111874 0.6323151674121619
0 0.6615281824022532 0.5200006606057286
0 0.37076655193232 0.43819618560373785
0 0.6137394070625305 0.6794803947210312
0 0.39882097458466886 0.5028176251798868
0 0.4561382421292365 0.5206672638654709
0 0.5933561988174916 0.7124360404908657
0 0.6296240145340561 0.6155091296881438
0 0.5321904423646628 0.5395814618095756
0 0.6255876621231437 0.6474206712096929
0 0.5750485927797854 0.5011380136013031
0 0.5637615976855159 0.5442343475297093
0 0.6119343297556042 0.5179463161155582
0 0.6134847953915596 0.7249899884685874
0 0.4757163210771978 0.5218846065923571
0 0.6548694244585931 0.6125548366457224
0 0.6453976299613714 0.6497300382703542
0 0.6268151292577386 0.5829716792330146
0 0.6645730350166559 0.48005121676251294
0 0.6525727849453687 0.5628042614087463
0 0.686435336060822 0.47885650396347046
0 0.5950727883726359 0.5575486179441214
0 0.4429672590456903 0.5024894462898374
0 0.47883494989946485 0.5637978572398424
0 0.49394297720864416 0.5591645637527108
0 0.4608332638628781 0.5583758056163788
0 0.3879964645486325 0.3913476155139506
0 0.40443834457546474 0.3562129719182849
0 0.42854117006063464 0.33415289046242835
0 0.4549667808227241 0.3213216315023601
0 0.4802347678691149 0.3191860062070191
0 0.5213928974233568 0.3446596118621528
0 0.621758509427309 0.341582624707371
0 0.5283984690904617 0.390421028714627
0 0.5129493451677263 0.4136154465377331
0 0.4883833609521389 0.4332513216882944
0 0.46341867204755544 0.44558644779026507
0 0.44290597308427093 0.4514757292345166
0 0.42668970040977 0.4539112774655223
0 0.624051252566278 0.3297108279541135
0 0.4977240260690451 0.563743250630796
0 0.43223085440695286 0.519877571053803
0 0.4657212471589446 0.5757774472236633
0 0.46423490783199667 0.5902429860085249
0 0.46904591042548416 0.5776821358129383
0 0.4976288380101323 0.5720976304262877
0 0.4614751824177802 0.5948838287964463
0 0.4636214655824006 0.5989993480965495
0 0.41815376402810217 0.43819848634302616
0 0.4086965354159474 0.4496854844503105
0 0.4012776203453541 0.46012064926326274
0 0.48701096326112747 0.3590213477611542
0 0.49323314521461725 0.3380345252342522
0 0.2556142178364098 0.5442523220553994
0 0.2744195037521422 0.53053829818964
0 0.24204806229099632 0.5245909590274096
0 0.23669275077991186 0.5581034196540713
0 0.26899092583917084 0.5638634283095598
0 0.4417563241906464 0.4025189809501171
0 0.45885940436273814 0.38896760856732726
0 0.42713108314201237 0.3841835447587073
0 0.4256151386536658 0.41526469914242625
0 0.4565963392145932 0.4207015438005328
