0 0.6663607805967331 0.44577292586150374
0 0.6519308313727379 0.38849945567224337
0 0.6478724648123202 0.4081945225596428
0 0.5914671215350213 0.3416408748082493
0 0.6430060573570107 0.3710001905327258
0 0.6248764193252377 0.3494355138229287
0 0.5741161086960979 0.29698863777777423
0 0.400480377447346 0.35569283081137615
0 0.5362849212858988 0.24552008613296178
0 0.5216542982050906 0.22010658979415892
0 0.46478416495349095 0.13496619242688884
0 0.6699744730216005 0.4514487470621648
0 0.6724319814339929 0.4579386812189351
0 0.6729658404770105 0.46264029430306475
0 0.68237980293191 0.478119658128075
0 0.6887490682951782 0.4852481504497321
0 0.6958504439048145 0.4948793433282686
0 0.7018572490500368 0.5053362438860147
0 0.7008385467140571 0.5142062070577041
0 0.6528509707878465 0.3979954710473185
0 0.6294084380826225 0.4074922719727392
0 0.2529374054916527 0.31312546010898507
0 0.46994799610389315 0.3463226920236712
0 0.450212764027326 0.3565511231189189
0 0.4290744404753913 0.3642072538966718
0 0.39361304579221684 0.3649930241963138
0 0.48556631155636 0.33485747475339017
0 0.4076993533450624 0.30249798514920734
0 0.4334267139758753 0.294997110541748
0 0.3859770296384459 0.31563048589488735
0 0.37440293557617976 0.3302626965162547
0 0.38122361161462637 0.38356286876875423
0 0.6351034242821776 0.5679401759220206
0 0.38858546154654544 0.35364537239074706
0 0.2912568904297507 0.3972177447832149
0 0.3458809894712075 0.37899894694919173
0 0.5131961428762778 0.4213164812196856
0 0.6422023303482843 0.4528157931954964
0 0.6518759699943273 0.46678872283386147
0 0.6220582950374355 0.4718795918252157
0 0.6093025087662365 0.48780891888815425
0 0.6342111375668774 0.4783195335579955
0 0.6209125518798828 0.48961596748103264
0 0.5904269435483477 0.5243318881677544
0 0.6356129004903461 0.39512063958074733
0 0.6238813183229902 0.37951131430657015
0 0.33466093104494654 0.3224607833053755
0 0.525044778280932 0.3610052250001741
0 0.5741586848769499 0.4131172209330227
0 0.563374031982992 0.40521722390599874
0 0.442174243538276 0.44725488229938176
0 0.607285048002782 0.35896596772515255
0 0.37700097351942374 0.27764001430376717
0 0.34987161551480706 0.298022202078415
0 0.2646805538755396 0.27057788527530174
0 0.48020758965741034 0.2536964869045693
0 0.4587816424343897 0.2955549298421196
0 0.5665554292500019 0.5151266521085863
0 0.3991006684853979 0.5502027633397476
0 0.5950604636708031 0.41674775183200835
0 0.6139008613384288 0.4144755945905395
0 0.5958505925600943 0.5119003339954045
0 0.6007543245087499 0.5094669189790021
0 0.33039796749210876 0.2911593043285867
0 0.5749747283432795 0.42121957572905916
0 0.41764667468226474 0.2612354292817738
0 0.4068128497380277 0.24769524361776268
0 0.34325584906922735 0.1918921037212662
0 0.3004780409290739 0.2807776280719301
0 0.3818411069071811 0.2205951078430466
0 0.31401077998073207 0.31971497062755666
0 0.2857173916924259 0.31700727285250374
0 0.6473524227090504 0.4603374063320782
0 0.6284329996484778 0.47535200715065
0 0.6150967456076456 0.4887699926029081
0 0.6006604193345361 0.41786662690017534
0 0.5984462703699651 0.5106653545861659
0 0.6113394132774809 0.5107581437929817
0 0.603178603493649 0.5082230157178381
0 0.6058405213381933 0.406533900551174
0 0.6245746035938677 0.48990643257680144
0 0.6379332085666449 0.479822385635065
0 0.6542619554244954 0.47054594729257665
0 0.6742112093969531 0.5247941688351009
0 0.6770561548030894 0.5145820771870406
0 0.6720227249290632 0.5037024248553359
0 0.6668924514366232 0.49317661582127864
0 0.6633334328298983 0.48572768180266673
0 0.6291873670466568 0.49878054345431533
0 0.6280221176212248 0.5034235544826673
0 0.6269935058510822 0.5102027282766673
0 0.6268083838664967 0.5175390772197558
0 0.5769759964035905 0.4745528824951338
0 0.3153024606568658 0.47505871407363726
0 0.650718723140333 0.40309670930323394
0 0.6166325203426506 0.503535416851873
0 0.6141137422426887 0.5066682230519212
0 0.6236491187111192 0.4181280580551728
0 0.5850346483614134 0.4287515267081883
0 0.6190749614135079 0.416302376208098
0 0.5083475223863902 0.3797949922473534
0 0.4818025709170362 0.4056801644356354
0 0.562369177846805 0.4144031668486802
0 0.2926189218364332 0.2303323971512525
0 0.3300192364208076 0.24845168146750202
0 0.361192081204575 0.26675007126253586
0 0.6150895870574142 0.52841140822224
0 0.4610769737349904 0.23073197519001754
0 0.4363365239747193 0.20020877236257428
0 0.399383462479581 0.16189177891482479
0 0.4084396849831809 0.3678603143795677
0 0.3641631452609663 0.4057996937762136
0 0.4954264173689096 0.3256960881145104
0 0.3577174334584371 0.3466362208775852
0 0.5347977559203687 0.34382790981427486
0 0.5861180589898772 0.4011644125632618
0 0.34421198442578316 0.4250704377889633
0 0.38870473424701585 0.4125346882187802
0 0.4226966880099929 0.40751772380393486
0 0.4636343423601078 0.38734683336123177
0 0.4896674731179424 0.36786606460809707
0 0.5076507985105981 0.35076711592466936
0 0.5559092583539693 0.30907440839902217
0 0.3730682567085909 0.46130567568799724
0 0.33736197083540587 0.3497936619364697
0 0.6426899557852227 0.40189368608205217
0 0.5421446166608644 0.37703557383754976
0 0.2667713194437649 0.3982392430305481
0 0.5202408909149792 0.3343876685137334
0 0.5566833508403405 0.4167498571069344
0 0.3774089796225662 0.357059845522694
0 0.5740287993913111 0.3910101688426474
0 0.3510443048308725 0.5134848833084107
0 0.49146192472266115 0.3198802189982456
0 0.58941533724251 0.37305870950222014
0 0.5049319248646498 0.5716211705752041
0 0.5043735110565372 0.5883999289377876
0 0.3362125858826482 0.4730080506075984
0 0.4554019627039847 0.5607422095278035
0 0.28525419598040375 0.3553282097629879
0 0.6377207340429658 0.5845899469178656
0 0.6427144324002059 0.4057876591449199
0 0.5298940552317578 0.3973612805423529
0 0.3261176702444968 0.3899124407897825
0 0.42633457570944144 0.35340053205904753
0 0.44504977689813013 0.3471026178287423
0 0.6090237316877946 0.5153014527714771
0 0.39804034339992894 0.49407974734254506
0 0.6842977317131084 0.5898106516703315
0 0.6016050353646278 0.5955114219499671
0 0.5594306086068568 0.5942136299350987
0 0.4946588894919209 0.17825917598346006
0 0.7254532373145871 0.5746669377969659
0 0.461231273315523 0.3386442516161048
0 0.476073667569005 0.3292688810630985
0 0.4866040668895711 0.323423145322696
0 0.31568511486377404 0.3522639663970989
0 0.463831108711336 0.3146773619496304
0 0.44163172546288243 0.31683621140925783
0 0.4231313901912907 0.3234221241072468
0 0.40655914321541786 0.3334310095919215
0 0.3973849453032017 0.3422732428364132
0 0.25368977224697237 0.3536912485309269
0 0.41187916517905565 0.3556063260073247
0 0.6542569538173468 0.4212249803154365
0 0.5924548451667246 0.4560284741546797
0 0.5950049458314544 0.41369218094193416
0 0.6299316374504048 0.4334661170840263
0 0.5526747815310955 0.2720477442378583
0 0.5525146988422974 0.5792717396565106
0 0.5938344134584718 0.5824378531912099
0 0.6830210089683533 0.5801900480104529
0 0.4520023390650749 0.5750857932412106
0 0.48239351080163667 0.3174066466481789
0 0.5617421951306902 0.3418450550540634
0 0.7251586739135825 0.5645895837441735
0 0.643478709232548 0.5950819144430368
0 0.36706539032899815 0.5085020432005758
0 0.6453223954076353 0.492457083126773
0 0.6459717290556949 0.4990507413511691
0 0.6478984106494032 0.5081613657267198
0 0.6512095996219179 0.5181910840065583
0 0.6433867734411488 0.5291723865529765
0 0.6094360516771026 0.5002980381898258
0 0.6045952774584293 0.5009233362648798
0 0.5999264960055766 0.5010932036716005
0 0.5682083041123722 0.4949096341495929
0 0.4437575335411922 0.4911852771173353
0 0.5447048768401146 0.3251780019506164
0 0.49901428899687267 0.29546779659779177
0 0.48646922668685083 0.30500466059083525
0 0.6133047322864118 0.49940914084082066
0 0.4617217746765717 0.5326686826089154
0 0.5211829592514298 0.28424881793882534
0 0.636817912692609 0.5490097951629888
0 0.6076874272978824 0.3319677963852882
0 0.5746016709700875 0.32670090127250423
0 0.5917504625799863 0.3155665892297807
0 0.5641801660151585 0.37475622095491573
0 0.7194783486749815 0.5495643622849299
0 0.7094297447930211 0.5310099459212759
0 0.6759252289067144 0.5439581722668979
0 0.57056321705813 0.5397682980998703
0 0.5458124514831149 0.437595158232295
0 0.6021498666833276 0.5476476508638133
0 0.49223586090880894 0.45596949503473616
0 0.5371154381529145 0.4627267991071162
0 0.4890003525044607 0.49129559980786364
0 0.67971163307843 0.5642364317308302
0 0.5547534494620302 0.3900214123337165
0 0.555197685956955 0.5593634744053302
0 0.5948121963959673 0.5648779749870301
0 0.5420492735245953 0.5262414039477058
0 0.4215256711063178 0.5204039479079454
0 0.5090141115791124 0.5401652524004812
0 0.4039815337113712 0.5385007026402847
0 0.5343530192647291 0.4920866490058277
0 0.5514498254203278 0.3591534628816273
0 0.5988205156248548 0.40608371735914894
0 0.585289448985587 0.4159312822248625
0 0.6042527611488882 0.38997968389936116
0 0.47025958059922507 0.28180531645598617
0 0.42870941693368164 0.2829461555118146
0 0.3968133084961902 0.2934353107667488
0 0.37276615963681886 0.3086910912524099
0 0.3588344486349303 0.3264612141510715
0 0.3644879058651302 0.36661933336568914
0 0.3104416331195313 0.4362926843373672
0 0.39879330409609753 0.38654085870670235
0 0.42571326669143594 0.3827576168205427
0 0.45494306524810585 0.3707960417089255
0 0.47912403835874534 0.3558570108335951
0 0.49664745034407015 0.3417997130881185
0 0.5083506796509027 0.3302708505288414
0 0.28844998849798803 0.4366359384163566
0 0.5860907064507836 0.4206217090720716
0 0.5766521110806776 0.356519009820793
0 0.617730560672024 0.4000370221293491
0 0.6288968674514605 0.4047823118126911
0 0.6160565540194511 0.40373313077118084
0 0.5925780097427575 0.4235187559024147
0 0.6351254000935865 0.4039823073407878
0 0.6356896751600764 0.40781321642191515
0 0.4997307067008122 0.31662260455929714
0 0.514276943291011 0.3151964536179667
0 0.5255848580728406 0.31447671668037125
0 0.392388636732231 0.34833354379819786
0 0.3701204970155073 0.3438850978794305
0 0.6231811245822388 0.32783938367729604
0 0.6811141775030157 0.23333255531995192
0 0.6632225221913793 0.392049577637859
0 0.6601244642034821 0.14589557009546653
0 0.6431690159699192 0.2729465080992035
0 0.661742484116036 0.26663314994910486
0 0.6772405265466027 0.25815226986356404
0 0.6860014354081257 0.23639596600247467
0 0.6266710897502692 0.2750040215642556
0 0.6367026881679244 0.20558434051016103
0 0.6170939186021037 0.21818912424471068
0 0.6568749200390733 0.19973827483861342
0 0.6713800184104753 0.20216843767658524
0 0.7016547464806101 0.2427675334331782
0 0.7619036685513414 0.506593847145205
0 0.6803305819630623 0.2243578154431737
0 0.7107322883346806 0.2186796218804691
0 0.6989967674016953 0.22180711776018142
0 0.7003956856610982 0.33929591276075527
0 0.6828264151902302 0.4349438001280246
0 0.6874271435258181 0.45118533632029656
0 0.7022392467960067 0.4349742794814317
0 0.7153787813756777 0.43942259971214376
0 0.6997561364070229 0.448829722210117
0 0.7092908251544704 0.44967104663019597
0 0.7464424191933611 0.4527560599472212
0 0.6646196898882804 0.38191255318081896
0 0.6584965661168098 0.3641818963315176
0 0.6765768445380356 0.17645790904112485
0 0.6388831700643768 0.31169902636953023
0 0.6855087458439495 0.3629793130185293
0 0.6789640178499015 0.35374026687248894
0 0.7427162531277408 0.31537785290376
0 0.6408752476715524 0.3441851781114288
0 0.6407159464838712 0.1729452421159848
0 0.6613070316936659 0.1690169876360375
0 0.6377437101758044 0.11978423796270204
0 0.577542522193297 0.21988242514755416
0 0.6046682384027087 0.23503639830843262
0 0.7489643858178802 0.4318955505671708
0 0.7677237261896548 0.38451548996179
0 0.6781283430755138 0.378771954321343
0 0.6689869369501653 0.3898421497448631
0 0.7292321078155352 0.45232403867918514
0 0.7240730750819911 0.4540569627414579
0 0.6573934929202432 0.15489261960205825
0 0.6868764353187188 0.37106004946905635
0 0.6136459044140318 0.1868673937800138
0 0.6072975207606087 0.17115729810751001
0 0.5691481686156729 0.10315448278966158
0 0.6472461698171885 0.1377263335430104
0 0.5853419971206913 0.13874162594261377
0 0.6736219575547654 0.16521599231206852
0 0.6686615198850632 0.15718070780453475
0 0.6865261665180974 0.4433000447957412
0 0.7018641887799554 0.44224024311355925
0 0.7130741345817628 0.4443985898209655
0 0.6752396961269171 0.38380566666955535
0 0.726673410638519 0.4532485057478366
0 0.7258621499590252 0.45875521367010863
0 0.7214860563044962 0.4548821362464324
0 0.6744200577554496 0.37513397640508156
0 0.7049647475714269 0.4532486942799195
0 0.6965943079279817 0.4532962043648181
0 0.6860565468668938 0.45645732179931975
0 0.7201184918699057 0.5033416372926339
0 0.7198902935437534 0.4946727435873902
0 0.7124382114928701 0.48482153376807335
0 0.7034706424759782 0.4761554366220599
0 0.6955431576656259 0.470829091059125
0 0.7102905213832855 0.4612044653814772
0 0.7170353136632753 0.4625517470681149
0 0.7250206920763721 0.4651485879784045
0 0.732461332950903 0.4690769681464071
0 0.7225205762230832 0.40855263925116997
0 0.7320426359124805 0.2953641667962074
0 0.7145029061838336 0.4585292265467022
0 0.7201508147561032 0.45833142496969387
0 0.6680293480015319 0.3985802033025285
0 0.685370576446471 0.383744362320589
0 0.66859087218409 0.3944724034356034
0 0.6608335983170115 0.31370855841947637
0 0.6958407532909642 0.3125952450477559
0 0.6831585844249829 0.36076805163984715
0 0.6095502446203128 0.1041338126944459
0 0.6206310864375986 0.1301977447193602
0 0.6355438470516516 0.15674021830377372
0 0.7424471041430598 0.4692753981636918
0 0.5693077198837114 0.1934508712719316
0 0.5456275483188422 0.15632134714852208
0 0.5230160170113263 0.11360531889874002
0 0.6861668010444745 0.2478129976145599
0 0.7196869469531204 0.24807852934236113
0 0.6151519508465476 0.27469947940629463
0 0.6836309237000735 0.20391448042962862
0 0.622431008550136 0.305913730872714
0 0.6781232476882313 0.3598798455751461
0 0.7371045749472536 0.2551917034322801
0 0.728032472340957 0.26482611706723336
0 0.7195412438848744 0.28040411459363024
0 0.68762914593453 0.29214942769511887
0 0.6591760031878948 0.29584171856227126
0 0.637622733802899 0.2961322465020677
0 0.59210295084378 0.29367876852984015
0 0.7598829567432404 0.291942560867123
0 0.687446305933206 0.19659725178195084
0 0.6607269077845241 0.39359843154316365
0 0.6509919671908669 0.32960220578572025
0 0.6948278653232948 0.21785953874173372
0 0.6203291769260946 0.2933189707605735
0 0.6814302165547143 0.3616407038077064
0 0.684164501402689 0.22149473580977191
0 0.6690816236254962 0.34891042054995247
0 0.7511308632143165 0.3375534678282945
0 0.6090849388552748 0.26885892829817276
0 0.6549562722768473 0.34415532719829806
0 0.7869825395553008 0.439939586105554
0 0.7842500677899175 0.45793968672337737
0 0.7549722225445769 0.290069667444281
0 0.7879069303364857 0.40824087003002996
0 0.6888208726178044 0.18550059902279273
0 0.7696440932543381 0.520005673882754
0 0.6571836129802725 0.3994041199269502
0 0.6711859873131566 0.3357343217600947
0 0.7028134625567042 0.21934083531732146
0 0.6724635228190733 0.24895804722024048
0 0.6579488588739997 0.2573180939516296
0 0.7313196535991586 0.4598710722249487
0 0.7732593174213949 0.32789848848529485
0 0.7542194494086764 0.5551118874031564
0 0.7745114697710328 0.5115835686740668
0 0.7796722530670788 0.4889127113896867
0 0.6413430542401646 0.26268178457799163
0 0.6250581964850426 0.2659642852518869
0 0.6147361297322356 0.2683343849104384
0 0.6864369816106298 0.18894738969595537
0 0.6135569383268771 0.24848088822934938
0 0.6248501296276632 0.23530992693875147
0 0.6414183596877948 0.2255825041428856
0 0.6587339548960977 0.220348162236421
0 0.6699967301734115 0.22065922446225
0 0.6783409738994163 0.1770340316645477
0 0.6791046567909096 0.24084695710436158
0 0.7052398672246415 0.40513037345979525
0 0.6786044648160106 0.3754136637501095
0 0.6772580321716226 0.4121669878130374
0 0.7812371934237687 0.4701188592807106
0 0.7755021943670252 0.4945401426890622
0 0.7548243937932927 0.5445974845601165
0 0.7795647185133852 0.425264814366465
0 0.6098519353115041 0.2613693184826685
0 0.62268333963078 0.3154487723889558
0 0.7681982849279175 0.5338069450596105
0 0.7702276557683945 0.3296497630036396
0 0.7044085375964642 0.46505846964276354
0 0.7123468383822752 0.4683467205451882
0 0.7213273177976194 0.47403561330359917
0 0.7300579981959384 0.48174732962380284
0 0.734449971953164 0.48670961973459825
0 0.7167217128950617 0.4517871307290119
0 0.7211261906701586 0.44843116538680117
0 0.724236002434855 0.4449389541926591
0 0.73768519901711 0.4179738388113354
0 0.7679621778104616 0.34697501303061196
0 0.6064969197563503 0.2987727483005627
0 0.5907475465665692 0.2581693948610969
0 0.6004805802975012 0.2570419730051704
0 0.7119965070615644 0.45443914869557256
0 0.7807295615582363 0.3878787766332212
0 0.5796504182660062 0.26251810730799385
0 0.7481282108827777 0.49591143079425976
0 0.6088312635927097 0.3119151155585828
0 0.6510434212244075 0.33675770532825716
0 0.7329512403711028 0.5165369663549506
0 0.7612503961376522 0.4508449416445649
0 0.7021922942088998 0.3683374890814657
0 0.7566859294538912 0.47456064373254775
0 0.7364316399654617 0.34794048582730086
0 0.7260988197572853 0.37850188211254454
0 0.7591989557056323 0.3701975466116615
0 0.7472787816887316 0.531253466528395
0 0.6620699018239975 0.34289071683002553
0 0.7750593333140664 0.45536628663539885
0 0.768578875971877 0.4816519952338675
0 0.7634588870341363 0.4245436477272407
0 0.7803932347375414 0.359474093110665
0 0.7775743914687115 0.4164200202278469
0 0.7812535424271355 0.368495604655017
0 0.7466354499692502 0.3965322107076645
0 0.6362748944565005 0.3222860926195331
0 0.6782971785768218 0.36969510861065075
0 0.6844687866775886 0.3708614309196887
0 0.6693770310477071 0.3606066367548445
0 0.5945013465116853 0.23211008187221444
0 0.6165368958659794 0.20685399411165195
0 0.6407475503890411 0.19310243256066156
0 0.6611165329813957 0.1876993073069531
0 0.6753186902598195 0.1910926020015841
0 0.6906233267939609 0.22217775612421659
0 0.7347967708888261 0.2534201145819996
0 0.7034935248286828 0.2542162698572097
0 0.6940760612487793 0.2676921189479206
0 0.6728541170773299 0.2779830641396668
0 0.6488875409831172 0.28363344922013906
0 0.6297033140840738 0.2853237336096556
0 0.6159496134066064 0.28491270224685256
0 0.7111621452090533 0.2569369606349779
0 0.6839498074158378 0.3762719560576522
0 0.6375873474323231 0.3298949175554773
0 0.6721951553355092 0.3748752475432728
0 0.6652115988342658 0.38780355233213176
0 0.6708744184478469 0.37838970552320067
0 0.6811238368568213 0.3834627268107041
0 0.6644899294428204 0.3903899611338325
0 0.6612089376734651 0.3961196082441703
0 0.6053334834135097 0.2718485286702281
0 0.6012820565830106 0.27927455604076384
0 0.6018615552912587 0.28432732584035914
0 0.6762357349305049 0.22227700255487276
0 0.6800391758265703 0.20859255842540575
0 0.4329231302861286 0.3328976523293101
0 0.45488665649748367 0.3237273575495119
0 0.42301486837475194 0.3167551740356114
0 0.4105607102746549 0.3422918760906095
0 0.44272638970743056 0.349069384517877
0 0.6352225875724917 0.2452507209194743
0 0.6582918753442557 0.23539357233954514
0 0.6248930184089619 0.2279214174527189
0 0.6122137567271357 0.2552129761356374
0 0.6458265261481637 0.262409104342046
