0 0.5703112764850907 0.41774660996768787
0 0.5333488000475842 0.36163398358916893
0 0.5396301317150178 0.3736354101827179
0 0.4912466056563932 0.3171660303529622
0 0.5266316269888826 0.34747630449524824
0 0.5177124559717334 0.3277706294927908
0 0.4958029798758419 0.2792669573555822
0 0.3382413496627756 0.30929131784300873
0 0.48118662445441535 0.24804349157257358
0 0.47277612376796163 0.23088758195871892
0 0.4401749466424403 0.16297690524463204
0 0.5726109762554583 0.4227308469514052
0 0.5740238722899685 0.4275276731105818
0 0.5747235268354416 0.43081119424407033
0 0.575030182690724 0.43027366535819095
0 0.5782636926387963 0.43598620647537534
0 0.5817184287082889 0.4428842705876931
0 0.5845720155731492 0.4498388756984386
0 0.5835903954246769 0.46057132291405095
0 0.5365672620904186 0.36814031048097473
0 0.5125052963747926 0.3719211120320403
0 0.23466711098571186 0.2707664310068324
0 0.4046930452889722 0.30634984638595925
0 0.38396271135981963 0.3126164892877358
0 0.3628207697411594 0.31686996112483135
0 0.3312781871822865 0.315915337237327
0 0.4214094235440311 0.2990416497585998
0 0.3545808363300951 0.27826974859488185
0 0.38007598718547303 0.2741304802289907
0 0.33325775372593297 0.2856183338748372
0 0.3210311846240707 0.2938996742924918
0 0.31679479753517586 0.32772153383795766
0 0.5075886124825996 0.5030338619498239
0 0.328245395106142 0.30770359053343965
0 0.24891141425494268 0.3326698524904424
0 0.28656361069854186 0.3243261144860931
0 0.4124253310425126 0.36902565217536426
0 0.5405118951331014 0.41998286097162013
0 0.548721550113481 0.43143937563982565
0 0.5152532191866118 0.42865752736511437
0 0.498078482468491 0.4360252711651982
0 0.5266262579547323 0.4355197666023952
0 0.5090699545715166 0.43931374547706137
0 0.4643440373727809 0.45702469143746555
0 0.5131770465523005 0.36530335420283716
0 0.5037629382441873 0.35237627514246583
0 0.28687180056358164 0.29117016148739966
0 0.4419725138856017 0.32290115671745245
0 0.45573199702345807 0.3707097016706847
0 0.45084581070620083 0.36285511339488236
0 0.3460921194080425 0.3807355265902436
0 0.496776875189465 0.33372886694859766
0 0.3355629686266184 0.2674472719106985
0 0.30519545580381935 0.2779185713633247
0 0.2428033891660364 0.2438384767729735
0 0.4391521821608362 0.260455891786926
0 0.4042387227325336 0.2745768425959176
0 0.440301137206995 0.4479817453285922
0 0.3257572495419046 0.4612667304666146
0 0.4765441630683515 0.3749323952673138
0 0.49737654517040303 0.3752696163736392
0 0.47645672451218835 0.4468399598330691
0 0.48243560058915097 0.44577923201132513
0 0.28938965843585523 0.27154040406795515
0 0.4574424361648119 0.3765657292004081
0 0.3799793080467245 0.2611915633838246
0 0.3710787825529342 0.25103013352423476
0 0.31358314722614444 0.1970410967056734
0 0.2634120615118224 0.25625589246983116
0 0.3390034785818147 0.22152683805620324
0 0.2704922835464063 0.28736590243120125
0 0.2516208224646423 0.27834968479431194
0 0.544794704279174 0.42648825330146845
0 0.5212931269374879 0.4323458072823891
0 0.5036634832782589 0.43770402480942616
0 0.4832271678859125 0.3762086642285188
0 0.4796160358692641 0.44630015684642654
0 0.49241756643776013 0.44707173119852506
0 0.4855736732158972 0.44524263768740324
0 0.486331090533539 0.36887437774651294
0 0.5129371566455001 0.440523909755807
0 0.5304270593206519 0.43754137987675873
0 0.5514018669238557 0.43434779475564544
0 0.5524717291574115 0.4658637472792812
0 0.555275022416659 0.4539583625028963
0 0.5535688383261794 0.4468286516333836
0 0.5521029824310023 0.4396640192987262
0 0.5519556444462227 0.43382387932228006
0 0.5135793223491182 0.44039188730327977
0 0.5103553086519241 0.4436624180255593
0 0.5071135442703962 0.44775670280923013
0 0.504713074668594 0.45199877299044444
0 0.45534480565592 0.41895889258687047
0 0.27347169573540275 0.3934983719626199
0 0.5380273837110271 0.3707184554010198
0 0.49986005218132684 0.4428566698578821
0 0.49637005214943836 0.4448299974311089
0 0.5080338588146411 0.37923359206837154
0 0.469731534426303 0.3830706854013429
0 0.5027837652065184 0.3772981765585533
0 0.42240998140819697 0.3359562707659991
0 0.39054640730761964 0.35337921588317206
0 0.44995590242678707 0.36951125056847284
0 0.26646899597962265 0.2193678753261549
0 0.29029561903165735 0.2371902522239564
0 0.3234137026593089 0.2581758254032204
0 0.4890021302372865 0.4626671404078387
0 0.42431478323819843 0.24466321212442024
0 0.3928934239741901 0.20897571769529494
0 0.3699100862621613 0.1792957744412664
0 0.34391360640849755 0.31850905818999675
0 0.2975887397061224 0.3416652916998103
0 0.4318732510766257 0.29328484155669593
0 0.3023510912595236 0.3043689488608768
0 0.45386594720184803 0.31064506199048914
0 0.46798860714973317 0.36334111676483916
0 0.27599928726482653 0.35630863149097003
0 0.31812142378286173 0.3478355189596397
0 0.3492026894312838 0.34695185947677365
0 0.38976112214605446 0.3361027166247368
0 0.4176278886101816 0.32397266315377277
0 0.4373140367071914 0.3130294099126173
0 0.47553080352752103 0.28713441143433255
0 0.2923704950624834 0.3854277129622473
0 0.28419104546470486 0.3064925228448018
0 0.5239330481575883 0.3702191189471362
0 0.4496403529673167 0.3374580183754797
0 0.24412954060117836 0.3314953884784726
0 0.45142734650036564 0.3026464577170386
0 0.44863522959792096 0.3700776262667732
0 0.3192790715509783 0.31036301119172055
0 0.46275703123082285 0.35373568896582164
0 0.2948059546963676 0.4271037558066672
0 0.4291249630243882 0.28877123439873476
0 0.4787048158114371 0.3423219460832036
0 0.3879411108791828 0.4893713760851086
0 0.3965395642849414 0.505636492393155
0 0.27405670131354226 0.392184159785941
0 0.35202986941389414 0.47381328704996384
0 0.24910000614497974 0.3030027127352314
0 0.5087090787761237 0.521412022843741
0 0.5277394742259512 0.37228992133252864
0 0.4340273660162221 0.35206522177095
0 0.2680160448198085 0.32987345620125963
0 0.3616965232093049 0.30851890238514845
0 0.38033264162747754 0.30492616585199384
0 0.4887452566510309 0.44954663817433343
0 0.30880213188736333 0.4133275025996609
0 0.5633939882011517 0.534427978746269
0 0.47895412892103195 0.5279176332380461
0 0.44073727079059766 0.5195942063802395
0 0.45550998563513806 0.19569803771657357
0 0.6170883473494778 0.5263093767174776
0 0.3976507169477966 0.2996766378806121
0 0.41373442575011565 0.2939284899528476
0 0.42436584384868975 0.290684485214128
0 0.2663144627586007 0.30621997342593427
0 0.40377437432661006 0.2843102430789799
0 0.383036187728462 0.28485758486541285
0 0.364266537413325 0.288328314335018
0 0.34702644092233287 0.29450167237740493
0 0.3372149693010294 0.30033098701117694
0 0.23523148048021222 0.2982957291322342
0 0.3481537919977437 0.3095225284712902
0 0.5458577365169058 0.3856968668060026
0 0.4725707308186785 0.40639781914111495
0 0.4755128884849989 0.3728669510371443
0 0.5135960138362387 0.3931004043290581
0 0.48827473568203655 0.26263838990227034
0 0.4280515579587739 0.5032260390403478
0 0.46670418443239253 0.513120153028032
0 0.5571459299358337 0.5227306586136853
0 0.3607916765967789 0.487297053516343
0 0.4206095287657302 0.28657239702516707
0 0.47083786591563537 0.31292701307414234
0 0.6109538058061963 0.5148270369871802
0 0.5190270658096542 0.5337595800342767
0 0.2941245439097933 0.42245536923840427
0 0.5310566972779192 0.4371999532416247
0 0.5287694887298605 0.442157586361619
0 0.5277455006928548 0.4479688795256442
0 0.5279671285787354 0.4542969543000926
0 0.5181531185365241 0.466259970397189
0 0.4949006168981609 0.44260016375261807
0 0.48989189242053294 0.4423528475066026
0 0.48515291625390883 0.4418655045978401
0 0.4436885959914197 0.433523791477732
0 0.3421092822175959 0.415228806598031
0 0.46459439141756814 0.2977784179367017
0 0.4424145278399405 0.2768338564513386
0 0.4280935971309309 0.2804085247866485
0 0.49978965209068166 0.4427689456421396
0 0.3531157291777756 0.45100633049572725
0 0.46302139224565547 0.2734813646453878
0 0.5122003754114975 0.4839655270503051
0 0.5101569465806951 0.3109308821891529
0 0.48324048089916294 0.3028128408975359
0 0.5031502474423336 0.29541933433949086
0 0.46459440967958904 0.33886126315464143
0 0.6022778483836547 0.4977266715056654
0 0.5922856375413097 0.47776405426903046
0 0.5532509695900523 0.48408976148651994
0 0.4440267720948095 0.4682961628380893
0 0.4353914111447723 0.3853712031158848
0 0.4763263884688849 0.4787535684696142
0 0.38491301214241463 0.3933147928421048
0 0.4224216691015855 0.40406705277121585
0 0.37606206803542114 0.4204997983423696
0 0.5538084725646869 0.5049043254035971
0 0.45402738346677757 0.349284027689609
0 0.4286569439522598 0.4844249577086041
0 0.46785208028133796 0.4952260952280915
0 0.4170683950752668 0.45426795172734535
0 0.32491542516357225 0.4368992423557717
0 0.3885218066203853 0.46230985737149266
0 0.31811687653965276 0.44997628745825397
0 0.4138427560582109 0.4266852901141713
0 0.4605408984681834 0.3247808723346047
0 0.4781752719908305 0.3681724905643774
0 0.46507787842141546 0.37397851902937546
0 0.48421576412637596 0.357655958313009
0 0.4209371676830494 0.2703163771201735
0 0.3809439079916995 0.2697897203050662
0 0.34806072873913724 0.2746442089370195
0 0.3227172987535596 0.2828833071541959
0 0.30686011205872765 0.2927855674069429
0 0.30540579776077165 0.3169831677299479
0 0.2581825309392551 0.3625626266542552
0 0.3320650611396717 0.3309039042155812
0 0.3565329002702366 0.32988607278768567
0 0.3855297205888707 0.3235081547088381
0 0.41118486500952556 0.3143125946323077
0 0.4302458858684353 0.3053626997423345
0 0.4429910963644152 0.2981369470556577
0 0.25791581412372383 0.3621895495208277
0 0.46712947037556896 0.37724870707893715
0 0.4765373513345485 0.3268185600746369
0 0.4950531595589026 0.366360437232947
0 0.5101475781639633 0.37023690677639365
0 0.4959585905560981 0.36811538882877515
0 0.475660116897653 0.37985893862618914
0 0.5157438466406387 0.37078294017608615
0 0.5192183422167664 0.3728910004315169
0 0.43738639083407493 0.2878098972411691
0 0.45113049735031696 0.2888667622068222
0 0.45980501207320584 0.290162298720384
0 0.33209223502680013 0.30440028783851775
0 0.31482244448979263 0.3022612935822943
0 0.531219667552606 0.3084831086621768
0 0.6481954720195221 0.23762281422597775
0 0.559833588078618 0.36165934137028194
0 0.7097452394664288 0.16806328985030236
0 0.5922922483928825 0.26215274478106393
0 0.6140956769332938 0.2592179242899452
0 0.6351900277254374 0.25453670344490936
0 0.6599531454722518 0.240332856990289
0 0.5732364869959976 0.26255812660615513
0 0.6109670640333839 0.21834068270265192
0 0.5867827062535546 0.2244783872063609
0 0.6342523825233397 0.21640732322914014
0 0.6502813965730045 0.21866721865059674
0 0.6830880944819554 0.24515262664552184
0 0.6849862489363422 0.4647861661902372
0 0.6548626071409039 0.23193535052131917
0 0.7520755812849688 0.22393384910580041
0 0.7058294969408409 0.22922658499168314
0 0.6429317366817723 0.31956530011434486
0 0.5966760465146407 0.40950255857213685
0 0.5979570907581112 0.4223862428056157
0 0.6232080966558146 0.40847316972803377
0 0.6408311659875123 0.4095581027044766
0 0.6177351881304513 0.4188154996305272
0 0.6331207581350337 0.4165445763779723
0 0.6776925438772077 0.4111012514086737
0 0.553070394727199 0.3567049480650736
0 0.5498659944404727 0.34241300356992777
0 0.6781361283653456 0.20232261784806632
0 0.5786052654780771 0.2933408373939818
0 0.6068723171787418 0.33838840595621994
0 0.6044445641176857 0.3299125208910825
0 0.7091284214478472 0.30276352717824606
0 0.5400947175272133 0.32431795264499774
0 0.6191159064841011 0.20071499994483546
0 0.6523074582219124 0.19834815948337747
0 0.6780376960725888 0.14956265461185705
0 0.527043727752955 0.23468598442665045
0 0.5676035666433366 0.23430413798685523
0 0.6891834092043017 0.3944315943812978
0 0.8005599319610907 0.358385508529086
0 0.5930818981774475 0.3501625470817089
0 0.5761644733340844 0.35854126885533333
0 0.6625054089919381 0.4130420562257801
0 0.6568393978573706 0.41411558754634165
0 0.6610087268054485 0.1859690764028093
0 0.6106686626115571 0.3439667128242444
0 0.577519332666112 0.2118426734122677
0 0.5763535948227281 0.19948488276829754
0 0.5747283480089643 0.14030740717830864
0 0.6706919807778753 0.1669898052578387
0 0.574300541906901 0.16941049206408038
0 0.689241044142324 0.1918130169312159
0 0.7011103350669146 0.18064962762097517
0 0.5983183135319016 0.4165473489117795
0 0.6209241752715214 0.41395194574758626
0 0.6372890644099402 0.4130564484799254
0 0.5886153731009235 0.3538656865341076
0 0.6596640211570522 0.41363625071834825
0 0.6525023505091667 0.41813336285775987
0 0.6538935877868662 0.41463719772687857
0 0.5789411405668311 0.34906362682796904
0 0.629521277287732 0.41905456057925156
0 0.6148485104836847 0.42207849155301636
0 0.5965545675514833 0.42607056641060376
0 0.6138646623686604 0.45268147050038626
0 0.6125820475913908 0.4435676845951357
0 0.6079742840450743 0.43684637730104336
0 0.6023950905579588 0.43054817735716916
0 0.596485537112407 0.42582954288176866
0 0.6295125845657743 0.4195045833138452
0 0.6366683383188818 0.4209249928809594
0 0.643617146850928 0.4231227710843086
0 0.649598652658903 0.42579720703803975
0 0.6500092194132183 0.3772146578716195
0 0.7851876567077377 0.28309900405398314
0 0.6407318205937095 0.41733957708313846
0 0.6467762573257737 0.41766686068064923
0 0.5709855833455272 0.36600446258334146
0 0.6063380800187588 0.35424611555493396
0 0.5735011767272068 0.3623990160075651
0 0.6060298171056353 0.29636012671002443
0 0.6479677080946125 0.29809848983110726
0 0.6111378504530244 0.33506183266855666
0 0.6353140633715235 0.13922462369436803
0 0.6301903612101856 0.16215492685095986
0 0.6220714684737765 0.18750035617014635
0 0.6623898469235586 0.4252675907767337
0 0.5259173993507157 0.21492175911755665
0 0.5183200334077296 0.1813035250465939
0 0.5118992712105745 0.1484935313085283
0 0.6519453588711179 0.24807036022885123
0 0.7105778780482386 0.24943954022466272
0 0.5606486585963032 0.2619362846556781
0 0.6750407523435095 0.21944954046520634
0 0.5583202509290498 0.28792676421395247
0 0.589825268510891 0.33724120000134344
0 0.7482760582605134 0.25448760779007623
0 0.6989897126736848 0.26391397351803986
0 0.6725544877674269 0.27621967790891294
0 0.6299697194734345 0.2831059509645338
0 0.5970511484243299 0.2835745247539835
0 0.5721784220279559 0.28216774421541585
0 0.5194921629584354 0.27747868862596975
0 0.7593451439524475 0.28491859618520393
0 0.6931623748463133 0.21348385766580485
0 0.5487579645831948 0.36485657128302945
0 0.5842332916091317 0.30843002554299176
0 0.756460730796275 0.22081568313465602
0 0.5522230004324861 0.27905063741449
0 0.6129377552348635 0.3349986562802308
0 0.6648378708278355 0.23054948859456656
0 0.5862952198671258 0.3271973068839398
0 0.7966126691873955 0.318685285423113
0 0.5595384738205568 0.25672334478493186
0 0.5629726833785358 0.3241636564658172
0 0.7722014240596605 0.4062181651808213
0 0.7804378146386665 0.4221530384451583
0 0.782197177734064 0.28240210120228754
0 0.7882888035281844 0.3793214097403098
0 0.7255161015883737 0.19988806837278864
0 0.7009619378849216 0.4799285620666932
0 0.5477316390075113 0.3679470430681671
0 0.6098984436172507 0.3142696670863939
0 0.7256884220177713 0.22604784382966117
0 0.628780715815399 0.2468316762343697
0 0.6108319616026204 0.25123115780128946
0 0.6575498635192281 0.41890917389073234
0 0.7697754241526127 0.3139664328832557
0 0.668259917879882 0.5118643198216307
0 0.732385105089001 0.4728805007601994
0 0.7566478069385757 0.4509329673820648
0 0.5926685921199943 0.2535352580033351
0 0.5752387349696263 0.25493604176934215
0 0.5645616983427949 0.25642302329989447
0 0.7084195263197889 0.20533508486181928
0 0.5759724299220935 0.24234928344578846
0 0.5931559689342976 0.23447844936795856
0 0.6116265421328337 0.23023055375054263
0 0.6302573828269606 0.22883964518921962
0 0.6421838704010715 0.22984869173471478
0 0.734290710447923 0.19041048864955487
0 0.6403723144498856 0.242111016874728
0 0.6245041888045229 0.3740344992906287
0 0.5919172560553188 0.3481113704974237
0 0.5792091174618058 0.3792736847763476
0 0.7513841446489096 0.4333803362172583
0 0.7282186250161865 0.4566143564339997
0 0.6622612822962843 0.5001167825598648
0 0.7941032118447449 0.39310199308438576
0 0.5645042460249818 0.2513518720541311
0 0.5454412163437709 0.29673589849709603
0 0.7044097343864648 0.49369712071358296
0 0.7915821033327476 0.3149469441369824
0 0.6147884649589009 0.4221950002770493
0 0.6224618374329546 0.42524964718715
0 0.6291482207243857 0.4295488191039666
0 0.6351055476166632 0.4348874108298965
0 0.6418783833151278 0.4395091623823712
0 0.6454716550753169 0.414983795604844
0 0.6497939101865758 0.41297504813342856
0 0.6534299881238005 0.41079013573302736
0 0.6728685214791609 0.3842579529121302
0 0.7428801789393892 0.3289106704726599
0 0.5380317300720059 0.28178999427220097
0 0.5383546026018651 0.25151348896864534
0 0.5532868727231803 0.24903619885984538
0 0.6408231306983077 0.41684696947534877
0 0.7657954723614714 0.36180036676966626
0 0.5179417904304422 0.25771717354655266
0 0.6635380532268597 0.45129859917189763
0 0.5259995053967704 0.29347315579112887
0 0.5726238327181857 0.31566970320283505
0 0.6300863042149855 0.4675275479321894
0 0.7048513831003852 0.4121140362019988
0 0.6372656159750794 0.3421650019784768
0 0.6879463399072057 0.4330899678170681
0 0.6871558500696784 0.3283596215904623
0 0.6648197549030833 0.3520555957827879
0 0.7186156874117644 0.346744854003191
0 0.648646324791986 0.48451632671598077
0 0.5903929982172407 0.3199535794556141
0 0.7329737995953663 0.4187392082227313
0 0.7104340828955173 0.4428643021138682
0 0.7143708997932465 0.39028307385202765
0 0.7772609900035288 0.3392176739331605
0 0.7458874954963508 0.38510114586223726
0 0.7957608920076619 0.34667445033572725
0 0.6920386031270027 0.36688313773576764
0 0.5642590236080729 0.30239646239341167
0 0.5851429228711388 0.3452870931098427
0 0.6017309373811536 0.3448465717551501
0 0.5708497139098851 0.3390092666166416
0 0.5504098374234594 0.23680351490991702
0 0.5826410260051489 0.22086635196878426
0 0.6138052742766298 0.21268155180133771
0 0.6411484138149283 0.210054622747112
0 0.6616355889355359 0.21214378927496896
0 0.6829999254449554 0.23061554654892805
0 0.7699465027645879 0.25201092514654866
0 0.6726982829201481 0.25447340244832245
0 0.6516953152806862 0.2638186949264744
0 0.6222532851540524 0.26984501522088394
0 0.5937650073319674 0.272025036747041
0 0.5714166766113561 0.2719524524350097
0 0.5554058880585692 0.2709036714302889
0 0.7712683078387509 0.2514385994037856
0 0.6029685180148353 0.3483344192846098
0 0.5520087869270988 0.3104986784358819
0 0.5690550685900709 0.3504223553058894
0 0.5601095637387555 0.35950558103513025
0 0.5700962229267411 0.35223437748525455
0 0.5983135288824206 0.3538574623888817
0 0.5560045901523984 0.36209466033007787
0 0.5551615422186644 0.36508083500076033
0 0.5520049519027057 0.25938415171011636
0 0.5411737838193126 0.26609091098973714
0 0.534767247736454 0.27156398618134897
0 0.6493516040399022 0.2310201651484206
0 0.6618296046457861 0.2227026104549135
0 0.3703926784269836 0.29634821104506653
0 0.39267778603117104 0.29113192232730595
0 0.3637839269864818 0.2842798853913943
0 0.3477516257730515 0.30161474804407445
0 0.37678626673701016 0.3084492463672507
0 0.6099099852144718 0.23941929152478342
0 0.6319010012337695 0.23501614959019682
0 0.6039684732323107 0.22723180922153202
0 0.5879980802697979 0.2436145401519278
0 0.6159115061973748 0.2514842994835066
