0 0.2816269741498595 0.48122688699454164
0 0.2991971164155635 0.41883961223184873
0 0.3067850935087501 0.43951282067039904
0 0.3363696236690457 0.35351886440770697
0 0.31001734562057387 0.4004281624056661
0 0.33378224207057083 0.37738385320471496
0 0.40250301789894377 0.3197042090824237
0 0.2713646449202256 0.25735666557622794
0 0.44925565528069183 0.2664984271358758
0 0.4667578959922425 0.24037902333294622
0 0.5387818687539593 0.15088288852581963
0 0.27650521992207716 0.4896440673559999
0 0.2727088302159481 0.4991880853336078
0 0.2719014362751437 0.5064605291659078
0 0.2636568580599998 0.5179375214889027
0 0.254136006895015 0.5293214105950377
0 0.24406356891568046 0.5434033082316096
0 0.23709295422053164 0.5571671753836135
0 0.23828138250241176 0.5663326457856943
0 0.29883326250586295 0.4288863514939817
0 0.2849975546344007 0.42229366940431323
0 0.2769515226356131 0.15409024021686457
0 0.32142333904330395 0.29713429324923996
0 0.2984745130836249 0.2900627791500701
0 0.2776480747355546 0.28160642687314613
0 0.261745826446181 0.2602459687394456
0 0.3404446665903361 0.3009800695763609
0 0.3223073542546883 0.2272119911048359
0 0.3473764526472389 0.24032003991900922
0 0.29628268070072294 0.2216529171116436
0 0.27744653921047274 0.2245639443587952
0 0.23894900197891308 0.26503858313012046
0 0.16451076852331917 0.5490993846910068
0 0.2699331761264115 0.24905905789270188
0 0.2245237419931151 0.2336524422176349
0 0.2347004712342644 0.24162709360686355
0 0.2396735586136651 0.366363860547733
0 0.26016985641109 0.4694321528791239
0 0.2535753766123911 0.49210671961497954
0 0.236482099234629 0.4696402277428502
0 0.22011942185943933 0.4744151958261435
0 0.23837246468884768 0.4887511786370993
0 0.2266765406949343 0.488264588026193
0 0.18252056579795672 0.4938215148715546
0 0.2815702528261738 0.41147070913649975
0 0.28871184087199847 0.39292537832793334
0 0.26358186634038566 0.19443254972608706
0 0.31844495154684965 0.3356449773993355
0 0.25579506244590816 0.39161258688369116
0 0.2648990831072096 0.3815766014039707
0 0.1864406179181106 0.3409035950423049
0 0.31199611691262225 0.3715592365676222
0 0.311303061332634 0.19190956080873933
0 0.28428876471462294 0.18709264214808186
0 0.30337050435640256 0.12665322741951807
0 0.39178214813593765 0.2453668477436224
0 0.36371836673727426 0.25813277832235393
0 0.1817649721527557 0.4706325709058073
0 0.17822694721267662 0.41112453116776465
0 0.2664340121997632 0.40842154269782116
0 0.27880273569973824 0.4201124919870029
0 0.20179398811692528 0.487597131786255
0 0.207538122896382 0.4893821514071748
0 0.28531674158087167 0.1703024332801374
0 0.2552210072533404 0.40022387662634684
0 0.3460644806603448 0.20889815531028344
0 0.3523218268684918 0.19150445355584447
0 0.39468402227909444 0.11254684508037262
0 0.28924133701861904 0.1460231171248439
0 0.37292889096468185 0.15047411849133122
0 0.2629795044446163 0.18039420851693747
0 0.2646169009969103 0.16679054746231714
0 0.25490882413850413 0.4811675607586821
0 0.2362815241733615 0.47966416032550435
0 0.22245494610399938 0.48142832193892604
0 0.2707252134379151 0.41384953241378736
0 0.20462662253162558 0.48856728174054204
0 0.2055561572527714 0.4961857591955045
0 0.21050751009147517 0.4902779992205647
0 0.26986045066973 0.40455353707551195
0 0.23132550930805343 0.49352643541253793
0 0.24175964285143844 0.49543624221326443
0 0.25519847412475294 0.49967214988824277
0 0.2115546746505536 0.5528969494298624
0 0.21277562920138132 0.5440296258408421
0 0.22136942774271792 0.5313625001488402
0 0.23443009527467137 0.5187204545869614
0 0.24672249967245746 0.5101621398529687
0 0.22693685876379768 0.49882104935737465
0 0.21710306906299912 0.5013978071867848
0 0.20607491562978256 0.5052596781010064
0 0.1967746689736986 0.5103460367495259
0 0.2137628565017554 0.4430515007279551
0 0.21324569530052534 0.31495008096336935
0 0.3023056629464495 0.43423274959238195
0 0.2207663643846123 0.4949495433428036
0 0.21295993033644678 0.49540232088619146
0 0.2808812657277361 0.42905722115748224
0 0.25926491603862756 0.4140087100454032
0 0.2797140000249556 0.42474001055708327
0 0.28957198478049223 0.3378264435087911
0 0.24453320334569442 0.3371798994061284
0 0.26049222691739493 0.3890825610953017
0 0.34003648026098166 0.11131297485135234
0 0.32378618794379477 0.13873223308176277
0 0.3151784896564712 0.17337962090016934
0 0.18539101442844746 0.5125823543665889
0 0.39964202282240063 0.21714632446392657
0 0.42913715430586746 0.1711892955505048
0 0.45837358647970844 0.12599242914218112
0 0.26431653482450856 0.27112969870384507
0 0.212354363297387 0.26922498010217955
0 0.3533300764554982 0.3019276654567962
0 0.25845652925882406 0.22502411963840643
0 0.33998131294616407 0.3295133547089732
0 0.2642546010960778 0.38805835353680695
0 0.19136322159275448 0.273477325186181
0 0.20863833959154088 0.28800631673953025
0 0.22455585817638918 0.30553664205173336
0 0.2673881952282336 0.31880323698345464
0 0.3031492847189915 0.3232314497137222
0 0.3290964952475733 0.32397100681694935
0 0.37877535291141173 0.3161703104885241
0 0.16724608313265465 0.3142025667828874
0 0.2492646207626489 0.2153735020861458
0 0.28805514262448684 0.42426157549928173
0 0.30296228565186334 0.35515722841881336
0 0.24650524059931436 0.23149919576538255
0 0.34953207878185977 0.3214743971443786
0 0.2640100065752757 0.38978285606676777
0 0.26169393981675165 0.24495105888135135
0 0.27719861004564117 0.37631175883661827
0 0.19466961287766052 0.36017123359841663
0 0.35886545604367337 0.2958645169346477
0 0.29418073262242106 0.371369385395568
0 0.14551266477548247 0.47320716354412773
0 0.15328877406726352 0.49096147787456695
0 0.17918423825888324 0.3113939169877634
0 0.14855949341250266 0.4392496777799564
0 0.24520587335101707 0.1976350477804391
0 0.15556416680201066 0.5624931485127336
0 0.2934388013051854 0.43016915504163067
0 0.2767857724814106 0.3616723605809501
0 0.22371800997846134 0.23848448112940254
0 0.2852629663989984 0.27163061566246205
0 0.30392761653561673 0.27968191481626836
0 0.19882017631324933 0.4976337307367843
0 0.15654399097680474 0.3532197793451742
0 0.17530251835747587 0.6026847968086267
0 0.15286953700818032 0.5508834660624544
0 0.15198582396518698 0.5249773516251256
0 0.5006030867997405 0.19622399274723978
0 0.21529979285576362 0.6265690918928518
0 0.32382773609755994 0.2857571884085195
0 0.3420267771188018 0.2906667772478189
0 0.353188532147762 0.29452610406251
0 0.24498017514638193 0.2056134341242976
0 0.3519411378627201 0.27253202079964906
0 0.33749204974094454 0.2580075220178111
0 0.3169584557306852 0.24857208837335482
0 0.2957145070000518 0.2443387969709433
0 0.28234372836508626 0.24527441212734857
0 0.2588807305129026 0.18749940938081222
0 0.2756073265481624 0.2640959311026735
0 0.3003283053708019 0.4540952383138882
0 0.23449911916856286 0.4382642632284865
0 0.2651876647123616 0.40482151555938845
0 0.2701174017193792 0.4445669901447174
0 0.4299105111357691 0.29375341953560946
0 0.146692416507849 0.5055027568873506
0 0.15157060142901305 0.5330667581421118
0 0.17320577189219083 0.5916506221500067
0 0.16342550916351575 0.4556376843597181
0 0.35734427561291116 0.28744850938502975
0 0.3384911047754814 0.3399049006521511
0 0.21398449701656827 0.6158107625790679
0 0.1578010330669028 0.5772136331747134
0 0.1661715075838194 0.354041541536776
0 0.23488442703402584 0.5037868068621943
0 0.2230086049301733 0.5092549969593938
0 0.2103064170272516 0.5173385574604376
0 0.19980872020446996 0.5276159617466668
0 0.19336957654221165 0.5330481014122217
0 0.21720682073840133 0.48896910512028413
0 0.21219175353610545 0.48483005366005455
0 0.2087174429596185 0.48040093876683293
0 0.19582741423476513 0.45476590625394264
0 0.16214209208957298 0.37542006097281705
0 0.3605214251602868 0.32163635343789293
0 0.38040155844150975 0.28416147866188146
0 0.3691454189572689 0.28260815253082555
0 0.22244076577307795 0.49252983404043765
0 0.15088795986678674 0.4187753421430009
0 0.39403397173618526 0.288998371210342
0 0.1806260563200898 0.5397225194655287
0 0.3571768311573733 0.35808214897545765
0 0.3560612038742724 0.335990343421412
0 0.378933775482132 0.33994412669739404
0 0.3017564826874996 0.36302823932787864
0 0.21992135047912598 0.5999093466102124
0 0.23033182855418546 0.5816926196360359
0 0.19896532505822123 0.5642239300968548
0 0.16506330500975502 0.4883686976310925
0 0.2380941676007186 0.3976854065927073
0 0.16997354136382362 0.5147034116446401
0 0.19651983310278656 0.37693114783436343
0 0.20948859827695704 0.40998210417576875
0 0.1712138994420461 0.4013424504298372
0 0.18207914094559008 0.5779759608709012
0 0.2882588580786753 0.3695940008749977
0 0.14970885563811523 0.491210294417299
0 0.1578059325115286 0.5204943956468052
0 0.16434874151536316 0.46029443300951023
0 0.1517410891519176 0.3872288327438001
0 0.1501260638522873 0.44999743374391865
0 0.15658469737576639 0.39588436455772325
0 0.18575583959369066 0.4306163030881851
0 0.3214798013655116 0.3472614982448066
0 0.2641136719168519 0.39860799451605583
0 0.25725937046878916 0.4000344945790288
0 0.27468946847698383 0.3887213350484927
0 0.3741618027504114 0.25652041464758374
0 0.3459412607071783 0.228850066423797
0 0.31508981402543523 0.21391066289938296
0 0.2884898010632403 0.2083356567084218
0 0.26933587555119176 0.21182186696856928
0 0.2496328776974758 0.24404386185799926
0 0.198622622935892 0.2713032387696897
0 0.24056396252817389 0.2777441409639657
0 0.2559768814834759 0.29195143925115324
0 0.2847097068667698 0.30286595101554553
0 0.3145376012908469 0.30924602938345824
0 0.33719268719927015 0.312138670549606
0 0.35316889120234574 0.3124571882021694
0 0.23236568082722542 0.27354653912801713
0 0.25877650400145735 0.40581508566396307
0 0.3179380209040013 0.3557382213612334
0 0.2714456800076601 0.4039331376552582
0 0.28203063874507694 0.417880829530783
0 0.2744537231733473 0.40791420233897124
0 0.26370714751364804 0.4137050059085456
0 0.28302455691696643 0.42084060966397246
0 0.28782248375513 0.42667201056647985
0 0.3642017929959926 0.2992473212769999
0 0.36986788199674026 0.30665649692661845
0 0.37027995334826497 0.31203019447600877
0 0.2750987879378047 0.2470868755453311
0 0.26617556109988716 0.2311651609100092
0 0.3798435829240355 0.3689473304695215
0 0.6446338734752555 0.38363558987078195
0 0.3315837296078817 0.43935321000056526
0 0.8489815502715625 0.34575766477341086
0 0.5499225583293741 0.3741415878073476
0 0.5757966333156009 0.38494448397106257
0 0.6040146285109669 0.3937063988405295
0 0.654537097155619 0.39437093207249624
0 0.5295662508308173 0.36244868984618506
0 0.6303297398473433 0.3309074129921179
0 0.5962166551777499 0.32277549655673604
0 0.6594266565583593 0.3443155753345916
0 0.6756174864528848 0.3588369345893494
0 0.6707688492836712 0.4152268826390227
0 0.3351930447047849 0.6192127829923416
0 0.6619374168862542 0.3814023396077628
0 0.793274044704666 0.4326793332450306
0 0.7206621170043945 0.4110165603054217
0 0.48911414815367554 0.4562743948861814
0 0.3133421260104191 0.4887221650764965
0 0.2997445268310803 0.5089428485772861
0 0.34113853154994317 0.5102762454233992
0 0.35967677817356103 0.5272030958923669
0 0.3249552558651931 0.520835629762552
0 0.3449863006742738 0.5317740668884863
0 0.39021022499894065 0.5724151366815781
0 0.3217608935112576 0.4262924525684442
0 0.33672734787709996 0.4101963498341009
0 0.7260762839008579 0.354107832470641
0 0.47219772561848594 0.3898500491635868
0 0.40697813176994413 0.44701961035164783
0 0.4211865211848161 0.43811500938936543
0 0.5842664996497065 0.48480085966686093
0 0.35823552128222347 0.38790772840999566
0 0.6603590187123067 0.3088978486129651
0 0.7010898933136206 0.32963399193919124
0 0.830663239069694 0.30068055147561024
0 0.5173979297244578 0.2855536965325998
0 0.5630989131881751 0.3228176636532092
0 0.4206199770351108 0.5603153632281307
0 0.6484855707886693 0.5911625159053376
0 0.37898982771866613 0.450299080949241
0 0.35378727881456734 0.44763510200543144
0 0.3833404913794794 0.5517487125084423
0 0.37675101894268886 0.549475297950708
0 0.7291491637698753 0.3211482111067056
0 0.4061102178171098 0.4556898293784632
0 0.6013531293228662 0.2930219277691917
0 0.615777094301274 0.2772926625352317
0 0.7125156140155929 0.2149429538379462
0 0.7817281041499808 0.3111129293140893
0 0.6612358682161327 0.2450786608095748
0 0.7559114411580476 0.35013676375245895
0 0.8031147195280884 0.34981411419356595
0 0.30610362824490317 0.49949853764936186
0 0.3325931878684522 0.5158001891911601
0 0.35228319248135426 0.5295459048245281
0 0.37144075480582334 0.4514017405982216
0 0.3798415324956679 0.5506319069443419
0 0.36195555951097885 0.5526036382102357
0 0.3732394984871935 0.5481970413043477
0 0.3631886223809039 0.4388774092585896
0 0.3404179462711874 0.5330891317833727
0 0.32020552488539716 0.5238547722181193
0 0.2969238712347383 0.5147959013906912
0 0.27593717572214504 0.5780443448228196
0 0.27162023621211523 0.5672264005810308
0 0.2768730667712305 0.5529226430307943
0 0.2840155613222282 0.5375307686983968
0 0.28940122726438144 0.5260551115765739
0 0.33684793464857327 0.5389318999391013
0 0.3386887229032082 0.5457304556148882
0 0.34055728906636046 0.554856447366099
0 0.34175370322714604 0.5639684375482626
0 0.4045817205945937 0.5141080562679913
0 0.759369283557224 0.512188542193879
0 0.35442509153764024 0.5433023381537904
0 0.35785405527201775 0.5476059080503238
0 0.3410398304033622 0.451351724684048
0 0.3926720124640339 0.4635438074509557
0 0.3469693886576225 0.44955865776957793
0 0.49484593719601344 0.4105955388980171
0 0.5311723189959995 0.4396840872855994
0 0.4229667030935951 0.44820187685969537
0 0.7880272790968276 0.25719599035410834
0 0.7380316194584615 0.2759104045435263
0 0.682386015244811 0.2955151272657961
0 0.3574218465555772 0.5788754895091438
0 0.5415310831092817 0.2602106941679415
0 0.5831823194627281 0.22174836595218403
0 0.6312632675079419 0.18145405151211796
0 0.6327864120332457 0.397817050210965
0 0.6947582568481958 0.43964258778971227
0 0.5167104966348881 0.35352954601708314
0 0.7007709329934428 0.37666057112117923
0 0.45879232711929213 0.3711106450603412
0 0.38975222405198096 0.4336802289127923
0 0.7193877433987258 0.46176957769896654
0 0.6576287546317926 0.4478803820693836
0 0.6088136237302273 0.44307539000297885
0 0.5536437188978676 0.4212451756190949
0 0.5197078775730636 0.39978077026982656
0 0.49593277214814147 0.3816292516339701
0 0.4280207500183325 0.33319582149814875
0 0.6785894852462147 0.4996295677968107
0 0.7286718240458903 0.38108073655789654
0 0.3127028995709454 0.433338020461055
0 0.44892311896637477 0.4069658486416545
0 0.8287788306494697 0.4330878326306328
0 0.47867133806077694 0.3643475985184264
0 0.43053817963428637 0.4502409455684808
0 0.6764462048487125 0.3858453838969953
0 0.4054219861396497 0.4224343707386297
0 0.7121983372050223 0.5522908763573192
0 0.5233890224132035 0.347313029792743
0 0.38341221320543356 0.40333911747978135
0 0.5074018971811382 0.617804542707559
0 0.5117092644282096 0.636443806722903
0 0.7295213488937854 0.5112127627427585
0 0.5705034201093715 0.6035379542710301
0 0.8025325705393327 0.38929316201529945
0 0.33406489901691316 0.6375473324483195
0 0.3132029450911698 0.43723918959355584
0 0.46604674268397783 0.4293213022973972
0 0.7507625781088996 0.42215639628922214
0 0.6080485765310786 0.381107007543119
0 0.5831715709013905 0.37403231783035085
0 0.36602395472766686 0.5576555342339098
0 0.64405776785432 0.5332702500180314
0 0.27238596329014364 0.6442781898160331
0 0.38561892738159326 0.6490520392172634
0 0.44149789192693695 0.64578140981662
0 0.5622878068928524 0.3649380822151233
0 0.5430464144233319 0.3555002668604683
0 0.5294056699144468 0.35033114378254254
0 0.7602290821304138 0.3827713177607844
0 0.5604201040679603 0.34164354909723177
0 0.5894445866989575 0.34361441428668965
0 0.6142425537109375 0.3506484164502293
0 0.6365429263034884 0.361035036583678
0 0.6490139338038237 0.37000069593469176
0 0.8478864920225074 0.3875100549798423
0 0.628122011248728 0.3835091427111397
0 0.3839522528705551 0.4936937325107404
0 0.3786707378977494 0.4469694500914016
0 0.3346047444309262 0.4685697572680708
0 0.4471198211756827 0.6285394879575735
0 0.39276400115564286 0.6339097392444794
0 0.27215519297323065 0.6334541108661567
0 0.579017273527827 0.6193093866014633
0 0.5353757403165602 0.344595065417762
0 0.4212732650964952 0.3689773183661147
0 0.32872718072337787 0.6498579594273918
0 0.6870835250516018 0.5475360806376789
0 0.3142646892751149 0.5329667263137646
0 0.3132582634901829 0.5428242639611705
0 0.3110458189063221 0.5554893688081552
0 0.30789033914927383 0.5688274150458388
0 0.3189863078028178 0.5816415932993538
0 0.36202156172096017 0.5410581175892498
0 0.368244892401661 0.541108277849496
0 0.3744074440688538 0.5406954480817143
0 0.41636099989751546 0.5370036168410756
0 0.5811681513020175 0.5303861793999474
0 0.4441942699807439 0.3507588411958073
0 0.5074537406436546 0.323123406678343
0 0.5276874541092834 0.3322671169099716
0 0.35689935424059127 0.5408971717182439
0 0.5600438612542278 0.5745415347643172
0 0.4721955025224663 0.3127217565100795
0 0.3303019744600895 0.6000158018387926
0 0.40301150255066026 0.3524257676860395
0 0.4182046587518651 0.4046967283795817
0 0.2766219216713802 0.5955869756377162
0 0.4190467373072672 0.5874161218492367
0 0.44540488605590745 0.47320066797085847
0 0.3777873486066036 0.5972695095470538
0 0.5164054792276104 0.4938571683514994
0 0.4573000469367853 0.501050366189914
0 0.5208186054115387 0.531294585321658
0 0.27441043755133376 0.6161055172594211
0 0.43180325077020293 0.4209155252756783
0 0.44194210104519227 0.6078956178582895
0 0.3895169859595722 0.614977705307281
0 0.45470541329692593 0.5713889804511024
0 0.6135675958592257 0.560745189745967
0 0.4991319799880616 0.5851432125027568
0 0.6382733151781187 0.5788909345389174
0 0.4613121740823741 0.5330449618851415
0 0.43563640789448216 0.38768810586045727
0 0.37273902129783903 0.4386780673322586
0 0.39209797885492265 0.44985128334535956
0 0.3643039906625267 0.42141954567485723
0 0.5414206621458204 0.31116736582673776
0 0.595663859689836 0.3126521095300254
0 0.6394051516370521 0.3231450946757588
0 0.6734851704512854 0.33871530858091653
0 0.6950814906927607 0.35650754984194477
0 0.6943724309797767 0.3972401711316154
0 0.7658624506111054 0.4733530613370597
0 0.6450904930809991 0.4189140587188184
0 0.6070602268909665 0.4149399948196289
0 0.5675889196441614 0.4017205649671463
0 0.5357529759692917 0.38544680830388783
0 0.5130386758479569 0.37086832409087844
0 0.4973389559226642 0.3589412607133579
0 0.7971521601688376 0.47278783820307674
0 0.39109298836984796 0.4547671331955602
0 0.4004666619449497 0.385101135546407
0 0.3465116251286843 0.4318343674222501
0 0.3316513937440136 0.43667248691232824
0 0.34878615452517137 0.435762168405155
0 0.38244542543836635 0.45777664055077794
0 0.3230423356989305 0.43573975867737597
0 0.3228638620971204 0.43950769638481996
0 0.511222168981886 0.34441733931581053
0 0.48883826841267464 0.3432420916355456
0 0.47056873582249925 0.34325658037258794
0 0.6560700837370875 0.37613702791567427
0 0.6835315356151663 0.37262111845107887
0 0.3287222165283825 0.26975252891120055
0 0.35543135544664856 0.2790787286651782
0 0.33998714047941947 0.2529460811100829
0 0.30164829561178635 0.2603204693561926
0 0.3174208273275865 0.28622346230970025
0 0.6059199297170845 0.3609749164444189
0 0.6353969310970901 0.3713982906966164
0 0.6173188005991691 0.3434015940458249
0 0.576830524048931 0.3505799603252746
0 0.5947189791311177 0.37850390655545
