0 0.2962216095998883 0.8449541548267007
0 0.35854570316150786 0.7818341218866408
0 0.3423062267713249 0.7962956072762608
0 0.3883190701715648 0.6995599689893425
0 0.37339441739022733 0.7625936929136514
0 0.39276957251131533 0.7346452947705984
0 0.44207762479782103 0.6612199068069458
0 0.29589502308517696 0.5306652682833374
0 0.48871070351451634 0.5941374578978866
0 0.5109941868111492 0.5654329986311495
0 0.5768340112641454 0.48046369617804885
0 0.2909982337616384 0.8531835354864598
0 0.28483243342489006 0.8630163653753697
0 0.28046249952167274 0.8702329114079476
0 0.26625535190105437 0.8984120523557066
0 0.26154997339472175 0.9067719837650656
0 0.25553746661171317 0.9168639497831463
0 0.24981410559266806 0.9268625816330314
0 0.25256738550961016 0.9059065518900752
0 0.3505960022099316 0.790194973256439
0 0.3291818377561867 0.7746029819361866
0 0.2507755781523883 0.3828635877929628
0 0.34907076200470327 0.6016431851312518
0 0.3246625636704266 0.5882853386458009
0 0.3024448923766613 0.5708713447675109
0 0.2841921987012029 0.5296300827991217
0 0.37104006856679916 0.6079136354848742
0 0.3616403894498944 0.4911488485056907
0 0.3875848424620926 0.5139571140520275
0 0.33343911115080116 0.4797969966661185
0 0.3106881364248693 0.4809714934322983
0 0.2565638209693134 0.530931199574843
0 0.1571349075064063 0.8679865352809429
0 0.2934458779171109 0.5132553305942565
0 0.18198114782571792 0.46829184596426787
0 0.24603366795927287 0.4870717929210514
0 0.26083327159285546 0.6773619926534593
0 0.27132839392870667 0.8232813086360693
0 0.2615510938689113 0.8480772950686515
0 0.2384939125739038 0.8154978578910231
0 0.21566746439784765 0.8165955379605293
0 0.2400170175358653 0.8386892242357135
0 0.2225504950620234 0.8346009618602693
0 0.18014424666762352 0.8077651722356677
0 0.3405498729087412 0.7690322869457304
0 0.3516047249548137 0.7482506733387708
0 0.29814482955262067 0.427206412749365
0 0.342525564879179 0.6565647397190333
0 0.2946683998219669 0.7264283335767686
0 0.30099842362105844 0.7133065614849329
0 0.19622252276167274 0.6260832305066287
0 0.3707385130226612 0.7225208852440119
0 0.36472499147057535 0.43463532328605653
0 0.32979803513735534 0.42323958515189586
0 0.3000705441460013 0.3649509962648153
0 0.4489723887294531 0.5315411960706115
0 0.4025577179156244 0.5430951464921236
0 0.17745428411290048 0.7819177128374577
0 0.0764773404225707 0.6620147108100355
0 0.3029500782489777 0.7487712873145937
0 0.3147537875920534 0.7653376840054988
0 0.18702852465212344 0.8297436125576496
0 0.1936133611947298 0.8338095868006349
0 0.32872529737651346 0.3956665726844221
0 0.28772600516676905 0.7335010730661452
0 0.4046794943511486 0.46637262031435966
0 0.41350012086331844 0.44300269801169634
0 0.4313681747764349 0.39176642131060363
0 0.30432665478438137 0.395712507981807
0 0.41700585205107926 0.43609816492535175
0 0.29290136974304914 0.4029988873749971
0 0.2608100587502122 0.4082409055903554
0 0.26531529519706964 0.8356883969157934
0 0.2387414950877428 0.8270684930495917
0 0.21862054811790585 0.8252933039329946
0 0.3050702056847513 0.75522982776165
0 0.19037240017205476 0.8319438233971596
0 0.1934151852503419 0.8428197211585939
0 0.19666464496403932 0.8355412868782878
0 0.31748916106298564 0.7511937940493226
0 0.22570621548220515 0.8405010445043445
0 0.24189317757263779 0.8462891010567546
0 0.26042558811604977 0.8564078295603395
0 0.22486042659729719 0.8853800182230771
0 0.22112324349582196 0.9035693087615073
0 0.22850649189203978 0.8950720523484051
0 0.2374425483867526 0.8870144115760923
0 0.2451114754192531 0.8817628592252731
0 0.21602250672876835 0.8558418029919267
0 0.20836216295138002 0.8553188891150058
0 0.1989073903299868 0.8554791713133454
0 0.19106039246544243 0.8568899306468666
0 0.22741049900650978 0.7673850977793336
0 0.1212938979268074 0.546002848725766
0 0.346643709205091 0.7931072752922773
0 0.20695442454889418 0.8466951381415129
0 0.2003777484409511 0.8447739262133837
0 0.31565206963568926 0.7769998134113848
0 0.28604237642139196 0.7487462811172009
0 0.31515039317309856 0.7713281318545342
0 0.3108148345723748 0.651928055472672
0 0.26445914721116426 0.6400998522993178
0 0.2911870230920613 0.718804454151541
0 0.35838391091674565 0.36543669356033204
0 0.35457660304382443 0.4020291027147323
0 0.36838188096880914 0.4082786657847464
0 0.18844918021932244 0.8311788344755768
0 0.46363677438348533 0.49240223187953236
0 0.47582778725773095 0.4799211495090276
0 0.5012654688209295 0.43016416919417677
0 0.2872547717764974 0.5502462289761751
0 0.2235490701161325 0.5291165357921273
0 0.38611048869788644 0.6091284432448447
0 0.28443726543337106 0.4743922081775963
0 0.36776879131793977 0.654725027922541
0 0.3125636622309685 0.7289016890339554
0 0.1737861898727715 0.5274917602073401
0 0.22528684101998805 0.5633387505076826
0 0.24705046657472848 0.5978414695244283
0 0.2935823009349406 0.6252444356679916
0 0.33181833466514943 0.636814778111875
0 0.35995906507596376 0.6419737489894033
0 0.4172846175730228 0.6508737389929593
0 0.1491241089999676 0.5749692876357585
0 0.2712592205032706 0.45343270767480137
0 0.33995494339615107 0.7823063124902546
0 0.3305824093520641 0.6806406062096357
0 0.1754078754223883 0.4533780118450522
0 0.3831948457285762 0.6430726835504175
0 0.2883269598707557 0.7165109927766025
0 0.28506380077451465 0.5047412430867553
0 0.3213053693063557 0.7134318015538156
0 0.09551309756934642 0.5995066188275814
0 0.38969841618090867 0.5988632319495082
0 0.34696568697690966 0.7152600138448179
0 0.09074178021401166 0.7564688053913414
0 0.07529627606272697 0.7692915067076683
0 0.12461995156481862 0.5557766966056079
0 0.08326318580657244 0.7097813148982823
0 0.22214346695691348 0.4349539641290903
0 0.13791340533643962 0.8793832561001181
0 0.33829708555713295 0.7866172052919864
0 0.29977761413902043 0.6810296240262688
0 0.22854657527059316 0.47384669254533945
0 0.3122084507718682 0.5610265135765076
0 0.33111723493784667 0.5768634025473147
0 0.1869577867910266 0.8414399059489369
0 0.12716207494959236 0.6174471436999738
0 0.1565358554944396 0.9287131238728762
0 0.10895728683099151 0.8550586657598614
0 0.09166815867647529 0.8177437322214246
0 0.5420384675264358 0.526826503360644
0 0.19976070541888474 0.9637645365670323
0 0.35130141470581294 0.5872763511259109
0 0.37176841907203195 0.5941244111862034
0 0.38418523920699954 0.5981412302702666
0 0.26034671096131207 0.4319050270598382
0 0.38595596896484496 0.5617488706950098
0 0.3720302083529532 0.5373834884725511
0 0.3510182095691562 0.5213147067464888
0 0.32791868280619385 0.5125720508862287
0 0.31132057011127473 0.5113977841101587
0 0.21141238966956735 0.4111663379706442
0 0.30142471119761466 0.5455871311482042
0 0.33081669416278603 0.8106610822491348
0 0.2555159027688205 0.7710852204822004
0 0.30543877827003596 0.7462859305553138
0 0.3004375100135803 0.7921182341873646
0 0.4641620865091681 0.6279624169692397
0 0.10275711119174957 0.8010962953791022
0 0.11940145930275321 0.8391597421839834
0 0.1665975445881486 0.9203764423727989
0 0.0701117574237287 0.7200423027388752
0 0.3894239422865212 0.5859594486653805
0 0.37861375529319047 0.6749312062747777
0 0.21068264385685326 0.9550847934558988
0 0.12908280026167632 0.8922246075235307
0 0.10198876187205315 0.6046430715825408
0 0.22877806946635246 0.8674049112014472
0 0.2201073539443314 0.8693662668578327
0 0.2102360397577286 0.8732451964169741
0 0.20183229306712747 0.8792761225253344
0 0.20226745987311007 0.85772450203076
0 0.20704894606024027 0.8332050891593099
0 0.20196717279031873 0.8270359599031508
0 0.19819229524582624 0.8207624987699091
0 0.20050300899893045 0.7716100997291505
0 0.15084304325282574 0.6543411953374744
0 0.393712292984128 0.6515414630062878
0 0.41925466489046814 0.588306142296642
0 0.40480016730725765 0.5815733281895519
0 0.21174037149176 0.8375249724835158
0 0.11385619025677443 0.6953331271186471
0 0.437943709269166 0.6038859650492668
0 0.17995406202971936 0.8612980883568525
0 0.4093388065695763 0.7099213997833431
0 0.40148610062897205 0.6764813396148384
0 0.42494798451662064 0.686803964804858
0 0.3402409391477704 0.6971402221359313
0 0.224834740255028 0.9392158940434456
0 0.2400481159798801 0.920902576111257
0 0.2065677552483976 0.8953254596330226
0 0.15317548997700214 0.7953417755663394
0 0.2574875356629491 0.7176100109703839
0 0.1620787567459047 0.8280819131061434
0 0.2101954912766814 0.6764582569710911
0 0.22327723884955047 0.7225941475480795
0 0.1695458504371345 0.6938052400946617
0 0.18450936041772364 0.9078821669332683
0 0.31945867985486986 0.6989308833144605
0 0.12437978954985737 0.7908365620300174
0 0.13950181491672992 0.8294521941803396
0 0.1534788847900927 0.7624099099077284
0 0.10977595178410411 0.6538324153982102
0 0.12409861395135521 0.7396576155908405
0 0.08626791704446077 0.6541535234078765
0 0.18869807347655296 0.7367053370922804
0 0.3550467582419515 0.6774744369089604
0 0.3131556108593941 0.7433641362003982
0 0.296958099398762 0.7381764374673366
0 0.3313946262933314 0.7369432304985821
0 0.4194048084318638 0.5439631500747055
0 0.39271456357091666 0.4984139224514365
0 0.3605815624818206 0.4724046127405018
0 0.3303468137979507 0.46031714798882606
0 0.3052569443359971 0.46003463650122284
0 0.2683315905742347 0.4973415412940085
0 0.15035504503175617 0.5098765877075493
0 0.26095474790781736 0.5536620211787522
0 0.2786623414605856 0.5810415492393076
0 0.3100121945142746 0.6033256673254073
0 0.34233142687007784 0.6170157240703702
0 0.36756602777168157 0.6235300475731492
0 0.3855392159894109 0.6266995621845126
0 0.14818952782079578 0.49863387662917374
0 0.29359069392085074 0.7428405950777233
0 0.3647096642293036 0.6956107042729854
0 0.3271216451190412 0.7556316832080483
0 0.3306199135258794 0.771302623860538
0 0.3248511204496026 0.7582234626635909
0 0.29498405642807485 0.7517123172059655
0 0.33380871964618564 0.7764051426202059
0 0.332051414437592 0.7807150318287313
0 0.39771822076290847 0.6058683334384114
0 0.4047326217405498 0.6211079590022563
0 0.4075199387036264 0.6333965814672411
0 0.3010452721267939 0.5122248285450042
0 0.29440267831087114 0.4876239782664925
0 0.42655372973531486 0.7251721694134176
0 0.6268088936805725 0.7569282419979573
0 0.37109858691692355 0.802248211298138
0 0.7411063093692064 0.7113355462439358
0 0.5457807244732976 0.7364675273187459
0 0.5660070594400167 0.7511298986151814
0 0.5876393992453813 0.7641198236495257
0 0.6293186713010073 0.768138294480741
0 0.530594240128994 0.7225487767718732
0 0.6240713849663735 0.6819921953603625
0 0.5941286783665418 0.6715936734341085
0 0.6475716609507799 0.700518902298063
0 0.6581408191472292 0.7213077083230018
0 0.6318309858441353 0.7908402418717742
0 0.3144315561279655 0.9725576020777226
0 0.6418667983263731 0.7533144283108413
0 0.6860930984839797 0.803289941046387
0 0.6665767636150122 0.7841038315556943
0 0.4814608972519636 0.8257692161947489
0 0.3240729828365147 0.8592228666879237
0 0.3064164025709033 0.8787765003740787
0 0.3434504000470042 0.8869833420030773
0 0.35127934347838163 0.9090020096860826
0 0.32260433714836834 0.894968096818775
0 0.3331794148311019 0.9098538094200194
0 0.369914626237005 0.9358087787404656
0 0.3769006348215044 0.7930530394427479
0 0.39469974786043166 0.77706956313923
0 0.6950584564357996 0.7084382144734264
0 0.47602461017668246 0.7462286421097815
0 0.42871776707470416 0.8170311810448766
0 0.43852398805320264 0.8064072688110173
0 0.5484400536864996 0.862277009896934
0 0.4117071507498622 0.7499041349627078
0 0.6586711205542087 0.6511153540574014
0 0.6850359627977014 0.6775436012074352
0 0.7511109177023172 0.6687454759143293
0 0.5445347994565963 0.6170886309351772
0 0.5645739095285535 0.6725053960457444
0 0.39695075936615465 0.9305391198955476
0 0.5174603376537561 0.9540548977442086
0 0.4033223041333258 0.8165738352574408
0 0.3826174421235919 0.8111470722593367
0 0.35218910509720447 0.9434003759175539
0 0.34629680616781117 0.938788028806448
0 0.7032745765522123 0.6673757802695036
0 0.4220474362373352 0.8245353401638568
0 0.6155136682093143 0.6295959112700075
0 0.6291727136820555 0.6116761273238808
0 0.7035391353070736 0.5766545297112315
0 0.7290813803672791 0.6796364275738597
0 0.6682888481765985 0.6050186663400382
0 0.7118549142032862 0.7035436067730189
0 0.7242994502186775 0.7172429885715246
0 0.31564333839341996 0.8698797720484436
0 0.33310901522636416 0.8913672880269587
0 0.34265097342431544 0.9095405210740864
0 0.3957094430923462 0.8164527350105345
0 0.34918414130806924 0.9412475848570466
0 0.3395746164023876 0.9447225263342262
0 0.3436485337093472 0.9365629372186959
0 0.3994270918890834 0.805965562351048
0 0.32669402565807104 0.9093176397494972
0 0.3152222303673625 0.8966167077422142
0 0.29969072453677653 0.8835523495450616
0 0.28109634965658187 0.923136574588716
0 0.2797957116737962 0.9452826149761677
0 0.28353359242901205 0.9340956869535149
0 0.2866098014637828 0.9220209552906453
0 0.28773710420355203 0.912174033280462
0 0.31976769817993045 0.9284439936280251
0 0.32359280679374935 0.9363820395432413
0 0.32728366991505026 0.9462479880079627
0 0.32968879947438834 0.9552528116852045
0 0.4019727881066501 0.8855931563302875
0 0.6149394780397415 0.8737589943222701
0 0.33056435491889713 0.9324074759148061
0 0.3351024867966771 0.9384931396692991
0 0.37023878153413536 0.813827167917043
0 0.40602114591747523 0.8304690431803465
0 0.37621262138709427 0.8125911174342036
0 0.4899171793833375 0.772057535033673
0 0.5161427445709705 0.808887942135334
0 0.4345889249816537 0.8161959405988455
0 0.742590493708849 0.6250376118347049
0 0.7139223370701074 0.6427536663599313
0 0.6754243237897753 0.6362996420823037
0 0.3449012449942529 0.9363022956997156
0 0.5696020480245352 0.586980521120131
0 0.61010114364326 0.5702310941182077
0 0.6491182535886765 0.5309204736724495
0 0.6108846299350261 0.7716007746756077
0 0.6419854417443276 0.8188098409213126
0 0.5220585523173213 0.711794522870332
0 0.6689456574618816 0.742635611165315
0 0.4707615526393056 0.7238058608956635
0 0.4229888882488012 0.8032448211684823
0 0.6415887938812375 0.8392593488097191
0 0.6165428131818771 0.8278045868501067
0 0.5825779847800732 0.820728627499193
0 0.5426581531763077 0.7921447457745672
0 0.5175665924325585 0.7647775953635574
0 0.5004150923341513 0.7417694684118032
0 0.46022355630993844 0.6797062609344721
0 0.6046486625447869 0.8791937442496419
0 0.6843983918428421 0.7452996075153351
0 0.3622069054283202 0.796912858914584
0 0.4572935374453664 0.76637920467183
0 0.6889094632118941 0.7941740112379193
0 0.4896998073905706 0.7202017904259265
0 0.4353447588160634 0.8164848499931395
0 0.6491274710744619 0.7578314340673387
0 0.4334501849487424 0.789435044117272
0 0.5715587764978409 0.9150839099660516
0 0.5290979631245136 0.7052009573206306
0 0.42547583356499674 0.7681218606419862
0 0.4371466927230358 0.9859355831518769
0 0.4201997108757496 0.9975123653188348
0 0.6197866071015596 0.8849253486841917
0 0.4825768472626805 0.9748946779407561
0 0.7073528489097953 0.7579881618730724
0 0.30651847142726185 0.9909977072849869
0 0.3559520379640162 0.7982835999689997
0 0.4657353591173887 0.7930722331628204
0 0.6814271479845047 0.7981086820363998
0 0.596504083648324 0.7508363476023078
0 0.5764703856781125 0.7394430557265878
0 0.3434163841418922 0.9505222078412772
0 0.5676286604255438 0.911855936050415
0 0.24781539104878902 0.9891952538862825
0 0.3311812499538064 1.00243900436908
0 0.37099317777901886 1.0026302725076675
0 0.5593502588570118 0.7270227952860295
0 0.5438645021989942 0.7155545684508979
0 0.5332739492878318 0.7090568878687918
0 0.700779639929533 0.7471131840720773
0 0.5602150112390518 0.6982176212593914
0 0.5855318930000066 0.6990915836766363
0 0.6082763774320483 0.7072232812643051
0 0.6276075169444084 0.721759994328022
0 0.6362915724515915 0.7358775817789137
0 0.7215201668441296 0.7511904487386346
0 0.6129882462322712 0.7560519796796143
0 0.3922462265007198 0.8635069970041513
0 0.4061751371249557 0.8142003791406751
0 0.35923750083893535 0.8318607760593295
0 0.3911000659689307 0.9915847256779671
0 0.350058407150209 0.9918022126890719
0 0.2590938305482268 0.9815740507096052
0 0.46569248512387273 0.9819689646363259
0 0.5393886517733335 0.7022005481645465
0 0.4507551688700914 0.723362816311419
0 0.2906224520877004 0.9995757529512048
0 0.5778860308229923 0.9210250981152057
0 0.3055159218609333 0.9218296871520579
0 0.3077806961722672 0.931674643792212
0 0.30850374028086663 0.9432578656822443
0 0.30750715248286725 0.9548855383880437
0 0.31491957549005745 0.9331916585564614
0 0.34089861521497367 0.9245753508992494
0 0.3481161814182997 0.9269164829514921
0 0.3549691072665155 0.9280596592463553
0 0.402938531152904 0.9090538201853633
0 0.5296836962923408 0.9083008325658739
0 0.4662303550168872 0.700164508447051
0 0.5190196149051189 0.6711006582714617
0 0.5331883704289794 0.6850660759024322
0 0.33554298114031555 0.9220567919313908
0 0.49374087154865265 0.9490747755393386
0 0.49401025045663116 0.6539533901959658
0 0.3159899454563856 0.9521301314234734
0 0.44281278271228075 0.704147351719439
0 0.4409464532509446 0.765564245171845
0 0.27529527423903344 0.9413854534737766
0 0.38889638921245934 0.9530032993294298
0 0.4427006084471941 0.8425503818318247
0 0.3537205396220088 0.9558186709880829
0 0.4966746957972646 0.868937774375081
0 0.44706352353096007 0.8734040568582714
0 0.48784519005566834 0.9076075587421656
0 0.26836932729929686 0.9636271697469055
0 0.44403333850204946 0.7835580441169441
0 0.39904251554980874 0.9731817534193397
0 0.3568390095606446 0.9736968476325274
0 0.422228741645813 0.9430343152955174
0 0.5341054257005453 0.937277871929109
0 0.450228588283062 0.9574435720220208
0 0.5339539291337132 0.951608513854444
0 0.44062498286366464 0.906942970957607
0 0.453957949206233 0.7443530518561602
0 0.4089073183014989 0.8074430606327951
0 0.4167477201670408 0.8190095141530037
0 0.4110611656680703 0.7901594293303787
0 0.5532246053218841 0.6547937322407961
0 0.6008337227627635 0.656769054569304
0 0.6368162926286459 0.671431384049356
0 0.6613713787868619 0.6922627173364162
0 0.6733683170750737 0.7160652719438076
0 0.6547265440225601 0.7694582286290824
0 0.6563895391300321 0.8461207901127636
0 0.6138977330178023 0.7949763421900571
0 0.5846787681803107 0.7882377992384135
0 0.555410629324615 0.7699709393084049
0 0.5315104074776172 0.7487412631511688
0 0.5149073477834463 0.730665629543364
0 0.504045344144106 0.7156059189699591
0 0.6522759612649679 0.8331113368272781
0 0.41162368599325416 0.822669409494847
0 0.43665410690009593 0.7440222006291151
0 0.394225131906569 0.8000625525601208
0 0.37537196977064013 0.8007321164943277
0 0.3908962453715503 0.8021366033703089
0 0.4014805616810918 0.8240359270945191
0 0.36979579254984857 0.8001359403133392
0 0.3637788461521268 0.8016281579621136
0 0.5187923911958933 0.7004142358899117
0 0.4996656008064747 0.6958903722465039
0 0.48637690376490356 0.6938100907951593
0 0.6398611918091774 0.7455351173877716
0 0.6595272051170469 0.740232674498111
0 0.3652329256758094 0.561790164373815
0 0.3878895480185747 0.5767225858755409
0 0.3807802449911833 0.5372292487416417
0 0.34104286041110754 0.5460636706557125
0 0.3491323035210371 0.5861396354623138
0 0.5969767969101667 0.7249526752158999
0 0.6191326729953289 0.7396325257606804
0 0.6100194547325373 0.7035906920209527
0 0.5746709886938334 0.7099214415997267
0 0.5837344832718372 0.7462368799373508
