0 0.48309089761713275 0.3044615116348301
0 0.45911023927771527 0.24339445869343868
0 0.4601401563571847 0.25398700689707976
0 0.4526796140100645 0.19832723798311275
0 0.4615015847527463 0.23084860057502554
0 0.4666640201340551 0.21347437250981297
0 0.48093784017407376 0.16991381722407928
0 0.3498552755817123 0.15250150052209696
0 0.48864641461683356 0.14137503466960313
0 0.4917058070068774 0.12619341224216032
0 0.5060465413591136 0.06832220405340195
0 0.4827064181799474 0.309519166747729
0 0.4806147940132929 0.3148218506704206
0 0.47828865763933764 0.31868482753634453
0 0.48263554534186487 0.3176689092339813
0 0.4835789077307867 0.32353330797691277
0 0.48327126937068027 0.3301442848599475
0 0.4817518501178078 0.3359812567199486
0 0.44541609967532364 0.33338890554032463
0 0.4590475727682528 0.24921181803380232
0 0.4376966849617336 0.24592907041095305
0 0.28849035987387533 0.0975285656210305
0 0.40184842697952106 0.16623311165882193
0 0.3829574889462927 0.16590977322472178
0 0.36444560260228487 0.16420357339624045
0 0.3406859289692796 0.15556732295215994
0 0.4180342150123223 0.16500209406882094
0 0.3769952334139658 0.13297372586701228
0 0.3984785491357679 0.1357128134240275
0 0.3570169035507285 0.13352568550170332
0 0.3436428107645201 0.13682886283250822
0 0.3223436273958372 0.16101510887560638
0 0.363625137216371 0.341056609067364
0 0.34285549042017566 0.14877295113452102
0 0.2679798214331917 0.14711769789025403
0 0.3001211178691491 0.15007498749680276
0 0.3633548612503902 0.21684125222373699
0 0.4543426364012387 0.29883264188749203
0 0.45472793799379596 0.31163512267496274
0 0.42416942767474963 0.2995612163474594
0 0.40384197105532105 0.3012266972142717
0 0.4306412216113961 0.30912839750880783
0 0.412241597538409 0.30753901730413025
0 0.3510846414643785 0.2976138055108596
0 0.4404915412483008 0.24107617204603943
0 0.43983112210812775 0.22875299774434255
0 0.3167511134043984 0.12437000973285109
0 0.41395308142123016 0.1895462175210317
0 0.392257923665254 0.23010955588973087
0 0.39345196731712506 0.22271543168935223
0 0.3082720271271208 0.2083008937213732
0 0.44608609540307004 0.21263361341603423
0 0.3649121529382208 0.11849858827780986
0 0.3371846128417098 0.11906601064770982
0 0.3068275762640912 0.07985542539129223
0 0.44836928177139035 0.13735730276591535
0 0.4165952299600062 0.14176562514857968
0 0.3380574373447377 0.28437944069720694
0 0.2652282957797465 0.2611342380768147
0 0.40700404151626257 0.23870063114209453
0 0.4237030524274577 0.24427875860229784
0 0.37901301584813907 0.30564091867510823
0 0.38534737281177356 0.30633491585436073
0 0.3274549521181894 0.10966983891051749
0 0.39101607320101367 0.2348358156024546
0 0.4014852170063102 0.12383084420276724
0 0.3995188040577847 0.11393048004179761
0 0.3853356799353724 0.06269765008186949
0 0.31298424109168677 0.09459646839810454
0 0.38953716793785925 0.0871116490629704
0 0.30515861608411954 0.11661522457565086
0 0.29434367981941806 0.10794322214264801
0 0.45466387077518133 0.3057707750063012
0 0.42769518008698587 0.3044594942011695
0 0.4082738757133484 0.3043557368218899
0 0.4118500688801641 0.24134729980774547
0 0.3824648351772972 0.30607333898112393
0 0.3935302700037542 0.3101109132386636
0 0.3878689537877622 0.3065156166212282
0 0.41771824852279993 0.23697820246435594
0 0.41387777807919873 0.3095531822114751
0 0.4319141008283781 0.3120079903822878
0 0.45401669747155643 0.31532345107500104
0 0.4162691540044287 0.3290982072012148
0 0.4498596515344537 0.3314086284110512
0 0.4527055880297785 0.3257103998052037
0 0.4556604144365891 0.3193099765997866
0 0.45820113336262497 0.31439721919056296
0 0.4168366543624712 0.30984466306973196
0 0.41167193521624024 0.3118654420950275
0 0.4062172388253005 0.3143951762197674
0 0.4013151983204095 0.31699452457436617
0 0.3654797294217607 0.26604523342372716
0 0.26144686827193137 0.1974756766812525
0 0.45976558845976123 0.2514660320096258
0 0.4026492063118064 0.30830817027152446
0 0.3984432421300722 0.30923470860158186
0 0.429871775533842 0.2499100288403207
0 0.39777766168117523 0.24272336832423141
0 0.4267840644587641 0.24714180341233377
0 0.39130538054134534 0.19438245290539402
0 0.3567501141325287 0.19931609969100225
0 0.3895592443321062 0.2274131664223429
0 0.3369176407223162 0.06771955320584601
0 0.3429744745726171 0.08711851855227049
0 0.3595274615546931 0.10815464408285376
0 0.3675813260285751 0.3085073343869569
0 0.44479952882165497 0.1217883969184713
0 0.43974884567053424 0.0909164012612208
0 0.43980062623386795 0.06318197461465995
0 0.34908106404802075 0.16075274035118628
0 0.2992932835350866 0.16700701453331587
0 0.4285290131102438 0.1633471855758757
0 0.32337072783190274 0.13932013803202173
0 0.43013529155565344 0.18328663161483363
0 0.4056804779431094 0.22777242283674254
0 0.27227520262417587 0.17186196863759254
0 0.31220680183690525 0.1773357513644125
0 0.3369256643497426 0.1845875571117453
0 0.3741656943507817 0.18602589793179347
0 0.40184530583412753 0.1834573984362077
0 0.42220782585766004 0.18007365144465282
0 0.4600173354796741 0.17073398061852524
0 0.26939159923273587 0.1975901213515064
0 0.3071716635123543 0.1356583427151908
0 0.44733016873183457 0.2475876562513303
0 0.41037104181621387 0.20266002152061116
0 0.2691332445196483 0.14418334063088548
0 0.43811838976714923 0.17589908322670322
0 0.38925373748592706 0.2272429358808027
0 0.3340747796970865 0.14823132127091504
0 0.40784161991399265 0.21885730687906776
0 0.26040273094954697 0.22767152561657672
0 0.4283463423666747 0.15912670158929582
0 0.4268433357710424 0.21441338573029076
0 0.28832690320585086 0.2986456079111583
0 0.2895157094235006 0.3123747291772262
0 0.2578457516172658 0.1973296425750722
0 0.2725859773547753 0.2778413467973039
0 0.28168598886417306 0.1253330406287442
0 0.35577266274586966 0.3541918642602969
0 0.45016144345635956 0.2500922873724198
0 0.38983471205701 0.20965097820305306
0 0.2819699369694876 0.1495237301333227
0 0.3683746298370154 0.1575946139468663
0 0.3843124923498734 0.1593311135859593
0 0.3880192255196364 0.31100129098563956
0 0.2683819619857747 0.22236097625632217
0 0.39124399294023926 0.37848265933385794
0 0.33319050591924915 0.3506527493397395
0 0.3116189455208571 0.3342090817033381
0 0.4983448638864186 0.09653937193038671
0 0.43822086991175363 0.3864314245680968
0 0.39991928507452423 0.15955515087082767
0 0.4148233481075453 0.15915873792508375
0 0.42420557206091675 0.1593225586457529
0 0.2924638824618381 0.13041919518424117
0 0.41157373332458996 0.14906357649875723
0 0.39526296245015186 0.14437409026035364
0 0.37891569701225863 0.142744910430865
0 0.36288759533477866 0.14351670649172604
0 0.352920270808365 0.14562866585734097
0 0.27699933784163516 0.11765669278152611
0 0.3574912415250488 0.15514994401862656
0 0.45805660149325494 0.26466140161821805
0 0.3856780924226927 0.2611084200333858
0 0.4070311726435371 0.23704089613064475
0 0.4258979027685912 0.26193853014189267
0 0.48573752233515616 0.1547594301510548
0 0.3080850629054982 0.31940402986778726
0 0.3304244555208994 0.3367338360867638
0 0.3911130875349045 0.3682759261649588
0 0.27565051582844363 0.2896503053497577
0 0.4230509918668996 0.15525997076453507
0 0.4404511490593786 0.18966479920714663
0 0.43824165217254474 0.3763015837125156
0 0.3583391425402268 0.3659366224555002
0 0.25821253948885464 0.2248532984783684
0 0.435609902376714 0.311716049855602
0 0.43081002228933835 0.31523187490908994
0 0.4264818766842718 0.31967819654855173
0 0.4228020614903906 0.3245162067637927
0 0.3882906585931778 0.3196564899838489
0 0.39787941102100455 0.3067250466649083
0 0.3935102185477381 0.3050902103600295
0 0.3891385748334553 0.3030725213280622
0 0.34857732640660327 0.2742435986149138
0 0.2894207809282386 0.23269396502038706
0 0.4456438671635545 0.17619918286800385
0 0.44414550422326377 0.15288026730759421
0 0.43161558230286057 0.15232508999390015
0 0.4014521328651387 0.30794222312776937
0 0.28085918983687524 0.26178793765712477
0 0.46145648800808453 0.15552002817824268
0 0.3764544531055119 0.3292641730412193
0 0.47164466782756476 0.1984502248250056
0 0.45578171280415164 0.1851102639583574
0 0.4762182572613592 0.1845961631262216
0 0.4196772011725799 0.20777241548226363
0 0.44011025908200635 0.3621067672535993
0 0.4430144468079443 0.34642119500516116
0 0.4079671508592108 0.34088992818758107
0 0.332395085821981 0.29931228035602014
0 0.3705407808656278 0.23515119921901953
0 0.3514306623002757 0.31547100464071054
0 0.32982877350371814 0.22795034005590106
0 0.35066473322070163 0.24580107829061107
0 0.3097762060554131 0.24570625890856204
0 0.3973773024652315 0.35496604804327525
0 0.4056482159573099 0.21283185819460862
0 0.3150437859737355 0.3063965369609819
0 0.33836883630441583 0.3245239445156809
0 0.3198909552200981 0.2818610705975173
0 0.2687738712715066 0.24384955597528513
0 0.29797643423080444 0.27967085268186487
0 0.26162905181231705 0.2513897270504115
0 0.33238575283599936 0.26049310276689736
0 0.4259158683859784 0.19596053292785864
0 0.411208178686059 0.23428291109377058
0 0.39789950815231906 0.2350913146375746
0 0.4214432670370392 0.22772351922332376
0 0.43067287459321646 0.14177760206486867
0 0.4001603592997012 0.1319091593225797
0 0.37267424360565515 0.12815318305207335
0 0.3493975938662239 0.12835353464428065
0 0.33267442072215286 0.13190748664024082
0 0.31942136747681577 0.14921819108227888
0 0.2602328036142432 0.17149551075113856
0 0.3328798073141471 0.16747733194758926
0 0.35216402489206067 0.17289301769241042
0 0.378060396598733 0.17492743354776633
0 0.4023666589156441 0.17409190956665122
0 0.421104371547699 0.1720861463767031
0 0.43422755469446594 0.16991686891170515
0 0.26513204270082974 0.17039856311959634
0 0.3981577258395112 0.23793750493854715
0 0.4356651694878288 0.20184367592783942
0 0.42525458141513495 0.23735615206153496
0 0.43628422203271283 0.24410699583266093
0 0.42562001425287 0.23891767125198807
0 0.40395585479943646 0.24201093333354895
0 0.440353129868922 0.24597935302965884
0 0.4426742419600487 0.24838901154588963
0 0.43514128903979843 0.1605572152774835
0 0.4449241919362027 0.1648329616240833
0 0.4508241159112557 0.16840356383202731
0 0.3471990438259166 0.14739483964723954
0 0.3346849712340728 0.14131290282028308
0 0.49097661609235016 0.20190358604641928
0 0.6393649422604105 0.17869786383665126
0 0.48477325588464737 0.25037562188462936
0 0.7318468249362448 0.13789983919781187
0 0.5771830781646397 0.18207895496617194
0 0.595533677417299 0.18547959477249262
0 0.615390587112178 0.18756900484795155
0 0.6477279676043469 0.18290070166298444
0 0.5627670100201732 0.17782634526383187
0 0.6181554956280667 0.15437435569322627
0 0.5953215917815333 0.1531765619157881
0 0.6390149172233499 0.15840998912851015
0 0.6520015312277753 0.16388702784003556
0 0.6620935797691345 0.19192816824584769
0 0.5288823331179826 0.35801431369306386
0 0.6500805499761001 0.17564300960604695
0 0.7312592578970868 0.19053391728928123
0 0.6919119980024255 0.18481205406504264
0 0.5818608377290808 0.23807106415430704
0 0.508107532625613 0.30470756193002063
0 0.502466328766035 0.3165469352101934
0 0.5292586062265479 0.31055960069963895
0 0.5424203697753989 0.31591402285772824
0 0.5193730404843455 0.3181225508991359
0 0.5327110802349837 0.3200704724784347
0 0.5574623113093169 0.3180064590836781
0 0.47884014119272644 0.2446738180798897
0 0.4843378789398981 0.23292576559427855
0 0.6835193750650986 0.15698310171348462
0 0.5448669519113458 0.2018830924956263
0 0.5396940416615942 0.24427903951078223
0 0.5432296447131945 0.2370997592266919
0 0.6460689189641372 0.2411233646714169
0 0.48779077925111936 0.21648769059043
0 0.6313292261051096 0.14220971592526505
0 0.6622579803933268 0.14795040001795776
0 0.7153666291547858 0.11669266593737015
0 0.5362067935259446 0.1451698529223601
0 0.5751415750254756 0.1558127092818419
0 0.5764161594535994 0.30778677858736203
0 0.6947707235813141 0.3029600813229015
0 0.5216561050518699 0.24979735900094543
0 0.5023502526075944 0.25201668925043463
0 0.5594324696323146 0.3258997831979524
0 0.5535898681568063 0.3250932949392692
0 0.6775446501762971 0.14041049708274828
0 0.540585806188376 0.2494798558021801
0 0.5899057193942692 0.14073119242338167
0 0.5949730588042218 0.1312056750976953
0 0.6326290841983713 0.08468559570610523
0 0.6962015784305075 0.12902216067996577
0 0.6134965238363846 0.10685708948775478
0 0.700691642968551 0.1514409305392832
0 0.7143022424500921 0.14621003150292064
0 0.5062169711227003 0.31113142822531686
0 0.5248404041580532 0.3145808056536792
0 0.538026771467665 0.31803227712710697
0 0.5160670014827148 0.2515807958940665
0 0.5567085166340289 0.3256395087185977
0 0.5507073609725289 0.32795123232231627
0 0.5513554325570231 0.3246176913380623
0 0.5082927916360938 0.24551519006490707
0 0.5281409621238708 0.3214186033692913
0 0.5149952153796735 0.32066152946672577
0 0.4985258903192437 0.3200481274853582
0 0.47627317419518594 0.33513991027206613
0 0.5083042713611022 0.3379571669991466
0 0.5082962020583774 0.331926163987837
0 0.506235271692276 0.32522011235140375
0 0.502217367939327 0.3195789337050224
0 0.530257281401883 0.3224676177985426
0 0.5364434524722721 0.326021033514669
0 0.5421297226263129 0.3300079931707486
0 0.5463527389194655 0.33365293397851614
0 0.5529996215001397 0.28446991876631544
0 0.7279035546209501 0.24201052473938983
0 0.5398838986521182 0.323461369867774
0 0.5455988833437795 0.3257981198637382
0 0.49316954807094904 0.2563142570788446
0 0.5316413647454717 0.25620248103919235
0 0.49770860697912134 0.25426513183376065
0 0.5660809356233348 0.21098290578178738
0 0.5988594785980557 0.22266652807593346
0 0.5464229875284693 0.24270411332448324
0 0.6848260540029277 0.09875534404663072
0 0.6646393077528995 0.11565569226724515
0 0.6414747756460438 0.13284913018561792
0 0.5349703936473184 0.3252390098312627
0 0.5447200906017552 0.13044424711362176
0 0.5594646554926167 0.10155358837674493
0 0.5747096694034078 0.07521686019996802
0 0.6347187291020933 0.18704133102859277
0 0.6822094379559808 0.2019174782478291
0 0.5537069187216137 0.17445951662417772
0 0.6721290518408236 0.1700180342717879
0 0.5305261262085127 0.1926451743836852
0 0.5245520712240882 0.23908685477099556
0 0.7086975483790688 0.2135385345613611
0 0.6610324207855307 0.21019099922715753
0 0.6298364660014277 0.21279675740262735
0 0.5912428789812586 0.20670232014811557
0 0.5659260050110195 0.19858202197845432
0 0.5478002500274907 0.19153802466673264
0 0.5022162412819655 0.17460487399628197
0 0.6992641376412433 0.23916504947819572
0 0.6904668315597202 0.1695651204149792
0 0.47140356315218884 0.2498649047228737
0 0.5401062460049338 0.2150397861133451
0 0.7405276894569397 0.18802767732869025
0 0.5334512941215349 0.1847020400877016
0 0.5489192034887231 0.2428836649202782
0 0.6593982499578724 0.1764289660082347
0 0.5283211664013241 0.2303653613704702
0 0.7160477392051531 0.27162989839047624
0 0.5573673980391544 0.17072477448137774
0 0.5084810652162718 0.22212404271830682
0 0.636883403296056 0.3335662609425144
0 0.6371643063814744 0.3471813078267851
0 0.7210203784963359 0.24175045455711475
0 0.6665740829447041 0.3167253376349159
0 0.7234737510266511 0.16621464831025703
0 0.5335483693558237 0.37253935084394785
0 0.4698978312637495 0.25195417434409045
0 0.558438087935033 0.22589457515573155
0 0.7125724579976953 0.18717294942209686
0 0.614903810231582 0.18084191061232402
0 0.5974110844342605 0.17926523513228132
0 0.5550633532845456 0.329936438118634
0 0.6904917398224706 0.26335979938723036
0 0.48874581929134286 0.38853448424218356
0 0.5663835801508116 0.37459263864202774
0 0.5998170764549918 0.3634995625934739
0 0.5825875012770944 0.1762460179734921
0 0.5693162083625793 0.17294682443573856
0 0.5608639030352883 0.17149153972665468
0 0.7098617508359577 0.16670171808505405
0 0.5780123284329539 0.16397140253389228
0 0.5960646984369858 0.1623079007950382
0 0.613120463879212 0.16373279631353807
0 0.6295410381711047 0.16718565956082032
0 0.6393860137980917 0.17079258834322295
0 0.7396325145078742 0.16017452854177225
0 0.6285032344901044 0.1803075205264748
0 0.5339422731295876 0.27575064709653024
0 0.521329983420994 0.24799630148471266
0 0.4912180100446162 0.2684395185847213
0 0.6040263901586118 0.34944790731305664
0 0.5707119541323703 0.3614955103915671
0 0.4890056356139805 0.37838260483914526
0 0.6671329658964406 0.32821860612518544
0 0.5640266434006069 0.16804553320010504
0 0.5121942842784135 0.19636948460686035
0 0.5298801252375478 0.38367803621551266
0 0.7093260404856309 0.2685461616602497
0 0.5178151778552843 0.32112201508404553
0 0.5237745862940083 0.3260149812136871
0 0.5278490665166274 0.33143036051288893
0 0.5304424795119659 0.3370276663614356
0 0.5085882499166157 0.3316949507680492
0 0.543587586801985 0.3222774682917457
0 0.5485991109972415 0.3217798006059467
0 0.5525340684082197 0.3208077295642832
0 0.5677874256735262 0.295700307989466
0 0.6577943466279818 0.2686097235891266
0 0.5161768962507662 0.18275923870395924
0 0.5406771567852601 0.16135059021737264
0 0.5558660205291666 0.16333128870937272
0 0.5389204848071804 0.3225319969157378
0 0.6576463282108307 0.29871910378552863
0 0.5166695804699607 0.16054959244270256
0 0.5193684120541033 0.343853359475084
0 0.49679767405209335 0.18889697417076948
0 0.5243608135244121 0.2178177922640158
0 0.48087760968052823 0.3483423536670381
0 0.5784720046364743 0.3239040816391724
0 0.5645584256752677 0.25417342798217485
0 0.5517532339562541 0.3357274175986
0 0.6115600129832393 0.255462823462659
0 0.5797878490841907 0.2683233246207237
0 0.6262587503246639 0.276746084616668
0 0.48620761250672134 0.364095216266055
0 0.5381565806658372 0.22555975777947385
0 0.597335080737653 0.33478499517060706
0 0.5640283486117488 0.34750192655601364
0 0.5986021744168323 0.30948729640331823
0 0.6815799409928529 0.28405731527701666
0 0.6272373588188834 0.3122904821690442
0 0.6934367003648177 0.29355817649891414
0 0.5927267171766447 0.28618376696671266
0 0.5259663916152456 0.20545827861929286
0 0.5155564125465311 0.2441898638355559
0 0.5313676479070083 0.2479230865188267
0 0.5056533074897268 0.23567453172543776
0 0.5580186059941417 0.15327057687808637
0 0.5918410731398541 0.14933669615698897
0 0.6216956662095111 0.15041890886166823
0 0.6466514312702677 0.15466353820933812
0 0.6640696149805317 0.16112256913945294
0 0.6727790417878524 0.18040623432160288
0 0.7290416308071302 0.21598496655191202
0 0.6467569716598677 0.19653376499595848
0 0.6222598474958668 0.1982757040447947
0 0.5948683710201926 0.19499046655128832
0 0.5718065474344336 0.18935036046457462
0 0.5551792771919913 0.18393918202407117
0 0.5432263560917067 0.17954213428648486
0 0.7352612666461779 0.21469618396266646
0 0.5311541615620904 0.2508799802997838
0 0.5083388323369233 0.20868410396835077
0 0.497264262450778 0.2441330181731694
0 0.48530162773702457 0.24881101270084796
0 0.49808022120724554 0.24576366638791733
0 0.5245762182318646 0.25397119941054913
0 0.47959716358910437 0.24970325465867485
0 0.4784286372039629 0.251787263630093
0 0.548922431209813 0.17070862224352532
0 0.534540619539178 0.1727330530791179
0 0.5234221252410308 0.17510238845927129
0 0.6452619582414627 0.17347867357666077
0 0.6602145588916281 0.1696704610966254
0 0.38205048409493075 0.15054148710940196
0 0.401893371473188 0.15182162537846877
0 0.3835230100414027 0.1399009035549302
0 0.3618892094363337 0.14918482681547385
0 0.38032713985961414 0.161108970615095
0 0.6123883192953856 0.17116672013872775
0 0.633154563281847 0.17320232347085857
0 0.614308356590893 0.16034483569471733
0 0.5917961286461871 0.16905326685071856
0 0.6105966904888982 0.18194294418545737
