0 0.3731854932485439 0.5846082021634038
0 0.2625881295552928 0.5593010579435208
0 0.2949282946489412 0.5575646706663382
0 0.17283664068443882 0.5247628818304775
0 0.23819745630383204 0.5499421369534331
0 0.20892696536416344 0.5312626148565128
0 0.13469491795384342 0.47629038442057164
0 0.02549031584097041 0.5527454534658609
0 0.06597953298680788 0.43712590220637215
0 0.032331101685690936 0.42240842805502893
0 -0.08182102127326764 0.3655741229986611
0 0.3829417701819532 0.5887112716516367
0 0.3947562002163711 0.5922869820945179
0 0.4044659169171926 0.5940121263741686
0 0.42251854034350644 0.6024527443102754
0 0.4320949115913263 0.6077710569095307
0 0.4445071826449973 0.6139514575751064
0 0.4575606873281282 0.6187276703100235
0 0.4419487360284197 0.6127970515729521
0 0.2774544301793444 0.5611206746329895
0 0.2648588568329525 0.5679088842373686
0 -0.13245542686906078 0.5229524781528753
0 0.0954666244183227 0.5280186353019252
0 0.08065964992669561 0.5414344670292669
0 0.06226576289398779 0.5516721531986809
0 0.025016031176637973 0.5568993975179264
0 0.10288851631345224 0.5154021182380164
0 -0.005720916268922728 0.5117387748754825
0 0.018125517476948617 0.5002567699542061
0 -0.020191931967540898 0.5255692545979168
0 -0.02144363894165277 0.5376827099833625
0 0.025354966771402518 0.569575408777109
0 0.40468452102560504 0.6532837727580207
0 0.01138546584035567 0.551356193737481
0 -0.03356460322864908 0.5702633865344258
0 -0.011815078252796932 0.5680356802650914
0 0.16572351564320442 0.58538509329287
0 0.3493383343842962 0.5994298145793878
0 0.3772158920050239 0.6064656824349596
0 0.3412666219315655 0.616997091914899
0 0.3415671262523825 0.629007392797988
0 0.3662600402923511 0.6176938142258519
0 0.3609114908200088 0.6264769688201027
0 0.3242823268583924 0.640133588077923
0 0.24798817636011888 0.5687549198016572
0 0.22223559722340078 0.5618782028222618
0 -0.07919876423956965 0.5366966366387023
0 0.1371060319655805 0.5303439682664962
0 0.21118534654736232 0.580444482949595
0 0.19734722561687587 0.5727957468063306
0 0.11301019566236355 0.6135920564206644
0 0.19539690525125827 0.5436923420086456
0 -0.06993079728645672 0.5062260521105684
0 -0.08441621994228958 0.5214678090982163
0 -0.16598532039770406 0.5037781392423489
0 0.02967207351748606 0.47226504776805356
0 0.0465557870390318 0.4942195301238721
0 0.2913158884723124 0.6382734965973388
0 0.21266580928715584 0.6271426791961963
0 0.2385630495399594 0.577279828988706
0 0.25992062895132195 0.5723359082072688
0 0.3528787821031017 0.6441736655494276
0 0.3569092190237068 0.6406740639537287
0 -0.1117081490637873 0.5173343210555494
0 0.22315739441832763 0.5823550117663301
0 -0.0346934408020916 0.4907196162226863
0 -0.058994676426446124 0.4831495186010489
0 -0.16660796809825393 0.44742064658826153
0 -0.13776424748720312 0.5150020549091668
0 -0.11535698289779736 0.4662741540719907
0 -0.10190168630590828 0.5354685265416155
0 -0.11410462713355926 0.5327790453792
0 0.36323335802526496 0.6041102432214414
0 0.35368770889812806 0.6179421595491159
0 0.3509627903679864 0.6282083279789447
0 0.24757138595020742 0.5761644924029755
0 0.35504402373906235 0.6424400265605305
0 0.36802951995131494 0.642415916576934
0 0.3587380057330326 0.6389869897129437
0 0.23490601041905887 0.5739949061847723
0 0.36873830408215236 0.6243023544835588
0 0.37593388271560485 0.6165568348698722
0 0.3877820880007115 0.6065897614049455
0 0.4172654011838442 0.6274516117839387
0 0.43204232142697707 0.6352110914528941
0 0.4205005740661987 0.6296516477871246
0 0.4106177067299255 0.6220732116089842
0 0.40483954370164754 0.6150905606083976
0 0.38021200480792733 0.6297855331494023
0 0.38004614352036437 0.6351763006216421
0 0.3809234604275198 0.6416506119810355
0 0.38358941538442526 0.6469292617834415
0 0.2683313151629423 0.6151705732741676
0 0.08008636752192637 0.5878705765111759
0 0.2862403460686727 0.5596360992699766
0 0.37156470102086053 0.6335930054941878
0 0.36949189289582435 0.6380987929079098
0 0.27493895636759785 0.5721477129208014
0 0.2432631905273282 0.5833107290176538
0 0.2677828203574073 0.5723456833690119
0 0.13416880640766318 0.5478235189907086
0 0.12270113561364958 0.5759167716906856
0 0.2071414376906068 0.5767421638622833
0 -0.17931574397235753 0.479675026366505
0 -0.1408458860943929 0.4932866111730996
0 -0.09746220629278132 0.5005079572574018
0 0.35347635597347926 0.6398993589626715
0 -0.007965348464407796 0.46227355201404313
0 -0.07486614377664433 0.4360098785485703
0 -0.13381864941663307 0.41128507475502574
0 0.04315248210367253 0.5575063944624635
0 0.023188198570438998 0.5865085498212625
0 0.10555144676344572 0.5066530361723977
0 -0.02865312839869401 0.5493312674208571
0 0.1333901437638189 0.5163550872010545
0 0.20902029573202704 0.5749093366507143
0 0.016636238824263464 0.5974216278368673
0 0.050465434503784 0.5896184253997315
0 0.07969787581075581 0.5818121311382745
0 0.1080091400898332 0.5592673601814733
0 0.12224538917307087 0.539022438061504
0 0.12864820351846498 0.5233254958265505
0 0.12359987213600168 0.4904445063191862
0 0.06864796861184301 0.6208384806355729
0 -0.04797766670334539 0.5521482941441642
0 0.26831271015196967 0.5668812430323884
0 0.1638799594174758 0.5441503067747854
0 -0.032485798823175954 0.5537425199636636
0 0.1295378378969874 0.5104634754193096
0 0.20773492799960167 0.5744069620443228
0 0.0023327063885238246 0.5537758741896754
0 0.19323528920717947 0.564855442260401
0 0.14263546984973285 0.6076332677286654
0 0.09824810218182113 0.5027874437764811
0 0.1904541549208067 0.5541902411098297
0 0.29454361935027784 0.6571011451867442
0 0.3237185282387036 0.6519147504251986
0 0.067366245553362 0.6128426169435056
0 0.24498752202633187 0.6530534786919054
0 -0.07702741634359749 0.5502204636034493
0 0.421586610573373 0.6585585499723879
0 0.2787202387976704 0.5643068776724819
0 0.16801695057528196 0.5610430979500183
0 -0.020730656757057427 0.5753439097358777
0 0.052960872149867694 0.5476297646665725
0 0.06993022596807502 0.5377901743014399
0 0.3673970259064965 0.646243751239472
0 0.12214791799763695 0.635488512416998
0 0.4804321803349099 0.6485295463293886
0 0.4074123781933773 0.6563115744545056
0 0.37222566550298275 0.6546956121731109
0 -0.024347928859632936 0.3961176933191074
0 0.5202276690972509 0.6284983973152721
0 0.08243554115867158 0.5259193178182974
0 0.09113858365040603 0.5140805663392186
0 0.0964660283615835 0.506623304690035
0 -0.06576163377121484 0.5536583224043679
0 0.0662317024432212 0.5054584052235174
0 0.04426634025802429 0.5125418059742108
0 0.027160015394933505 0.5224650317487626
0 0.01531268788470353 0.5335614018546887
0 0.011356022217862612 0.541846866424853
0 -0.08977827951490736 0.5388296518843776
0 0.03812370983530863 0.5517638773202135
0 0.3126781620710588 0.5637907616246622
0 0.2695242303023807 0.6021637368126037
0 0.2335055015212912 0.5773149945865423
0 0.29183635172798195 0.5809605989974147
0 0.10122587712262746 0.4537733461910162
0 0.3419703302337683 0.658389155476238
0 0.3808506051127573 0.6579605786564251
0 0.46474863313656634 0.652288267787653
0 0.27436733410226927 0.642684780370694
0 0.08685708403301468 0.5030675505677732
0 0.15109367993809908 0.5204250523076651
0 0.5054045320986558 0.6313281973329977
0 0.4430137441026793 0.6560216925014704
0 0.12563110044677195 0.6295090803323081
0 0.3908177388371895 0.6239095054114588
0 0.39317349578550964 0.6305974337239616
0 0.39828443541515357 0.6379144077483838
0 0.40618879817944353 0.6440611418824607
0 0.38495210363424653 0.6365431992771526
0 0.35804536502710066 0.6337421938253287
0 0.35156738643737717 0.6363016309829566
0 0.3452079456201274 0.6379397357233797
0 0.27593378061585006 0.6277895887819723
0 0.15557757345177858 0.6358987256741753
0 0.12729397816337842 0.5025420341247948
0 0.08404980732096756 0.4873945933942216
0 0.08142896235989724 0.49440613265235583
0 0.3638569598289417 0.6308043985701979
0 0.21589563919200028 0.6487036254078435
0 0.09354475540794628 0.4789545376079913
0 0.3937900753901731 0.644057987597042
0 0.18427040265332595 0.5127952731074616
0 0.1497135125189948 0.5088565387664893
0 0.1610410732688378 0.49537434212315956
0 0.17748089031063968 0.5470894137129616
0 0.48533050762377766 0.6267128219238867
0 0.46237631295796494 0.6189080579593159
0 0.43166575600489154 0.6358603745603714
0 0.3172257419684522 0.6479217998516826
0 0.21205661444069385 0.5922297989598478
0 0.35607975992939167 0.6476628673724092
0 0.16882566746762045 0.6146724460223993
0 0.22047569675983 0.6122436462499844
0 0.19666198875120788 0.6340302644065394
0 0.44785814548282027 0.6468635214784275
0 0.18328828705872277 0.556017415592084
0 0.32084688772972253 0.6557601054255574
0 0.36307207643271067 0.6538986085702817
0 0.2766143805403218 0.6456362233756069
0 0.1702517272471238 0.6442573946504928
0 0.2607516336927025 0.6521385797677329
0 0.1836680773493769 0.6429204773217344
0 0.24065314601365326 0.6299545216484191
0 0.157213001621427 0.5319752022862053
0 0.2249670418189298 0.5766536252567181
0 0.22430991283137736 0.5811422046381064
0 0.2127751685875497 0.5692041087836123
0 0.0433833178141706 0.48634762047959595
0 -0.002287060951443313 0.4967194418556774
0 -0.03034433343713518 0.5109142259286996
0 -0.04450538011191846 0.5255301539509442
0 -0.04492461302583452 0.5381708746900955
0 -0.003209163459370748 0.5602750450658341
0 0.014261857782908194 0.5929724614079387
0 0.0449921837527689 0.5702653852895426
0 0.0693368119873303 0.5635077816228897
0 0.09217292685017026 0.5490970070750568
0 0.10776967928706885 0.5321930041328405
0 0.11558647446638103 0.5179679888886766
0 0.11855262843110292 0.5078367676597815
0 0.02356890480009486 0.5689443018489753
0 0.2326661960827075 0.5813474518041641
0 0.17122651532971317 0.5363710581685026
0 0.23467660586325098 0.5733558042361714
0 0.25787839029046844 0.5690239709787095
0 0.24122358519110462 0.5718837835537359
0 0.24497284792024168 0.5804653761866755
0 0.26223051262130553 0.5692112605792646
0 0.2722828286728985 0.5669952345351441
0 0.10350845436112201 0.4993741009562922
0 0.11357543497777385 0.49682678125156
0 0.12075591969976036 0.49675466991461126
0 0.010627717137050857 0.5471488142165893
0 -0.01583543984438304 0.5468769210596054
0 0.2043445034564542 0.5003019293276266
0 0.26752870453061534 0.3304046369589175
0 0.29886374106224206 0.5418606703273785
0 0.25501913404007326 0.197357611915174
0 0.2333741215207308 0.39033452961772397
0 0.2551003472982265 0.3760391675626127
0 0.27416355675644727 0.35961812944077076
0 0.2830433945575778 0.3263846563455015
0 0.21195973480919855 0.4004007132289509
0 0.18933218688987713 0.32717113525341873
0 0.17084344292430284 0.34784913139221385
0 0.21414896259776695 0.31105623458521053
0 0.23759581795413431 0.3039349355636694
0 0.3164560860581249 0.3207746504213863
0 0.5407192472645419 0.5583878766995268
0 0.2659852137382654 0.3179390727521512
0 0.3711105479325036 0.24552787569003365
0 0.31788266105331675 0.28661113158582496
0 0.3507774272125116 0.44215486377192
0 0.3911535831378232 0.5632579060027394
0 0.4151725950572702 0.5741067115491191
0 0.42540802258095867 0.5457242639681783
0 0.4521619901954413 0.534517681255889
0 0.4361578643464928 0.5577622038868669
0 0.45506536417441973 0.544950901890715
0 0.4880763400944589 0.5165573986955344
0 0.2778978782306186 0.5465402245140685
0 0.2573883820066063 0.5350603745006525
0 0.23667417341570773 0.26635599707643065
0 0.25021942285039156 0.44286264169711276
0 0.3226308125100262 0.49477268560245014
0 0.31183591799484456 0.4841042989359115
0 0.40892676884035983 0.3847100327190119
0 0.22895763539295974 0.517550842449688
0 0.16290734669001555 0.29864070171746204
0 0.19829880991142146 0.27648456370868624
0 0.18827792201682533 0.20297049104976958
0 0.10592318442370965 0.38994756750405407
0 0.1640948043595687 0.3696766615675661
0 0.47918757188806144 0.49558211896366205
0 0.5685995145381497 0.3574176249793543
0 0.3229934480264604 0.5127312192520775
0 0.31541678152210134 0.5288320037122732
0 0.49251520948158467 0.5226798666932713
0 0.48810320763850956 0.5266767523159235
0 0.19084026137416024 0.2565567565802187
0 0.3344027658732389 0.49629976574224405
0 0.1319055592985176 0.3346107828731354
0 0.11316050506895967 0.3227253261084755
0 0.04389796104076669 0.2664813096530902
0 0.19509413016499946 0.23564112719636374
0 0.07687857739931102 0.302643286915252
0 0.23678536459410504 0.24638743408190938
0 0.2536540796144975 0.2277132524088168
0 0.4038673889436882 0.56893265285431
0 0.4307896603497384 0.5520962328194811
0 0.4534094227875451 0.539895300667126
0 0.32340974230274594 0.5178785758277479
0 0.4902345213672812 0.5248307145822543
0 0.4911086324879306 0.5376496056017404
0 0.48593937807517656 0.5285592360999256
0 0.30409125301191847 0.5221222452462291
0 0.4561313645159312 0.5481600281529533
0 0.4394729529067481 0.5615139297022226
0 0.42223490456597124 0.5770777985691643
0 0.4686033242612148 0.5905638678005328
0 0.4806205966203905 0.5973972680088812
0 0.46615677485934837 0.5932197761230956
0 0.4514719828141393 0.5885710464879728
0 0.4403808011139611 0.585504799986038
0 0.4685705031136529 0.5541430829812924
0 0.47762295725248416 0.5530897078041832
0 0.48908310971385854 0.552277494924137
0 0.49979890907982844 0.5522671888430659
0 0.4153474249142251 0.5030982189665968
0 0.47514740311556297 0.27719296624485296
0 0.47757246611501386 0.5422288160354566
0 0.4839462948074158 0.5400055757345864
0 0.3187493874157647 0.5379701559535992
0 0.343972382070921 0.505725551337099
0 0.31707497459235523 0.5337136820101509
0 0.2839885863611738 0.4318692074797024
0 0.33333619306985135 0.4128547065174237
0 0.3262451841390962 0.4842707889910323
0 0.11897392220777288 0.22413816657690958
0 0.13641451710133815 0.2582871319767766
0 0.14869320417622583 0.28196736760794544
0 0.4899372609970953 0.5390333375230003
0 0.07691452800512885 0.37046057957048995
0 0.028279082952357596 0.3486934805068726
0 -0.01999153214678776 0.313125789355927
0 0.28536554799377206 0.34160717531515006
0 0.3555553848509022 0.31070087778682526
0 0.19665582524500877 0.40636776240108113
0 0.26568738090620336 0.2909014282135156
0 0.2209652279921287 0.4485995998016942
0 0.3012053963663481 0.5046464421878607
0 0.40010787914696927 0.29695854628809726
0 0.36130481029300093 0.3373582591644872
0 0.3451929852830992 0.3684395570724536
0 0.30139780080289863 0.39846715188254944
0 0.26305230072648117 0.4145965903711776
0 0.232799217140646 0.4253629628842631
0 0.1595727371797859 0.462248255269596
0 0.44688988346561825 0.3272356887975821
0 0.2765464102335685 0.2731964397735108
0 0.2865429494163687 0.5531420502038048
0 0.27150048319098474 0.46055118725322686
0 0.37489780304814985 0.2219149887371368
0 0.20590242028808137 0.4330318583467136
0 0.3305906277480457 0.4789902028946069
0 0.27402979149806983 0.30981374282044727
0 0.28698135980313344 0.49238454800444287
0 0.5243014986280629 0.31229446338007627
0 0.19016626384332597 0.4002818185300492
0 0.25565630319021304 0.5037638044204956
0 0.5768341878049379 0.45057889828666714
0 0.6022690887645565 0.4500202462315179
0 0.47289030043055397 0.29612041205262984
0 0.5720098607545848 0.40826768844653244
0 0.3104107741543429 0.23365480183793333
0 0.5638380819659153 0.5608046214801435
0 0.2925979931720441 0.5532046674539487
0 0.30712505288833053 0.4529263112491693
0 0.33834973785231154 0.26973123862720527
0 0.25791582929716406 0.354795726724326
0 0.24211759890297907 0.3696726640573325
0 0.49797580882513837 0.5355330488552301
0 0.48889602917275554 0.3526099786971705
0 0.5575559998301866 0.5962655353850831
0 0.5897597663408275 0.5288769444718529
0 0.5980605398722404 0.4949812432066701
0 0.22394252588137162 0.3809940814971924
0 0.2054269525358717 0.3906289243850464
0 0.19499871985231945 0.3975167750550535
0 0.2845945181749422 0.2531732233187642
0 0.18843574975606062 0.3749713794872784
0 0.19742550023739858 0.3563096431878428
0 0.2135414469728081 0.34135605047305173
0 0.2333057123265392 0.32920115214948076
0 0.24817550496803484 0.32337582720735203
0 0.31416856656543357 0.20360706332392586
0 0.26516165100127387 0.3417113135797909
0 0.38429423044625516 0.5145921539574766
0 0.3183982965471647 0.5125782520245439
0 0.3402947343224816 0.5442367217030388
0 0.5777342123665112 0.4903672107111532
0 0.571724316770796 0.5245256858130994
0 0.5445632142700452 0.598560168720282
0 0.5943953336285744 0.40513687278516
0 0.18839262429472925 0.3918026620968462
0 0.21185340955674792 0.4731058366001604
0 0.5779368257065185 0.5628377926616243
0 0.5173495979331952 0.32742719452221175
0 0.4557434643486993 0.5690668817526235
0 0.4669945918970543 0.5695684443647488
0 0.48080782981799375 0.5714364371741542
0 0.494839290206095 0.574254962963799
0 0.48427633816103854 0.5638746156479223
0 0.4727963021905016 0.5342221153429902
0 0.4741752101934785 0.5301823814075214
0 0.4747352305647852 0.5261859954736484
0 0.4478189127622463 0.4964762808034976
0 0.4729201829404854 0.3919033493858557
0 0.18879386282367386 0.45484408555320277
0 0.15454572046117532 0.4059667933863192
0 0.17034858779655657 0.3946380523827891
0 0.4713661779316781 0.537439517700634
0 0.5301507995854751 0.410526094345239
0 0.1340999201619082 0.42670604824638975
0 0.5131716948333118 0.5593143309267185
0 0.18391311011440176 0.4821621648038919
0 0.2631715445352687 0.4806951097786998
0 0.4941453519199106 0.5921943835176218
0 0.5162958101117068 0.5020538381875133
0 0.36698263983646456 0.4724822562342635
0 0.5204191385127371 0.5292420295861583
0 0.4097827901657251 0.4292899389236499
0 0.40855337104065526 0.46794239629190953
0 0.46296465111007506 0.430394782045017
0 0.5225278590794662 0.5957041038110995
0 0.28870290532100684 0.473950310637014
0 0.5492913677252168 0.49083826107719836
0 0.5464268448255617 0.5242287769866066
0 0.5022882023017755 0.47696383997274283
0 0.5219147905743093 0.3750757675963088
0 0.5310714709387123 0.4509595049836765
0 0.5523432383148504 0.36237869133202794
0 0.4524316197390751 0.4681730338940605
0 0.24174019387014192 0.46648277413730804
0 0.3056319769052007 0.5161749493961517
0 0.32440353611962114 0.5046931318581676
0 0.27890111766844916 0.5193330761723625
0 0.14431351780605545 0.3805570411986817
0 0.1570166758210253 0.3447845557246345
0 0.18033087267864237 0.31826986672398383
0 0.20818156275531943 0.2993491510994518
0 0.23658507926572714 0.2894131832610304
0 0.2933561044345371 0.3004566488174585
0 0.42497302788338787 0.26853003364782363
0 0.3174110669598019 0.33858727494748636
0 0.3048859064241679 0.36243429732398863
0 0.27676900249305103 0.38474526077794574
0 0.24597589653744686 0.4012013083448806
0 0.22042989980974356 0.4121738493252105
0 0.20103126585626488 0.4197867640291159
0 0.4252861263654787 0.24755704936128073
0 0.3308876209693561 0.5058214291216085
0 0.231772678504459 0.4893982829377293
0 0.29064252064954177 0.5320355709368428
0 0.294686811147548 0.5417880280711018
0 0.2966253578805809 0.5309343193285763
0 0.33401749903063693 0.5117077629406231
0 0.2919006010325407 0.5470623055966898
0 0.297510174038313 0.5474517193084327
0 0.18363977865063602 0.40788380254190953
0 0.17811655197783913 0.4222472784237359
0 0.17538396245855795 0.43427296035205976
0 0.2579524668572332 0.32040823800876117
0 0.25739464092311815 0.3020049344998198
0 0.050654747646203716 0.5242086957437924
0 0.0685901499623589 0.5091941722284872
0 0.0289701589291616 0.5135382166304908
0 0.032589625468928754 0.5391055425515952
0 0.07175971871371464 0.5344628091818228
0 0.22879963591516161 0.3518969228092474
0 0.25063981977012234 0.3355960598388038
0 0.20605540118343252 0.34111894814731974
0 0.20723883253779057 0.367951673440659
0 0.25175270473928474 0.36264497860552025
