0 0.4737521270290017 0.5701075684279203
0 0.4264353169128299 0.4906245954334736
0 0.4354610312730074 0.5073016094043851
0 0.36965776327997446 0.4294344993308187
0 0.41595744229853154 0.47051818761974573
0 0.40135549921542407 0.44194163726642727
0 0.36365781258791685 0.36687523890286683
0 0.18350563310086726 0.43748564925044775
0 0.32780238417908547 0.2947652737610042
0 0.3121643059886992 0.2646901131607592
0 0.2676828822121024 0.18140276102349162
0 0.47876767795532943 0.5784215601161122
0 0.4838813038542867 0.5876023028045892
0 0.48759982120245693 0.5945363966748118
0 0.4924533024430275 0.6017856258898974
0 0.4985673565417528 0.6104696225374937
0 0.5054315334185958 0.6209739336743951
0 0.5119644295424223 0.6309653126634658
0 0.4962329976260662 0.6188085159286857
0 0.4316467400640249 0.4997119138017297
0 0.4082572476938367 0.5096960369497537
0 0.07314720656722784 0.3786408212967217
0 0.25969953183084726 0.42704196088016033
0 0.23932374212890864 0.4395548090338707
0 0.21744052581489087 0.44842969011515377
0 0.1784593147225678 0.446795623190701
0 0.2750756601803005 0.41349264374002814
0 0.19124831892549993 0.3656736243981868
0 0.2192417012527585 0.3583611749112606
0 0.16871325317770242 0.3810514778830111
0 0.15731441807001828 0.39968473529443144
0 0.171491171233356 0.4663687481544912
0 0.42378070671111345 0.6726610247045756
0 0.17024004086852074 0.4321801267564297
0 0.10943657308816909 0.47033537477254866
0 0.13936826521530749 0.45747274355962875
0 0.2956797558814287 0.5185076762922108
0 0.44533192813396455 0.5801742965355515
0 0.46183359771966936 0.59898731848225
0 0.4252732157707214 0.6028445064090192
0 0.41496986858546736 0.6206229484640062
0 0.44397097919136286 0.6117006253451109
0 0.431664752215147 0.6232470298185945
0 0.376664331369102 0.6367696849629283
0 0.4071122858673334 0.4995444713160396
0 0.39320186655968425 0.4821001843549311
0 0.12228538636118173 0.3855832443572581
0 0.31468045273795725 0.4437227530404925
0 0.3492737808264792 0.517042039334774
0 0.3410059059038758 0.5058670995756984
0 0.22683552894741296 0.5444559377618134
0 0.3804824313148856 0.4545664142817259
0 0.1618213439360261 0.3355184563435614
0 0.13492666315287352 0.35758754769340156
0 0.07242672052234411 0.33841362278908493
0 0.2713196505792439 0.31759867565706373
0 0.2468976929783821 0.361667391192168
0 0.351966121327132 0.6282212308607995
0 0.2311859792098403 0.6295019941404462
0 0.37264375342056155 0.5197935487143696
0 0.39384796321392057 0.5169872126542032
0 0.40826026294380424 0.6469158409163356
0 0.41435190103948116 0.6427793675102293
0 0.11753567336127162 0.3461206569336355
0 0.35315992226824167 0.5248736249282956
0 0.2046976827085018 0.3208632030524313
0 0.19336583772674204 0.3022648938931525
0 0.1348394589498639 0.25675591537728903
0 0.09356975248083473 0.3507064343430102
0 0.1629067744128406 0.2867475264705718
0 0.10542674688622355 0.37945772595703603
0 0.09076382433995604 0.38587339213117955
0 0.45377316009253266 0.5905553442426026
0 0.4347307853400707 0.6074149563908577
0 0.4232044765725732 0.6219764418900013
0 0.3799209798686206 0.520562968403101
0 0.4116503164172173 0.6448265880346298
0 0.4207138404250145 0.643327591381967
0 0.41682170815765857 0.6408764909952879
0 0.3807832818478346 0.5100266714580357
0 0.4372259443625808 0.6240324209444225
0 0.4501093139871955 0.6142923774197697
0 0.46732532009482386 0.6041062499396503
0 0.46551363095641135 0.6326953799463808
0 0.48127922248095273 0.6433158704079688
0 0.4767439294606447 0.6328908153809607
0 0.47257522735744717 0.6210318945348263
0 0.47046483010053636 0.6110773528926075
0 0.4375807916745543 0.6268282381817698
0 0.434963951446116 0.6337178953923285
0 0.43214346282184124 0.641847872082144
0 0.4303575223311782 0.6495712211355567
0 0.3590114314109087 0.584973241109401
0 0.15481473617255687 0.5426858989521861
0 0.43369623720645906 0.5032171290367842
0 0.42736111767590046 0.6332425304688514
0 0.42437836099416015 0.6381723807193339
0 0.405082943290472 0.5210375605151057
0 0.36655005225911735 0.5322392052039504
0 0.3996237935498357 0.519060537032783
0 0.2967924227938056 0.46644319565966724
0 0.2663359383121133 0.4980776751413941
0 0.34221252165734767 0.5153681296855211
0 0.08952931752428413 0.29862662628293035
0 0.11416773833334445 0.3180209741927683
0 0.14683765433728696 0.31967418966814876
0 0.4015724781900644 0.6393847931176424
0 0.2509282291866839 0.28730592569336294
0 0.22272018883377315 0.26034706295467913
0 0.1931620504707098 0.2198897168971598
0 0.19509232621639966 0.4522157793864608
0 0.15790512934327125 0.4906158369034529
0 0.2839846327900887 0.402701963018626
0 0.14397308751940727 0.41900128684937954
0 0.32424718625843524 0.42330365711823104
0 0.3587981223128736 0.5046064293943345
0 0.14420177042484283 0.5103983937762677
0 0.1805645741522312 0.5009000685065985
0 0.2128579806536436 0.49707885924726725
0 0.2529902832582593 0.4751120795495808
0 0.27943061348050835 0.452400781866163
0 0.2978025910444558 0.43214612305164335
0 0.3432065821252763 0.38240962964482605
0 0.17111265817657112 0.5516381470486522
0 0.12791715916246177 0.4204547734931111
0 0.4193804254755378 0.5051230967976152
0 0.32891130186617373 0.46532012885436413
0 0.10384332407265902 0.4608345163986087
0 0.31024269908666613 0.412918187212199
0 0.340041006077081 0.5154388419352471
0 0.16171192210167645 0.4353015122935176
0 0.34977228892967105 0.49036312755197287
0 0.18777431454509497 0.5862851744517684
0 0.27936158012598755 0.39539537401869895
0 0.36297938134521246 0.4705664883367717
0 0.306203930452466 0.669428869523108
0 0.3174323642626405 0.681553294043988
0 0.15424346532672645 0.5530213507823646
0 0.26463426612317564 0.6534705702215433
0 0.09831781899556517 0.4257720598950982
0 0.42734036799520253 0.688302299566567
0 0.423727186024189 0.5074703399091959
0 0.3156825670972466 0.48946357499808074
0 0.12363399658352137 0.4679396592080593
0 0.2126479942817241 0.4364780318923295
0 0.2327951705083251 0.4282653214409947
0 0.4168674129992723 0.6487550892867148
0 0.1983179295435548 0.5861794710159302
0 0.48084605801850555 0.6918659908697009
0 0.4011806543916464 0.6954765660688281
0 0.3639777861535549 0.6916835214942694
0 0.2918797672726214 0.22793461992405356
0 0.529097555950284 0.6728252042084932
0 0.24988457579165696 0.41752671962603927
0 0.26494140503928065 0.40632984060794114
0 0.27493844646960497 0.39948389017954467
0 0.11090630907565355 0.4207287351600826
0 0.2496718419715762 0.3854091256391257
0 0.22593801598995925 0.3849290165118873
0 0.2051087088882923 0.3911161022260785
0 0.18696043509989976 0.40329994736239316
0 0.17752962587401272 0.41573401167988777
0 0.08302867664024234 0.41750327767804263
0 0.19642849853262306 0.43885472770780326
0 0.44347683526575565 0.5221101369708776
0 0.3734046081081033 0.5653297044336796
0 0.37108724964782597 0.5172300042584539
0 0.4124091278761625 0.5394883914850652
0 0.3460429603233933 0.3312248016707599
0 0.34851877810433507 0.6801364300772548
0 0.3866403652355075 0.6845686326734721
0 0.4733971210196614 0.6846390014514327
0 0.27565411208197477 0.6618827089667321
0 0.26939028734341264 0.39119286816567184
0 0.3451615948230028 0.42546817325055597
0 0.5221869204193353 0.6647619469091296
0 0.4393906954675913 0.6971219246275723
0 0.18546663662418722 0.5913530144840479
0 0.451769407466054 0.6193292191252112
0 0.45070006493479015 0.6284733820706606
0 0.45101158786565065 0.6387244686484337
0 0.4529411494731903 0.6488423740491271
0 0.4312008798122406 0.6393241703510284
0 0.4222864916548133 0.6336600203998387
0 0.4155737517401576 0.6350263940170408
0 0.40898142345249655 0.6356086645275354
0 0.3521617158316076 0.6070216382853687
0 0.2350844196975231 0.5889329124242068
0 0.33323191702365873 0.4014662804082036
0 0.28920238399878145 0.36586311347782613
0 0.27529361117631196 0.37633698442950847
0 0.4276358228176832 0.6320535170845687
0 0.25954630952328445 0.630325467698276
0 0.31198269668966533 0.3530210047028959
0 0.4260433740913868 0.655368423461914
0 0.38865042608231304 0.4167918188497424
0 0.3568776064552367 0.4078185331076384
0 0.37685365732759235 0.39330169893801215
0 0.3457989631220698 0.4665006842464209
0 0.5138537216931581 0.6502683829516173
0 0.5041950825601816 0.6331496642902493
0 0.46693452782928946 0.6493538464419544
0 0.35717230746522544 0.6485237181186676
0 0.3281496338546276 0.5392480041831732
0 0.3895169930532575 0.6552591994404793
0 0.2744565222412348 0.5572815598919988
0 0.3190674033947289 0.5674649825319648
0 0.2746895098127425 0.5940134179778397
0 0.4691525615751743 0.6690693833865226
0 0.33840507427230476 0.4833711586892605
0 0.3446374174207449 0.6647406087256968
0 0.3837354694493115 0.6696080759167671
0 0.32766929659992455 0.6350304727442563
0 0.2238670153543353 0.6137367259711027
0 0.2993720881640911 0.6440796228125691
0 0.22026256173849107 0.625383080728352
0 0.31842174315825106 0.5991700025275349
0 0.3369851494207978 0.4449841960333288
0 0.3718779791146517 0.5103951307944954
0 0.3604154666885734 0.5203073824755847
0 0.37421692041680216 0.49330165730789305
0 0.2596896132454276 0.3481470115482807
0 0.2146953093353659 0.34492923924699426
0 0.1804037343710661 0.3548455696552992
0 0.15606152219697833 0.3723520464729518
0 0.14294326063245535 0.393770323228091
0 0.15310844192281364 0.44518280858173964
0 0.12851634090766312 0.5131241427734494
0 0.18807435175403953 0.47190688690170646
0 0.2156748589128256 0.4685936294496059
0 0.24478412177413703 0.45561443250626327
0 0.26941597647964954 0.4381396624259651
0 0.2868525520898402 0.4215321585536003
0 0.2983091133646667 0.4079576821066439
0 0.12860118448734284 0.5006787438876927
0 0.36366372406482694 0.5244710760191083
0 0.35558011662214994 0.44647877048701046
0 0.38872739430516956 0.5048109668307006
0 0.4054795676842332 0.5077807095833122
0 0.39038042575120924 0.50732307638973
0 0.3727031657472253 0.5269177542068064
0 0.411250994168222 0.507635292224586
0 0.41538513991981746 0.5100338414311409
0 0.28814799869433044 0.39185314970090984
0 0.30419049728661773 0.3900359264574945
0 0.315568701736629 0.38922885367646815
0 0.17307991040870546 0.42467544041574
0 0.15380913047119976 0.41747854771092535
0 0.4100924637168646 0.409014458861202
0 0.5071049178019166 0.2659178315196186
0 0.45388535913079975 0.4861509186215699
0 0.5472777279093861 0.1387208986096084
0 0.4569244533777237 0.3186323539353907
0 0.47829662449657917 0.3102653173264116
0 0.4981877524405718 0.29840087946504357
0 0.5183599730953574 0.26715501681901516
0 0.4374977136030793 0.3209200046956539
0 0.4524906869977713 0.22697659130208195
0 0.4300563147291541 0.24214664436876773
0 0.4771523768082261 0.2202462405897677
0 0.49662870950996874 0.22348563014529646
0 0.5430449914187193 0.2727756317239255
0 0.584133405983448 0.5902268564328551
0 0.5108224829658866 0.25218246001750233
0 0.6002736423164606 0.22214630492962897
0 0.5594145454466343 0.2382276315242052
0 0.5267924766987562 0.401329492777586
0 0.4979022558778524 0.5536888022907078
0 0.5060168489813804 0.5769541628658772
0 0.5272942777723074 0.5506065296009183
0 0.5466298459097743 0.5536560436710716
0 0.5250343082472682 0.5708115138113499
0 0.5399187723174691 0.5686758922412991
0 0.5777629762887955 0.5317796399816871
0 0.44502230957150457 0.4800439476966858
0 0.4386038342490792 0.459057608153671
0 0.5153636477887631 0.1816201142501086
0 0.45507693830877544 0.37274864902719856
0 0.493033579364419 0.4429575838148594
0 0.48858013451099397 0.430164763238281
0 0.5876902900636196 0.3610134209506214
0 0.42398352194577454 0.4325267756357789
0 0.45190731547772883 0.1808583582751453
0 0.4855392945930362 0.17449477100744842
0 0.5135976238176226 0.11547449338249863
0 0.3688410074450076 0.2503915552981198
0 0.4155061863362789 0.26441954327747225
0 0.5839483648538589 0.5069790035486221
0 0.6598895380273462 0.40893644783645866
0 0.4822820708155632 0.46307146213948724
0 0.4686396120116115 0.4787390984594822
0 0.570761089771986 0.5657049473375082
0 0.5631469488143921 0.5684587322175503
0 0.4907911458984017 0.152476577879861
0 0.4975099163129926 0.4508220568299294
0 0.4134853737428784 0.20230166553519666
0 0.40776334181427953 0.18267491604201497
0 0.4090432757511735 0.11939380676485598
0 0.5128880482167005 0.13889080979861318
0 0.417929614149034 0.15911028422415258
0 0.5244644260033965 0.1626837644726038
0 0.5437454022467136 0.15640971600078046
0 0.5029164975509047 0.5657261567190289
0 0.5266995593905449 0.5606834759935737
0 0.5437225498259067 0.5607111254706979
0 0.47897672206163405 0.46950082425028083
0 0.5671300543472171 0.5671926952898503
0 0.5637179419398308 0.5724703536368907
0 0.5600056137889624 0.5692402592860162
0 0.4694564273580909 0.4640066069550812
0 0.5365760900080204 0.5739247418940068
0 0.5230781648308038 0.5776777290739119
0 0.5067413818091154 0.5845879945904017
0 0.5253438474610448 0.6018808534368872
0 0.538849588483572 0.614990269113332
0 0.5305306328460574 0.6062809414230287
0 0.5209485651925206 0.5973886291496455
0 0.5123456602916121 0.5908253989182413
0 0.540007047727704 0.5762718562036753
0 0.5487450437620283 0.577669958025217
0 0.5585227455943823 0.5796937366016209
0 0.5676640313118696 0.5819059094414115
0 0.5438059452921152 0.48932399665936827
0 0.634287566319108 0.2990790644660592
0 0.5488715652376414 0.5728601082228124
0 0.5562531352043152 0.5728134819306433
0 0.46556389834731815 0.4905797294341028
0 0.4966118479147553 0.46601003482937814
0 0.4672069715335965 0.4849210320971906
0 0.4840141335502267 0.3717817545402795
0 0.527423457428813 0.3660252321511507
0 0.49610913433134557 0.4366196281276643
0 0.47080658487975596 0.10653010220266879
0 0.47348948288708925 0.13733432455919684
0 0.451686567440629 0.1587553490884602
0 0.566436031088233 0.5537215609103441
0 0.35943681970238683 0.21686688628979028
0 0.36002314696088433 0.19191943714395165
0 0.3434774190187454 0.1448425529524684
0 0.5133795736357569 0.2836008957587183
0 0.5738602906465531 0.2762411115691066
0 0.42409671284258366 0.3204353231005371
0 0.5224451210349799 0.22159621343016625
0 0.4328544666990638 0.36839726963080466
0 0.4773825673386455 0.44371476732194426
0 0.6101058963686228 0.27465549563057723
0 0.5661089558154344 0.30379729317501186
0 0.542256186157465 0.3287847782485187
0 0.4996074590831995 0.3456401184666902
0 0.46613374091684817 0.3503217030316591
0 0.44025884941220284 0.350926513876766
0 0.38846062403172255 0.3595953548327088
0 0.6270298596471549 0.3200736473314464
0 0.5377099826931954 0.20664980341680347
0 0.44303426798433065 0.49296823209151625
0 0.4634561989456415 0.39688264969736337
0 0.5984538199380041 0.21023285794071853
0 0.4184891810640693 0.3483393986709416
0 0.497968234308064 0.4348525946959853
0 0.5194547865539789 0.24649235648103057
0 0.4709703605622053 0.42847505388781426
0 0.6499178286641836 0.3504341900348663
0 0.42158977054059504 0.31170448549091817
0 0.44722114093601706 0.42785251131281254
0 0.6473580004647375 0.49323863023892045
0 0.6545919818803668 0.5065557604655624
0 0.6395387828350068 0.3061563431285322
0 0.6572647232562303 0.4507684323005378
0 0.5715718746185303 0.18656924185343088
0 0.5961992461234331 0.6018240947276354
0 0.44294904749840497 0.4975774514488876
0 0.4911727733910084 0.40043796887621286
0 0.5818400703370571 0.2298259257338941
0 0.4906353447586298 0.2883328418713063
0 0.4735285621136427 0.2996068517677486
0 0.5706296883523464 0.572236406430602
0 0.6390772115439176 0.3611721693072468
0 0.5726294338703155 0.6448295075446367
0 0.6209503222256899 0.5818387607112527
0 0.6376474276185036 0.5495379030704498
0 0.45581821370869874 0.3061654880642891
0 0.43823529928922655 0.30956534333527086
0 0.4272371750324965 0.3116592330858111
0 0.5523133937269449 0.19088526512496173
0 0.4281823765486479 0.28247284861281513
0 0.4417259668931365 0.26461308961734176
0 0.4601364087313414 0.2536945729982108
0 0.4804498303681612 0.24823573329485954
0 0.49455270990729333 0.24880533828400075
0 0.5744468361139298 0.16873447042889894
0 0.5008370066061616 0.27698595155961814
0 0.5197345303371549 0.49008658984676
0 0.4809307627379894 0.4602293620817363
0 0.47609501592814923 0.5068689637817443
0 0.6329585552215576 0.5334095423109829
0 0.6155389007180929 0.5667922930791974
0 0.5666868522763252 0.6370109738782048
0 0.6614900009706617 0.462073118519038
0 0.42287660781294106 0.3013362106401473
0 0.42167403884232046 0.3867447370663285
0 0.6008786760270596 0.6141155753284693
0 0.6522363178431988 0.35275354753248395
0 0.5281659230589867 0.5820330798625946
0 0.5379573125392199 0.5858132442459464
0 0.5480519330129028 0.5909789737313986
0 0.5580914855003357 0.5973485288210213
0 0.5499170634895563 0.5778837691992521
0 0.5517244281247258 0.5684545246884227
0 0.5571089901030064 0.5634947065263987
0 0.5609760481864214 0.5586312321946025
0 0.5657433170825243 0.49563082521781326
0 0.6188670225441456 0.39254133831709626
0 0.4098953615874052 0.36282927030697465
0 0.3941819418221712 0.29916823832318185
0 0.4095267869532108 0.29583106664940717
0 0.5467375617474317 0.5720214360393584
0 0.6399386208504438 0.4343406929634511
0 0.3719325511716306 0.3091300143394619
0 0.5670851033180953 0.5825649888254703
0 0.40042700059711933 0.3858628303743899
0 0.4543702986091375 0.41151265781372787
0 0.539000827074051 0.6122934576123953
0 0.5990783337503671 0.5231396506540478
0 0.5251873321831226 0.4389704347588122
0 0.5870561353862286 0.5529972648248076
0 0.5702837677672505 0.40642343666404485
0 0.5534651398658752 0.44774948721751573
0 0.6003247428685426 0.4270567301660776
0 0.5552109299227596 0.6248851325362921
0 0.47230115700513126 0.4150705530308187
0 0.6207299312576652 0.5220060220919549
0 0.6033491576090455 0.5562602895312011
0 0.6041157452389598 0.49171417374163867
0 0.6471131701022387 0.39664848782122136
0 0.628258653357625 0.4743178440257907
0 0.6596033670008182 0.39959779400378465
0 0.5795574467629194 0.4646104303188622
0 0.44231850318610666 0.3915396029129624
0 0.4746020307764411 0.45712751150131226
0 0.4894449558109045 0.4536929655820131
0 0.45902937557548285 0.4498553555458784
0 0.39794660042971375 0.26328881275840105
0 0.42374880854040387 0.228606193093583
0 0.4525731699541211 0.21087326104752718
0 0.4803223963826895 0.20379585358314217
0 0.5036491239443421 0.2069243232253939
0 0.5371585093438626 0.24398561366833746
0 0.6229285642504692 0.2625589352566749
0 0.5360515158623457 0.29051165501587095
0 0.5174982463940978 0.3102747842669487
0 0.4888990368694067 0.325064249150455
0 0.4603325190022588 0.332598774600774
0 0.43755210712552073 0.33489063289016485
0 0.4206646839156747 0.3348654735833406
0 0.6160413365811109 0.2536814352031797
0 0.4911124683916569 0.45878493450582025
0 0.4323611956089735 0.4076274769380689
0 0.4600140927359462 0.4680861928500235
0 0.4534952016547322 0.48301918599754573
0 0.46163582112640145 0.4704179797321558
0 0.48839874342083933 0.4675808600150049
0 0.44976033847779034 0.4878796549513936
0 0.44981429558247327 0.49223642256110905
0 0.41361411698162553 0.31635968713089824
0 0.4037241764366627 0.32777759023010733
0 0.3970651952549815 0.33708084500394764
0 0.50354791469872 0.25044661811552943
0 0.5114963119849563 0.23063611122779548
0 0.21442653550766408 0.41327436743304136
0 0.2374290542677045 0.4018184248358011
0 0.20307177859358488 0.38912325757555666
0 0.19107141103595496 0.4247969864867628
0 0.22564759980887175 0.43707408420741556
0 0.44863997474312783 0.2856263916939497
0 0.4736643673852086 0.2729397253599018
0 0.43700110986828805 0.26293789194896816
0 0.4242352556437254 0.2978028951212764
0 0.4605481093749404 0.3081932165659964
