0 0.6453490103594959 0.6779304290190339
0 0.6503771049901843 0.6047863484360277
0 0.6431929082609713 0.6253072921186685
0 0.6406515021808445 0.5205442351289093
0 0.654356540646404 0.581078892480582
0 0.6582124568521976 0.5481665490195156
0 0.6661305958405137 0.4640013971365988
0 0.5021412505302578 0.42879433343186973
0 0.6760855494067073 0.38649202468805016
0 0.6814743499271572 0.3513581781182438
0 0.6951456982642412 0.2417532056570053
0 0.6443918338045478 0.6856080534867942
0 0.6422953754663467 0.6935464758425951
0 0.6401000618934631 0.698659954033792
0 0.6377708143554628 0.718163875490427
0 0.6372269121930003 0.7284688107669354
0 0.6356608006171882 0.741356857959181
0 0.6331700619775802 0.7542315152473748
0 0.6200260021723807 0.7606187029741704
0 0.6475495477207005 0.6159654938615858
0 0.626144546084106 0.6125127300620079
0 0.41367166745476425 0.3071599769871682
0 0.5620146756991744 0.4642048911191523
0 0.5392263454850763 0.4611929359845817
0 0.5172071354463696 0.4551037041470408
0 0.49022656632587314 0.4345136335585266
0 0.5818450027145445 0.4624454617965966
0 0.5398345696739852 0.3796683627180755
0 0.5659158867783844 0.38708095662295816
0 0.5144096645526588 0.3807611254043877
0 0.4966590830590576 0.3892338212113827
0 0.46673947176896036 0.4451697384007275
0 0.534672822104767 0.7724567212164402
0 0.49485814897343516 0.41959856245666743
0 0.3895714886020869 0.41164770661853256
0 0.44114128896035254 0.4195336071774364
0 0.5326302382163703 0.561179215926677
0 0.6194159265141934 0.6705874300561845
0 0.6187962298281491 0.6901252943091094
0 0.5904145282693207 0.6768053921870887
0 0.5705692241899669 0.6850182872265578
0 0.5971536780707538 0.6905707019381225
0 0.5800166933331639 0.6935826977714896
0 0.5268805169034749 0.7103212174028158
0 0.6321358014829457 0.601851843111217
0 0.632342686643824 0.5784904897212982
0 0.464737735921517 0.3583453271538019
0 0.5864808007609099 0.5061517569236458
0 0.579808684065938 0.5878321251831948
0 0.5786873053293675 0.5737212826497853
0 0.46111257560551167 0.5458468397147953
0 0.6368320863693953 0.5476721400395036
0 0.5239574932493269 0.3403729828074574
0 0.49048220133408904 0.34418707052245734
0 0.44474485982209444 0.26901863180100916
0 0.6228619571775198 0.3767423634417355
0 0.5867344685830176 0.40329995611682534
0 0.5138440406881273 0.6884725568816066
0 0.38689788430929184 0.6314836600795388
0 0.5951983777340502 0.6037137316539883
0 0.6112986388616264 0.612098253518343
0 0.5474678468890488 0.7013583249412477
0 0.5534392651170492 0.7015242539346218
0 0.4789765926543623 0.3248166207689792
0 0.5769814574159682 0.5976373199373484
0 0.567021974362433 0.3476149063091725
0 0.5659390962682664 0.3264297786168754
0 0.5528913293965161 0.23069509845227004
0 0.4610085296444595 0.29533608122728766
0 0.5611641239374876 0.2778704572468996
0 0.45063256518915296 0.3422745933756232
0 0.43102248036302626 0.3256090466864407
0 0.618758010212332 0.681107539869845
0 0.5937320967204869 0.684258033707738
0 0.5750636328011751 0.6894375660456717
0 0.599509275984019 0.6083321089856326
0 0.5505506754852831 0.7015195328742265
0 0.5595699262339622 0.708602100238204
0 0.5564666984137148 0.7015592142008245
0 0.6070132809691131 0.5978815127164125
0 0.5837771431542933 0.6960399690084159
0 0.6000241828151047 0.6943576028570533
0 0.6190979201346636 0.6953699040226639
0 0.5914822474587709 0.756087095476687
0 0.605320178437978 0.7488472272641957
0 0.6092259851284325 0.7360652411356569
0 0.6132807855028659 0.7233816239982843
0 0.616500738542527 0.7142425464466214
0 0.5820766512770206 0.7068226674571634
0 0.5770577313378453 0.7108299523591995
0 0.5706084687262774 0.716708283033222
0 0.5646503083407879 0.7234384802170097
0 0.5448487121611834 0.6537664953619242
0 0.37153826048597693 0.5085687974002212
0 0.6455220235511661 0.620406627934426
0 0.5700667155906558 0.7043470003642142
0 0.5652150395326316 0.7061355903744697
0 0.6162598326336592 0.6213678521104157
0 0.5817118126433343 0.6116214264184237
0 0.6139370983000845 0.6167925341054797
0 0.5598820971790701 0.5165232347324491
0 0.5194071107544005 0.5270176636055112
0 0.5730980006046593 0.5833082097582519
0 0.4888021086808294 0.24204654223285615
0 0.5021549051161855 0.27760784826241436
0 0.5177123551256955 0.31869828929193317
0 0.5429004705511034 0.7265868170186878
0 0.620950331678614 0.3410944096744061
0 0.6208580888342112 0.2884263209532946
0 0.6193905514664948 0.23186231958679854
0 0.49947640765458345 0.4463184619322419
0 0.437254625139758 0.4563013476319611
0 0.595283578382805 0.4585316416807473
0 0.4704936894122511 0.39519133139401674
0 0.605349438264966 0.492890827357769
0 0.5943000018596649 0.5808610725216568
0 0.4056788084562868 0.46806494812481103
0 0.4522496252320707 0.478538640961051
0 0.4820545446127653 0.49452492473647
0 0.527537904214114 0.49934571753256024
0 0.5616322646383196 0.4958761654794216
0 0.5876092878170311 0.4892334300093353
0 0.6428993511945009 0.46623447905294596
0 0.40434961882419884 0.5215248726308346
0 0.4512663297355175 0.38558037164621056
0 0.6366037935949862 0.6138660871423781
0 0.5871891365386546 0.5324449295178055
0 0.37961542746052146 0.4024112978950143
0 0.6078836203087121 0.4795562940184027
0 0.5696344471070915 0.5830159923993051
0 0.4828717038035393 0.4172312762588263
0 0.5943952698726207 0.5638342019170522
0 0.37456628889776766 0.5677452748641372
0 0.5967317414470017 0.44978892970830203
0 0.6153093841858208 0.5526946157217025
0 0.44014101615175605 0.7053914535790682
0 0.4347027549520135 0.724266741424799
0 0.37781920470297337 0.5145112083293497
0 0.41284736688248813 0.6686222479678691
0 0.40942166931927204 0.36528675109148023
0 0.5267694452777505 0.7892290208488703
0 0.6371482908725739 0.6184948426671326
0 0.563612824305892 0.5469205553643406
0 0.41859938600100577 0.4179920588620007
0 0.5225559971295297 0.4424616811797023
0 0.5413495178800076 0.44859161181375384
0 0.5540706657338887 0.7116104331798851
0 0.4051012326963246 0.5693036724813283
0 0.5619460886809975 0.8216850901022553
0 0.497083697700873 0.7823100626468659
0 0.4685343555174768 0.7585503087379039
0 0.687853223644197 0.3001072011422366
0 0.6072296879719943 0.831530698761344
0 0.5602362072095275 0.4513884331099689
0 0.5781760849058628 0.45156280710361896
0 0.590172465192154 0.45123304510489104
0 0.4330500375945121 0.37481525507755575
0 0.5816470277495682 0.4233345695305616
0 0.5634723771363497 0.41043343767523766
0 0.543123671784997 0.40527669666334987
0 0.5224376684054732 0.4061977104283869
0 0.5089738168753684 0.4110560885630548
0 0.39310227357782423 0.3494105982594192
0 0.5103533267974854 0.43554290612228214
0 0.6401737900450826 0.643485083989799
0 0.5677182590588927 0.644025564007461
0 0.59609958040528 0.6001343131996691
0 0.610757150221616 0.6418037353083491
0 0.6702647283673286 0.42594252806156874
0 0.46868553129024804 0.7384003752842545
0 0.4967341171577573 0.7633760464377701
0 0.564089048653841 0.8110688904300332
0 0.4081126640085131 0.6845832170918584
0 0.5923645056318492 0.43969520083628594
0 0.6225477363914251 0.5045605357270688
0 0.6103280887473375 0.8200903484597802
0 0.5272591919638216 0.8041852994821965
0 0.38042642059735954 0.5681939790956676
0 0.5979450158774853 0.7100797107443213
0 0.5929806812200695 0.7168745783157646
0 0.5871863923966885 0.7265168150886894
0 0.582020859234035 0.7376242492347955
0 0.5640270574949682 0.7429055692628026
0 0.5655303678940982 0.6973640229552984
0 0.560481907101348 0.6953005532734096
0 0.5561582304071635 0.6927959086373449
0 0.5263400366529822 0.6694749284535646
0 0.43828496779315174 0.5914925342425704
0 0.6245424796361476 0.47778528588823976
0 0.6164931673556566 0.42831567488610744
0 0.602068932261318 0.43078503366559745
0 0.5700106755830348 0.6986431454308331
0 0.4299355521798134 0.6434877294115722
0 0.6383289331570268 0.42870365651324394
0 0.5483008262235671 0.7567511370405555
0 0.6608859784901142 0.5199391661211848
0 0.6412935652770102 0.4951179469004273
0 0.66332833096385 0.4934480142313987
0 0.6017952950205654 0.5414731435477733
0 0.6138561295811087 0.8019776746630669
0 0.6171746898908168 0.779687310103327
0 0.5815092255361378 0.7736751617863774
0 0.5021243228111416 0.7116882492788136
0 0.5469055788125843 0.5977715445682407
0 0.5220598198939115 0.7362228268757463
0 0.4933254960924387 0.5834909066557884
0 0.5230566046666354 0.6174970302730799
0 0.4702378395013511 0.6171693235635758
0 0.5709069354925305 0.7941358305513859
0 0.5861704151611775 0.5531481224112212
0 0.4797445391304791 0.7204281123355031
0 0.5065659149549901 0.7469394711777568
0 0.48836079775355756 0.6829987315461039
0 0.4083875576034188 0.60916085857898
0 0.45750976516865194 0.6766681558452546
0 0.3898726333864033 0.6189334942959249
0 0.502985950326547 0.6453459957614541
0 0.6050861824769527 0.5180203806608915
0 0.6007427843287587 0.5931665571406484
0 0.5865105069242418 0.596985162422061
0 0.6123057885561138 0.5783833704888821
0 0.6015321880113333 0.39721925067715347
0 0.5661264252848923 0.37292455178685485
0 0.5330646557267755 0.3649688120931387
0 0.5044310055673122 0.3666121887974441
0 0.4831585988868028 0.3766775506082922
0 0.4644219446927309 0.4193555906414986
0 0.38013045000843704 0.4622031615115702
0 0.4785900157876313 0.459012009575963
0 0.5015223308000714 0.47137500159442425
0 0.5325563116930425 0.4778780180960894
0 0.5624142624437809 0.47845299034379424
0 0.5858630381990224 0.47503830026835203
0 0.6024930840358138 0.4698704077862203
0 0.37433336745016277 0.45438740532845256
0 0.5855126476380974 0.602932314760983
0 0.6206235308200121 0.5282302028499544
0 0.6164023792371154 0.59668097961694
0 0.6255709873512387 0.6087221255525946
0 0.6155164015945047 0.6001524241641164
0 0.589951760135591 0.610060668271035
0 0.629799313377589 0.6115664830431342
0 0.6304643379990011 0.6164007267914713
0 0.6047184343915433 0.4515938806347549
0 0.616480769123882 0.45770545611158014
0 0.6241091035772115 0.46216427381150427
0 0.5011725518852472 0.4154461456462741
0 0.4847907351795584 0.4003332580439746
0 0.6789881903678179 0.5256278811022639
0 0.8325909748673439 0.4734458377584815
0 0.6652639759704471 0.6172677332535386
0 0.9095967561006546 0.37852179622277615
0 0.7637436599470675 0.4891269619576633
0 0.7848896873183548 0.493772709229961
0 0.8062804723158479 0.49540328616276386
0 0.8386380388401449 0.480974687775597
0 0.7465966078452766 0.482546068308875
0 0.8067672103643417 0.4121175538748503
0 0.779608734883368 0.4140999515540898
0 0.8310068445280194 0.41906992578879
0 0.8456845656037331 0.43204309451393785
0 0.8496689274907112 0.49722801670432093
0 0.691245379857719 0.7895446400158107
0 0.842317602597177 0.46442828681319953
0 0.9043090920895338 0.48436282188631596
0 0.8739034701138735 0.47617306411266325
0 0.7558492925018072 0.5904648082330823
0 0.6694073989056051 0.6770830393768847
0 0.6620453950017691 0.6958885287865997
0 0.6894009197130799 0.6887346571311355
0 0.7003391687758267 0.700832537189126
0 0.6773687498643994 0.7008692882023752
0 0.6878618528135121 0.7071682816371322
0 0.7147036278620362 0.7316318398341537
0 0.6678176480345428 0.6062947272323072
0 0.6751694357953966 0.5840767251327634
0 0.8712213523685932 0.40730162458494307
0 0.7212832206860185 0.5240537330508233
0 0.7122338670305908 0.6041015504859388
0 0.7156476126983762 0.590863575041294
0 0.8211009548977017 0.5936266163364052
0 0.6777592445723712 0.5530403112992645
0 0.824450196698308 0.37730423067696395
0 0.8534615631215274 0.3873783223796636
0 0.8987143817357719 0.33542350041680036
0 0.7257399056106806 0.3915615278296173
0 0.7564933393150568 0.4257594648748636
0 0.732722457498312 0.7140198426321149
0 0.8362495442852378 0.6900329487398267
0 0.6931174136698246 0.6153843150474131
0 0.6764389155432582 0.6202138784341514
0 0.7084690034389496 0.7217112639918923
0 0.702583612408489 0.7202901027165354
0 0.8647567490115762 0.36992631214670835
0 0.7099177781492472 0.6138994194567203
0 0.7839316511526704 0.37625625701621174
0 0.7888307049870491 0.35489484248682857
0 0.8260706621222198 0.2719768848735839
0 0.8851281017996371 0.35590358250774445
0 0.8097708886489272 0.3146004902664572
0 0.8835343504324555 0.39396330625750126
0 0.8980602510273457 0.391628925036639
0 0.6665861564688385 0.6874938322231173
0 0.6837379694916308 0.6956271611154079
0 0.6947287209331989 0.7042894115671515
0 0.6873810328543186 0.6188069210387767
0 0.7054916424676776 0.7210708684287965
0 0.6989882574416697 0.7258804080076515
0 0.6997604193165898 0.7195259014144539
0 0.6873594764620066 0.6075685588642955
0 0.6817602035589516 0.7083090282045305
0 0.6716873510740697 0.7035587867721915
0 0.657703104428947 0.7004679166711867
0 0.6469271895475686 0.7624234097078443
0 0.6583714517764747 0.7549218889325857
0 0.6591209331527352 0.7417752822861076
0 0.658306154422462 0.728684107400477
0 0.6560588674619794 0.719152774848044
0 0.6810460323467851 0.7191086980514229
0 0.6857249597087502 0.724255345761776
0 0.6907846285030246 0.7313324187882244
0 0.6944302706979215 0.7390385731123388
0 0.7192706074565649 0.6747928773984313
0 0.8804680528119206 0.5791241699829698
0 0.6889814957976341 0.7190552605316043
0 0.6940451320260763 0.722166602127254
0 0.669163104146719 0.628229262214154
0 0.7002871623262763 0.6262382363900543
0 0.6726348074153066 0.6243595799431205
0 0.7416468039155006 0.5406751215457917
0 0.7757058045826852 0.5612267521210015
0 0.7163969618268311 0.6012641524896025
0 0.8742110123857856 0.2994868497364223
0 0.8585747261531651 0.329460780788213
0 0.8329677488654852 0.35641815774142743
0 0.6969068753533065 0.7437986636534333
0 0.735401897225529 0.3566887233406305
0 0.7537411632947624 0.30819132518954573
0 0.7681061513721943 0.25439952234737573
0 0.826133512891829 0.4916219813283533
0 0.8678218233399093 0.5157528879120946
0 0.7358382819220424 0.47652612617239354
0 0.8613444911316037 0.4440777082927525
0 0.7092142198234797 0.506650174735114
0 0.703808194026351 0.5945755494758487
0 0.8835447980090976 0.5340100831352175
0 0.8522785403765738 0.535098735243082
0 0.8241816675290465 0.5435525671578944
0 0.7831534058786929 0.5359912598505616
0 0.7539160610176623 0.5232603914104402
0 0.7330532092601061 0.5107813671231269
0 0.6862608939409256 0.4720912393648177
0 0.8712601670995355 0.5847082483582199
0 0.8749309694394469 0.43921713242307303
0 0.6581589626148343 0.6165115903131664
0 0.7149568162858486 0.549100830592215
0 0.9051073067821562 0.47693099780008197
0 0.7176399258896708 0.4972373774275184
0 0.7171296146698296 0.601615871489048
0 0.8502759118564427 0.46464480441063644
0 0.7065827529877424 0.5781288809143007
0 0.8626066641882062 0.6337546529248357
0 0.7378155188634992 0.4676564950030297
0 0.6937961424700916 0.5629157928749919
0 0.7843343457207084 0.7465858800336719
0 0.7772388542070985 0.7647879690863192
0 0.8865289697423577 0.5839560938999057
0 0.8157214447855949 0.7189623044803739
0 0.9024683348834515 0.4351345954462886
0 0.6918293861672282 0.8069635214284062
0 0.6539310994558036 0.6206640071235597
0 0.7311823656782508 0.5688351072371006
0 0.8894021855667233 0.47927671363577246
0 0.8077916679903865 0.48196971230208874
0 0.7880310686305165 0.48065035906620324
0 0.7031250349245965 0.7299955040216446
0 0.856070514768362 0.6290659480728209
0 0.6506648100912571 0.831049598287791
0 0.7134559359401464 0.8054190021008253
0 0.7419912763871253 0.788900907151401
0 0.7700588563457131 0.4763075736351311
0 0.7534866193309426 0.47151441532187166
0 0.7425731006078422 0.4696428201161325
0 0.8886254280805588 0.4313220542855561
0 0.7607549587264657 0.44775073397904636
0 0.7809640765190125 0.43876372748054565
0 0.801379170268774 0.4378588914871216
0 0.8209589868783951 0.44339551506564023
0 0.8322295416146517 0.4519703648518771
0 0.9119223998859525 0.42352284216322006
0 0.8222124315798283 0.4789138431660831
0 0.7035254151560366 0.6605887532234191
0 0.6944108633324504 0.6118491768836976
0 0.6680576116777956 0.6488887852989137
0 0.7519034147262573 0.7708195307292044
0 0.7223350866697729 0.7880894545465708
0 0.6547790062613785 0.820801112242043
0 0.806942802388221 0.7343100241385401
0 0.745251779910177 0.4604132284410298
0 0.6952020027674735 0.514141134172678
0 0.6842293362133205 0.8206554105505347
0 0.868877193890512 0.6334060677327216
0 0.6703995219431818 0.7191314893774688
0 0.6744127138517797 0.7268001601099968
0 0.6777358697727323 0.7372382618486881
0 0.6795083871111274 0.749112868309021
0 0.6744833011180162 0.755105440504849
0 0.6957060983404517 0.7136090696789325
0 0.7018082435242832 0.7129394116811454
0 0.7069412767887115 0.711398595944047
0 0.7290094019845128 0.6934867300093174
0 0.8254841100424528 0.6419388146139682
0 0.6977654611691833 0.48767332304269073
0 0.7223442778922617 0.44316890416666865
0 0.7362425634637475 0.4486849138047546
0 0.6898324443027377 0.7135240091942251
0 0.8135682852007449 0.6918419288471341
0 0.7000757642090321 0.43965568230487406
0 0.6838069697842002 0.7715461263433099
0 0.6827655844390392 0.500641587562859
0 0.703347971662879 0.5547868594527244
0 0.6509398194029927 0.7811965435743332
0 0.7353199366480112 0.7389890426769853
0 0.7328455802053213 0.6213788000866771
0 0.711349327582866 0.7574931574985385
0 0.7841999819502234 0.6212390811182559
0 0.7484855363145471 0.6460440615192056
0 0.7926720739342272 0.6582184146158397
0 0.6550134485587478 0.8033653001300991
0 0.7116482737474144 0.5692406300455332
0 0.7506657736375928 0.7519144106656312
0 0.720979877281934 0.7708697123453021
0 0.7562600872479379 0.7154294861480593
0 0.8404231858439744 0.6652615448459983
0 0.7826070571318269 0.7163475289009511
0 0.847031245008111 0.6784285415895284
0 0.7566185449250042 0.6769044123589992
0 0.7047531376592815 0.5311161545105278
0 0.6949271918274462 0.6045760984532536
0 0.7040181043557823 0.6112249387428165
0 0.6911158431321383 0.5883716284297407
0 0.7428209991194308 0.4172169502824545
0 0.780718591529876 0.4017865713685751
0 0.8137333635240793 0.400770403817296
0 0.8396364767104387 0.4082664709538221
0 0.8562340391799808 0.42240706430748104
0 0.8592002582736313 0.4699997485615313
0 0.8987568994052708 0.5344222805462777
0 0.8373826434835792 0.5088260137941688
0 0.8130228952504694 0.515510974265635
0 0.7841239394620061 0.5126190602313727
0 0.7581437258049846 0.5042245875112712
0 0.7388809402473271 0.4951966380234808
0 0.7256130799651146 0.4866949239745736
0 0.8928878079168499 0.5273071541450918
0 0.7015819014050066 0.6169044964946806
0 0.6930139628238976 0.5377416336908937
0 0.6820974685251713 0.604733765590936
0 0.668273241724819 0.6139780902303755
0 0.6801520041190088 0.6080440836027264
0 0.694577528629452 0.6226914990693331
0 0.6645844206213951 0.6158479964360595
0 0.6603246526792645 0.6200021632947028
0 0.7294611604884267 0.4679736607242376
0 0.7159602795727551 0.4718836348038167
0 0.7065554107539356 0.4764258850365877
0 0.8381850570440292 0.45864681927487255
0 0.852846710011363 0.4464836990460753
0 0.5683052078820765 0.43067669346928594
0 0.593919028993696 0.4362149043008685
0 0.5714595494791865 0.40609134412370623
0 0.5413637510500848 0.42514283740893005
0 0.5648835273459554 0.45509462831541897
0 0.7992616514675319 0.45940666580572725
0 0.8193278424441814 0.4617598295211792
0 0.8013133108615875 0.43835871340706944
0 0.7786587988957763 0.45687296222895385
0 0.7967497035861015 0.48040750934742393
