0 0.5827768125614536 0.3223060523094583
0 0.6311594973385083 0.2772978337205091
0 0.6147020692438013 0.2905387300737098
0 0.6504462543670638 0.22973230038704323
0 0.6435338642904024 0.26443031789207994
0 0.6575345594420212 0.24791875439865582
0 0.6898897242445483 0.20780112195749575
0 0.5549206667057069 0.1500440709063319
0 0.7221402364944104 0.17104601793262472
0 0.7387230495611826 0.15306833044153637
0 0.7878758387978066 0.097082201005364
0 0.5773278794836897 0.3284431018081366
0 0.5714014796265067 0.33474005704500426
0 0.5672843904560628 0.33899094510813055
0 0.5671114300373737 0.33874035516038997
0 0.5620455011285307 0.3448199287516062
0 0.5555987259380928 0.35207539179078
0 0.5484153203320402 0.35992402122134254
0 0.5379282078913998 0.3698704586643465
0 0.6236299022969314 0.2839417480954937
0 0.605301688114802 0.27727211356496945
0 0.5237551902416889 0.07318929096563857
0 0.5971336184926174 0.18167032046812256
0 0.5776054253055074 0.17585905543228492
0 0.5602562345784424 0.1683043420147829
0 0.5422111060548935 0.15118512419425473
0 0.6159459808330495 0.18452405562253893
0 0.6090093161989365 0.1299994671378149
0 0.6290627698480832 0.13998594988627927
0 0.5859590962466308 0.125042564561721
0 0.5665354213131129 0.12592371154566104
0 0.5189661860214507 0.1531148370908422
0 0.44938838796273567 0.36062547773206266
0 0.5512910663830077 0.1432217057345628
0 0.46371979458171103 0.12465042610462307
0 0.5057604238705293 0.13415005410752712
0 0.5362358381225087 0.22969884164527016
0 0.5635173853942613 0.3111469358289275
0 0.5522672863449225 0.3269682625094716
0 0.5363795381306596 0.3083352745414114
0 0.5164058749182818 0.30852468207436784
0 0.5344351057890598 0.32139269878216487
0 0.5193291628411048 0.31769398013416794
0 0.4710037398313168 0.3152609085168491
0 0.6159913571323523 0.27085995607349383
0 0.625058307237766 0.2575324075896533
0 0.5521419685223937 0.10504960145603041
0 0.603495634180584 0.2128009999833521
0 0.5716719579596057 0.2517741481129195
0 0.5751089566241839 0.24450405939620415
0 0.4780036425414468 0.20558931380092932
0 0.6388080645714128 0.24242227952353426
0 0.6136318902929121 0.10779230417657633
0 0.5815529954710087 0.10241799377927593
0 0.5653223985106633 0.0571760773992672
0 0.6853454129353858 0.15112291497676647
0 0.6413559697977098 0.15352087495039826
0 0.4684531150487908 0.2979594332163407
0 0.371971989482767 0.2522077844256446
0 0.5794130236790653 0.2643983117004736
0 0.5909147824038936 0.27427948456184537
0 0.4910082582557252 0.31112519766436236
0 0.49545228173209643 0.31275025068544876
0 0.5790022867515621 0.0901199652701199
0 0.5647394062346044 0.25768004178333015
0 0.6483043856007137 0.12240159044078752
0 0.6553572692951573 0.11091587556844332
0 0.6724669712002267 0.05794936001133852
0 0.5703498843098491 0.07200451090890153
0 0.6639373684734232 0.08376966638057506
0 0.5454199138069957 0.09422110292424007
0 0.5326243010251331 0.08354980538205273
0 0.5569582186670746 0.31943879341210973
0 0.5351111841101184 0.3151598060164465
0 0.5176893375845398 0.31309027264432077
0 0.581490177079595 0.26878153209258865
0 0.4932866420298186 0.3119893898817004
0 0.49970707781455687 0.31751749528890233
0 0.4979422033336092 0.31368045880347073
0 0.5935355448773139 0.26268753317557797
0 0.5205221415069032 0.3208297604606265
0 0.53438157082107 0.32553149004276394
0 0.5500111626421852 0.33164963134530545
0 0.5136955853252975 0.3593948922571348
0 0.5271879752728507 0.35000463126420306
0 0.5351490228739468 0.34249073951518166
0 0.5428428656818495 0.3360377102672887
0 0.5496358303078116 0.3313808093885748
0 0.5199054065887435 0.3206953244382928
0 0.5142960364808513 0.3218058491287445
0 0.5073968245007318 0.32373969428011684
0 0.5004192657988785 0.3267530847330387
0 0.5124758307818119 0.28328800034456225
0 0.4072272924054021 0.18019102334308357
0 0.6193484982106253 0.28705426257531513
0 0.5093436910130303 0.3173515789982985
0 0.5048113491087524 0.31732786236023036
0 0.5916501034035462 0.2813976064783518
0 0.5632546964073986 0.2680136339337218
0 0.5913720203854363 0.2779921777442056
0 0.5756161874356652 0.21212939588295646
0 0.5362758256715058 0.20811169220953762
0 0.5659988629415569 0.24934535901419588
0 0.6136275591478066 0.050780173443278676
0 0.6129563323807615 0.0706158103395243
0 0.6166441177768547 0.095312969858239
0 0.4793305173830644 0.3293568059509876
0 0.6967053014769333 0.13131819485950202
0 0.7110911160078732 0.10320756749278691
0 0.7282575592713014 0.07369717012266484
0 0.5468145593183453 0.15974525276686297
0 0.49039162406187015 0.15441239013725302
0 0.6297972682659133 0.18533866078245873
0 0.5416306318864541 0.12541720980689638
0 0.6255320472179083 0.20982337231729545
0 0.5885861036269474 0.2505823557450324
0 0.4577752979244361 0.1545814619678743
0 0.4951915065070245 0.16942581091942238
0 0.5161060858124922 0.18421849416417568
0 0.5547521045816599 0.19630030557221056
0 0.5862088925224819 0.20122427532986767
0 0.6117174905815205 0.20274350506250932
0 0.6687660916445124 0.20344249474234274
0 0.4367340074435568 0.18315939726281902
0 0.5283575691125564 0.11749129468987302
0 0.614899690329777 0.2798485368573699
0 0.5954185521803828 0.22641336099774229
0 0.4554128261432366 0.1220172907457966
0 0.6334723791869884 0.2015769444927782
0 0.5619476810412065 0.24955733116267442
0 0.5421792435998152 0.139859252450179
0 0.593729204140635 0.2422521308022721
0 0.3867587538962626 0.2141072432867953
0 0.6341926754778447 0.18064936553062844
0 0.6173303188905435 0.24059356895147585
0 0.38972636051318815 0.30006760943169686
0 0.375243246303832 0.3142271185455536
0 0.4145493450169825 0.17894157975995573
0 0.38156035573925146 0.27309705863813727
0 0.4990156054622513 0.1023872397860893
0 0.4332822694557126 0.37138394080624193
0 0.6127504686891782 0.28378617496383624
0 0.568771735902577 0.22912760124820955
0 0.4866459893400659 0.129384049180509
0 0.5693698032495844 0.16168921568146608
0 0.5842746501230489 0.16851875595017976
0 0.4943638884694264 0.3183414919369695
0 0.4179948380979305 0.21073344508472944
0 0.45178597895153466 0.40204577218918575
0 0.40668324686052426 0.36296243059868905
0 0.3905552543919801 0.34220320971406143
0 0.7628735818188904 0.12583149965403795
0 0.4896366618227858 0.41998226235226754
0 0.6004459204678797 0.17343293351619518
0 0.6168457510476374 0.17707795789595746
0 0.6279181220611942 0.17987809895801277
0 0.5161184581145959 0.10841384538415433
0 0.6270672534965764 0.1629813341867356
0 0.6152868913447304 0.1519962231985995
0 0.6000528270810969 0.14492291746353234
0 0.5815201593476509 0.14111542033882035
0 0.5675735027855459 0.14118213747061936
0 0.48907908564629937 0.09393396130462989
0 0.5603874447728008 0.15548488556169995
0 0.6048257154125705 0.3005744492640348
0 0.5384830980864255 0.2829225587577713
0 0.5817702074342639 0.26186050620733525
0 0.5791586108725785 0.2916552402726075
0 0.7046293161086392 0.19016811460340055
0 0.40114280575186895 0.32655977034101297
0 0.4158247833136265 0.34871539281529873
0 0.46035436053567796 0.39335887104857203
0 0.3688923270767751 0.2860852112623156
0 0.6326834728571936 0.17434583625205757
0 0.6384481934178228 0.2184444829529407
0 0.49928103079272723 0.4115567701537402
0 0.42604858563419135 0.38301220594667923
0 0.39574141454596057 0.20991420679065695
0 0.533819008791497 0.32531961807015897
0 0.526721957489408 0.3280846224445589
0 0.5191601138829179 0.33238214237683295
0 0.5111874326246197 0.33842540221387934
0 0.4930139645493986 0.34446718445679053
0 0.5068086449229767 0.3149133232795224
0 0.5038224882465877 0.3120933473944998
0 0.5016178178762082 0.3092885982422602
0 0.48816538190288383 0.2884475336689241
0 0.4390625015592776 0.22794273353758313
0 0.648292634431823 0.20571081461358806
0 0.659669679679951 0.17477632954674943
0 0.6456695049372403 0.17178643033618018
0 0.5098734672813979 0.3174695360894297
0 0.4084841302804303 0.2583936195747525
0 0.6791845772588303 0.18112982154226437
0 0.4703884822029605 0.3520106531324841
0 0.6685011195734081 0.2343065812140286
0 0.6587845816390927 0.2172703215388023
0 0.6786463737236297 0.2216537047167118
0 0.6069187161037187 0.2332399836441382
0 0.511573458522684 0.3990566493416367
0 0.5255187720940586 0.3837141883807356
0 0.4950532623987158 0.3702907465419182
0 0.4472895620492943 0.31266517632481766
0 0.5356239211835941 0.253116028983386
0 0.45468205452468324 0.33329364265046535
0 0.49231418244194886 0.23301543942352637
0 0.50600318623243 0.25865515373668085
0 0.4572818495553254 0.24791254349449435
0 0.4752284025592643 0.382349041663632
0 0.5878071186411733 0.236517112128207
0 0.4211971994945269 0.3153377183679105
0 0.43394332306797495 0.33869332258774787
0 0.4471589226259964 0.2909277881226954
0 0.40387799103551775 0.2349826431407982
0 0.42022408519867605 0.2826975887896968
0 0.38305188124441397 0.2406659209761633
0 0.4758359547783051 0.2701872249945205
0 0.6173475595340447 0.22227158950490444
0 0.5899571796509787 0.2583467623098892
0 0.5743699927621753 0.25802289371063064
0 0.6065466740966347 0.2529587528618778
0 0.6577550449451817 0.15534341218424777
0 0.6361148645354726 0.1341311083454378
0 0.6103842701087018 0.12199932169847462
0 0.5841785591362901 0.1165547003599108
0 0.5608744132116374 0.11734828110836468
0 0.526510201425995 0.13766891949650953
0 0.43634937489837533 0.15038565811322852
0 0.5243134043387723 0.1630936689069625
0 0.5408810751850595 0.17486449683747707
0 0.5662139596944117 0.18469305232125505
0 0.5924694620481523 0.19072466671299868
0 0.6148143936310136 0.1934024179015173
0 0.6317474754676538 0.19402670142363435
0 0.4301919470607983 0.15039627675582715
0 0.5708346536013648 0.2620935403332323
0 0.6294543859450626 0.22973988870946632
0 0.6036955215634173 0.26398225625356037
0 0.6068163298479112 0.27432185895636635
0 0.6010325891810631 0.2662346356389235
0 0.5719110774591503 0.26823850372592273
0 0.6096955173126253 0.2767988827382149
0 0.6076614571271567 0.2807582089213096
0 0.6408313136815019 0.18352735576843346
0 0.6488593429452759 0.19039651559514492
0 0.6544872799000157 0.19543130491294114
0 0.5587030154366031 0.14214055761903607
0 0.5510880901214945 0.13016897723788307
0 0.6820079130965446 0.2425897485401784
0 0.817260778151484 0.25572776427122057
0 0.6374262781963067 0.2903869636252481
0 0.9097419401261374 0.23163067075718685
0 0.7573866253160726 0.24686998813426128
0 0.7738614955028904 0.25522470607810993
0 0.7910294496308902 0.26154615431606604
0 0.8197986948842237 0.2630983544330971
0 0.7452039870783247 0.23746622844236573
0 0.821041565655656 0.21673245222962537
0 0.798919688045727 0.20949896527271644
0 0.8373637377964294 0.22744427091267264
0 0.8434876412278992 0.23842250733148485
0 0.8255689217068475 0.27708300655963375
0 0.5875535619912772 0.41504930180995736
0 0.8270290883784556 0.2541691028103441
0 0.871334083975619 0.29136417927194375
0 0.8528115558221874 0.274639040816064
0 0.7221824064033444 0.3053298981583753
0 0.6059951581658191 0.32818079128318806
0 0.5900534385115789 0.3421874320139738
0 0.6217351270375876 0.3423265763023654
0 0.6297559880883382 0.3538134932851925
0 0.6049021483725133 0.3496305495083165
0 0.6159225792195726 0.3563628190037917
0 0.6348915007043991 0.38106739153715075
0 0.6457987006455032 0.28303683438554866
0 0.6602656653913265 0.2719041142477041
0 0.8761608598101491 0.2361387728976936
0 0.7150976938285908 0.25825447528636086
0 0.6835714229048556 0.29738970797936787
0 0.6907391658815151 0.29154201649150263
0 0.7754029131136866 0.326473043078468
0 0.6725683334256023 0.25615426305295375
0 0.8506323854883009 0.20530423830871156
0 0.8698600173499513 0.21982966484475872
0 0.9178528990675126 0.2026868931719569
0 0.7646598602146036 0.18320351221314332
0 0.77512679421952 0.2085276725245457
0 0.6584962751040478 0.37466359873111843
0 0.7405836624938225 0.4006806755600189
0 0.6625865212472682 0.29839640037686216
0 0.6450547173556396 0.29643172610039803
0 0.6365037275014548 0.36958167666480657
0 0.6323758776177837 0.367668016951959
0 0.8855287573508572 0.2147503598731439
0 0.6769801586992127 0.3033381513520783
0 0.8181888854704829 0.1922268289811805
0 0.8304123506264345 0.1828500666872126
0 0.8831051962788095 0.1459071704653465
0 0.9033202285002052 0.20918212150659213
0 0.8571192657394249 0.1643389051034003
0 0.8904991324692336 0.23374875186204241
0 0.8999502618604571 0.23427049285557425
0 0.5981055576715791 0.3360013714691504
0 0.6131021811740811 0.3464219663657394
0 0.6230778995319761 0.35523899596612324
0 0.6554941200505832 0.2989725869576804
0 0.6343089281129435 0.368612625351807
0 0.6244594508837044 0.36754269693412034
0 0.6299779173065339 0.36657667594129634
0 0.6617375496570571 0.29071433838008165
0 0.6108669913393535 0.3568168160628204
0 0.599043233799532 0.35135865845934017
0 0.5844735638376026 0.34547976218685716
0 0.5619871313939114 0.37867128481718004
0 0.5707043667131335 0.3676253670737857
0 0.5770213250620959 0.3593019540904283
0 0.5818485037938452 0.3516516728895385
0 0.5845276527892688 0.34528930280722825
0 0.610994726545197 0.3568903201100539
0 0.6124991447613712 0.36108736364113514
0 0.6132285062396576 0.3662321961560503
0 0.6124754745497483 0.37184617733087194
0 0.6625814850320293 0.3439991627754617
0 0.8148968458678651 0.34597160068212773
0 0.6197783895434207 0.3613105304434854
0 0.622238496750719 0.3643019573361266
0 0.6358684928859839 0.2994469948509494
0 0.6626816049909793 0.3083872908637637
0 0.6402319201311482 0.29797303209117815
0 0.7270257345986265 0.27375967195387985
0 0.7489874941387257 0.29473104029476477
0 0.686874810779145 0.29851851476674657
0 0.9116299836444453 0.17454986946255552
0 0.8915130904706722 0.186096391090158
0 0.8653842321428066 0.1973027905830148
0 0.6142795643600231 0.3832111552315934
0 0.7863321716775371 0.1677154080540526
0 0.8139451690615481 0.14620010976363965
0 0.8425413363845037 0.12151294278831375
0 0.8072049000343693 0.2649741476657344
0 0.835108654911508 0.29372412250155494
0 0.7381780639227935 0.23004596356918164
0 0.852905027977022 0.25128914662102025
0 0.7107217935570181 0.24452587269267448
0 0.6801890671756197 0.2880812656311762
0 0.8427597066772639 0.31157195701652546
0 0.8157069714512 0.29911110514686223
0 0.7898077645382298 0.29529202518676845
0 0.7582690373754702 0.27925371756406725
0 0.7382864096999672 0.26335753446199645
0 0.7252382810860244 0.24943691976264076
0 0.7040183560506201 0.21791342560316668
0 0.816082874556634 0.33751242434611173
0 0.8669072507805965 0.2544619168887953
0 0.6326507878202929 0.2870726448481156
0 0.7021472342155151 0.26983748597591195
0 0.8698924505760901 0.2911824351933156
0 0.7179184444091491 0.23654463544947094
0 0.6863186783176937 0.3001213537878683
0 0.8339390107096499 0.2576269986582737
0 0.6876356150279065 0.28057208214821266
0 0.7811270082047217 0.37378831203578233
0 0.7420469851936469 0.22498489060655696
0 0.6822744631817572 0.2670849785417402
0 0.683924226569727 0.4174357415581284
0 0.6671791466479563 0.4300729780971837
0 0.8233218296167719 0.34508546994847744
0 0.7194515690521852 0.4088689012019908
0 0.887013601477136 0.26141359659136176
0 0.5796145226507751 0.4287075308524594
0 0.6264767572598116 0.2893763142807477
0 0.7089702650464537 0.28616605319228827
0 0.8646581442044254 0.28265907116630834
0 0.7965406471163915 0.25347438312712167
0 0.7810312865404138 0.24822075961350726
0 0.625877262985153 0.3711389106194846
0 0.7877884772507954 0.36078806317487017
0 0.530162531866806 0.43260642593982174
0 0.5968245123886358 0.43715997036097765
0 0.6281442481254224 0.43549018881234136
0 0.767022718105638 0.24119928237102947
0 0.7544485644952155 0.23337028741168708
0 0.7457701583954855 0.22835405567447012
0 0.8802629914213334 0.2558777525979264
0 0.7683764863366316 0.2205344522032751
0 0.788231865640431 0.22222529572932995
0 0.8050351642103638 0.2280651860210408
0 0.818176227782849 0.23698996729543564
0 0.823724391088204 0.24479684843068697
0 0.8942746487347889 0.259744741669556
0 0.8082442741353804 0.25549778550946745
0 0.6538786700757747 0.32966539772952635
0 0.6657348272669668 0.29626485813899534
0 0.6274234985751945 0.3113659703764929
0 0.6467861010052484 0.4238496270834231
0 0.6141567814324979 0.42670481478800626
0 0.5406326051125546 0.4248636573636565
0 0.7020162254697663 0.41940554984811307
0 0.7510852120848145 0.22274388118284424
0 0.6980214995422444 0.24271887524121283
0 0.5650007186559686 0.43704326546826616
0 0.7913040576604852 0.3702241045420243
0 0.5992391929344789 0.35132029109976204
0 0.5991646569489427 0.3570378791718256
0 0.5971195674521007 0.3636611072289176
0 0.5929658314221016 0.37142831871823434
0 0.5898129424465357 0.3828844817078748
0 0.6246312865476568 0.3620654057387878
0 0.6298788045906316 0.36257234574699937
0 0.6348314690187511 0.36256460716076594
0 0.6641772266178695 0.3596211645115657
0 0.7607219092202085 0.3583434713320906
0 0.7079246796133146 0.2301501589996808
0 0.7406530615398149 0.20802902206987225
0 0.7490705245406316 0.21447170815881894
0 0.619580264835921 0.3612396810569015
0 0.7310920083573096 0.3884659057237855
0 0.7264066830214568 0.2004041229309488
0 0.5897067286671466 0.399117906888326
0 0.6926252284884956 0.2310685338426371
0 0.6915502651331293 0.2678100765586233
0 0.5564240944662174 0.39451292215609085
0 0.6480482101188934 0.3930298433918245
0 0.691959743006823 0.3164639706705131
0 0.6192656860447131 0.3986515631528796
0 0.7358758420632359 0.3318199804183148
0 0.696892178637066 0.33595669302953723
0 0.7292799109648048 0.3579468249606819
0 0.5495425596015866 0.4116835928096825
0 0.693460266549879 0.27952168802587257
0 0.6548564009022612 0.4083357151149034
0 0.6209063842452528 0.4126440289975548
0 0.6764850987412255 0.38336442431815865
0 0.7613871261037352 0.37969142582570137
0 0.697020367102281 0.393839715241718
0 0.7579384602071867 0.39213251800430254
0 0.6930648900788544 0.35806803776770413
0 0.69985286885173 0.25591048506461606
0 0.6694686772451119 0.29093755527036863
0 0.67419247926539 0.2988139334179106
0 0.6719588170826184 0.27969476689143674
0 0.7677227520238498 0.20019111145778196
0 0.8055293847991445 0.20341723790021837
0 0.8325638889260433 0.21301878233249782
0 0.8502132045065803 0.22500333548927842
0 0.8573908856146446 0.23766570365061612
0 0.8415062262790616 0.2653801855252904
0 0.8502709531079867 0.3191369885490054
0 0.8115736824550709 0.2794214620643637
0 0.7904683816785048 0.2760116756797171
0 0.7673451366052346 0.26638094250227556
0 0.7480240661635178 0.2540534748082735
0 0.7346898805240035 0.24254173925276898
0 0.7268213314094624 0.23317872609744886
0 0.8429640762916597 0.31858754892643093
0 0.6690694732505058 0.3021047108647536
0 0.6892070149067585 0.25408382809796587
0 0.6585359604801306 0.28638861893939704
0 0.6418754050374534 0.288656024705796
0 0.6550599311474506 0.28842299057989895
0 0.6597354190762033 0.3039144130648017
0 0.6383703838923812 0.2884752072539984
0 0.6321798009711479 0.2906969328220485
0 0.7358198729245472 0.22279252909144767
0 0.7245134354140688 0.22167229986324363
0 0.7171257105557728 0.22146951885116534
0 0.8258459806945253 0.24998638442918367
0 0.8434962363685736 0.24851542694561957
0 0.5930971255533806 0.15624997879610675
0 0.6126737167689368 0.16334191724365832
0 0.6035214867521439 0.1437087107439335
0 0.5731679824837149 0.1489237164582859
0 0.5826210088493452 0.16858726372571886
0 0.7864575398622183 0.2350565979794628
0 0.8064711234740567 0.24339230755130117
0 0.7975601113798246 0.22297746627604595
0 0.766469842396708 0.22655179153303473
0 0.7755911332645496 0.24702445933130943
