0 0.3733883236027971 0.39282501445097084
0 0.3435248521309865 0.34917342562635406
0 0.35081792757983954 0.3632170092157957
0 0.2949127624683742 0.31467666545835865
0 0.33408008559846675 0.33623215330749
0 0.3206639586621699 0.32025660987661664
0 0.287291797530299 0.28228605094076203
0 0.15225864707920622 0.320260793221097
0 0.2606359932115812 0.24930861416985006
0 0.24782735379687845 0.2321116543617569
0 0.20451001778936587 0.17429850682491013
0 0.3776310318884467 0.39840516322801095
0 0.381825621495267 0.40458956486036796
0 0.3843757674915378 0.4089168981343758
0 0.3842202384763629 0.4086860448372464
0 0.3887295720446462 0.4137073324508026
0 0.39380409131573224 0.419931908615497
0 0.3989784762829165 0.4269558401668773
0 0.40935071523179484 0.442489872459604
0 0.3477343582402805 0.3562895830939798
0 0.3302687752347455 0.3626554793670398
0 0.04732138333441336 0.2997972664712858
0 0.2111649952105832 0.31399008005607026
0 0.1948903998996638 0.32122442902637127
0 0.17783244344001078 0.32699177044780314
0 0.1482282397867758 0.32746720514377625
0 0.2243107821367964 0.3062847922830021
0 0.15376792068471384 0.2846626714498055
0 0.1757942099234223 0.27894949712673156
0 0.13678889498428956 0.2940091044962907
0 0.12890991486829043 0.30402796208357613
0 0.1399082581705182 0.34203880374171153
0 0.35429093857857746 0.48662706583487886
0 0.142106800894194 0.31867016063017006
0 0.07750931753136438 0.35876244456828144
0 0.11034190730203557 0.340083330619235
0 0.23882577728621568 0.37417256331243437
0 0.3498232157170018 0.3976950525235729
0 0.36217779449269744 0.4111906420282957
0 0.3318458642134687 0.41141769665629924
0 0.32082193536597464 0.42241633439264376
0 0.3455528341516664 0.41831194452878806
0 0.33238999979405465 0.42498178241633566
0 0.30895853570744963 0.4507087739575811
0 0.3283524654082608 0.35419372750931427
0 0.3166738518431217 0.3427675712008436
0 0.09516567626834418 0.30288659424341025
0 0.25162371886178914 0.3298252650669643
0 0.28251107288563804 0.3677251399064264
0 0.2751824627571468 0.3620178078402992
0 0.18183406879378775 0.3924990742146468
0 0.3049266742000097 0.3275639509954372
0 0.12580751272444987 0.27309776754940257
0 0.10508117651889093 0.2868003845214844
0 0.05087300833267502 0.27007789772097807
0 0.21277617905210341 0.2563392534977248
0 0.19856294071624048 0.2790390904210195
0 0.285773121920819 0.4434451896603368
0 0.18038961574246612 0.47147617019525095
0 0.30152352311440156 0.36996892720711333
0 0.31873192603578043 0.3684264752043395
0 0.3085041583087374 0.4373602025649127
0 0.31249561855561625 0.43584280254460184
0 0.08809181293354759 0.28283259047179665
0 0.28567075094341726 0.3740568962417731
0 0.1597447155774394 0.2619710569622136
0 0.14906929439633204 0.2534827504839216
0 0.10437667413854398 0.2153409629308877
0 0.07208525392576612 0.2770091705963391
0 0.13157729075176303 0.2343887641650288
0 0.07849690230083868 0.30187811971712514
0 0.06528691394168114 0.3023555018320805
0 0.35606482172314124 0.40506747590393577
0 0.3388756259584226 0.4150732425080628
0 0.32651036374176606 0.4237082425285788
0 0.30743103402073374 0.37089912029875427
0 0.31060752913921696 0.43656868493857504
0 0.32123740891364055 0.4356332987296481
0 0.314721489002936 0.43503212327716734
0 0.30721088602573055 0.3620189859085724
0 0.3362405883612009 0.42593972021792115
0 0.35004428519478326 0.4203594031454134
0 0.36612842153396286 0.41473730071252135
0 0.3843985453939639 0.45044320370970653
0 0.37618565735434684 0.43391096291421843
0 0.37152370320090766 0.4265858065180418
0 0.36799413619665156 0.42002425474279065
0 0.3658854956365336 0.41457677087863953
0 0.33613902368123016 0.42617829106435057
0 0.3346383889767691 0.42963390190060397
0 0.33348112179257194 0.43404771500274913
0 0.33360229677791836 0.4390862408806296
0 0.2902049357503778 0.41356134815376344
0 0.11183165699117797 0.41597525812998537
0 0.349237671004066 0.35973831785827126
0 0.3257105166902019 0.43064083772547107
0 0.3235256810228533 0.43294254270922233
0 0.3278844961385687 0.3712240026778534
0 0.2969656245240682 0.3795650145586799
0 0.32348168022018947 0.3698504712401318
0 0.23746980097977924 0.344097898787811
0 0.21376107136408487 0.36287986530977134
0 0.27614902620074117 0.36903125698826894
0 0.06779434057227669 0.24210074769348658
0 0.09219991274272339 0.25435961795454265
0 0.11146411494615209 0.26627353059143577
0 0.33073326014768223 0.4536478619615571
0 0.19418941067240914 0.24192062345873408
0 0.17591645037323111 0.21913107303010315
0 0.1489445198688829 0.194060998804429
0 0.1608583275150146 0.32956409454345703
0 0.12768781273173885 0.3587057530379095
0 0.23244289645162816 0.3000954619976653
0 0.11661837127389788 0.3166630688835593
0 0.25870639387565325 0.3168465349854541
0 0.2898490562217648 0.35851163623713644
0 0.1110913031714878 0.3773234872257008
0 0.14927622487273398 0.3632516299977022
0 0.17799878547966227 0.35937362157997965
0 0.21057043724422214 0.3443071862228778
0 0.2302936674547598 0.33014120374407085
0 0.24383543280861045 0.3181551043726817
0 0.27193410638012466 0.29132450328153725
0 0.13385572891195113 0.40297693364760456
0 0.1002567534331028 0.3205713224010307
0 0.3384275261611375 0.3590451569116416
0 0.26352975149697894 0.34133299659280214
0 0.06834685588687785 0.3605439001772584
0 0.2527247899946784 0.30687002775048006
0 0.27421471866374275 0.3709027747146222
0 0.13412208062938497 0.3218289223037848
0 0.2819862164525543 0.3512843556764747
0 0.14193147439745407 0.44411868407946675
0 0.22875843395160722 0.29585902029726685
0 0.29190142873973285 0.33801305594564485
0 0.25027003186413005 0.4866517571841969
0 0.2588833905599288 0.5013038971844841
0 0.11610612763634211 0.41258809546462627
0 0.2125950500934939 0.47767288143895253
0 0.0694407855282353 0.3291674221263212
0 0.3594664466028978 0.5007913653590098
0 0.341905461333472 0.36175726241424305
0 0.25382357181879034 0.3566245391589253
0 0.0961910706280656 0.3484220104057248
0 0.1734773142554086 0.31875637599400114
0 0.1889041886047975 0.31433215261507436
0 0.3195489069077536 0.4387742210836971
0 0.15655271363157763 0.4270093821677841
0 0.40584905187791914 0.5061010152351957
0 0.33561207951372685 0.5098458298114168
0 0.3016764316629257 0.5074855580049402
0 0.22635491890243337 0.20307670721486837
0 0.44573174800550885 0.49444162545083953
0 0.2026111297466584 0.30851322863282277
0 0.21550293298210274 0.30218910569904234
0 0.22462531012573322 0.29834646337172566
0 0.08363229702796614 0.3234590081607594
0 0.20332645954965037 0.2911589125625226
0 0.1836194128804066 0.29197063766607717
0 0.16732969949265572 0.29664011562571807
0 0.15396971101499307 0.3039907447430266
0 0.1475218080518618 0.31048819998733135
0 0.05295737358085214 0.32853431861941557
0 0.16167821681700678 0.32027923359590416
0 0.3581645066225076 0.3729768961417575
0 0.3028269605043065 0.39978802304307953
0 0.3000559034101068 0.36758038176207986
0 0.33435287329718033 0.3825523793196478
0 0.27376034126503057 0.2663916499674821
0 0.28875643681373275 0.49409791802157876
0 0.3230168209548741 0.49806707045611215
0 0.3993547580161678 0.49742281136392547
0 0.22032889667191083 0.49039820663067474
0 0.22028213142091213 0.2937952009569697
0 0.27524470603918727 0.3149293250396472
0 0.4401587353476995 0.4854086547338662
0 0.36994952265220354 0.510164389089376
0 0.14332019213885697 0.4383875502257788
0 0.34977426194440464 0.4203980389763327
0 0.3494583661294688 0.4253302982875279
0 0.3508280062977272 0.431091941705271
0 0.3539701473863819 0.4379268534043256
0 0.3560288550984507 0.454047611781529
0 0.32171603282795674 0.4306252102891938
0 0.3171457662109584 0.4308415180494805
0 0.31302253392678275 0.43074212755475727
0 0.28414291809882797 0.4286622840817235
0 0.18777956206838792 0.42483074925526854
0 0.26479732304937226 0.30303293917359425
0 0.23270707404563196 0.28052866158365203
0 0.2232224821792876 0.28583362322895467
0 0.32583226760228473 0.4303547594727588
0 0.20873441160479678 0.45614087080755156
0 0.24863107395574513 0.274341663392652
0 0.3539609613549357 0.4705303737095424
0 0.30921934413004526 0.3073087980767258
0 0.2837922939016849 0.3037684865358497
0 0.298660778483761 0.29531757771467965
0 0.27751973183346196 0.3392019912976177
0 0.43144792984809555 0.47257816891710297
0 0.41987606430355506 0.45680482046944754
0 0.38844005367423917 0.46669876675645844
0 0.29459950151825753 0.4623261620016659
0 0.26575884713402276 0.38638884279908253
0 0.32362007541495535 0.46911652348622557
0 0.2209509839362736 0.39919360345151245
0 0.2580485703572945 0.4046984279856962
0 0.22098650421774338 0.42516366173239317
0 0.393373960432624 0.48394366673060824
0 0.27182249177860307 0.3507740597764985
0 0.285288479572107 0.4777270244951008
0 0.32002508313343997 0.48332477216961
0 0.2676118914085098 0.45157458201175976
0 0.1782507246305168 0.4467503683907645
0 0.24449612156248293 0.46189996575107095
0 0.17370669147636317 0.4606509008327452
0 0.2566270247919147 0.4261648033847328
0 0.2694315895249572 0.3278196398951426
0 0.30023500222697036 0.3618153003083558
0 0.291614055696419 0.36954578431714485
0 0.3019179897343559 0.3503308175992565
0 0.20735417438458792 0.2718933730566201
0 0.1706938315418702 0.2731536176024365
0 0.14384745306606533 0.2809376556332372
0 0.12512001458099622 0.2916025995206432
0 0.11554379277088471 0.3034042951439609
0 0.12442465503759022 0.33003407165783794
0 0.09373294332610907 0.3864027151540548
0 0.15504058918872463 0.3438659876334567
0 0.17748864397469452 0.34105723244803293
0 0.20091946014372106 0.3320605654676421
0 0.22014654386898636 0.3212091141388196
0 0.23415172867131132 0.3114832469395229
0 0.2431905964381584 0.3036502469487551
0 0.08874900293249621 0.38829870784983916
0 0.2942610725697586 0.37323609520407286
0 0.2845915218320074 0.32570782028326467
0 0.31395726302002047 0.3574942660932781
0 0.3276701074109299 0.36068880257486297
0 0.3151858299341886 0.35990408889385833
0 0.3017152059304563 0.3754319423387031
0 0.3321500111229812 0.3603679352447766
0 0.33568418554112883 0.3630581623365899
0 0.23556313792612985 0.29382941302131205
0 0.24687035073710897 0.2934515416121283
0 0.2552348514900932 0.2934505198182178
0 0.1443832521071414 0.3148767447271267
0 0.12673393407451453 0.31321366093739744
0 0.32552043207084075 0.3039738550907424
0 0.4062257079635491 0.23749688092400045
0 0.36270223337889723 0.35134975048674255
0 0.4196495811144511 0.17406788192877248
0 0.36490025776851026 0.26511785763652385
0 0.3828475458964014 0.26031286576214957
0 0.39889634913030053 0.2543145748747497
0 0.4154186505305616 0.24001399208517635
0 0.3482896667995533 0.26737709205691557
0 0.360604794593803 0.21686289490771896
0 0.34102792176516245 0.22555993585025563
0 0.38172918256325056 0.21320222806529837
0 0.398190320544102 0.21530449089883757
0 0.4335185592436086 0.24379303074684464
0 0.4855174580706826 0.4383689175132944
0 0.4092372576647167 0.2315924628442075
0 0.4688687983444471 0.2237851759966682
0 0.4438554938835434 0.22827660937269195
0 0.4188384746951896 0.31124746498941375
0 0.3917340666432924 0.3832818680450696
0 0.3997203563084582 0.39846101328104483
0 0.41563180101571706 0.3824401022005482
0 0.4320700747051319 0.38433614298075186
0 0.41524627565834593 0.3946003873809045
0 0.4278813307546865 0.3925699025642972
0 0.4705018961982888 0.39278390227245685
0 0.3575153220051955 0.34399583960781577
0 0.3509956585707041 0.3307225443735844
0 0.41052693040562077 0.19673557441775538
0 0.35910355516626863 0.29247956316010293
0 0.39331515831283376 0.32881888221291933
0 0.3893733429506358 0.3218852772432215
0 0.46789081715330294 0.2926300673925576
0 0.33772273581742235 0.3160414335106601
0 0.3609610340766263 0.19378456147778936
0 0.38781096890002864 0.19134190903992213
0 0.3897749654602904 0.15648504465567967
0 0.29327728891674476 0.23008411471583262
0 0.32853863372581416 0.2380585910893288
0 0.47429529524050684 0.3761780682732077
0 0.5334252613254741 0.3462697037127839
0 0.38488837108330387 0.3406945316731429
0 0.3739731772036492 0.3490689381831834
0 0.4517299673728299 0.38968671269777444
0 0.4476611313689107 0.3906626821566029
0 0.38961808301728484 0.18097968061431116
0 0.3974559563624708 0.33469210552568196
0 0.329451045658015 0.20484313644280955
0 0.3243381984626191 0.19380422800528904
0 0.3070877816858171 0.14797121737183644
0 0.3899768853740853 0.16954905245484425
0 0.31553380486834404 0.17295340530010833
0 0.414688231447075 0.18872924211646327
0 0.4178390978257867 0.18247274991844883
0 0.3967575300091933 0.391209954975032
0 0.4158977927789406 0.3887631792982085
0 0.4302503765886846 0.3883634294782366
0 0.38220864157133466 0.3445949233880564
0 0.4496364160932066 0.3902166751252503
0 0.44453266854024637 0.39419592528783975
0 0.4452938133151219 0.3912987668975061
0 0.3747247615946999 0.33851457643909616
0 0.42569260758186694 0.39546804668522684
0 0.4140317901528837 0.3985645149936195
0 0.4004613436475585 0.40308173363950073
0 0.43154543424457437 0.4335523493149701
0 0.4193118000835306 0.4190913929658778
0 0.4130366463449937 0.4123011516923664
0 0.40676552409361183 0.40675829238250477
0 0.4005945555016964 0.4027955832601595
0 0.42635495212510666 0.3955719571153657
0 0.43210042604414217 0.39666268004088845
0 0.43834099538215604 0.398520493707737
0 0.44449341913315815 0.40142296542640493
0 0.43912154888804955 0.360681854376272
0 0.5042630094516126 0.2798911823945887
0 0.43520562143265445 0.39364345935212464
0 0.43986705725203085 0.3937805239893809
0 0.37276010271869126 0.3554387773786272
0 0.39650227927960424 0.3444007104184447
0 0.37335189623671744 0.35240767983829274
0 0.3829405292679992 0.29341891633362327
0 0.4179671551356336 0.29169521011224314
0 0.3959716779773245 0.3269090171621627
0 0.3538625354756786 0.14666134970528738
0 0.3571153120904029 0.16541340771843405
0 0.3589115411923404 0.1823418641290745
0 0.46251474264301834 0.40612610247956604
0 0.28541018728968465 0.2111327347635221
0 0.2740268225659801 0.18630938169335118
0 0.25934895533549635 0.15738607454700632
0 0.41123134639695724 0.24745582532481986
0 0.45698492449044176 0.24693911015486517
0 0.33646266571077116 0.26786288894525095
0 0.41739344571713155 0.21676320388537496
0 0.3407973782925666 0.2883638373943938
0 0.38021227792848517 0.326978523190282
0 0.4800594579821397 0.24924759504173985
0 0.4533726256104964 0.2591293519284545
0 0.43586341615467633 0.27048276853160697
0 0.40213380609383564 0.27942822560542774
0 0.3743688100752448 0.28259536598910806
0 0.35226592258059025 0.2830489102531882
0 0.3060298906599922 0.27956083041279256
0 0.49838245191654573 0.2758452391424099
0 0.42735697825749713 0.21087835616424305
0 0.35599663199754705 0.3528656839322643
0 0.36757019652596 0.3050818643650087
0 0.4673893001512133 0.22358359408979656
0 0.3338725503989916 0.2809792366348395
0 0.39752659377669486 0.3275502469359326
0 0.4160737959895959 0.22993808233437418
0 0.3745709891560711 0.3188886081471163
0 0.5208065049557746 0.31152015173134684
0 0.3327756691331099 0.26364413029005546
0 0.355529785784991 0.3157621111188616
0 0.5301148632407692 0.38551226383497733
0 0.5353210393638047 0.40067849840436665
0 0.5089734566362598 0.2754760469709124
0 0.5358417059298809 0.36199672282242973
0 0.44253863740067945 0.20145950798227005
0 0.4970404274352995 0.4497194129879735
0 0.355750279336036 0.35691549798019795
0 0.390078133294351 0.30901551847698305
0 0.458724943142903 0.22607600188054958
0 0.39289199614323644 0.24748397875232858
0 0.3785612975494771 0.2532283959268522
0 0.4492856767107163 0.3951808384486607
0 0.5127161453293345 0.30225087013565194
0 0.4790019989013672 0.47865962180770744
0 0.5134424753329925 0.4435437146355124
0 0.5248583799173058 0.42500620930134747
0 0.36324590821809405 0.25739289131485116
0 0.34807475973785174 0.260600194209764
0 0.3382527611929656 0.26311657208354533
0 0.4355679081462104 0.20511101474281118
0 0.34048228877506176 0.24756788606403254
0 0.35217590523168507 0.23753561292375838
0 0.3672690732318138 0.23111213555856913
0 0.38441372106346905 0.22810821773625223
0 0.39641790601271615 0.22882878680189117
0 0.44421924921027717 0.19537788679619797
0 0.4014126306344688 0.2422093102911941
0 0.4176609636862067 0.35906980017654033
0 0.38365528314425473 0.33832175791764457
0 0.3828642765680949 0.36549796577261273
0 0.5210133202468292 0.4092257203174238
0 0.5097761257288325 0.42907948854590666
0 0.47473674308398606 0.4694478010930935
0 0.5380232012221582 0.37626469235460297
0 0.334632917672773 0.25785397281165884
0 0.3330210715155058 0.2948658847007431
0 0.49963641719979074 0.46154539124304506
0 0.5233743319028541 0.30480920166528525
0 0.4145578704302824 0.39841252014416606
0 0.4213110721563991 0.40085792541503906
0 0.42791176848270723 0.4047171328248096
0 0.43483089470159153 0.41018659126858753
0 0.4502233718266467 0.4200450512541442
0 0.4378788717688388 0.39141178932510506
0 0.44107995895896784 0.38905180602514444
0 0.4436030363986261 0.3866326548472172
0 0.45904014784575514 0.3664826144691275
0 0.49878683887453523 0.3157269854505523
0 0.32241229945597266 0.2831593120799345
0 0.31173784295214885 0.2559994409064285
0 0.3234813058678108 0.2549029839139025
0 0.43453567465649373 0.3935679427715911
0 0.5197817585136317 0.345906786558007
0 0.29606451515407 0.25960018254127826
0 0.4682705832433097 0.428701256503578
0 0.3165284591385081 0.29236783901182545
0 0.3604959156442795 0.3103280788710137
0 0.44730615892490755 0.4451139113482307
0 0.4886753795519157 0.3923900668360606
0 0.4192443014700202 0.3322890626282251
0 0.48150428538584006 0.4115962821896337
0 0.4568352699279785 0.31656314946022357
0 0.44452932816517504 0.3390044605030733
0 0.48489108015213334 0.3322666072044052
0 0.4639898349967184 0.4579738007874048
0 0.37568618489217154 0.3144660196384462
0 0.5082371343037247 0.3969081269592798
0 0.4976414645774455 0.418221449651638
0 0.49096077202744626 0.3718167152725348
0 0.5225533483400626 0.32543982177221475
0 0.5111323756004688 0.3666152072553875
0 0.5334485863582997 0.33323392146775704
0 0.46937791757945774 0.35095680461210366
0 0.34976467276424295 0.2999309171147707
0 0.3786788729927208 0.334426775699904
0 0.3906517851201794 0.3348115472232594
0 0.36611549197872983 0.3278483703356831
0 0.3150954958255784 0.23747690184777523
0 0.3370273330795111 0.21843084367383428
0 0.3618051123015488 0.20846111634198358
0 0.3848107361592321 0.20493393184758035
0 0.4035448265981071 0.2074857599595014
0 0.42778762747466814 0.2296397665969464
0 0.491240960384723 0.248488714715012
0 0.429264217237883 0.2520003679419766
0 0.41456357210497313 0.26132685797555105
0 0.3919762150396275 0.26885090355111774
0 0.3683865150821863 0.273322586251908
0 0.3489406943824221 0.2751349000369801
0 0.33440453392543873 0.27506103034780804
0 0.4856436148222992 0.25155460133272056
0 0.3923426196293489 0.3387224694260028
0 0.3427622963356066 0.3054075882214458
0 0.36787155019080087 0.338568887790712
0 0.36270413393712747 0.34840385853743355
0 0.3687899517610606 0.3412253836623761
0 0.39002304590201076 0.3442523940270688
0 0.3606549866088835 0.35035928357549073
0 0.3603525962759171 0.35436440315567147
0 0.32701150639147697 0.265886330804905
0 0.319922596970691 0.27098897725594145
0 0.31606656589588533 0.27445615239504006
0 0.40360198732669844 0.23017319110261292
0 0.41014419829292137 0.220329408886052
0 0.17601710796859193 0.30616919733896975
0 0.19418082936403622 0.29966373603884916
0 0.16733350060911623 0.2948400273042567
0 0.15781477068546956 0.3128643035888672
0 0.18464961622837728 0.31763245077694163
0 0.3649499890422016 0.2432713027761764
0 0.38451269407312577 0.23657045043817088
0 0.3561128828092969 0.2320166996547154
0 0.3452317261997658 0.24997085683486042
0 0.37395981570336384 0.2544897103509983
