0 0.755122927867848 0.504541073286015
0 0.7824273400980494 0.45149831344252045
0 0.7655080151946648 0.46496502601582074
0 0.7712991321864335 0.38727539738883143
0 0.7885201093943223 0.4339207163323527
0 0.7911882568960604 0.408864907078121
0 0.7925383374094963 0.3444895412610925
0 0.6175780847020771 0.30614440227332324
0 0.8009263821270155 0.28646320752475574
0 0.8079988360404968 0.2594132748958857
0 0.8278861036119254 0.1619592567824799
0 0.7531972524264584 0.5107714594058369
0 0.7496794199813968 0.516958695779676
0 0.7461040752089542 0.5206503117861955
0 0.74277254615141 0.5334330913813218
0 0.7418938544781312 0.5423888496730639
0 0.7395627038634341 0.5533656128074812
0 0.7356730016029399 0.5636946862158568
0 0.7279026469458705 0.5740958025921946
0 0.7762326935063237 0.459323592743148
0 0.7514824653449266 0.4555106061956157
0 0.5224358777961006 0.1998044353140437
0 0.6764440152632154 0.33242251837383147
0 0.6540809171679227 0.3309341847896576
0 0.6322462928035985 0.3268014560899009
0 0.6039824918236422 0.3104169241112211
0 0.6967192920653716 0.3310447520535925
0 0.6630111430650172 0.26839661164128265
0 0.6879337018598681 0.27473100702399794
0 0.6366627885271674 0.26834001324099044
0 0.6165529738949693 0.2741425769160623
0 0.5786085600114387 0.31926144983457483
0 0.6356323568717294 0.5831987515739773
0 0.6097257801372072 0.29890142277531
0 0.49480524302824686 0.2850385055593822
0 0.5523284479327824 0.298642365893592
0 0.6488738554003446 0.4116413809683012
0 0.7308831179271573 0.4980934494215509
0 0.7270603315985721 0.5139828206404395
0 0.7007365767722544 0.5025284956330839
0 0.6789040748515854 0.5079133748360302
0 0.7048300925804221 0.5137466375594554
0 0.6861257188670014 0.515141654273738
0 0.6321572091268457 0.5255214492264001
0 0.764658241816189 0.4488942801304486
0 0.7672133986716685 0.4314348854448484
0 0.5887861489925695 0.24942387109217437
0 0.7047100566003633 0.37097873311975726
0 0.7043740619783816 0.43353750096715016
0 0.7021623725152534 0.42262742668390274
0 0.5728727592074353 0.3978356799353724
0 0.7700350106410359 0.40790325701236724
0 0.65804338681957 0.23570079453613446
0 0.6207357502501943 0.23803267080498777
0 0.5629201345145702 0.1721854931310467
0 0.7534935396650563 0.26875727001739586
0 0.7063326942531959 0.28719494738008666
0 0.6208194099042726 0.5060157681288926
0 0.47161321277203766 0.4550448613970176
0 0.7179749167483785 0.4459837949146395
0 0.7343382793276206 0.45343213172062585
0 0.6499377745001212 0.5183160435894262
0 0.6558758412366328 0.5188449923111045
0 0.6092916224961695 0.22256937956680423
0 0.6992952017032582 0.4401088714599609
0 0.7018800580307193 0.24391549871019694
0 0.7036351715417012 0.22775593468028565
0 0.6859805525644965 0.14833605509737263
0 0.5839455477569414 0.19772146211370178
0 0.6955320943632851 0.19063009282817012
0 0.5725744969171026 0.23697686431848486
0 0.5452791198116281 0.2189266951187797
0 0.7287747944178788 0.5067551431448564
0 0.7028407143509906 0.5085363215726355
0 0.6824692495815132 0.5116567578652631
0 0.7216468621855197 0.4495693740637406
0 0.6530322678711104 0.5186538915271345
0 0.6626812209901602 0.524483035699181
0 0.6588192431499129 0.5190557354170343
0 0.7334113610179528 0.4433419976545417
0 0.6886401365956535 0.5171262257772943
0 0.7063387373219365 0.5166231922481371
0 0.7258210013742032 0.5178311950486639
0 0.6978579683472281 0.5692502635328666
0 0.7089481049257776 0.5589434619831002
0 0.7140333620102509 0.5487305634047674
0 0.7188574406115905 0.5380389624315759
0 0.7223166995074438 0.5301594132962434
0 0.6863816944153412 0.5234773171336754
0 0.6813423646532971 0.526750868494096
0 0.6746845242121945 0.5315761949705041
0 0.6683296331244967 0.5368464834016302
0 0.6593163371410059 0.4810224341309589
0 0.4602524498882501 0.3568949981876042
0 0.7711406563935073 0.46223955880040707
0 0.6731957921191402 0.521180115899314
0 0.6683685003739336 0.5226520544808844
0 0.7391329974583958 0.4608835732807284
0 0.701727728480878 0.4505575729453045
0 0.7369741185203843 0.4573200759032498
0 0.6768525709276614 0.37744492214658987
0 0.6353160095927508 0.3846921469206395
0 0.6946279038877591 0.429127641281356
0 0.6159095786835836 0.154219247335973
0 0.6324287050444147 0.1869574221579925
0 0.6535078573810018 0.2189902158535045
0 0.6481683344944663 0.5419702147660048
0 0.7562771539973177 0.24171110744709554
0 0.7549761844717938 0.2008055284295393
0 0.7543625034715818 0.15166829581493918
0 0.6134672356040581 0.31977134233583576
0 0.54721775100283 0.32874954673259155
0 0.7111733691847842 0.3286992053622785
0 0.5889411315969799 0.2790785656998987
0 0.7254957368840342 0.36231203377246857
0 0.722164502610331 0.43003255038157756
0 0.5145896605175474 0.3330820251742135
0 0.5633764599004517 0.34652317104780156
0 0.5952056419590245 0.35928268082763837
0 0.6418987538503564 0.3628832451675249
0 0.6758223308817201 0.3596908609504285
0 0.7019408719371194 0.35467682561796643
0 0.7686726965981981 0.34528686112683754
0 0.510720622604308 0.37516834535028626
0 0.5687565008259338 0.2718960338636585
0 0.7654840787467749 0.45755720941916755
0 0.7064578889504723 0.39132890733687775
0 0.47501823144114536 0.2731725471823112
0 0.7235868346431981 0.3477620471430861
0 0.6883994455894699 0.4282300822112871
0 0.5975176316240559 0.29640792504600855
0 0.7206624905052392 0.41682030092114986
0 0.4614819048539452 0.4038362508882647
0 0.712527222931385 0.3220898649938729
0 0.7456304165332214 0.4103704276940097
0 0.5349298192431098 0.5229481783250104
0 0.5227152444422245 0.5355030753042387
0 0.4764638366582601 0.3660395286977291
0 0.5055067071124263 0.4907383502825447
0 0.51858933188993 0.24919416680932044
0 0.626650750151147 0.5967362398686616
0 0.7630404680967331 0.4605109077432881
0 0.6811209819886995 0.40103867734256
0 0.526288820511621 0.2974050896971122
0 0.6390220467811045 0.31667884883025416
0 0.6577191688120365 0.3208151099798472
0 0.6569761219231979 0.5266470809993536
0 0.5071766870501249 0.4123579772270244
0 0.659666171864323 0.6221608178771061
0 0.591424538065558 0.587424575375474
0 0.5602877737711305 0.5663900563250417
0 0.8185462903069414 0.21156137880423795
0 0.7028274490781452 0.6297916065091672
0 0.6759175755407499 0.32203215775282484
0 0.6939081301831681 0.32194397323157475
0 0.7061519622802734 0.32253862868832506
0 0.5474214613761591 0.2631153932084208
0 0.6959987224444099 0.30379616268303083
0 0.6779513629558294 0.2945431400252425
0 0.6590894125401974 0.2909564361948034
0 0.6389019076267014 0.2911467607902444
0 0.6253196684562642 0.2939013746769532
0 0.4948378461210624 0.23208301148336866
0 0.6264184457452401 0.3115043800810109
0 0.7605822066897931 0.4782536587637404
0 0.6859820559620857 0.4747287807257279
0 0.7200204512995222 0.443587526679039
0 0.7320343667398328 0.475879725749078
0 0.7944734459337981 0.314845507365206
0 0.5654990656868272 0.5515545907227889
0 0.594560831785202 0.5738741294845291
0 0.6650871582653212 0.6150864772174669
0 0.49313452613094577 0.49989221089560054
0 0.7077262553831806 0.31548492830732594
0 0.7481661176551944 0.37350087062172266
0 0.710111587267855 0.6230890443143637
0 0.6240631670731566 0.6070146867762442
0 0.47585151166371675 0.4082112929743269
0 0.7034334214809148 0.5265385096487791
0 0.6982877484482267 0.5322206215366073
0 0.6920749136935109 0.5402659582055134
0 0.6862700008179831 0.5491905422314354
0 0.6698518379226975 0.557155820597773
0 0.6698778673358585 0.516965222099553
0 0.6655197830303855 0.5150774682345598
0 0.6617580759136573 0.5128739798846452
0 0.6370969314290129 0.49167750672153804
0 0.5434275088102921 0.4323151465991269
0 0.7475285002070925 0.35249765256176824
0 0.7357056931309078 0.3071529087813004
0 0.7196100237576858 0.3079309664990591
0 0.6734969727694988 0.5182267660680024
0 0.5285931310575941 0.4723796540628309
0 0.7604389122646787 0.30984029523704365
0 0.6502198531575825 0.5694919591364653
0 0.7915432355974031 0.38743484868951467
0 0.769810061091962 0.3678368486787962
0 0.7919307584347932 0.36730099346326744
0 0.7252127738750499 0.39998993575572966
0 0.7164894714951515 0.609873911867971
0 0.7222707132282464 0.591243296213772
0 0.6849547047977862 0.5849309509215148
0 0.6062351267622865 0.5288876996740051
0 0.6634913312028283 0.43911062964926595
0 0.6245149675270786 0.5509183062159497
0 0.6058934133337892 0.4284090174281079
0 0.6367913437602313 0.4542809968409331
0 0.577849447403265 0.4537485631911651
0 0.6733034619170687 0.6020658354396405
0 0.7067623417014661 0.40714781964602675
0 0.5807961803739485 0.5374480136710664
0 0.6071399952406469 0.5610910964400871
0 0.5941904064105905 0.5042132999586022
0 0.5070583165987678 0.443619049437668
0 0.5591420226770899 0.5004592720581138
0 0.4829005744794141 0.44889199908660804
0 0.6128296771127245 0.4746073468223862
0 0.7271492973617886 0.38202009414849075
0 0.7281815419378488 0.43966457480969634
0 0.7108009392800538 0.44080940536830737
0 0.7442369733167731 0.4300659740100736
0 0.7251644882818927 0.2834468438573506
0 0.6935674042805381 0.2643744977272075
0 0.6618096336074497 0.25701029025342154
0 0.6316173567396143 0.25714726376792657
0 0.6064564799484999 0.26405703661882357
0 0.5781715282279513 0.29778985743937286
0 0.4820500936197198 0.32499440999134727
0 0.591185497848884 0.3303517107406388
0 0.6154120719951132 0.3404068212794221
0 0.6469283262672632 0.34496171733607417
0 0.6762311371124309 0.3446987953522931
0 0.6998052809225477 0.34202078652122747
0 0.7171136468001034 0.33859263107828474
0 0.46575078756912897 0.31380823435990707
0 0.7082193403140359 0.44477363779493
0 0.7483845524813818 0.3918179377913475
0 0.7471973695184874 0.44417907738167306
0 0.7526966210292734 0.4532586456640907
0 0.7432688147477482 0.4461580413191215
0 0.7113011579798616 0.45009429927753364
0 0.7581109158370806 0.455615375806456
0 0.7561034673581952 0.458748896420002
0 0.7211342330860055 0.3235889384927957
0 0.732582340421884 0.32958201685029526
0 0.7420476726863695 0.3347108488821465
0 0.6169761950555055 0.2964137702208498
0 0.6022228533807008 0.28271957104620726
0 0.8072472551594609 0.39167749518933503
0 0.916216047561687 0.3422007038541462
0 0.78860477131346 0.45988704225291377
0 0.9815033577058626 0.26552021535842313
0 0.8591840999281924 0.35351531492627186
0 0.8771915899022765 0.3574760782653871
0 0.8949851257645566 0.35879399886597757
0 0.9176859577064929 0.34706284384364666
0 0.8464079324318015 0.34765353915484054
0 0.9072959474895311 0.30152766458366226
0 0.8838056549429893 0.30152820316345796
0 0.9260720273722773 0.3065062645336856
0 0.934373700424381 0.3149267853926057
0 0.9255755819056345 0.3599745657780896
0 0.7841390614276347 0.5953204086293344
0 0.9226103807273118 0.3357299210584682
0 0.9647650595592416 0.3468843838442927
0 0.9414505466170933 0.3423368536583755
0 0.8618343540507815 0.4373133255087811
0 0.776568806041842 0.5032555783572404
0 0.7662459181054778 0.5183629950751429
0 0.7906506890835969 0.5111720677303231
0 0.796562903277252 0.519495406617289
0 0.7772444506054339 0.5212167076442553
0 0.7836633392650149 0.5250656839946042
0 0.8142824483954388 0.5450933122764463
0 0.7974071936762851 0.452582316165385
0 0.8063904659255691 0.436149391208006
0 0.9614475032557612 0.29775611699923227
0 0.833235044842181 0.3868535626841628
0 0.8280339377081912 0.44854550219100453
0 0.8303691268615101 0.4383619720521181
0 0.9157629942764407 0.4386460570537526
0 0.8081200511559196 0.41250687869994535
0 0.9386613608702369 0.2782354823921038
0 0.9564006270273872 0.28511260780303377
0 0.9822437368009401 0.23429228164579557
0 0.8566369022364202 0.28403001489198726
0 0.8622717543140702 0.3078865495064984
0 0.8325051600518434 0.5294077459884726
0 0.8786329354928888 0.4999048199990521
0 0.8097457840390827 0.4569803587768389
0 0.7946044183943582 0.46111750699903653
0 0.7971042148444963 0.5339161024145458
0 0.7918006113689878 0.5329790686135707
0 0.9663711008818253 0.2723695722287116
0 0.8229847032090892 0.4551940480004186
0 0.908095460223115 0.27604807223314826
0 0.9164482782716337 0.261410202053578
0 0.9376494269008222 0.18763381501902704
0 0.9751589609229047 0.25398031952588457
0 0.9219921010991802 0.22495596920666489
0 0.9697055777777797 0.2879874833899996
0 0.9789871417957804 0.2795187596393668
0 0.772240259077238 0.5118072433964066
0 0.7843257480341456 0.5168764514767605
0 0.7906915461239608 0.5225372736220775
0 0.8038162070771923 0.45946504914242287
0 0.7943893441039583 0.5335136882636858
0 0.789774591508119 0.5375147658845653
0 0.7891711689855742 0.5325242221355438
0 0.8096489475473113 0.45236945042143695
0 0.7772940922042598 0.5261129048855409
0 0.7709950331760489 0.5233719138995461
0 0.7606705239285594 0.5216951565897983
0 0.7524751794079075 0.5746939746581989
0 0.7580559386507325 0.5636288527561271
0 0.7602336837545686 0.5531528421070264
0 0.760032788566921 0.5420475168072659
0 0.7580279047074525 0.5337575381864672
0 0.7758472636342049 0.5322942802439565
0 0.7802693160331767 0.5366699559533078
0 0.7845040922579558 0.5425105053445567
0 0.7872669832861942 0.5488066932429438
0 0.8269453599401142 0.5003151544410249
0 0.9203245089105938 0.4144951568997425
0 0.7809575478667798 0.5319528206535008
0 0.7856039602471434 0.5345465892682905
0 0.7877431771029597 0.46719056445619334
0 0.8125477928830229 0.4639044039923212
0 0.7910323752009351 0.46437768890805864
0 0.8496482848473217 0.3986879983026048
0 0.8795722052454948 0.41435148281895595
0 0.8284845737659413 0.4455720348202664
0 0.9701823611622271 0.20825969456978466
0 0.9578638161006181 0.2352922817611176
0 0.94873495011226 0.26352167246134384
0 0.7978583013881808 0.5573008252874665
0 0.8717275945388753 0.26058056740009267
0 0.8763904558575671 0.2191019870016886
0 0.8918876845551573 0.17330372735210087
0 0.9091360177034917 0.3553518561889296
0 0.9354485117870829 0.37357072758933774
0 0.8388553345980851 0.3423478945441868
0 0.9430306469616683 0.3214844221006269
0 0.8245649804239688 0.3745790440103282
0 0.8249862854895385 0.4424720962410388
0 0.9574588420598403 0.3882812743601592
0 0.9269777212453925 0.3908282815762188
0 0.9076873319952384 0.39904514006946395
0 0.8751036064780277 0.39196335433617885
0 0.8525130826493968 0.3805360216809356
0 0.8376974826273711 0.3705987809144932
0 0.8096481221525565 0.3505316620611626
0 0.947035049614699 0.4275892989790958
0 0.9532413696465285 0.31779172893451607
0 0.7855061509686968 0.45975318933310716
0 0.8282906354769416 0.4064958529627841
0 0.9536988152110059 0.3375154398057772
0 0.8280343504055686 0.36050516192031945
0 0.826867566484472 0.4452800612086835
0 0.9285712047763492 0.3349114381748697
0 0.8265479323656663 0.42981252469446346
0 0.9015108735665031 0.4558752563984498
0 0.8397455228411633 0.33528400866881664
0 0.8194992969865385 0.4193318252330241
0 0.8541077453157176 0.5539405625799428
0 0.8370689445215723 0.5653090316316356
0 0.9434932807217473 0.4229091355982034
0 0.878864753505458 0.5299193651131962
0 0.9735405976357667 0.31107072830200194
0 0.7793607038000355 0.6080651708271192
0 0.7787372359763021 0.46250064327664997
0 0.8400563429231229 0.4206293906854547
0 0.947973110753557 0.3433667132711929
0 0.8983754347199979 0.349047700477683
0 0.8816724221991457 0.34840168985335723
0 0.7932151316300683 0.5407174781612728
0 0.9296863720468853 0.46167173728994704
0 0.7398656532168388 0.6275666066485902
0 0.7887832924075748 0.6023851815773094
0 0.8100624703194784 0.5871701122626014
0 0.8660227902557539 0.3447556947236476
0 0.8525024114743524 0.3398046257055324
0 0.8438920702623285 0.3371377052820247
0 0.9603675331758417 0.3117228217099024
0 0.8576958247500918 0.32322789994270906
0 0.8755223764025647 0.3192956338110177
0 0.8944412495778955 0.32018229456051533
0 0.9103777356769728 0.32409156016681506
0 0.9179708368104437 0.3290347088938174
0 0.9726484048625698 0.29844112713699755
0 0.9091115801230721 0.3463968107233877
0 0.8140609478173049 0.4899020309033601
0 0.8125864685229633 0.45469326383393743
0 0.7857778532349545 0.482393753334232
0 0.8264617080921712 0.5743862238267193
0 0.80342104933832 0.5905634184246478
0 0.748719544838304 0.6210864145470703
0 0.8577339403007341 0.5374743723998899
0 0.8457413082537444 0.33061647023195806
0 0.8169528952111369 0.38207059392462606
0 0.7669118642807007 0.6169974216948385
0 0.9246301806491354 0.4605600135481876
0 0.7688140159715777 0.5329979822687481
0 0.7725586551039115 0.5394959158223608
0 0.775187714268332 0.5482499284588772
0 0.7757633091962856 0.5579957833108695
0 0.7774821348164392 0.5679495933263198
0 0.787495440762976 0.5289467216833778
0 0.7934422920579496 0.528211623624615
0 0.7986209956200226 0.5268518363652022
0 0.833219833995985 0.51396894429041
0 0.9114371003664058 0.47478878485119863
0 0.8172809306694113 0.36136061672283254
0 0.8351986000071401 0.3188781077447145
0 0.8426043070528818 0.32235517890557
0 0.7817712986598844 0.529147105048532
0 0.8899377189252687 0.511928170401117
0 0.8241791083760883 0.3178603503367175
0 0.7817779607746912 0.5812036619238231
0 0.8085217236176782 0.3726562824586163
0 0.8224531489869823 0.41205672103425733
0 0.7531702502266221 0.5908652765595395
0 0.8268910607566005 0.5509402929440789
0 0.8393831450654112 0.4601745171391446
0 0.8051389021717984 0.5677408461337504
0 0.8851871888922609 0.4610765115722366
0 0.8525792911000873 0.4793426037482593
0 0.8866188066161197 0.4887627128673636
0 0.7531123252018638 0.6084775011824525
0 0.8260190311981284 0.4219857246979423
0 0.8337478508119998 0.5609903186559677
0 0.808719818358836 0.5784449928480646
0 0.8487850693256959 0.5313907334338064
0 0.9109856978706692 0.48935809699089633
0 0.8658747203324152 0.532355044717374
0 0.9036219680438871 0.495748472991197
0 0.856474063642647 0.5023136339757753
0 0.8223200835611509 0.3939210918934449
0 0.8171258154122726 0.4500419936750246
0 0.8208945383844168 0.45402643868456716
0 0.8175617417563563 0.43863509537085243
0 0.8580991185229757 0.30078846381410307
0 0.8929731965712879 0.2925379757647929
0 0.9207183990789496 0.2937258451853109
0 0.9395200661990953 0.299245987119882
0 0.9471262557351071 0.3081716483053954
0 0.9336729107991509 0.33843013838581415
0 0.9563531078722166 0.385105966290702
0 0.9173579517266025 0.3697036612940871
0 0.8999440974515417 0.3755497232079506
0 0.876343349399774 0.3727235098895819
0 0.8550505819527999 0.3652384704545788
0 0.8407817469990772 0.35768374829836513
0 0.8316937380510828 0.35126618985896524
0 0.9351604784960332 0.37510593345631726
0 0.8164576583582422 0.45780657186456347
0 0.8172560214348461 0.40022969880829684
0 0.808427893921085 0.45090010969535166
0 0.7932491496853207 0.4575217581961466
0 0.8044885500617649 0.4530397604988969
0 0.8090511259177456 0.461837841635165
0 0.7908207498814749 0.45912821500197704
0 0.7841697189470996 0.46196016261111134
0 0.8344899101749711 0.33572515304321826
0 0.826046387138574 0.34007100093623865
0 0.8223875890607419 0.34493605559286866
0 0.9211725135860236 0.3327183729280596
0 0.9356656200859857 0.3233128371446029
0 0.6543669754072375 0.3039458561850631
0 0.6774050105849038 0.3072752931195757
0 0.6591784225209899 0.28658337418151936
0 0.6307273306276487 0.3006034616542899
0 0.6493822396125483 0.3212838169673215
0 0.8754256873027139 0.32754458532385206
0 0.8991179952154988 0.3316131596655949
0 0.8804908990859985 0.3096211566225342
0 0.8517602341978446 0.32367344799896947
0 0.8705468083853307 0.3455793416370516
