0 0.8637497814898752 0.5211696063770968
0 0.8739968012656844 0.4608525936009169
0 0.8718998625811645 0.4812527624498896
0 0.8880243683666117 0.41342066115691883
0 0.8822616695854735 0.4462411998032856
0 0.8960978620162996 0.42970519105927285
0 0.9334197635389079 0.39091488693942544
0 0.7836988925430846 0.3366765902489841
0 0.9623684178927779 0.35158976787278634
0 0.9752298477832778 0.33154942942600624
0 1.0170361955457599 0.27252220573211583
0 0.8599873738449837 0.5284895576348826
0 0.8560888872870916 0.5367111585387329
0 0.8537483884312432 0.5426255194078974
0 0.8534570680891914 0.5428389968658361
0 0.8491225403572437 0.5503189717354227
0 0.8440369588916312 0.5594561387176941
0 0.8390714667014432 0.5691562607174828
0 0.8219738370004083 0.5826656451078356
0 0.8712361465023539 0.4700142141817665
0 0.8532926002635232 0.4664679508583218
0 0.7503055051157747 0.2734199845824255
0 0.8384989500045776 0.3673262883301209
0 0.8163224603304883 0.3637340823475386
0 0.7957240602135155 0.35841920329075233
0 0.7732623245897172 0.34062639939016987
0 0.8584103906204932 0.3682330375959893
0 0.8340616377094124 0.3077873515815628
0 0.8587262381481219 0.31692293645287095
0 0.8085655239312458 0.30489755678577585
0 0.7892582244259395 0.3086011249478124
0 0.7518078421993095 0.34822984035609483
0 0.7217865357419107 0.5810311555194587
0 0.7791702138723703 0.32907450098951324
0 0.7079360862321491 0.33456855795296636
0 0.7367119752656558 0.3291267567322034
0 0.7778624347745114 0.4298269060813412
0 0.8379733376362153 0.5121138489880815
0 0.8324246829069113 0.5316106171167198
0 0.8071648024557009 0.5138305161847454
0 0.7867192954202241 0.5182444214486942
0 0.8119636141549685 0.5292121368963846
0 0.7956075926118762 0.5286638356056534
0 0.7339509030183157 0.5303946035582813
0 0.8556827170939385 0.45561811035754635
0 0.8608549264915885 0.44113906091000854
0 0.770343766936773 0.2869688603056579
0 0.8461582368939234 0.40573719302479294
0 0.8111097132354849 0.44388517545384854
0 0.8140644876262809 0.4368612171889019
0 0.7155517877908698 0.41230925124566425
0 0.8741980285584172 0.4255551143186767
0 0.8286885350062374 0.280092775654726
0 0.7961637648097574 0.2789248244769099
0 0.7825936766867899 0.25146713510614815
0 0.9174651946196576 0.32066220195353534
0 0.8760310964745308 0.3310535221206708
0 0.7261091234311776 0.5114592544170988
0 0.6534108376201195 0.47697774502409607
0 0.8238610421554952 0.4564744778373996
0 0.8389424432682085 0.4660634527019426
0 0.7638586016395424 0.5281342431610706
0 0.7698926337157623 0.5291682371572286
0 0.7913497671296325 0.2662861694474848
0 0.8075025261454442 0.4520269642357065
0 0.868543959116634 0.29202817468082204
0 0.872338533904482 0.27819677694838923
0 0.8851494691039943 0.2420393819568538
0 0.7832826401110943 0.2627736066235882
0 0.8781496399565588 0.266535835773671
0 0.76326028443087 0.2776130240838401
0 0.7523257519876907 0.27982827127814625
0 0.8340890246604565 0.5222623381628042
0 0.8091882117689914 0.5218017441885812
0 0.7907498217333219 0.5233766972517767
0 0.8282359405911924 0.4615520095290924
0 0.7669591718836676 0.5287128656852145
0 0.7743170040066232 0.5326463621871478
0 0.7731824912099395 0.5296800730943012
0 0.8352738860287244 0.4515387831615801
0 0.7991740854480599 0.5322364572049523
0 0.8143765673607211 0.5341585223414317
0 0.8326074365322097 0.5375712432113349
0 0.7907785237589969 0.5725306729976537
0 0.8104146545446371 0.5607405670550691
0 0.8168706481466816 0.5516241057580259
0 0.8244886667416569 0.5434715647657379
0 0.8320083887265202 0.5377067210627537
0 0.7983089750829125 0.532461884976769
0 0.7908367210299657 0.5342637711212415
0 0.7824755495862116 0.536926571394549
0 0.7748723203622843 0.5406433647754145
0 0.7644257745410823 0.48800567285019475
0 0.6797015800254758 0.4014054653691311
0 0.8713600348822678 0.47519616519703584
0 0.7868539548875914 0.5313029502954135
0 0.7806404568726504 0.5318727867276061
0 0.8422943806346459 0.4737010242558327
0 0.8115011984285926 0.4643054355760248
0 0.8406403716103437 0.4700096675327846
0 0.8170966113669963 0.4081417559241714
0 0.7750100483371236 0.4083899323011981
0 0.8075713588215631 0.44383887950779677
0 0.8260491593477595 0.24007587472931677
0 0.823602661301818 0.25700751873625427
0 0.8282971437470319 0.2660755950863622
0 0.7460218999959245 0.5443780682667965
0 0.9231493229101478 0.29738650802804645
0 0.9327367179504427 0.2834202161356181
0 0.9465849965433532 0.25357174205512895
0 0.7794974274021663 0.3501694930367777
0 0.7235490488603649 0.3549714609354484
0 0.8721762369956648 0.3673419097558457
0 0.7666325115201845 0.31170207779614534
0 0.8682212022286427 0.40029199717759417
0 0.826364485020376 0.439667636272954
0 0.6955468516309553 0.3631569651328549
0 0.7309127988191596 0.37118840551509913
0 0.7550295036804827 0.3849133563642742
0 0.7981639724492021 0.39185221856381713
0 0.8317036045251517 0.39190315332065445
0 0.857638483560538 0.39014763992373686
0 0.9098903856196987 0.3883101639627409
0 0.6774456216816158 0.39437490217492027
0 0.7531216121927092 0.3056541283925374
0 0.8607191189431943 0.46671558962482695
0 0.8374779928585648 0.4190171866857705
0 0.7125735403616217 0.3355224019005185
0 0.8788616589353054 0.38613336360087247
0 0.8056845502762855 0.4455733032119708
0 0.7703905877684742 0.32739339288877173
0 0.8311407734573139 0.43159453875544357
0 0.6652141542877326 0.4378112517819017
0 0.8750721983265776 0.3614778077902914
0 0.8531849520115913 0.4266514404147279
0 0.6592351152927061 0.5221000105059114
0 0.656358191232641 0.5389485706468257
0 0.6700294357311877 0.3955441896988898
0 0.6500766641983 0.4949982653812868
0 0.7302841722713744 0.30577258703087556
0 0.7099123302894302 0.5949883848345247
0 0.8627823666681217 0.4723029911351137
0 0.8113774666051824 0.4253283655610071
0 0.7197286944349104 0.3284464336576916
0 0.8016612046881567 0.34866816189442695
0 0.8198719720045725 0.35416166588705794
0 0.7680783838913914 0.5339508817977264
0 0.6654144004930423 0.4249908690359078
0 0.7405926874418299 0.6288262976317847
0 0.6884926034428399 0.5882646282847855
0 0.671516743390369 0.5671014518630939
0 0.9952956739860245 0.30291600120501694
0 0.7889941136042277 0.6474037517686518
0 0.8387076293868858 0.3574150697189887
0 0.8570401037292641 0.3594488810424377
0 0.8689129523587126 0.36126217989026665
0 0.7420606551542563 0.2995552903129941
0 0.8639647231323306 0.3431224636003083
0 0.8482170801625473 0.33208026605493884
0 0.8289395263929408 0.32589098652537796
0 0.8081263098787155 0.32382980314623405
0 0.7939873371697679 0.3254321743460262
0 0.7290133091970838 0.30074033750539403
0 0.7903536920306049 0.34261612665085567
0 0.8659857840980658 0.4947883515130906
0 0.7895091636271416 0.4836765257250361
0 0.8245389735648401 0.45280914146359225
0 0.8339697912272521 0.48766888289892374
0 0.9484424872740411 0.37320198732263904
0 0.6724878529456094 0.5489474197729629
0 0.6902529038960421 0.571524665469215
0 0.742010129151968 0.6175458464635855
0 0.6508703013009662 0.5108116027019939
0 0.8721201897673466 0.3548168748700652
0 0.8781613503830342 0.4054386502220517
0 0.7920110618011861 0.636699035388081
0 0.7099565627202706 0.6089744300735431
0 0.6574896355218525 0.42909151632912684
0 0.8134742487331986 0.534319436850668
0 0.8047962382372924 0.538022190916772
0 0.7963900828914803 0.5434456365783008
0 0.7888571162264055 0.5507109051658994
0 0.7641488260860685 0.5586275426613516
0 0.7825759753647736 0.5288202034659079
0 0.7771655809024215 0.525895909434941
0 0.7728380042792372 0.5229330610494319
0 0.7426576572882978 0.49774969458913937
0 0.6845863934307662 0.4401409485760857
0 0.8899877956647914 0.3932343384130996
0 0.9000339221350754 0.3525019546850723
0 0.8851312668011662 0.3509687662792473
0 0.7877249413401769 0.5312174855827951
0 0.6649929295109294 0.4759138291623412
0 0.9200780391693115 0.3572872105766745
0 0.7422276278839836 0.5693778791347471
0 0.9087521572153276 0.41660349976782707
0 0.8980854616386478 0.40151919303488
0 0.9205983703649496 0.40430765592751383
0 0.8465431988993778 0.42292914804624243
0 0.8000800153122672 0.6205678320064598
0 0.8115255481834653 0.600761584541043
0 0.7725400146301286 0.5871215761542654
0 0.7086652429294988 0.529319628280084
0 0.7803741646969872 0.4531547789480172
0 0.7216407085772808 0.550947330912956
0 0.7340972416008575 0.43851389337320623
0 0.7522147429894798 0.46330707747729216
0 0.7033128056848099 0.45870070764664506
0 0.7529970767125802 0.6030415139612364
0 0.8287443734925507 0.428717953818185
0 0.684802879764058 0.5346004689107088
0 0.702917949308323 0.558749933536647
0 0.7025995342540339 0.5057427956610501
0 0.6582028860784281 0.45202235614552216
0 0.6772418268622226 0.49971894656910615
0 0.6494133447292988 0.4617279771329308
0 0.7254817493354218 0.4800301132415857
0 0.8581464989778864 0.41208692625457166
0 0.8294883091238481 0.4470082624953668
0 0.8155542793153208 0.4497716727376986
0 0.8426882559237098 0.4387986426259957
0 0.8920071031976853 0.3300707086461599
0 0.8621896437451809 0.30843563306899296
0 0.8309465807701465 0.29802343825332256
0 0.8030983203322576 0.29534927135756034
0 0.781222972311551 0.29957005156188454
0 0.7556553226483019 0.32877330085476575
0 0.6864694550570556 0.3641197180547634
0 0.7586904835851886 0.3585823911244796
0 0.7785151188383626 0.3697788521689193
0 0.8074057011664668 0.3763255966143782
0 0.8362696480147446 0.3787617710124211
0 0.859489169301866 0.37883513180815537
0 0.8764981775847165 0.37762349593539196
0 0.6964843537234053 0.36818746358406645
0 0.8144699376595171 0.45542567651144933
0 0.8669504226511541 0.41602718128877525
0 0.8427811043674935 0.4503442125827992
0 0.8525849439926791 0.4624959614430489
0 0.8431462776308825 0.45409464502201025
0 0.8191424186974136 0.46275610349425417
0 0.8550857358340975 0.46429397679176654
0 0.8567176599542803 0.4697170230854793
0 0.8828147732758824 0.36407277697608587
0 0.8929726184671941 0.37151932783153546
0 0.8987895901696088 0.3767134288445908
0 0.7856847491696917 0.32724233969252986
0 0.7760388646196212 0.31521163000112157
0 0.9288385236313574 0.42529073282450186
0 1.115340737853875 0.43167957337964485
0 0.8956032895840673 0.47858768885209113
0 1.2537380648061696 0.41490418971085746
0 1.039753796682076 0.42360533919988896
0 1.0602674997305568 0.4319249081010578
0 1.0832918681172883 0.4390735305657908
0 1.1254417634714504 0.4403102498094575
0 1.0248824317747027 0.41437017349969774
0 1.0981754653061493 0.39306546726814506
0 1.0727269342680017 0.3876921115469198
0 1.1225690559998847 0.40225152608727205
0 1.1369098404791789 0.41268717608198063
0 1.1394312769048827 0.4578550002154182
0 0.9029953449587279 0.6358008571699554
0 1.1303251574311075 0.430672060541746
0 1.2216315405278266 0.48244625780762745
0 1.178930524532302 0.4568340317541812
0 1.01445455792584 0.49724455574313464
0 0.8937179109215233 0.5251572632989964
0 0.8814480558729373 0.5429042167022449
0 0.9195671013638943 0.540275762061111
0 0.9348742778291179 0.5526450742192629
0 0.9029128292441871 0.5499514611829229
0 0.9195508194875114 0.5567136184841979
0 0.9530332040686145 0.5927752727220038
0 0.894211731882538 0.4665007911810354
0 0.9064197158008688 0.454146839323498
0 1.184321871286706 0.4099760523029402
0 0.9890601536895656 0.44660514676604285
0 0.960096219420936 0.4866253655163848
0 0.9691930707496933 0.4808282651821104
0 1.0879062771294188 0.5189426392734218
0 0.9178743915718819 0.4381370437579329
0 1.1271327407048222 0.3744659250189944
0 1.161379955991914 0.3904182423396605
0 1.2381205307280465 0.38053336664408194
0 1.0136291502900265 0.3587027237194927
0 1.0489675435335828 0.3872848024555281
0 0.9801975735129184 0.583449112600973
0 1.1218658459337452 0.6201692629261177
0 0.935874966126454 0.4888969389330439
0 0.913616305162132 0.48748124146661836
0 0.9508878372389556 0.5697406587146577
0 0.9452029366030472 0.5680422395551238
0 1.1855364157680721 0.38480866055528656
0 0.9580382319945323 0.4950818868578315
0 1.0795715011121854 0.3631663349162297
0 1.0916193799127507 0.35180683964106885
0 1.150929746748526 0.31804947626023067
0 1.210776497040117 0.38705700919741676
0 1.122383776596327 0.33852683061979066
0 1.2093917860763486 0.4094522046107872
0 1.226957759776699 0.41642876098803777
0 0.8878523649545661 0.534733704158238
0 0.9110648725103225 0.5454296344468573
0 0.9273714013240508 0.5546972103813449
0 0.9285936275111975 0.4907172267176524
0 0.9478668185729014 0.5688805126008534
0 0.9355436925646625 0.5688964873134923
0 0.942133531540255 0.5671257518586659
0 0.9248154180965343 0.47712913614695146
0 0.914444071582601 0.5579976474537569
0 0.8973478926385002 0.5528375695065624
0 0.8770994589298586 0.5477510981199121
0 0.855475937263875 0.5912313167454482
0 0.8701362222558838 0.5754064591992804
0 0.8734899756777639 0.565283253079369
0 0.8759986162185669 0.5556105338558763
0 0.8769167679271618 0.5479619028855439
0 0.9143223749937387 0.5582902919010622
0 0.9179374942799661 0.5630984346405798
0 0.9212652593222348 0.5689328912259484
0 0.9232699966631861 0.5753272614893126
0 0.9630499814130082 0.5441162365825236
0 1.1969398662510804 0.5533296213764436
0 0.9273697105138111 0.562515787717675
0 0.9313902276477733 0.5655607522702685
0 0.9032836385417086 0.4912198157537551
0 0.9450610337881097 0.5027720213604241
0 0.9079862827993144 0.48932607501160863
0 1.0097038821329045 0.4629338221723626
0 1.042363405730654 0.4845734751191126
0 0.9696907534377988 0.4898532405286944
0 1.2056912913101132 0.3482768889568767
0 1.1780614898174624 0.3612544075781558
0 1.1452477893748867 0.3651265089585334
0 0.9252618546224345 0.5961207461958172
0 1.0323107665098166 0.34069748686141327
0 1.062423804641273 0.32125429546131806
0 1.0897254219538048 0.2944086526288372
0 1.1071730806857725 0.44247261148874834
0 1.1587462163675686 0.4781911780520314
0 1.0165173464183566 0.4070940912604666
0 1.1618413175711653 0.4278125869793718
0 0.9773775525233916 0.4317826717173686
0 0.9466867582707466 0.47408521609479976
0 1.1768163437581767 0.5024928018158558
0 1.1290832677470983 0.482766735119646
0 1.089094520118166 0.478268747570134
0 1.0446579395970212 0.4604979857009332
0 1.0182737851444679 0.44359458928682555
0 0.9993382551499057 0.4295152148612741
0 0.9551037786379142 0.4015799583841105
0 1.152349609865921 0.53235740421199
0 1.1854606841686908 0.4331180348115809
0 0.8832824179894814 0.4731078401667063
0 0.9777077823751587 0.4588944317579937
0 1.2418709565818562 0.4858445707155543
0 0.9858112305025512 0.41626750855218797
0 0.9724557917832323 0.4927367068806282
0 1.1420570425846406 0.4337216024639226
0 0.9558496764440577 0.46702337932853805
0 1.1648338012051482 0.5874454941736216
0 1.0220545203373905 0.40291218797699746
0 0.9381560361335046 0.4510566540458957
0 1.032690760455554 0.6362205313033417
0 1.0278797582231995 0.6561432712886179
0 1.1811011491445549 0.5455496598358581
0 1.0767630026813297 0.6245368108028123
0 1.2272338002039913 0.4477666619779015
0 0.900225359427778 0.6538437728454419
0 0.8809218590269612 0.4773633500107196
0 0.9928422665797205 0.4768526200152913
0 1.2006635313798606 0.46779093355023893
0 1.0850088546044716 0.4286415209623278
0 1.0649787650329654 0.4233053218082887
0 0.9392144207209977 0.5726795757518095
0 1.1300756689868396 0.5613790640310079
0 0.8429646303382101 0.6606548987850756
0 0.9337101027935366 0.6658275107375714
0 0.9760795112400619 0.6635563366887283
0 1.048812489972336 0.41672189696496276
0 1.0351727863907312 0.4095280384149204
0 1.0263494288368065 0.4051738079188585
0 1.2102771026675712 0.4367112699343043
0 1.0451837607073884 0.4015196845644996
0 1.065469225247701 0.40459715151319314
0 1.0851563934535418 0.4094924485983969
0 1.1044870720633977 0.41621666595715434
0 1.1163899586673527 0.4222294249120547
0 1.254381115426494 0.44812510995303884
0 1.1013100187486737 0.43095604177950475
0 0.9435783810756377 0.5271990773390655
0 0.9366468105638077 0.48531107675461543
0 0.8987916149670565 0.5058786421596837
0 0.9870517007409269 0.6455396871272924
0 0.9462602983547163 0.6513993960468709
0 0.8476243572396065 0.6498606011313217
0 1.0743753698807728 0.642790838449943
0 1.0300117655645442 0.40181073154054103
0 0.9552452639688419 0.4277222069705568
0 0.8900844014646635 0.6655078936023873
0 1.153982389828324 0.5767338042165718
0 0.897224880975007 0.5531135019467992
0 0.8996445765475181 0.5599313864187032
0 0.9002743094279293 0.5679549623270329
0 0.8991488560342588 0.5772173157593116
0 0.8929510762922874 0.5958142160367565
0 0.9330667599344052 0.5624699525806416
0 0.9393056827255443 0.5624729631995621
0 0.9452462088206649 0.562111719649713
0 0.9756666195543506 0.5634382352107713
0 1.0893403347031476 0.5580147895492426
0 0.9664115835342729 0.41557454395027055
0 1.007744587926422 0.3858039005129945
0 1.0236551122826363 0.3926486808712743
0 0.9274093088721425 0.5622970570369261
0 1.0732656973826735 0.5971514223670426
0 0.9799953442585619 0.37889972187223886
0 0.8997960397462804 0.6165621728122401
0 0.9417115178289293 0.4142336204272358
0 0.9580877038496959 0.45492056838604583
0 0.8547746893725817 0.6116646331231467
0 0.9721180889676895 0.6064622221874589
0 0.9857614664085806 0.5112767433251987
0 0.9377260276033909 0.614966053254798
0 1.041661197626138 0.5267429992932231
0 0.9988025814169067 0.5333760993487361
0 1.0481533662176334 0.5584873338373435
0 0.8519185142678047 0.6327459084219625
0 0.9698431559755832 0.46865077245803105
0 0.9866687217845193 0.6249534743172782
0 0.9459266242598683 0.6327078763176414
0 1.0025644880809865 0.5927086090173374
0 1.108356731350412 0.5855641645543715
0 1.0324494546978786 0.6051370583328546
0 1.1214917802609472 0.6036741740229417
0 1.0067214181151571 0.5601521446591332
0 0.9660000695457941 0.443051602660107
0 0.9335749214711572 0.4769267488260563
0 0.9483592409624833 0.48814029052477925
0 0.9279098304515147 0.46323795612452745
0 1.0332873033571848 0.3770777905354647
0 1.0738353960624727 0.37836389314560664
0 1.1081586769361536 0.38560449309041855
0 1.136745393527711 0.3970716487125856
0 1.1555505850144077 0.4108863651585512
0 1.1577335671533513 0.4445722724209313
0 1.2040910333520753 0.5144079713260427
0 1.1179811572223777 0.45969448837579463
0 1.0872007709012252 0.4564328821433358
0 1.055094956345699 0.44563495945863696
0 1.029479306458421 0.43262100620430055
0 1.011974661159113 0.42118394141103704
0 1.000007106282037 0.4120224744331937
0 1.2212106331491268 0.5195604920053348
0 0.946318495625685 0.49337882888751206
0 0.9447102428488591 0.43850046847046925
0 0.9138406401948084 0.4706626953531046
0 0.897103580995954 0.4754230982783128
0 0.9128629761406138 0.47413433833616453
0 0.9376471439997355 0.49699319978388085
0 0.8915323612559194 0.47477719763747783
0 0.8888469788595594 0.47896856286612544
0 1.0125947084104965 0.4003405971687381
0 0.9935776437888165 0.4003288618990687
0 0.9792967682649315 0.40073271492282214
0 1.1238276032958856 0.42681367590981706
0 1.1457625471589938 0.4235365557737377
0 0.8318717253359058 0.33995123737666455
0 0.8576387549251444 0.3456302477198155
0 0.8396245286434512 0.3249217822772114
0 0.8061487403097032 0.33428583625985797
0 0.8239219113241268 0.35503330150572193
0 1.0888123009275283 0.415691835205762
0 1.1118203039410748 0.423105545738498
0 1.0983112311061425 0.4021159407137489
0 1.0657939025621375 0.4080527737027123
0 1.0796366286177173 0.4290093387208399
