0 0.3963909495076973 0.4344020543959194
0 0.3693245403486476 0.36409761873297036
0 0.39083704230882566 0.38217844883093055
0 0.3476729601693096 0.2821666932048889
0 0.36485177349987075 0.3410008838191962
0 0.3677416618207662 0.3077016925088133
0 0.38307005324237925 0.22171299078594
0 0.1870337491698688 0.20549483687732928
0 0.3833651198185891 0.15147096961260603
0 0.37895166816757164 0.11777385645590652
0 0.37271425649702405 -0.008182918682646827
0 0.3982370554400291 0.44323182734437644
0 0.40222322540603384 0.4520684566360693
0 0.40727348407681324 0.4579613566779481
0 0.4088578012635668 0.47060681160646506
0 0.4089227531739562 0.4836613616813867
0 0.41067433214301974 0.4995886470182254
0 0.41513964626714767 0.5148508670611884
0 0.42570223253693795 0.526691662998626
0 0.37638510073975123 0.3742079679577495
0 0.3539305602332099 0.37202025031129393
0 0.1017451928102141 0.09645679607368506
0 0.274592296968547 0.2277982312079055
0 0.24467548006158366 0.22998377223746083
0 0.21564968827245332 0.2291924994403181
0 0.18002439088386885 0.2123271284964138
0 0.29764472995158864 0.22297615412706004
0 0.21470354601061886 0.15551779016899986
0 0.251798657490481 0.15928188632852353
0 0.18322712854801607 0.15946256366971964
0 0.16623897289486525 0.16927901519754063
0 0.16126793480033783 0.22735362092907818
0 0.33150936831101524 0.5451239441720822
0 0.17831781127755877 0.1969671964931031
0 0.11632350051431634 0.19969476954624676
0 0.13606307946806617 0.20560580806229442
0 0.2548010678028317 0.3314743395240162
0 0.36369141257352394 0.4290663320035599
0 0.37595869168389046 0.45111981443703747
0 0.3386964363445767 0.4368005411122173
0 0.32491790505050183 0.44684519278355683
0 0.35658533395909003 0.45275706566941626
0 0.3431085436750087 0.4564601440018358
0 0.30358865521222855 0.4781144348958049
0 0.3443977707009807 0.36319613656677757
0 0.33572393126910827 0.3413038326147646
0 0.12586478049234806 0.14410587845328518
0 0.3089952060072828 0.26956765463177007
0 0.29545766186656996 0.3509340927052422
0 0.2960127719300542 0.3370258734820369
0 0.17603388135667614 0.3259716343384581
0 0.3397255255449876 0.3100742412070497
0 0.17390763788200397 0.12301380770465437
0 0.14127937352342856 0.12844477522487457
0 0.10646210714495725 0.05855503949684838
0 0.3053358238663891 0.1472148129258293
0 0.28426635808510176 0.17100432872200927
0 0.28161707956442156 0.4563862841350202
0 0.21536789981009577 0.39791611455880793
0 0.3207045449055642 0.36415758452857266
0 0.34382032604812146 0.3720163686778218
0 0.3151081383085365 0.4659591903701758
0 0.32263911656624406 0.4653223485421068
0 0.12789668568032536 0.110999245184679
0 0.30184252427922165 0.35970709222955066
0 0.22550622322004762 0.12736379471830667
0 0.21686000132160507 0.1072359833949671
0 0.1901165828716269 0.008856980659710332
0 0.11296807633315345 0.0861930860498081
0 0.20501825863794743 0.059090940716167606
0 0.11329941598059748 0.13087041523700324
0 0.10337804704547214 0.1163301246044354
0 0.3682971964065405 0.4414407255740973
0 0.3470113421801469 0.4457704156351546
0 0.33316950989569977 0.45210716413994567
0 0.3293747994825423 0.36817329760176687
0 0.31891053729205965 0.46570663025584846
0 0.3275257454787513 0.47169145608481505
0 0.32650349580412574 0.4649909948959899
0 0.3233860399511507 0.3592912858477035
0 0.35213817995515084 0.45925742321121044
0 0.36545431213699087 0.4571377973967848
0 0.3837688169319281 0.45689695473677056
0 0.38769527076245497 0.523753955722236
0 0.37960788528982115 0.5117220528209552
0 0.37755414078847394 0.49651413936965383
0 0.37972104406471163 0.480786631187311
0 0.3843853648046224 0.4689749656393886
0 0.3521530854044487 0.4654477942294587
0 0.3448553585605941 0.47133307611218656
0 0.33740867156204846 0.4791018571526098
0 0.33242237424964816 0.48781844602225305
0 0.2947757375611962 0.4184051898721689
0 0.16785850184712764 0.2863750731507048
0 0.38311005267593784 0.3781409695887337
0 0.34165434257017907 0.464747177526212
0 0.3342871591627455 0.468033977876456
0 0.3545483580882029 0.38118714494065353
0 0.3174026812866723 0.37249239479390955
0 0.34924973029312756 0.37687269119789807
0 0.2812589950126996 0.2829241196092325
0 0.23407287077366304 0.29993225848332
0 0.2974753927269714 0.3461418715528787
0 0.13191377501979434 0.028811769077953058
0 0.14383146002424135 0.06590217356674206
0 0.16200209893196893 0.1028247064770982
0 0.3245868484179179 0.4952207573305685
0 0.28869084731566247 0.11527615228590493
0 0.2805755848793103 0.05792666833621625
0 0.26807587981509934 -0.0024776430175708123
0 0.1923609614658127 0.22326711339120286
0 0.13780715854333744 0.2434240732425318
0 0.3118631135073783 0.2180247134484422
0 0.1467247916926011 0.17741600726359189
0 0.3259090938442331 0.2552161310998777
0 0.302969017760645 0.3447372643901898
0 0.12001691519213523 0.25434938411171826
0 0.15158356722596167 0.2637473810404634
0 0.1843868526909277 0.27518568423609385
0 0.2399743909744336 0.27142289404671033
0 0.280587966779439 0.2613295949876499
0 0.3081105487238017 0.25125757235878954
0 0.35510625113114463 0.22734846960241423
0 0.13025552020084372 0.3053751792580175
0 0.12883214413119162 0.17202002886004342
0 0.36115861825234025 0.3735311852095607
0 0.3107283890104408 0.2955605959930359
0 0.1319409208617908 0.18762947371402106
0 0.3274614539363687 0.2402401361792994
0 0.3008031286209893 0.34533213378903205
0 0.16688266660955597 0.19611778988624914
0 0.30517191109325675 0.32769725621698764
0 0.18863625006138277 0.3399474375164166
0 0.3117167712401429 0.20938648278720842
0 0.3199017260857909 0.31653665306088263
0 0.24028344320164596 0.47553245937481475
0 0.26101600337657427 0.48942957785182867
0 0.13593461430615944 0.2968512753994701
0 0.2122586042189198 0.4393533136897955
0 0.10801673135597357 0.1548502943195855
0 0.3330508559156093 0.5630581428448613
0 0.37019415067540085 0.3773403736158682
0 0.28933918719097296 0.3122323568636617
0 0.12191967126562726 0.20754179996423447
0 0.21425928343400108 0.21597843962355542
0 0.24084100606058428 0.21732462276094638
0 0.32203115347763905 0.47594282421441125
0 0.1514583567349459 0.34945395693611414
0 0.38840908140873165 0.595749042285517
0 0.3176864508530505 0.5516496230238161
0 0.29215881707285235 0.5252427254050684
0 0.37480356653245517 0.055427132180323614
0 0.4502478755063576 0.6041322097229881
0 0.26675351646592577 0.2153212827044173
0 0.28985781192207793 0.21208225909513406
0 0.30472427592288964 0.21071537995871645
0 0.11590249232536882 0.16455735270969404
0 0.2843738565627905 0.19030687574761362
0 0.25673224328519056 0.18229511170722426
0 0.22764685328344075 0.18083532730611368
0 0.20197221686800035 0.18406281484582554
0 0.18856846800239252 0.18929830402992784
0 0.1097799611034439 0.1374601773179758
0 0.1973782489053923 0.21135200412509542
0 0.3963546292673198 0.3996822577886307
0 0.31373452568511595 0.4064942343166461
0 0.31679257200204497 0.3611010339694282
0 0.35695575324179746 0.40099232722395145
0 0.3867876421061637 0.1850755946895185
0 0.27175089852701273 0.5080366413623761
0 0.3017164647436256 0.534653655065896
0 0.37815955674333823 0.585365890409238
0 0.23886242558916124 0.4489693532165247
0 0.3030312338607203 0.20193806347755577
0 0.33524988137846656 0.26699003234458046
0 0.44188792313889064 0.5941251409701265
0 0.34736291739008696 0.5767688340843676
0 0.15829984003977238 0.34546327495727297
0 0.36577140670314395 0.4668914716655073
0 0.35891553680959654 0.4760576407559002
0 0.35345837352373044 0.48807710066390114
0 0.3516718186348748 0.5019250275989691
0 0.35170993130269956 0.5116488459392097
0 0.3326124187281949 0.460884662005848
0 0.32417664196279694 0.45912229157865236
0 0.31704568162524727 0.4565123102535455
0 0.2839969986920162 0.4359894611012821
0 0.1777994931458855 0.3704794594845452
0 0.3404887458689207 0.23968687644020056
0 0.32541945455171506 0.19019630360908021
0 0.3114310677388875 0.1927578733466304
0 0.341077534700755 0.4620592733160756
0 0.20015358696166846 0.4181981210510571
0 0.3456396399070319 0.1900780770344475
0 0.3414722460922863 0.5269691816534097
0 0.37346754771628254 0.27881143825313154
0 0.3507961706577731 0.2564433258467208
0 0.37838500166396727 0.251626907969816
0 0.31784375994611413 0.3044703596125776
0 0.43524634266357054 0.5747522348032211
0 0.430507989953176 0.5491366099816161
0 0.3824987641627268 0.5438173936007503
0 0.27943338407315227 0.48177470642918596
0 0.2800920304062841 0.363479640918037
0 0.3084658267114946 0.5063042356945074
0 0.21758727875830744 0.35880938286598496
0 0.25991012281079373 0.3868498677453294
0 0.20979484193902506 0.393309449997192
0 0.3761639246265951 0.5670933729162613
0 0.308856340049268 0.31593975215293346
0 0.2644805769554431 0.4919099053635765
0 0.2988556797841756 0.5188887090728687
0 0.25354717046522696 0.4541257223763024
0 0.1742221145607013 0.3857736032420454
0 0.22822840165177125 0.44995808144346977
0 0.18321719944334144 0.39187041601053063
0 0.250877491290049 0.41654458146887463
0 0.32337113450185284 0.2806367673241673
0 0.3122820934231619 0.3554543092989693
0 0.3042949423801413 0.359056864207545
0 0.31619517480154974 0.3420303873360728
0 0.29479236468422615 0.16530779580148264
0 0.2411247756269624 0.1480871465640327
0 0.19642889914181022 0.1444623176091776
0 0.1641598278098255 0.1486861696734596
0 0.14705063613484518 0.15934190653954833
0 0.15355063842640793 0.20064301269884688
0 0.121985684481742 0.24834750811703288
0 0.17435138159804492 0.23967073319819027
0 0.20318986471894263 0.24843422816203425
0 0.24249470905720186 0.24832205983777397
0 0.27882886433201154 0.24264849022554513
0 0.30492545231926643 0.23578841046403393
0 0.32207242647806805 0.2293261437179943
0 0.15233235379203047 0.2362845340095008
0 0.3104061058385195 0.3641960380938106
0 0.3293450593376617 0.29123591215084915
0 0.32653679721932904 0.35878108684628157
0 0.3484829015297284 0.36887351525858186
0 0.3318557784997588 0.3612875337608325
0 0.32195521115684966 0.3705624248653936
0 0.35260293752455313 0.37177295035447555
0 0.3609053671217079 0.37566655521956493
0 0.32069669124319683 0.21080418592824723
0 0.33451208522279774 0.21673626507433078
0 0.3409360036861411 0.2223174917145659
0 0.182306764223021 0.19337967837961337
0 0.15991158608338243 0.1802490555440275
0 0.40579808044204896 0.2811629644598062
0 0.6708159784047152 0.1922978635032337
0 0.4173598978445113 0.37144674803502264
0 0.8416255406624408 0.0738152098922303
0 0.5672260302719738 0.22105463672750675
0 0.6040532917713376 0.2217009468390919
0 0.6406116419844776 0.21888335253864813
0 0.689675522651032 0.19943228768654905
0 0.5354802062471422 0.21663730155926542
0 0.6125552940139953 0.14285825978452787
0 0.5693225571863371 0.14787434598508353
0 0.6540275369044974 0.14561304054892482
0 0.6820728944645797 0.15451603851760157
0 0.725718644311388 0.21419114693285177
0 0.5692891142637038 0.549834143144254
0 0.6850238904106817 0.18310858599674967
0 0.861177952455388 0.18400558795982275
0 0.7718867640987003 0.19104750592487688
0 0.5862461382822453 0.3266874873600067
0 0.4353847605147236 0.4289654095332843
0 0.4386147147745823 0.4509797854164538
0 0.48168457655026187 0.4387177778318667
0 0.5150870988123136 0.4480475922362111
0 0.4743356711858754 0.4529955866047369
0 0.504191026699057 0.4563664769212278
0 0.5847923852842775 0.477673524865708
0 0.3984251188145553 0.36277035402413754
0 0.400109387416062 0.34035696798620135
0 0.7327627426714635 0.12994564326997762
0 0.5119791711262948 0.2655984848832932
0 0.499308359994591 0.349123546490654
0 0.5051731354326939 0.3345842534741655
0 0.7044439927565393 0.31881745735677286
0 0.4017296474900463 0.30897867736725
0 0.6287731775562826 0.10924155448381893
0 0.6874867800614245 0.11452224474555006
0 0.7885587449839933 0.03486840512615423
0 0.4632061353976206 0.14189111634184376
0 0.5345688512285265 0.16140481334524795
0 0.6065200021226915 0.4549441666077501
0 0.8468353725451645 0.3985748313867246
0 0.4737494530723535 0.36330710775174274
0 0.4458965456171287 0.37098860645446535
0 0.5596653354539574 0.4627074698289743
0 0.5507530088333203 0.4626292204514098
0 0.7087135549357755 0.09526504390536787
0 0.5047322454498254 0.35799155534265903
0 0.5550341746218199 0.11652438766278397
0 0.5570055617988824 0.09504141465733988
0 0.6026847262462552 -0.008053047207597726
0 0.7514542704291767 0.06586116247664625
0 0.578151488761536 0.04475390982513611
0 0.759035719670266 0.11491104293935978
0 0.8035037220239067 0.09699868298948001
0 0.4370933683941976 0.44109642105742386
0 0.47776592921295896 0.4464802466832792
0 0.5096208082972099 0.452403546807865
0 0.46688447953414003 0.3674216029552606
0 0.5550124296467367 0.4627483176728026
0 0.5380740374398174 0.46952630270022555
0 0.5459226055396832 0.46251128409236386
0 0.4491727492220396 0.35839985239620026
0 0.5005577055098628 0.4586248620630453
0 0.4720220011201122 0.45668952314617534
0 0.4403570721761214 0.45661352293940777
0 0.4728664231243179 0.5242528725927249
0 0.45818646591630197 0.512142974252518
0 0.45178587259434394 0.496784511465615
0 0.4464100053270372 0.48077850515088333
0 0.44255154581664563 0.46881850316120793
0 0.5020770472016551 0.46474554506353677
0 0.5090749198012501 0.47010270713236385
0 0.5179279548086995 0.47782744795750504
0 0.5262727422965802 0.4862700370363534
0 0.5520486508627875 0.4165878598682416
0 0.8892470832637174 0.2765061832940617
0 0.5235899029304084 0.46343326273436747
0 0.5301041503032621 0.4661890048378953
0 0.43539619903198534 0.38049654067514804
0 0.4970660804272842 0.3712204524312918
0 0.4402529227076103 0.37603462113739966
0 0.5519813404952307 0.2779219818953127
0 0.6134899034202813 0.29370145680614934
0 0.5146268694806728 0.3438305583434364
0 0.7121049220041691 0.006608535401737347
0 0.6796261366608617 0.046844368973098245
0 0.6396903342766156 0.08729220503054488
0 0.5561178385210838 0.49583659480554987
0 0.4673949675880176 0.10690508321070442
0 0.4801373343101794 0.050125056657547386
0 0.49299146831750296 -0.011975855016098998
0 0.6722359582960463 0.2115994491897071
0 0.7710347478624157 0.23011440552842502
0 0.5140991882740451 0.21206161751152988
0 0.7233080652406175 0.16308931530283663
0 0.4829024366623492 0.25194514749910885
0 0.4715992712574325 0.3429045529601673
0 0.8148425237166224 0.24267130842604956
0 0.7423087395638299 0.2524978268070343
0 0.6901088655709648 0.26635652799575854
0 0.6150714847967207 0.26549086931604926
0 0.5609592793942642 0.25696919648982464
0 0.5205079182732305 0.2474100210796149
0 0.4204648067053559 0.22563155419148576
0 0.8066096214367617 0.2968150891435032
0 0.7561162798810634 0.1572707104511535
0 0.39418116948015686 0.3732554078482972
0 0.5044691359682335 0.2921124720535339
0 0.8919322810870566 0.16982803053368395
0 0.48843257061297374 0.236255875220314
0 0.522918497344001 0.34284382534864993
0 0.7036966448493427 0.18213037808482258
0 0.4772199935478558 0.32530431987378544
0 0.8757046807012397 0.3353750546709798
0 0.5148213006895509 0.20315569924851196
0 0.4396484973047563 0.31474319328896155
0 0.7372127739931468 0.4812386056866509
0 0.7516116738605271 0.4969295467050692
0 0.861941102025606 0.2879968522646176
0 0.7865669335678613 0.4421322004863629
0 0.8348126182739112 0.13680438078440035
0 0.5821182722096249 0.5697430412228496
0 0.3968654946743441 0.37692993622237503
0 0.5398214655242664 0.3082119277871836
0 0.8109093718677401 0.19153869580536986
0 0.6337592861921095 0.20484063652948067
0 0.6021983652091998 0.20807737469101867
0 0.5461581682415603 0.4732881859659006
0 0.8006279136923006 0.34387100714083296
0 0.5228587812085231 0.5999987053985413
0 0.638453842352906 0.5600405537282316
0 0.6905330576770883 0.534430987156999
0 0.5720592637142118 0.20723975809237447
0 0.5430680233225834 0.20473766441162403
0 0.523962256147993 0.20428614337413836
0 0.7887628930364009 0.14731187190110692
0 0.5471155603440832 0.18127173899461668
0 0.5788686484169903 0.17136011489283162
0 0.6109478167778583 0.16884300255546936
0 0.6429005246654117 0.1711316608106747
0 0.6628515157196447 0.1759662353002225
0 0.8735024949057782 0.11646875696250805
0 0.6553930836044055 0.19889352058831114
0 0.5140571133981792 0.4048963072962654
0 0.47132474684315045 0.3602045217451577
0 0.44343259466066065 0.40048669911802004
0 0.6866059434785545 0.51585254615869
0 0.6372524914409903 0.5429325988307928
0 0.5168217440589155 0.589310682048432
0 0.8031880189474824 0.4533020542642941
0 0.524566540043417 0.19498319205003806
0 0.4457297791108239 0.264770862583916
0 0.5831495783597731 0.5835521518231962
0 0.8502624466550722 0.340824178803843
0 0.47403621787933425 0.4665079154907324
0 0.4807045432589323 0.47558186857845075
0 0.48851089497550215 0.48776914564946205
0 0.49597732226053876 0.5014859314162892
0 0.5190089772359359 0.5121477990866469
0 0.5293787832168653 0.4594037644208049
0 0.5356728921977164 0.4576609472687633
0 0.5415398374164133 0.45546695371024526
0 0.5834471213160087 0.4339683272015934
0 0.7393043481474586 0.36552780114423733
0 0.4513808783295629 0.23712853535105244
0 0.4804487214099875 0.18391859583770886
0 0.5066545767178067 0.18553899642758476
0 0.523713816269982 0.46066500508366304
0 0.754462058023869 0.41731292723466795
0 0.4398988239485011 0.18631178611954943
0 0.547396028070427 0.5298751466000042
0 0.4136201394833535 0.2551026749439514
0 0.4736845011619641 0.30211692886611524
0 0.48986040416667215 0.5454274008449275
0 0.6263429289527362 0.48373271843876703
0 0.5574318765164565 0.3601935661067597
0 0.5924999176455344 0.5094225296197227
0 0.6465399070895261 0.3538165501893138
0 0.5939717835945477 0.38338777718071737
0 0.6829941550032984 0.3895868546665667
0 0.505676288684781 0.5699075209066129
0 0.5002569078827361 0.3129659130359991
0 0.6657133148156767 0.4966629111347869
0 0.6193388771953628 0.5245877451028306
0 0.6494921766024985 0.4541898600209635
0 0.7936957477093887 0.3829800968352979
0 0.7040474417684175 0.45131034096970724
0 0.8300070731188182 0.39111883019486937
0 0.6256773251709606 0.4135897151959209
0 0.4753642886948528 0.27792718763739915
0 0.45891157357241036 0.35448607754783507
0 0.4871314569628782 0.3578639693153552
0 0.4366674074451986 0.34078050135804444
0 0.5045999831718793 0.15813132663504384
0 0.5625718980670261 0.13792887549049937
0 0.617646165317197 0.1316218196679228
0 0.6657721819065744 0.13448495967700458
0 0.7019982255048317 0.1445004990973031
0 0.7327267997842327 0.18678452917181265
0 0.8669231541151051 0.23576909298904405
0 0.7035940991317053 0.227917836306575
0 0.6629209958677955 0.23875138463494114
0 0.6109959293040726 0.24112968322948908
0 0.5635137243522442 0.237064470260288
0 0.5269610344363059 0.230722352767143
0 0.5006428693981765 0.2242694273353004
0 0.894099278701581 0.22187895782458517
0 0.48946566919056916 0.3629641092052094
0 0.44002200616635295 0.28942670818334953
0 0.4274763583565216 0.3583353157051074
0 0.41561827156469405 0.3689025730942004
0 0.43249921175501616 0.36106312455841527
0 0.48276241506032236 0.3694742978000031
0 0.406440524174441 0.37153261557173806
0 0.4086003756637482 0.37521349241177493
0 0.5003299021320663 0.2047335288395135
0 0.47882971131830193 0.21148486844838238
0 0.4625615454692063 0.217907720290053
0 0.6748720530411608 0.1797745530597699
0 0.700920552086773 0.16571079642056658
0 0.2552691743814116 0.19562997376195157
0 0.2917698131476661 0.19399584234712985
0 0.25161781099488695 0.17337065592360573
0 0.21877212047005157 0.19725699489489912
0 0.2585773114963687 0.21764696158540134
0 0.6097777390079818 0.18438455510063292
0 0.6496746740181097 0.18332860568841805
0 0.6056762404864926 0.16083894736660173
0 0.5701426399125755 0.18522338697704643
0 0.6139229633253541 0.20787609204316673
