0 0.7645127598358237 0.4193003885124041
0 0.7589103035304857 0.364798729316048
0 0.7509504219760066 0.37273084935934647
0 0.7363556425856508 0.31824472365172013
0 0.7595352365270905 0.3521931632705357
0 0.7573389828852986 0.33351771157720816
0 0.7488321568007055 0.28226877891499064
0 0.5987421910723915 0.2734022530524627
0 0.7471703736354476 0.2515726809916289
0 0.7479204914492109 0.23528893175332444
0 0.7423426073206507 0.16593937394411667
0 0.7633891722754292 0.4259038355039514
0 0.7616796459516754 0.43257620360540305
0 0.7599226840488289 0.4369210323561793
0 0.7577657322196857 0.43916002382402836
0 0.7577900993435279 0.4463174985802692
0 0.7563891776877901 0.4541139105091924
0 0.7534941719925922 0.4612414028333581
0 0.7450292108823424 0.4590925335884094
0 0.7567354437449704 0.3699593810931496
0 0.7312749092993529 0.36790847078613614
0 0.5013834161117025 0.21145286326823026
0 0.6543183033557042 0.281915951811749
0 0.6367626962778361 0.28371773154839225
0 0.6180909860717214 0.2842441208984541
0 0.5885218059563119 0.27715436025806095
0 0.6688912104329338 0.2788720527420873
0 0.6284248508998881 0.2518475257832071
0 0.6488222695239212 0.2527676400930985
0 0.6079204288189826 0.2536463667517123
0 0.5932012164722318 0.2577999481688375
0 0.5718808033220146 0.28536099273225535
0 0.6684906736988089 0.47191000580787656
0 0.5890711769461632 0.26995285645775174
0 0.5025005957678609 0.2672902100760004
0 0.5451260430981284 0.27601462550785233
0 0.6416085926896852 0.3436258494853973
0 0.7377197572394557 0.4186071540998376
0 0.7372544579531836 0.43400503967119297
0 0.7079909092382245 0.4253240585327148
0 0.6883247264701388 0.429954717470252
0 0.7153261995509915 0.43535925201747727
0 0.6980269086425719 0.4362844741862753
0 0.6458867658739504 0.4315887425256812
0 0.7410329000457473 0.364555336340614
0 0.7390632640732371 0.35257006028424137
0 0.5657987452881492 0.2478413200896719
0 0.6810917917477048 0.3081154196158699
0 0.6821056759875753 0.3557554400485495
0 0.6792664788663387 0.3471299806366796
0 0.5824088191046662 0.33872062563896177
0 0.7377403992349687 0.33481461794480033
0 0.6207023693815522 0.23678581429564435
0 0.5898684569351051 0.2402866568254388
0 0.524288119505281 0.1925787998282391
0 0.7051506355890761 0.24663054761679276
0 0.6656739469617605 0.2565749191719553
0 0.6314163510890111 0.4182373591091322
0 0.5216847674354262 0.3862788853438004
0 0.6966130515641492 0.3627277724120928
0 0.7136001664659252 0.3670386304026065
0 0.6645749828413777 0.4367620589940444
0 0.6718823517794195 0.4372551073198733
0 0.5774649415651093 0.23190501021302265
0 0.6790747714593358 0.35976105099139005
0 0.6584779559432165 0.2382720612961313
0 0.6559901341148044 0.2284395378568898
0 0.6190919178011625 0.17132657325786094
0 0.5474942678018756 0.20977755551752836
0 0.6370831940161146 0.19868919849395753
0 0.5505804511839929 0.24145828070847886
0 0.5241117739807004 0.22426855123561362
0 0.7368631827766481 0.4269820485426032
0 0.7112299937592901 0.43052592303441917
0 0.6928888288852961 0.433286930685458
0 0.7007545911423538 0.3648567350014396
0 0.6684946893187969 0.4371453233387159
0 0.6774678570420846 0.44102736607841825
0 0.6749046099088762 0.43704743437145066
0 0.7120899174200452 0.36127395681712937
0 0.7008381843890833 0.4376641908417577
0 0.7177850576522558 0.4379195488017538
0 0.737879869406638 0.43772821400476536
0 0.7156452960942102 0.45858720541000364
0 0.7259252832635589 0.4610447852507881
0 0.7294015456800875 0.45406349664149076
0 0.7324364658283151 0.4463031545929287
0 0.7352938443098379 0.43992259917051896
0 0.6997097609969585 0.43872144766475846
0 0.6947951547639526 0.4416501400263413
0 0.6888113854371983 0.4452585624611896
0 0.6833207855082076 0.4489607106084409
0 0.6576936113769594 0.3951782099578692
0 0.4952307856925156 0.3185785537180693
0 0.7541345181348531 0.37133706859920335
0 0.687639354120778 0.4377747095149496
0 0.6826357207382503 0.43948269356851993
0 0.7213479891095472 0.37253437171811643
0 0.6846449319273233 0.36686699234921
0 0.7174143561202547 0.3699332470479219
0 0.6600941319180571 0.31535297580387284
0 0.6288988820236662 0.3249676805475484
0 0.6743831602937501 0.3518350883670475
0 0.562403444605677 0.179092250570007
0 0.5838289815608574 0.20069695439027704
0 0.6134024165246797 0.22700723824293717
0 0.6642441470175982 0.4413211379362189
0 0.7018257364144792 0.23155764082203742
0 0.6889925838812537 0.19909642779308817
0 0.6773095732635778 0.1675738363162331
0 0.6001353378043227 0.2820359165253847
0 0.549235030522813 0.2939939390058103
0 0.6782858132020287 0.2758377571468768
0 0.5705122458546058 0.2623206307058749
0 0.6967841169756391 0.30055221992990244
0 0.6989051161900811 0.3532493705334871
0 0.5258016835736192 0.29888313956882645
0 0.567447968961104 0.30366927333500077
0 0.5970455147325993 0.3089369802371315
0 0.6348986967426279 0.3060631448807924
0 0.6603227488534607 0.30012165541234226
0 0.6795582008426604 0.2945176344850789
0 0.7279670636938966 0.2853967652372692
0 0.5312578687849252 0.32745702707249186
0 0.5530618992836579 0.26055785961773087
0 0.7455421508006428 0.36986586529275645
0 0.683311626477086 0.323129760959874
0 0.4864193534721499 0.2603749213011368
0 0.6951219237045102 0.28867552086063053
0 0.670380578254876 0.3506748347178749
0 0.5796150753841453 0.2696600292039954
0 0.695646432025925 0.3429156471853671
0 0.5038968182938255 0.3512158129526221
0 0.6760332896171705 0.2718400353970735
0 0.7170332310640294 0.3378773041393446
0 0.5756423456351394 0.4309472514235455
0 0.5728557616796183 0.44234967179920365
0 0.5069276373833418 0.32380116452341495
0 0.5494682953247557 0.40875234500221586
0 0.5120809935843167 0.2431047780358273
0 0.6625173108085342 0.4848175302795742
0 0.7448673557652079 0.3710241597631703
0 0.6644196894181811 0.3324161283347918
0 0.5245932040979033 0.2772547506767771
0 0.6212537396375252 0.2768800752318424
0 0.6373434574545725 0.2768355039150818
0 0.6717315695208051 0.44256637096405027
0 0.5350751342332881 0.3534492417522099
0 0.6991527346975129 0.5045817255973816
0 0.6331271077303783 0.4818041384220123
0 0.60489312980486 0.4657174265902975
0 0.7451489276212194 0.19874853362207828
0 0.7429274182928645 0.5064880065296007
0 0.6512784961125125 0.2753790469273277
0 0.6639143535462411 0.2733213844506637
0 0.6722681076144394 0.2723602323428444
0 0.5347897518102241 0.2568775248268376
0 0.6603967558754527 0.26499716626561204
0 0.6447051483327928 0.2626703091289686
0 0.6290496642822805 0.26240730687328007
0 0.6126710097912861 0.26394178115803263
0 0.6017159541825885 0.26632904047551365
0 0.49013325515324657 0.2323377788066864
0 0.608737308451015 0.2755497228840123
0 0.7500632604503114 0.3835069622682489
0 0.6772959030678739 0.3874646433021711
0 0.698190626323871 0.361576964803364
0 0.719624997643025 0.3847329883471779
0 0.7461624359307082 0.26473696283672166
0 0.6028689155760019 0.45256671905517576
0 0.6317997829907614 0.46894846221675046
0 0.7001600230679564 0.49545681554338206
0 0.5463591460138559 0.416913199165593
0 0.6710831579630789 0.26910120844841
0 0.7156121458696283 0.3086907884348994
0 0.7442949504955955 0.4971753301827804
0 0.663891182564523 0.49544201674668686
0 0.5142504023792951 0.35283577390339066
0 0.7159135395094104 0.43963491476100425
0 0.7108913488362146 0.4444138765335083
0 0.7059565278013116 0.4501424452532893
0 0.7019282628822586 0.4561664651269498
0 0.6867787640379823 0.4513287979623546
0 0.6841210900279491 0.43653238026992136
0 0.6788653440611518 0.43518387053323826
0 0.6739633314959381 0.43321654019148453
0 0.6418805783209593 0.40580731448919877
0 0.5664412103107442 0.3646251320838928
0 0.7127862430137136 0.2922900307437648
0 0.6953202269809402 0.2641025387722513
0 0.6805674030405023 0.2649863732897717
0 0.688331407778289 0.43713157410207004
0 0.560520135919037 0.39429364074831424
0 0.7169729113254858 0.26527418014795884
0 0.6776833847651015 0.4598569981429888
0 0.7544071360126786 0.31634830858396445
0 0.7321595760143321 0.302704272840334
0 0.7517574419793875 0.3000114166218302
0 0.6995639341842869 0.32951640383056974
0 0.7454841891708581 0.4841251005297122
0 0.7449209771078565 0.4697602619295535
0 0.7109365971839946 0.46867785065070444
0 0.6277916474348825 0.4334702888260717
0 0.6533308367690315 0.3616047081740006
0 0.6501673484302085 0.44810685852299564
0 0.6120398055924021 0.35889421934666843
0 0.6369121456923692 0.37579920317815696
0 0.5943812961163728 0.3788379244182421
0 0.7047850091172301 0.4826909466930058
0 0.6839019397030706 0.3347536035206007
0 0.6104627092895301 0.4408444977324942
0 0.6393793084375237 0.45717918561852494
0 0.6125969002428262 0.41613082211950553
0 0.5395962609707013 0.37549154214237046
0 0.5869778257025324 0.41362118410027543
0 0.5261855426689853 0.380732485263244
0 0.6217515569018282 0.393128279240235
0 0.6993198528399934 0.3157535578893579
0 0.7060702809173128 0.3594437689884849
0 0.6891048503634722 0.36053713067718174
0 0.7181590742067151 0.35260822928470115
0 0.682512552274958 0.2542314789865328
0 0.6536289666495894 0.24788659111313197
0 0.6267442712155373 0.2463870671780213
0 0.6021647296198036 0.24847551674946494
0 0.5829007923603058 0.2536654337592747
0 0.564721448427957 0.2726989078780879
0 0.5021765096032101 0.2954657545556193
0 0.5854310259708891 0.29098672205987186
0 0.6082164910824402 0.2949159775091254
0 0.6344170273970002 0.2939489303723625
0 0.6572108484156753 0.2902398376361183
0 0.6744312964703726 0.28616733473280204
0 0.6871774723834317 0.2826912618201712
0 0.48995150990136294 0.2885897543119348
0 0.68779208438228 0.362707830771156
0 0.7180205267732558 0.3229799887408381
0 0.7239779980610246 0.36187983284825864
0 0.7324787067330402 0.3670524146245874
0 0.7219348847866058 0.3629250197306923
0 0.6921846600168425 0.36596234155737833
0 0.7379796960107659 0.3687798855097397
0 0.7370103082579115 0.37010208627452024
0 0.6841479348747627 0.27240569578564683
0 0.6973041824834503 0.27635686954726346
0 0.7070020072810028 0.2796884355337723
0 0.5947660266867151 0.2683056594237037
0 0.5820635270489298 0.2627666062634924
0 0.7710487538057825 0.3170042836147806
0 0.8800155925362007 0.26598235329856046
0 0.7746272009351979 0.3656688495822575
0 0.9163804319889649 0.1971901993388715
0 0.828452502903731 0.2775969247455182
0 0.8452576845884323 0.27819965209649955
0 0.8623689077794552 0.2774591350037119
0 0.8842389653234378 0.26919505660948545
0 0.8156427776683932 0.2752994727829228
0 0.8583709906948649 0.24596970962441486
0 0.8387716551837714 0.2476148950017017
0 0.875744544941446 0.24717308269894642
0 0.8862407604313415 0.25086699179981065
0 0.8956606530624888 0.27645397134449173
0 0.8135941963156929 0.465470290184021
0 0.886973790500475 0.2620463106943213
0 0.9239016369633053 0.2532956037832343
0 0.9116554997213508 0.2666827422121297
0 0.8394467577986096 0.3363811213037242
0 0.787165982891684 0.4151182065839353
0 0.7796234524120456 0.4310996475427047
0 0.8054356526421464 0.41751564663389457
0 0.8140288060126097 0.42106788262077
0 0.7936701594811418 0.4298875456270964
0 0.802551890682915 0.4297449803870657
0 0.8333365220738493 0.4236679927162502
0 0.7751841588836649 0.3629627339217974
0 0.7785610048019368 0.351022449006205
0 0.907629216980675 0.23974135790182197
0 0.8018319840016572 0.30365828793981803
0 0.8159105426267438 0.35008008402326835
0 0.8156297226314959 0.3416936794052953
0 0.8855822671042837 0.32787321261737656
0 0.7752701102391534 0.3334810119608174
0 0.8694657215281673 0.23020038475161014
0 0.8927867678196534 0.2331141208824904
0 0.9079318067625813 0.1803151979394581
0 0.795023372153873 0.24294468514297318
0 0.8214970389785974 0.25256531990092734
0 0.8467486244828805 0.4095601563868315
0 0.8956323215818923 0.3729627321595731
0 0.8008665264300678 0.3579707114592842
0 0.7858065161044183 0.36365044065143753
0 0.8224130787927172 0.4300724781077841
0 0.8155600046334059 0.4310393328252046
0 0.9003986745424892 0.2242177525292272
0 0.814880049099093 0.354103642442952
0 0.8375433539242848 0.23229462439599244
0 0.8400055612234966 0.22204343145308286
0 0.8513596840202808 0.16456404794817386
0 0.9037878578123839 0.19887133214784705
0 0.8440929839144582 0.19244916166948237
0 0.915270480448785 0.23248524199361387
0 0.9144168450780537 0.21205716495928556
0 0.7839383129840312 0.4236383951228598
0 0.7998161085921786 0.4239487500294395
0 0.8086769927455031 0.42541131195814713
0 0.7961586135561052 0.3604865418828052
0 0.8187864100479562 0.4307924063309379
0 0.8131616371481315 0.4344916856807211
0 0.8131611245157926 0.43096946711125583
0 0.7938089803185152 0.3575380828069604
0 0.7977861528811248 0.43222974383312723
0 0.7882913817530093 0.43365168778792673
0 0.7756943305873353 0.43542827808338663
0 0.7730988388800103 0.45601746258528336
0 0.7757199280287909 0.4571690048860467
0 0.7773714927227601 0.4503632377023282
0 0.7765674459869447 0.44311861447666
0 0.7741831588032453 0.43734998754833054
0 0.7967598287631636 0.4334505221118098
0 0.8012874659312808 0.4356619801210321
0 0.8054823705359645 0.43883070686589115
0 0.80831654386028 0.442070838679438
0 0.8291023840074954 0.38868202800336094
0 0.9110735936657243 0.30424166840055716
0 0.8042685255084349 0.432358629807182
0 0.8091170363452124 0.43344891278640085
0 0.7784385198484296 0.3698931888393734
0 0.8069654842433722 0.36188728472460874
0 0.7821520968623783 0.36685338305390397
0 0.8192306572328443 0.30947187102359275
0 0.8476909794237303 0.3170275488625402
0 0.8171777697684972 0.34617208216501316
0 0.8887642102073068 0.16923140650210172
0 0.8814415990010552 0.1918499153593312
0 0.8743885982295742 0.21984385096508524
0 0.8186479993164539 0.43474004657372184
0 0.7992278800710387 0.22670776377553525
0 0.799961525298979 0.19565668715083082
0 0.8039434824300848 0.16405625330365223
0 0.8763050913162853 0.27454604610152866
0 0.9104521123935347 0.2843083714661391
0 0.8081565342195656 0.27293710553127787
0 0.8998487225693205 0.25409865716229313
0 0.7900436274383379 0.297021150070688
0 0.8062595553372217 0.34891314817511515
0 0.9191098916141883 0.28584693903508396
0 0.9020883790824724 0.29390810248644456
0 0.8831287745548331 0.2997580528259277
0 0.8513071221177992 0.29873126822969187
0 0.8276483878169371 0.2944539786680885
0 0.8112162657729958 0.29011693415434464
0 0.767308246506297 0.28393285637316495
0 0.9167595065158346 0.3144787272681361
0 0.9109355246891147 0.25150851788728135
0 0.7673681219634803 0.3687562004379604
0 0.8034251086089922 0.3185766295246456
0 0.917297428716784 0.24465448843396229
0 0.7990879997934984 0.28515013611834983
0 0.8159925979764565 0.3449297529199849
0 0.8916256897475409 0.26163992104323014
0 0.8053301529068014 0.3386150398980016
0 0.9061048192822415 0.3368446420068326
0 0.810143565516109 0.2690309928811115
0 0.7911907619108325 0.3350818709186886
0 0.8794966035563013 0.42078100287395975
0 0.872983165409254 0.4322560528050298
0 0.9221851730152316 0.3098408263662587
0 0.8945691221110199 0.397344956708991
0 0.9189597245143808 0.23000478174375452
0 0.8174121110983517 0.47810013605200724
0 0.7628519677597544 0.3701439987058225
0 0.8184291053077449 0.32668339636014854
0 0.9211417269771514 0.26750552732011545
0 0.8619808450989102 0.27083725074063175
0 0.8464814405078473 0.2717387878376505
0 0.8169804404935112 0.43563224258630173
0 0.9122990583596022 0.34054717499276865
0 0.7848141282472921 0.5007622366366179
0 0.8366055101480173 0.4736195292161859
0 0.8549169765218444 0.45630063388658604
0 0.8325260845215424 0.2710971218088399
0 0.8201560611310212 0.26965939946796585
0 0.8129489630784678 0.26922141805939054
0 0.9192615624355234 0.2470377944085909
0 0.8251073034885137 0.26151836449685306
0 0.8402237033714419 0.25833193517249564
0 0.8557294304280177 0.25738818826882737
0 0.8703285501055096 0.2581009794836459
0 0.8787833610954492 0.2597914008990578
0 0.9194607371869294 0.21703641777453214
0 0.8724041984457037 0.2686508422312529
0 0.81393321716915 0.3822570062201956
0 0.8018917911078619 0.3566903881404711
0 0.7788753509521484 0.38236790973207224
0 0.8609051715744578 0.4429232913514842
0 0.8403602002755456 0.4607057773548624
0 0.785953812463128 0.4916229476099429
0 0.8847655070864636 0.4054752686749334
0 0.8150230393461559 0.2661556881407033
0 0.7819943769794443 0.3062216284482375
0 0.8145426003181416 0.48911404428274735
0 0.9158852975005689 0.33922249026920487
0 0.7871120197941428 0.4351333517095317
0 0.7913061383625736 0.43910880529362223
0 0.79352850207816 0.44416911913001017
0 0.794147420188655 0.4502541534278704
0 0.7994135896796766 0.44623545796974845
0 0.8091013156201529 0.4300735626531684
0 0.8144107171050881 0.42775588916695634
0 0.8195819129114565 0.42500583192576535
0 0.8405612888543502 0.3979615032672882
0 0.894574145907941 0.35305838558984837
0 0.7783590960113899 0.28981020022993503
0 0.7954971469614817 0.2611682487570721
0 0.8067435144406297 0.26196988523006437
0 0.8043331513586252 0.4314839964327605
0 0.8946527837087279 0.38290958767351896
0 0.7811080698409806 0.2626234112874321
0 0.8056386208728604 0.4543405455091725
0 0.7696063431060832 0.3012896058352097
0 0.796721996496553 0.32592855277268784
0 0.7769883854881577 0.4657024878522624
0 0.8476270712588144 0.4249296338661857
0 0.829853185331044 0.354691780909248
0 0.8287614835021289 0.4407980721929799
0 0.8646602034568787 0.34973428897235703
0 0.8443213445336922 0.36787960788478025
0 0.8767627011174741 0.36858988015548044
0 0.7835429025732953 0.4790649616199991
0 0.8062967724450256 0.3300866997760275
0 0.8597819599444452 0.4312993788200876
0 0.8369750838888728 0.44923279155855594
0 0.8612805209729982 0.4069984951744909
0 0.9072451870078626 0.36281418618948563
0 0.8788515753720118 0.40346077810163083
0 0.9077028993355192 0.3678186984165855
0 0.8557977472310481 0.384306552099145
0 0.7925082611972871 0.31225477949432706
0 0.8002014030580935 0.35536419904750327
0 0.8102332761754161 0.3551485494427059
0 0.793821591074052 0.3495010417440663
0 0.8093448501566182 0.2501510519048442
0 0.8373541925912318 0.24231024358583533
0 0.8622031224810559 0.24016364838766016
0 0.8823607829601868 0.24163089835125467
0 0.8951584442478159 0.24617829219154688
0 0.899726579370706 0.2643994593101999
0 0.9253498233206894 0.2812874052835547
0 0.8877683022747869 0.28238802642925925
0 0.8712971859976001 0.2869500791249068
0 0.8483450982881628 0.28742050943167313
0 0.826971986533507 0.28519042173157566
0 0.8121389356320319 0.2821357821640761
0 0.8021131115763084 0.27929467558860777
0 0.9135280773043633 0.2736666897068853
0 0.8082852732876072 0.3573407655176909
0 0.7847697684622329 0.32057810555333677
0 0.7885173159125058 0.3589117469994918
0 0.7767393828734107 0.36478127163389457
0 0.7869946269885354 0.35977361072664676
0 0.8023861737354941 0.3612568839736607
0 0.773506449940412 0.3669650562431501
0 0.7696918843557006 0.36840162406796995
0 0.8034729201184667 0.26983247192009635
0 0.7937594600345778 0.2735776520293692
0 0.7891770395571771 0.2768361686364464
0 0.8835676561879076 0.26113112931666166
0 0.8923879398599915 0.25519508006780045
0 0.6349667059662549 0.2783854592105617
0 0.6564806036489166 0.27791663822920426
0 0.636266177682125 0.2681697938753211
0 0.6132367850159821 0.27861818165882773
0 0.6331614199215951 0.2883660930654277
0 0.8670797597454942 0.25921697668407273
0 0.8825420497552209 0.25826436099798783
0 0.8661677526391071 0.24941380594087684
0 0.8498210009673367 0.2601125137961429
0 0.8667211905121803 0.2685575713282046
