0 0.5978409268123948 0.6416664247171603
0 0.5330904500316018 0.6021438772263734
0 0.5492566206047068 0.6111143135290215
0 0.46539244225815585 0.5717078695694605
0 0.5164362051240776 0.5907151421559029
0 0.49499255216316035 0.5747017926280049
0 0.44303444696023414 0.53513043784145
0 0.3246621950731977 0.6029534474339174
0 0.40768186278317287 0.5100593479971091
0 0.38700477544056333 0.4960349176780901
0 0.30509419168305135 0.43769222144307435
0 0.6027253640248723 0.6454493844530721
0 0.6071754638915476 0.6488548835766488
0 0.6102015775344942 0.6509067469640918
0 0.6107392552430215 0.6512639369221701
0 0.6164499316364527 0.6554751799482367
0 0.6234253621457712 0.6607222125150155
0 0.6311311231845099 0.6662787668730902
0 0.6488899666330089 0.6759488036235174
0 0.541496506932637 0.6073246650613736
0 0.5244108270043912 0.6167456122736136
0 0.20377580408492815 0.5974808965364228
0 0.3833244073650111 0.5827175512154034
0 0.36772054028899775 0.5946623117163561
0 0.35122376850441744 0.6046793154724266
0 0.32363167178371677 0.6115600634636222
0 0.39517402899977955 0.5709670560191507
0 0.3187730476746093 0.5713299124137216
0 0.3397073645711593 0.5596640632636305
0 0.30443257150118763 0.5844998791597892
0 0.29945873388129735 0.5954129685094391
0 0.31809882876341755 0.6280134964896285
0 0.6147087124864692 0.7354296795699907
0 0.315530205104986 0.6041816037310206
0 0.26477185952598636 0.6517213994394178
0 0.29017083188923803 0.6327403268196444
0 0.4357100778218845 0.6405501951450023
0 0.573270546272397 0.6518781026960283
0 0.5869583950742431 0.6596964122592539
0 0.5569508602923673 0.6669981706401577
0 0.5465741686360992 0.6787772316863572
0 0.5704146144182786 0.66978418805461
0 0.5574608779633823 0.6785996443983437
0 0.5435408871296955 0.7059723005454609
0 0.5183486614538275 0.6108688458368399
0 0.5003563127601924 0.6011687243978182
0 0.26686280884820485 0.6035570981709854
0 0.4295081169465962 0.5897441661336283
0 0.4743223248616509 0.6302225304686505
0 0.46472387408594723 0.6240387541660364
0 0.38460494837035303 0.669931632237158
0 0.48131644458550477 0.585666171990443
0 0.29213546410850855 0.5684343341576017
0 0.2728555164826305 0.5864918652543987
0 0.19021141403557165 0.5693372545250948
0 0.38114489315320615 0.5325887343859759
0 0.3626331601939771 0.5527849509448245
0 0.5152997249818366 0.7044081888229087
0 0.43484023780278536 0.7486233051488365
0 0.49608255112948624 0.6286516715974911
0 0.5144808295628299 0.6233329615299252
0 0.5335434326173171 0.6950893543012764
0 0.5375938911152922 0.692751803205929
0 0.25427856915832864 0.5844913795050504
0 0.48046263331628364 0.6348866502875867
0 0.3277868338577125 0.5500470982405586
0 0.3115903207951266 0.5424906861144996
0 0.2174192605054249 0.504540735396786
0 0.217912457883358 0.5757731872516266
0 0.25887910620835813 0.521449338077851
0 0.24981461728558593 0.6036761225457641
0 0.2245388398270892 0.6002847895134187
0 0.5805377044269572 0.6566546165748782
0 0.5640320497686448 0.6686764581371909
0 0.5520082446544067 0.6788097698835359
0 0.5029225398017012 0.6278954067847867
0 0.5355882525605999 0.6938955471243548
0 0.5479634588827258 0.6906574707532275
0 0.5399290754905214 0.6914899111657903
0 0.4993153894725053 0.6210958874527959
0 0.5616206573727338 0.6782509248865687
0 0.5750571032581122 0.6700843047296655
0 0.5913655757094207 0.6610207519345526
0 0.6260385540840419 0.6893974188445271
0 0.6088769299828488 0.6779230309893256
0 0.601510301232338 0.6720711793480576
0 0.5957499335155539 0.6663354896548865
0 0.592203688038432 0.6612995464516722
0 0.5621349845567475 0.6785291060265424
0 0.5616068933159113 0.6820632683086223
0 0.5619464213757411 0.6864827382715716
0 0.5638173656619113 0.691079445021308
0 0.507353730580729 0.674202752556058
0 0.336811327861379 0.7009493843044924
0 0.5453184293178113 0.609153668085734
0 0.5516439149075228 0.6848147321438444
0 0.5496877917776937 0.6875558561928894
0 0.5261954051320967 0.62421137602001
0 0.49610088854704215 0.6373044953722021
0 0.5204653799047937 0.6237824793527091
0 0.4213499449922339 0.6072898778146592
0 0.4048582742638562 0.6322214973793514
0 0.46903125431550585 0.6302932148826295
0 0.19258830834018148 0.539023776255224
0 0.2272662338598267 0.549908679464589
0 0.2741318579115298 0.5624617348438588
0 0.5689014476602492 0.7040483993140684
0 0.3552131022772063 0.521424554720305
0 0.29737081880802696 0.4950148568799098
0 0.25411553324564645 0.4722878462162571
0 0.33581708363540796 0.6110034967246263
0 0.3105111175986088 0.6470717962129392
0 0.4019525851244512 0.5625851696924024
0 0.2901175566341566 0.610200381581334
0 0.4308749581484691 0.5751298714591109
0 0.47894634436006134 0.62055120854706
0 0.3060116782055601 0.6663151021668876
0 0.3320340787910897 0.6483002445943977
0 0.3585801951425231 0.6396893057162347
0 0.38826906782291504 0.6181247177655282
0 0.4059035730264757 0.5985166568686997
0 0.41683856648919376 0.5824408597056416
0 0.4313121538447297 0.5477453274787336
0 0.3421012330800295 0.688894508001597
0 0.2755624623159352 0.617347189211759
0 0.5320855859343124 0.6125173699380695
0 0.4462929664827559 0.6010601858513943
0 0.26063835495354043 0.6517347769028898
0 0.4226864437046258 0.5686779325099095
0 0.4687245313240134 0.6310199499670146
0 0.3098600293388185 0.6095925248295501
0 0.4679062955243432 0.6127305623089921
0 0.38207592385942524 0.7258300059407518
0 0.3971828337272872 0.5585601304428301
0 0.4726305331872857 0.5982200744143431
0 0.5046287991268479 0.7565767037263815
0 0.5266355471280606 0.7684849828913591
0 0.33346551871332136 0.7000293477937796
0 0.46284288159855036 0.7531733076101628
0 0.2417517603253541 0.6240698027330033
0 0.6284444936267708 0.7507884680576946
0 0.5375776205049909 0.6132706846987855
0 0.44307492560018663 0.6187184960513875
0 0.2788836017008061 0.6422537771472032
0 0.34397149575955194 0.5963553786817668
0 0.3585831414422263 0.5879153383598812
0 0.5472564349031966 0.6938988184691339
0 0.37809780361535755 0.7102814502474191
0 0.6835903411974078 0.7463546859613364
0 0.6105770328608544 0.7644840990179691
0 0.5733703686653272 0.7680580139808033
0 0.34365789073964825 0.46563279180639033
0 0.723206287006969 0.7249811211789864
0 0.3718310241465983 0.5778766619446485
0 0.38447095769579 0.5676476341550765
0 0.39344318786069105 0.561604204385177
0 0.26065189913725073 0.6210944854478905
0 0.3692487903425227 0.5614812952884729
0 0.3495433662572633 0.5680540695354559
0 0.33393037444709434 0.5769952389857044
0 0.3223228550961484 0.5877662585049436
0 0.31785298863668804 0.5956153829676517
0 0.22606838713197605 0.6232807660556358
0 0.3330010147765279 0.6007302473636641
0 0.5629544076712235 0.6198849349242189
0 0.5142392329871655 0.6577975134486738
0 0.4934351469349602 0.6272507181958012
0 0.540152246699385 0.6350414549958878
0 0.4248659579164308 0.521667773362951
0 0.548896732294689 0.7574844726941724
0 0.588070161478675 0.7552403885925162
0 0.6698619038190531 0.7386727797920289
0 0.48375312238931656 0.762484460313251
0 0.387217964410134 0.558816113171802
0 0.4459072650693681 0.5729072263491326
0 0.7096584094283374 0.7169058650084164
0 0.6468753132807172 0.7582074690988099
0 0.374980046859254 0.7223018898048262
0 0.575794645625612 0.670397682034451
0 0.5769486276675826 0.675163038290929
0 0.5802609721279662 0.6803595694726792
0 0.5857972891434379 0.6860234940397567
0 0.5966324602132258 0.6991625582610351
0 0.5467731538026229 0.6860866134689338
0 0.5423832112194403 0.6872817642338898
0 0.5384615983652032 0.6879859504060469
0 0.5070678515602713 0.6906960843049962
0 0.4071527601260206 0.7031535404747811
0 0.43023684240229754 0.5603793194328529
0 0.39835348215116106 0.5447265334373367
0 0.3893451488212399 0.5513344892449137
0 0.5512900511207788 0.6846644547430502
0 0.4448452119756004 0.7324033935648807
0 0.41222611231648404 0.5378339998424053
0 0.6050658253547938 0.7171723919826142
0 0.4771680106287417 0.5610046720375186
0 0.44877944554647675 0.5603566536868828
0 0.46055787226752093 0.548329934315837
0 0.45940081200197985 0.5985118082684019
0 0.6906959365891374 0.7044071081107941
0 0.6685266583834005 0.6892642575869525
0 0.6398095588969148 0.7059824358725894
0 0.5355123083876527 0.7216721851432669
0 0.46795449171053327 0.6487407954274744
0 0.57102005701998 0.7221874511544255
0 0.4282084030058721 0.6708317778032759
0 0.46909928305641463 0.6699067466500876
0 0.4403404076786145 0.6982733658582404
0 0.654832213388189 0.7244732449020165
0 0.45834440964719525 0.6107122009971003
0 0.5347314949916757 0.7403636853332105
0 0.5757572671965413 0.7390955426878687
0 0.5011490872534721 0.7166898978361185
0 0.4104032982545702 0.7275053725942321
0 0.48327947173105634 0.7319999666533609
0 0.4166776633456997 0.7410159973238689
0 0.4770566668847333 0.6929909326676009
0 0.4462399550754091 0.586507579392713
0 0.4913825874581285 0.6225829473224239
0 0.4848473429193963 0.6309234452960284
0 0.488054939829137 0.6111349346845046
0 0.37407654426668 0.5449279840171769
0 0.336810118559262 0.5565453617685083
0 0.30983166570734716 0.570990890102542
0 0.29260284838307166 0.5858918655717719
0 0.28572959290898364 0.5990456508445567
0 0.30181874193089164 0.6203181836484135
0 0.29619403592432325 0.6770497279754584
0 0.33366179944056534 0.627108181030422
0 0.35448897216954955 0.6198486580472925
0 0.3766891425475478 0.6057143455938153
0 0.3943900494309871 0.5895746403738208
0 0.4067189065010651 0.5755701302078323
0 0.41382100591031107 0.5652173754853614
0 0.29793397981025604 0.6763517632000688
0 0.4893645920345317 0.6331180210994638
0 0.46015669178703555 0.5844555407546569
0 0.5040041835897643 0.6166028998576213
0 0.5206745671837226 0.6160093260308107
0 0.5067448579584775 0.6179498468620189
0 0.49882634769639245 0.6330626126972662
0 0.5255655566149432 0.6151387978183187
0 0.5308469527441523 0.6159363049419894
0 0.40364294762358716 0.5558517490500126
0 0.4148536399816689 0.5541205942846726
0 0.42171544006661227 0.5543117050783358
0 0.31635140919167065 0.6004277648053308
0 0.29980846405353234 0.6042408384382725
0 0.49416451002268685 0.5530919023937937
0 0.5579526461660862 0.4517793184605198
0 0.5584182494684405 0.5949444652035616
0 0.5648174365253552 0.36415661142572114
0 0.5236837505970312 0.48971440208454925
0 0.5418705990457017 0.4802574700797382
0 0.5581648237193408 0.4698322346245033
0 0.5718370175555997 0.45066427183000074
0 0.5059924961432166 0.4965549154558044
0 0.5100584776829118 0.44658030456174974
0 0.49200175014203007 0.4595552173753579
0 0.5303351760882399 0.4374876017479793
0 0.5471605262516633 0.43433259416749515
0 0.5971988973248264 0.44722928679075796
0 0.7432459182227436 0.6538287880628005
0 0.5610242735432542 0.44500261091667676
0 0.6444582041838894 0.40733735482005967
0 0.6067696660757065 0.4270959413893845
0 0.606145270411735 0.5313028184076151
0 0.6160243012658928 0.6266901499011378
0 0.6261984458112199 0.6367028600171857
0 0.6410100660894228 0.6178780817359254
0 0.6597663858986419 0.6127173016792622
0 0.6435828013750522 0.6272829935170602
0 0.6583262170138566 0.6200676336884499
0 0.7008900456130505 0.6054376832924891
0 0.5470923655868872 0.5923488283718842
0 0.5333985802110123 0.5798496625561645
0 0.5601169891331507 0.4127677725493044
0 0.5295875635322022 0.5250709942285565
0 0.5839985511873079 0.5601900487706282
0 0.5759860231824543 0.5529094080886116
0 0.656228891371385 0.49575618157784146
0 0.5123520620653162 0.5655660073718299
0 0.5032022623750179 0.42980148956395575
0 0.532597582463337 0.41721017113414366
0 0.5190885784509389 0.35621762721110944
0 0.44273803601770295 0.4886277752617995
0 0.481008578253829 0.47423347852368286
0 0.699694331654388 0.5864982619017794
0 0.7846631525165361 0.5246038053022779
0 0.5804925424897153 0.5749084715178048
0 0.5713348273673783 0.5872901610058286
0 0.6860949597928835 0.6065934318779171
0 0.6822137596166652 0.6089824482366659
0 0.5310829205681449 0.40420970093944797
0 0.5919072551085897 0.5640832995590956
0 0.47274517502797686 0.45290664723817853
0 0.46201884114871855 0.442399058598971
0 0.411909956768479 0.378109743953615
0 0.5236908305112434 0.3769982753564482
0 0.43271960561042244 0.40778116239369777
0 0.5621957574849543 0.400610374637704
0 0.5642453706620828 0.38046974173166614
0 0.6221908625701199 0.6321312433135682
0 0.6427055516320727 0.6228430192323698
0 0.6592709238276534 0.6163232582958712
0 0.5793203549540561 0.5794178742537464
0 0.6840986878327702 0.6078438450028931
0 0.6775824843055528 0.6153064250298168
0 0.679885919003383 0.6104155309174372
0 0.5663432679746462 0.5780997559752153
0 0.6571502916352905 0.622816001429506
0 0.6433859709650278 0.6303539684285289
0 0.6277978028292241 0.6396888091728308
0 0.6706749066386534 0.6608790618138037
0 0.651823997416574 0.6525388851329901
0 0.6431386137138242 0.6473646984044192
0 0.6352305254372566 0.642988836635714
0 0.6282447608916656 0.6401196335968764
0 0.657565104248731 0.622965548619412
0 0.6632595540064833 0.6227239072322845
0 0.6700350319075844 0.6232512947441875
0 0.6769274823043657 0.6247120962302753
0 0.6515972202886706 0.5820980402978434
0 0.719963070653055 0.45546532079469465
0 0.6678931159979623 0.6172344154421834
0 0.6726096141273561 0.6161376971049585
0 0.5719014403774686 0.5954579202917175
0 0.5957334430321403 0.5743098446316477
0 0.5716291495153437 0.5915281005419682
0 0.5570784746466771 0.5198675114391507
0 0.5964272306503161 0.5092002840955621
0 0.586222127970794 0.5556119770027589
0 0.46913951983594376 0.3593835879549168
0 0.48055436437868554 0.3846778740593489
0 0.49543308993072616 0.4176046018475208
0 0.696101692950596 0.6227461348517217
0 0.4264950857538244 0.4715885962697043
0 0.38982917749039503 0.4346196838803049
0 0.3595821569147317 0.40374990174735803
0 0.5693691617444806 0.45947124312321347
0 0.6276261698778557 0.44156464661701
0 0.49354029025720514 0.5003000794761423
0 0.5706441619473955 0.4279250812487326
0 0.5069117416506228 0.5258023442457551
0 0.5671657253380703 0.5639594850008902
0 0.6601472061289393 0.43874728855123557
0 0.6267967645240866 0.4577404534633177
0 0.6110691528605379 0.4768121744627538
0 0.5761640764286985 0.4965158783817205
0 0.5454336428285941 0.5073996570663176
0 0.5205992386554894 0.5141813154399827
0 0.46315941093084606 0.5269686224721912
0 0.6917022518489672 0.46475484465127403
0 0.5826120753165173 0.41765279576614284
0 0.5498826433297085 0.601088079907324
0 0.5444979508123968 0.5378455955913102
0 0.6487312622206367 0.4019518304562223
0 0.49911046773195267 0.5177129073797361
0 0.5884585893186538 0.5547756518682708
0 0.5698989679955918 0.4407671394933393
0 0.5570543325789596 0.5554933031292065
0 0.7547053090580131 0.4873664673903714
0 0.48843021925700747 0.49633298976265866
0 0.5331691646057627 0.5591814522833928
0 0.7856687202077844 0.5774295100051424
0 0.8058240486551886 0.590558964651132
0 0.713651041297809 0.45619734260591044
0 0.7839247306565875 0.5477632614581481
0 0.6019824127788129 0.3916801291423431
0 0.7669383454258027 0.663215941115134
0 0.5518952738493681 0.6040538168255833
0 0.5722042496275642 0.5358775166011807
0 0.6245681306590205 0.4182639822795771
0 0.5456259438525075 0.46494256726641586
0 0.5319822895462099 0.47404248456376186
0 0.6826741739135721 0.6150204452375571
0 0.722084318490132 0.48982424040635425
0 0.7581924086679583 0.6992783989163412
0 0.7927053633915342 0.6492334541095339
0 0.8015246498196021 0.62337467117586
0 0.5168265678474436 0.48174637008080445
0 0.501677046570441 0.48892482505112456
0 0.4928469423852537 0.49419072626725485
0 0.5906571005673512 0.40625462732345297
0 0.4945452423037394 0.4784615748170493
0 0.5049580371250277 0.4662662059392618
0 0.5187677396056445 0.4568133339069892
0 0.5351898864559506 0.4497691501147937
0 0.5474168983004664 0.4469603939332824
0 0.6053179758398429 0.3786385480746411
0 0.5533062875594782 0.4576762095093727
0 0.6255875503563363 0.5869489188535489
0 0.5778355958021205 0.5734173516756382
0 0.5880339263897875 0.6047195646965849
0 0.7839580194457717 0.6083057472023411
0 0.7772299022130345 0.6355127915200116
0 0.7452298772885747 0.6910897848074851
0 0.8008223750992961 0.5595347867279813
0 0.48959589854854607 0.4899579712284216
0 0.4998735153804655 0.5379490518699521
0 0.7794202781565811 0.6744878268868163
0 0.744714230865888 0.48533310754683573
0 0.6438842913864747 0.630629082682772
0 0.6509941523165806 0.6316797101087328
0 0.6586483750978241 0.634192599442558
0 0.6671288810346437 0.6380004739739756
0 0.6869044886173113 0.641359969811595
0 0.6707143958496011 0.6141608117715173
0 0.6729208665049594 0.6113765760716321
0 0.6744043503928444 0.6088044812389906
0 0.6777601417801951 0.581585052544656
0 0.7066482585733351 0.5112385509562665
0 0.48351231735685596 0.5257957577435435
0 0.465276415216858 0.4986416683194862
0 0.4774554727356071 0.4916541781006516
0 0.6679662897696962 0.6170505775489669
0 0.7505018628485824 0.5366582434786402
0 0.45077677289752854 0.51024923203648
0 0.7151139010877713 0.6470286845620992
0 0.47955499710920063 0.5403717163464298
0 0.537720186230929 0.5481951081774373
0 0.6956961589824894 0.6703773529633231
0 0.726212787968309 0.6000861429433891
0 0.6159237313043812 0.554354933562918
0 0.7249385353339755 0.6240795875589052
0 0.653268167992001 0.5266005085592252
0 0.6485693036862041 0.5552368238568306
0 0.6955470410378083 0.5349649136373098
0 0.7234460366484912 0.6809634830856669
0 0.5573768864345291 0.5471750619834748
0 0.7565261222746061 0.5991784616009049
0 0.7516090998669034 0.6273016284989275
0 0.7201217310908048 0.5768923376673374
0 0.7465422559205604 0.5121094588784204
0 0.7462120944553096 0.5640103953040164
0 0.7697882527566474 0.5147390943290531
0 0.6840936747258124 0.5607561082511708
0 0.5215345788747072 0.537921187022458
0 0.5689206205956314 0.5728211782980657
0 0.5840776175584482 0.5676448301452658
0 0.5504093713572492 0.570967903063781
0 0.46643952199298405 0.48247856714263343
0 0.4850179204798263 0.45826338668880257
0 0.50786475966806 0.44100196071077086
0 0.5314905653181283 0.4299246761407973
0 0.5525669862070809 0.42537972673881747
0 0.5866727799015201 0.43532972634378553
0 0.6811736718468044 0.42984902629277844
0 0.5942650864143735 0.45853511276452436
0 0.5813709355728782 0.4728987260411183
0 0.5582544439998658 0.48726981667720753
0 0.5330570732931728 0.4982596073785554
0 0.5117525120630212 0.5056051199958809
0 0.4956706848157489 0.5099149414918561
0 0.6848672762837099 0.42788537238063157
0 0.5879955365444007 0.5703628211133722
0 0.5146620929565119 0.5491819443802038
0 0.5573694986979598 0.5822227019006792
0 0.5565741297019564 0.5930092603076196
0 0.5602963176434455 0.5835686558182689
0 0.5881097826134899 0.5764689321859159
0 0.5544792666383411 0.5965697101816752
0 0.5565578590916551 0.5994161014323649
0 0.48346807888668514 0.5009797013540199
0 0.4785189989792264 0.5102898901787357
0 0.47674070922252926 0.5167075968414977
0 0.5551304868219987 0.44585091150973155
0 0.5610812646539315 0.4345215435369291
0 0.3448793298524359 0.5822458933984888
0 0.361815232216664 0.5710816699201646
0 0.33104722230168787 0.5729575816919839
0 0.32798203720670677 0.5934455467091091
0 0.3587582044141448 0.5916698198711526
0 0.5261990990003814 0.46432439993689023
0 0.5432400567376096 0.45329966134243255
0 0.512053518353597 0.45513200873266096
0 0.5090524262708166 0.4752401618583911
0 0.5403522432822249 0.473481390517259
