0 0.422205216858698 0.3839769676543664
0 0.3784526573575061 0.3478381162968235
0 0.38703099670617475 0.35600618327009503
0 0.3252601118191429 0.3221297092951726
0 0.3669305515030156 0.33826715180623357
0 0.35065037854339765 0.3251642293796159
0 0.30974450286315836 0.29258773643253505
0 0.1972704264132873 0.3431972136208113
0 0.2847285808428474 0.27204915878457436
0 0.2708069701557574 0.26037299201108405
0 0.2116491043049356 0.21180176513566487
0 0.4252064953679624 0.386801839414714
0 0.42820339099220606 0.3893737733580064
0 0.430411652378414 0.39093248859263846
0 0.4297793766726618 0.3915316689813483
0 0.4324417477068694 0.39402685578966484
0 0.43574020720046497 0.3972950168493865
0 0.4398766172968823 0.4009441743618336
0 0.4513577093248782 0.40822177401919296
0 0.3834356769271519 0.35230554305556894
0 0.36716826065726904 0.359926108000935
0 0.09662757392810739 0.33684600911278656
0 0.2472747616145922 0.3293846614550853
0 0.23394690713156824 0.33802903513761534
0 0.21933818122614984 0.3454334950209528
0 0.19458343282989835 0.3501022790653118
0 0.25711836503899616 0.32085394103457965
0 0.19568489103213602 0.31666466761110484
0 0.21365329428859378 0.3083038523361303
0 0.18252925186053567 0.32671572969875473
0 0.17700813516326572 0.3355179999725542
0 0.18814946451912756 0.36317595051250595
0 0.4123667089835457 0.4516930828491847
0 0.18881901256416156 0.3436807107882223
0 0.1357378564451052 0.38335213151530945
0 0.16236520137475885 0.3666488684281923
0 0.28685659623664356 0.37711347968897957
0 0.40299674220707105 0.39211986802410387
0 0.4122013352487398 0.39799992632174835
0 0.39035104992597 0.4041573553197626
0 0.38225486356279126 0.4136325693216877
0 0.3996241656334504 0.4060539487155451
0 0.3895387908686762 0.413342431889496
0 0.3650351853474327 0.4318373419236446
0 0.36529395372971246 0.35446221581187803
0 0.35208661076815234 0.3462876187286515
0 0.1497981872247613 0.34115505013344943
0 0.2881230362083601 0.3364971251483413
0 0.3238092699776525 0.37033940776102786
0 0.31579283074192377 0.3653214707214763
0 0.2398370413676552 0.39910512908861256
0 0.3377966239400532 0.3335766007286915
0 0.17645182946453924 0.31276015100487764
0 0.1581024002769719 0.3270894134066243
0 0.09279828648204388 0.3133399611797886
0 0.25236434230337973 0.2863344346591528
0 0.23263717280781787 0.304161561464054
0 0.34377277674882306 0.43031885901439015
0 0.25420262405405875 0.46559101559113764
0 0.3419807112735251 0.36958832282950915
0 0.3571500544962676 0.3655384317904279
0 0.3717908502920814 0.4264423216058724
0 0.37476722118647204 0.42448421799834224
0 0.14323087943636853 0.32585810859134234
0 0.32741741771283356 0.3745707233530888
0 0.2071622415729191 0.2986831660719885
0 0.19632201285465903 0.2929963696802008
0 0.1296866066429926 0.2616865224056486
0 0.11776735082916591 0.3190171458366988
0 0.16292430428059204 0.2760340422121943
0 0.13541313098824542 0.3417653586121573
0 0.11647014157927554 0.3394888938013194
0 0.40772473488164984 0.3956868733292904
0 0.3950811805932418 0.4053486234683921
0 0.3857828722051952 0.4135797414658726
0 0.34730078539122705 0.3692146635789802
0 0.37332443245079205 0.42546657154309575
0 0.3816275408734446 0.42262993580189306
0 0.37647626127885736 0.42337661841209384
0 0.34701778642509296 0.3629680386595968
0 0.3923913719861404 0.41292506737121637
0 0.402931105831395 0.40616701500139374
0 0.4155747670194377 0.39893463696690573
0 0.4315405837867571 0.4186620257686878
0 0.4230981495069421 0.41008975232640904
0 0.41903528635916504 0.4062250278134277
0 0.41658781922381855 0.4027277259291082
0 0.41527359511541284 0.399546119397965
0 0.39228742990804755 0.413525959773772
0 0.39141523578892584 0.41586674739053286
0 0.3909132351046023 0.41898872692515887
0 0.3914586014073828 0.42224387667965196
0 0.34266900238783465 0.4060463424826014
0 0.1804251285350841 0.4261604507548222
0 0.3851378754429195 0.35397778926552204
0 0.3846581811490266 0.41846132883127185
0 0.3831886675046838 0.42035171006252803
0 0.3664499663788339 0.36633752648165263
0 0.339190274477005 0.37697889094335446
0 0.36188848770183063 0.36593417601956835
0 0.27895610747130023 0.3502623279025589
0 0.2623893187745758 0.36942308903604315
0 0.31778472726759704 0.37063517038157023
0 0.10202687849169192 0.28879848727281543
0 0.1314670735079309 0.29815944880787015
0 0.16317689030066782 0.3085574505013832
0 0.3848516338545343 0.4298397397109564
0 0.2345860956803612 0.27711470203771105
0 0.19844805060521417 0.25629790991112805
0 0.16531531059223672 0.23720518909934638
0 0.20535731250825134 0.35006163096514303
0 0.17905223434386047 0.37829809544095094
0 0.26277723973212036 0.3146783646897993
0 0.1672326624393463 0.3475209535032079
0 0.2917051716991093 0.3247346117336681
0 0.32983306439026544 0.3621415517468383
0 0.17054824369109195 0.39558674497664836
0 0.19851493414329446 0.37919604670310364
0 0.22292188457820727 0.3725611125861389
0 0.2496664627738621 0.3561361251209957
0 0.2654522961896399 0.3414404672988947
0 0.27561276794775674 0.32947427315124567
0 0.2978381106387014 0.30237874361699907
0 0.19721221956221954 0.41455223870234215
0 0.1533686528387277 0.3533125495997028
0 0.3750408486179683 0.3562917716369249
0 0.30137217692706897 0.3460854543507963
0 0.1290786862373352 0.3835214741420055
0 0.28219354509011557 0.3188571703714737
0 0.3164346205151599 0.37139236964825273
0 0.18258382412402527 0.3479590333890224
0 0.32077852280243585 0.35578587154547375
0 0.2131041864986005 0.4472342161596685
0 0.25863393460926803 0.3116504970020142
0 0.32782648698143335 0.3437270329914231
0 0.3185572196608004 0.4690162172352058
0 0.3313301225071368 0.47865578456633334
0 0.1826445609331131 0.42465426988791727
0 0.28312964737415314 0.46727793620548386
0 0.12377044234586798 0.35973174551474874
0 0.4191066596819007 0.4624469755352407
0 0.37832555369190546 0.35713024264660437
0 0.29591425573048386 0.360238844015892
0 0.15004883123480756 0.3749237161507641
0 0.21494200501752936 0.33876004059245624
0 0.22783606078313745 0.33268982647121814
0 0.3808034515899161 0.42502550786172133
0 0.22292024545047595 0.4322936180709065
0 0.4621835778588834 0.45892003135404724
0 0.4012756937223932 0.4733542157472044
0 0.37045987857424695 0.4769253054282803
0 0.2397815604572711 0.23492533694682777
0 0.4960355920636136 0.44304144533648004
0 0.23898578176031943 0.32553766851407895
0 0.24897332554278168 0.31823722570054774
0 0.255840005758016 0.3139088633807673
0 0.13905427507732226 0.35713285958205443
0 0.23670076643643173 0.31134676128841826
0 0.2202266062731328 0.3153092662493388
0 0.20690527266782263 0.32185111572777014
0 0.19646949871726657 0.3301650707380495
0 0.19197379894878552 0.33647506462707033
0 0.1080097303442333 0.35886448821511824
0 0.20498412588368292 0.3417844353378683
0 0.3962680159703545 0.36375304592260416
0 0.3505831030399903 0.393454627390357
0 0.34056250945381494 0.36820455095258314
0 0.37578355164631555 0.37548508549082105
0 0.29601714662883594 0.2816209425960762
0 0.35460192353829095 0.46926489947498706
0 0.3863163370153178 0.46645526463786763
0 0.4537195142196572 0.4535218071246493
0 0.2947390545969424 0.47554632719012274
0 0.2510649594275848 0.3109431662529275
0 0.30676553074432455 0.3229435273054717
0 0.487463987391928 0.4368154379552689
0 0.4314648632122123 0.46791377814783564
0 0.21277162173519965 0.44343158883461053
0 0.40271381450736005 0.40685915774193365
0 0.4026236268489257 0.40995741365612415
0 0.40388429424037103 0.41334255417619925
0 0.4066028232159822 0.4171532035089921
0 0.40710945621780725 0.42598558076913806
0 0.3816065172786298 0.41928153020748193
0 0.37871741211932636 0.42024138299883274
0 0.37612855240054754 0.42081449186240416
0 0.34006303872751154 0.4191480420421863
0 0.25145858169897745 0.42611305242863257
0 0.29421161179957184 0.31267922166464984
0 0.2634762564431066 0.2995622974105071
0 0.25390177284893783 0.30502346260608104
0 0.384521242717038 0.4181231816393742
0 0.27561246506545856 0.44997566393104155
0 0.2779427345680154 0.2933562349906002
0 0.40925029956776166 0.43881198850230896
0 0.3365732288878897 0.3139261547206105
0 0.31184192714483844 0.31277137692423834
0 0.3234740683565969 0.30347418790494185
0 0.31430721088596014 0.3441179102097732
0 0.4763412585724955 0.4278306425481603
0 0.46307800710201263 0.4173352639528288
0 0.4383732164683549 0.43027904246380366
0 0.35408859149269434 0.44324656905255455
0 0.3126364943125974 0.38521428897544957
0 0.3816156037475752 0.44314323678828665
0 0.27663289334463037 0.40047285695006885
0 0.3105662225381188 0.40141739944616955
0 0.2815488868433496 0.4225044451869916
0 0.44581895418789075 0.4434470947885859
0 0.3108930147212485 0.354291381287402
0 0.34827139844065125 0.4565961926743604
0 0.3808216245278068 0.45480258914007654
0 0.32842434100482776 0.4390190443482952
0 0.2461693481258724 0.44644243421329965
0 0.3089735605146574 0.4498325640308684
0 0.24460050690433252 0.45855089671153954
0 0.31403461681759876 0.4197626794701901
0 0.3041075782283493 0.33415765822797583
0 0.3404503004706424 0.3639463322858016
0 0.3328240805346033 0.3710167048957901
0 0.33980573130690533 0.3543326163637465
0 0.24356472071098245 0.297724780721077
0 0.21251299588576608 0.305109772561253
0 0.18953990806703983 0.3156666858256727
0 0.17382895784533542 0.32713160231925437
0 0.16617437387290207 0.33775278947491577
0 0.17447562936855399 0.3566717653386835
0 0.15642354151476984 0.4049660372885241
0 0.2016829226327979 0.3626038933145827
0 0.2204375014356945 0.35736823702851933
0 0.24021092283984888 0.3466950291092845
0 0.25583499929179315 0.33468786891603813
0 0.26659218481053476 0.3244128509600093
0 0.2734154637741006 0.3166231635040131
0 0.15380252282256665 0.4049237994612127
0 0.3354620784521103 0.3731707851739897
0 0.3182282538517662 0.3324270323458789
0 0.3523108149352281 0.35910130864468176
0 0.36480645576249 0.3591620362215284
0 0.3536949514046959 0.360464854300886
0 0.3426809038804925 0.373453927806754
0 0.3692402606425078 0.3583568271951399
0 0.37245694191559503 0.35932907985820284
0 0.26463864743709564 0.3094334635289683
0 0.27576244525287463 0.30787183787079825
0 0.2833447116224662 0.30738853636211244
0 0.190099883986556 0.34047435342833615
0 0.1759083873551825 0.3428653275081213
0 0.35074904690618103 0.30832691560836806
0 0.40457016229629517 0.2312973105767067
0 0.3972100511841152 0.3435572501325953
0 0.4136001169681549 0.1671783810454434
0 0.3732506004364594 0.2608304665680381
0 0.38865815167841705 0.2540330134224201
0 0.4027488419543142 0.2464203604267559
0 0.4144867425379546 0.23106417097691176
0 0.35872853450153186 0.2654980032880237
0 0.3693061820838762 0.2265340355967266
0 0.3535239119892535 0.23623024612881136
0 0.3856711620869844 0.22006536248153535
0 0.39835683483144513 0.2180798055091198
0 0.4347819588754488 0.22987248705349106
0 0.5227385150349658 0.391944557806288
0 0.40723281839619513 0.22567338177907295
0 0.47231253204138385 0.20217886548219383
0 0.44374891402928723 0.21437245175458383
0 0.4369124685940535 0.29644627323833067
0 0.4367928479028785 0.3722399632459965
0 0.4430229229771573 0.37987762387248053
0 0.45566305647725647 0.3654270775184251
0 0.47018166599066363 0.36121491202409717
0 0.4565141913683518 0.3722642493852671
0 0.46848181926685833 0.36627476894553157
0 0.5009766000768413 0.358532406443703
0 0.3905751828266227 0.3407125190116357
0 0.3815056040235188 0.3303506285815999
0 0.4116093607052513 0.20220940047200175
0 0.37702351614185003 0.28860038281350897
0 0.4205246477023415 0.31798489931700885
0 0.4144042872864267 0.3119720621169477
0 0.4782969161220219 0.2709026353406733
0 0.3654069110103276 0.3185702123935672
0 0.36857573688030243 0.21417039743476157
0 0.3914332661939704 0.20509250516044922
0 0.38176811389301135 0.15912361270275668
0 0.3148505104624707 0.2578277165691058
0 0.34286509195099707 0.24735500992856163
0 0.5026946910049604 0.34466890963739244
0 0.5666362086068029 0.29649467431548715
0 0.4157672576282335 0.3296748233446177
0 0.4072296826735787 0.3385150514111139
0 0.49072656424149225 0.355471839291462
0 0.48753489748291345 0.35719588614892267
0 0.39149975776672363 0.19522613268075645
0 0.4256933163041654 0.32153194743222085
0 0.342788124214048 0.23111542133425456
0 0.3364733846291252 0.222842114424144
0 0.3019550828182179 0.1704501495629117
0 0.3863598095334094 0.17541310650067052
0 0.3167729934920435 0.1943663226413554
0 0.4139618653318156 0.19289898003141084
0 0.41504055391187256 0.17947740291339764
0 0.44061336957890057 0.3764243941160216
0 0.4561683354170426 0.3691515147254087
0 0.4692976772785187 0.3637956995247067
0 0.4142360628946968 0.3330552435979463
0 0.4890344499245934 0.3563956908773685
0 0.4824445506800776 0.3619845111624918
0 0.4858841889578363 0.358115066382764
0 0.4056973476772723 0.3311890751339387
0 0.4675399265859438 0.36809967787585396
0 0.456260340369266 0.37441776714463165
0 0.4440435650555984 0.38209732319565787
0 0.469940642947736 0.3978798163217911
0 0.4558900400348332 0.3905358149845531
0 0.45122608024141064 0.38697854370094725
0 0.44725322658601013 0.3843005627285743
0 0.4435045414644739 0.38253356878092326
0 0.4673657870810965 0.36804371948043507
0 0.4710588487594024 0.36778356674788654
0 0.4750944168671318 0.36821320885117503
0 0.4792699878630431 0.36946104682873987
0 0.4675436680731566 0.33875930687223654
0 0.5223729182844576 0.24185836936036745
0 0.47622897832289984 0.3633329177248305
0 0.479184539421745 0.36256104405375494
0 0.40674524916254956 0.34470787018105603
0 0.427007469146148 0.3297877428864223
0 0.4070364437673403 0.34167934214507323
0 0.3987940543371698 0.28573362785728945
0 0.43067993482817774 0.27902985855505086
0 0.4215643891821737 0.3146363469785538
0 0.34577222751534503 0.1590778285610503
0 0.3544305990571561 0.17939368543633516
0 0.36432576373867365 0.20467042037542316
0 0.4944575396568879 0.37068222630499065
0 0.30550673409648565 0.24443751821915308
0 0.28052546537440753 0.21274770170018292
0 0.2591159450619117 0.18764864934095438
0 0.4122212898472081 0.23833894581142542
0 0.4590207740016606 0.22694000299426093
0 0.3488011930299842 0.26790326045475144
0 0.41646730770235474 0.21371034262836844
0 0.359485348281653 0.288174494912011
0 0.407977053652639 0.31988555263134016
0 0.4851397755353347 0.22627114364202472
0 0.45773013907930127 0.23985291634132896
0 0.4443921291309854 0.25455246288059413
0 0.4147699909365695 0.26847929197053116
0 0.38940313523230347 0.2756456718712613
0 0.36974333032317785 0.27998548022646835
0 0.3263165296419807 0.28705061896555667
0 0.5076358771842459 0.24741784083670465
0 0.4268867438254149 0.20632728291810423
0 0.3908087941615478 0.3476940870177055
0 0.3884638081426206 0.2991486381793368
0 0.47171531941579736 0.19912477952522645
0 0.35329753419627313 0.2821340942890316
0 0.4224302405896394 0.31427618818006653
0 0.41373701976693195 0.2230272687215736
0 0.40014284266077954 0.31288573944914166
0 0.546858386501022 0.2669801425890646
0 0.3453450565752776 0.2643767687343601
0 0.38173967859019403 0.31452831890488014
0 0.5633141955603724 0.33663577381251514
0 0.5755048873631851 0.3466619627847188
0 0.5223477968703145 0.24131248151694518
0 0.566017865486767 0.31412017480402754
0 0.44180426714213 0.18899431668113972
0 0.5374742377063503 0.39840895088686457
0 0.39109036779921985 0.35017014818562975
0 0.4100721083257509 0.2987864005068938
0 0.45728814472322876 0.20820043395286886
0 0.39379489292269165 0.24200244755416678
0 0.38188744951849396 0.24887975391702374
0 0.48593518008356507 0.36189252710428793
0 0.527739493743233 0.26784457506584947
0 0.525844377020131 0.42447000828342163
0 0.5575595031613889 0.3890369957771854
0 0.5675489176874575 0.37054374884220137
0 0.36903907553009363 0.2543572199301443
0 0.3562227357988772 0.25929968161643413
0 0.34877118986585864 0.26293708737669647
0 0.433550581983898 0.19782407700583554
0 0.3517309913168783 0.25075058150442614
0 0.36152916239655536 0.2414287884004306
0 0.37388651072978973 0.23421449656935706
0 0.3875662788100865 0.2289318210458842
0 0.39710425617902173 0.22695261075336864
0 0.44184178891389264 0.17974354769440665
0 0.40052978370500647 0.2361919214760048
0 0.44828662535418634 0.3408647904145545
0 0.41418941902077716 0.3283656708140304
0 0.41785429482874664 0.3529286916381207
0 0.5576658326646556 0.35940223176410235
0 0.5488027126892753 0.3787185660414938
0 0.5180893073911252 0.4186097604317078
0 0.5756803809300713 0.3235278865457445
0 0.34682369232177734 0.2595338361958663
0 0.35481091232403467 0.2970394615785799
0 0.5446337694707124 0.40686928308096487
0 0.5434406982815784 0.26467906146485737
0 0.455910030266513 0.37458349008491076
0 0.46030577887659485 0.3750689682969149
0 0.46445925728134485 0.3767844306278056
0 0.46926069000492926 0.37958411132727843
0 0.4849057722350825 0.383890413125788
0 0.4785782759604247 0.36141847047036973
0 0.48031817441401276 0.3595849525561367
0 0.48161828777064447 0.3578546446194683
0 0.4868907915509265 0.3400275911865891
0 0.5143168192842732 0.2844171014384947
0 0.3417855838070745 0.2871015880634819
0 0.32847782645536505 0.26615426710982254
0 0.33786208214967145 0.2607632577959178
0 0.4765267294386159 0.3633253114918868
0 0.5432375177093174 0.30529415645245195
0 0.31758817447268445 0.27494520140622836
0 0.5039946974619575 0.3875814905201179
0 0.33926417775776074 0.2979551933273889
0 0.3839095273743505 0.3066060237478519
0 0.4863889333994492 0.4042663372297218
0 0.5197045608707096 0.35377726352949074
0 0.4431380182504654 0.3149256284038226
0 0.5149286415265955 0.37107938905988913
0 0.4730481084274209 0.2948313183488621
0 0.46710003458935284 0.3171434200544288
0 0.5035894409469936 0.30287702524683613
0 0.5046454668045044 0.41153547464721446
0 0.3987616637478704 0.30686673899923544
0 0.5404555616171464 0.3526002295531224
0 0.5327669122944707 0.3726857961087987
0 0.5183718431255092 0.3365409282454546
0 0.5431611201037532 0.28594124622211076
0 0.5376551118881806 0.3263001261090023
0 0.559391192767931 0.28817974101158156
0 0.4930279708426932 0.32340092849040375
0 0.3711063719314078 0.29805886799442594
0 0.40852637524190155 0.3270815136855927
0 0.419803609666617 0.32397100464373396
0 0.39515761383201764 0.3243118421431037
0 0.3316816441390825 0.2535215370572995
0 0.34954311212767725 0.23531150612710178
0 0.369334973718809 0.22256264039247797
0 0.388310620966165 0.2145343104350394
0 0.40391949985338294 0.2115425662394019
0 0.427340497141299 0.21977394103895928
0 0.49917502053405927 0.22026459197851195
0 0.43185344338417053 0.2386908869434526
0 0.4209744813649551 0.2498534984778667
0 0.4011219364145528 0.2602611241349276
0 0.37998884074065997 0.2678618908630333
0 0.362779104191324 0.27281923484111176
0 0.3502402759116629 0.27572013224488584
0 0.4970086994378463 0.2201389179335556
0 0.42213662292646326 0.3263264911222285
0 0.3666873548341834 0.30620223305363586
0 0.3994658472745315 0.33344279461796733
0 0.39662139052930084 0.34184342644352844
0 0.40089947827484296 0.3348297214918379
0 0.42124080398808356 0.33109369150538376
0 0.3948395161525063 0.34441751263279846
0 0.3952919154063515 0.3468334576573925
0 0.34126102729983954 0.2681215789061094
0 0.3373454362154007 0.2755886006668426
0 0.3364599865415822 0.28076618299752043
0 0.40296602637871454 0.22620498653555263
0 0.40829140984493756 0.21833550700566906
0 0.21730133340410565 0.3257692550727423
0 0.2324398360822512 0.3176177701764349
0 0.2077164627287699 0.31770266160584876
0 0.2020243244326633 0.33399937031925586
0 0.22688219534314197 0.3339426537462767
0 0.3780806466289189 0.24025110630453497
0 0.3929625011008719 0.23206185927425604
0 0.3681825243908426 0.23263169085417967
0 0.3629792203073916 0.24846542210898537
0 0.3879399999328282 0.247866143890913
