0 0.39086036747321484 0.6048280246555805
0 0.3802895816974342 0.5409503974020481
0 0.3856504254974425 0.5608118459582329
0 0.3606694099958986 0.46228783801198003
0 0.37846879488788543 0.5177200309932232
0 0.3780754552222788 0.48552347384393213
0 0.3792034369427711 0.40356408841907976
0 0.22381322500295936 0.39816984105855224
0 0.37667004074901345 0.32805959358811376
0 0.3745887223165482 0.29305754592642186
0 0.3704620376229286 0.18177517633885146
0 0.3914568345528096 0.6131732253357768
0 0.39253419134765866 0.6221561025828123
0 0.39377630669623614 0.6280840890482068
0 0.3949034880846739 0.6439524604007602
0 0.3952201528009027 0.6549927037209272
0 0.3958684688434005 0.6685357702895999
0 0.39711971739307045 0.6816045887768268
0 0.3993261544033885 0.6964835304766893
0 0.38227371471002697 0.5516401859000325
0 0.3655800905544311 0.5513783184811473
0 0.15215232456102967 0.2971522313542664
0 0.28912046188488605 0.4213734785094857
0 0.2671409897506237 0.42355805533006785
0 0.2458469627890736 0.42272283267229793
0 0.21734403115697204 0.40467605125159023
0 0.3074842534959316 0.4166481042280793
0 0.25311799519695344 0.3434900682419538
0 0.2794509284663945 0.34742260435596106
0 0.2293977066874504 0.34825618509203193
0 0.21472680410370232 0.3594451559707522
0 0.20340726845897733 0.42068158034235237
0 0.3294904033653438 0.7186559265479445
0 0.21588001982308924 0.3884285487234592
0 0.1518958573695272 0.39978090990334747
0 0.18274989780038595 0.40007382109761236
0 0.2829045966733247 0.518976292014122
0 0.3671808958984911 0.6013481434434652
0 0.3727819020859897 0.6226235156878829
0 0.3461337478365749 0.6109480014070868
0 0.3339572605676949 0.6216758213937282
0 0.35684451325796546 0.6255702687427401
0 0.3455082177184522 0.6302778491750359
0 0.3104577224701643 0.6600499752908945
0 0.3634036110714078 0.5410371901467442
0 0.3583842579741031 0.5189863344654441
0 0.19130059839226304 0.3369467047974467
0 0.3216553722508252 0.4573820814490318
0 0.3233632180839777 0.5354245672002435
0 0.32137531880289316 0.5224455580115318
0 0.22128508589230478 0.5168855529278517
0 0.3588030042592436 0.48882797490805385
0 0.2359595978166908 0.31026685182005165
0 0.20872737378813327 0.3188991024158895
0 0.1659349684137851 0.25669665532186625
0 0.3302249826490879 0.32896620165556667
0 0.3018770329654217 0.3603250159882009
0 0.29496298003941773 0.6402446957305074
0 0.20906426650471985 0.6017008511349559
0 0.3404502760618925 0.5476943425834179
0 0.3555999655276537 0.5533682130277157
0 0.3234388730023056 0.6411849822849035
0 0.3289429762400687 0.6404401989653706
0 0.1997588370926678 0.30265725115314124
0 0.32505138516426085 0.5449648577719927
0 0.2741639506071806 0.3105759913101792
0 0.2706760642817244 0.2905242325738072
0 0.2420458249282092 0.2008363598957658
0 0.17744581480510532 0.27943895095959304
0 0.2543615385890007 0.24536476088687778
0 0.18095771893858908 0.32367472713813183
0 0.16204074095003307 0.3121912031434476
0 0.36921049091033636 0.6128556471318006
0 0.35123828137293456 0.6189925394952297
0 0.33927661264315245 0.6263152047991752
0 0.34555639456957576 0.5513705670833587
0 0.32621163125149905 0.6408622873947024
0 0.3328010946046561 0.646717151068151
0 0.3317523771431297 0.6400798926129937
0 0.345580953778699 0.5404635485261678
0 0.3507836299948394 0.6325562255457043
0 0.3618184043560177 0.6294536426663399
0 0.3764071552082896 0.6281822606921196
0 0.37290898226201535 0.6962816122919321
0 0.37238956675864754 0.680236486159265
0 0.37270017405971884 0.6670600645244121
0 0.3744691432919353 0.6535148596391082
0 0.3768479184713215 0.6433532735332846
0 0.35089256931096313 0.6410176590085029
0 0.34637420838698746 0.6462299967184663
0 0.34107064325362446 0.6534382620826363
0 0.33706738231703637 0.6611428078263998
0 0.3103456916753203 0.6023594908416271
0 0.17201090105809272 0.49130475651472805
0 0.38386301724240185 0.5558439254760742
0 0.34256608723662796 0.6402280855923891
0 0.337675791606307 0.643227456510067
0 0.3615242744795978 0.561400493979454
0 0.3333745560608804 0.5572705263271928
0 0.3586880075279623 0.5574737809598446
0 0.30043525830842555 0.4717931136488914
0 0.26601300803013145 0.4891427656635642
0 0.32006798423826693 0.5322796380147338
0 0.19346697172150015 0.22395570566877723
0 0.20600927351042628 0.25602111909538505
0 0.22937182928435504 0.29085653079673646
0 0.3264953725039959 0.674119945988059
0 0.3225077415816486 0.29477411778643725
0 0.3084993413183838 0.24307313458994032
0 0.29931262782774865 0.18819789672270418
0 0.2275713960174471 0.4165243873372674
0 0.18308776346966624 0.43769670035690067
0 0.3191634834744036 0.41149235554039476
0 0.19847923167981207 0.3702564657665789
0 0.33478492945432664 0.44156848536804316
0 0.3313703833613545 0.5267896628007293
0 0.1679314987268299 0.45128096770495174
0 0.19488045228645207 0.45699191503226755
0 0.22050407165661454 0.46784207727760074
0 0.2617703693453223 0.4641048343852162
0 0.29249563477933405 0.45433238372206686
0 0.31489903181791307 0.4439744161441922
0 0.35914273736998437 0.4098808284848928
0 0.17733260705135762 0.5016987318173051
0 0.1851753276307136 0.36538639236241577
0 0.37219073916785417 0.5513377668336034
0 0.32547361524775625 0.4822621591389179
0 0.1516626311931759 0.3914191945455968
0 0.3316234922967851 0.432056432031095
0 0.31923108799383043 0.5325346704572439
0 0.20864492389373482 0.3881874917075038
0 0.3303040429018438 0.5108685972169041
0 0.18771889274939896 0.5452693006023764
0 0.31879903422668576 0.4029964989982545
0 0.34305264204740527 0.4970786314457655
0 0.2506348316092044 0.6651774294674396
0 0.2577216777950525 0.6807867590337991
0 0.16611673794686793 0.4972731800749898
0 0.22436132691800595 0.6347608299925923
0 0.15545229762792587 0.3531153568997979
0 0.3291854454670101 0.7336045926436782
0 0.3758458242751658 0.5554430674761534
0 0.30824325075373055 0.4999249218031764
0 0.1686361361760646 0.40259153619408605
0 0.24636323973536492 0.40951832653954623
0 0.2659806573530659 0.4108297828584909
0 0.3285669143311679 0.6505636390298605
0 0.19036941989324987 0.5457750888541341
0 0.36724468707107005 0.7586409201845526
0 0.31196168763563037 0.7273132069036364
0 0.2879524164833128 0.7081963507458567
0 0.3721797856036574 0.2404918427579105
0 0.4081903497688472 0.7626782529056072
0 0.28469145568087695 0.40895142443478105
0 0.3022440244443715 0.4060266654938459
0 0.313617731584236 0.4046059068292379
0 0.1730146586894989 0.35797979813069103
0 0.2978011144325137 0.3816957724280655
0 0.27782586207613347 0.3712980550713837
0 0.25734909968450664 0.3681507775560021
0 0.23774710022844375 0.37123579569160936
0 0.226175475679338 0.3779023414477706
0 0.14735268615186214 0.34001316539943216
0 0.23297257027588786 0.4047180538997054
0 0.3874869207851589 0.5784136665984988
0 0.3271031226962805 0.5897999353706836
0 0.33930206634104254 0.5442151105031371
0 0.36114008370786904 0.5813759606331587
0 0.37882558605633676 0.36624966133385894
0 0.27792943445965645 0.6919388439506292
0 0.30317184468731284 0.7118245776742697
0 0.3625503158662468 0.7507710367441177
0 0.23281357097439467 0.647751790843904
0 0.3120048427954316 0.39519408708438275
0 0.34688023794442413 0.450033450871706
0 0.40532335634343325 0.7539536155760288
0 0.3370529135689139 0.745373085513711
0 0.18108213134109974 0.54624047819525
0 0.3622913378290832 0.6420783022418618
0 0.358175591006875 0.6500633111223578
0 0.35425405809655786 0.6608223658055067
0 0.3519528209697455 0.6728571936488151
0 0.34697779999114575 0.6872288960963487
0 0.33695295052602886 0.6352900633588433
0 0.33121059942059217 0.6337634962052107
0 0.32650186931714414 0.6314753446727991
0 0.29957891870290043 0.6201084353029728
0 0.21603675936348737 0.5625907344743609
0 0.34696742706000805 0.4240212108939886
0 0.334071880672127 0.3798110754229128
0 0.3209675103891641 0.3843076498247683
0 0.34220698922872544 0.6361319873481989
0 0.22561458414420485 0.6110198641195893
0 0.35338891483843327 0.3775287851691246
0 0.33723840229213237 0.7025115214288234
0 0.3785909789148718 0.4581400765106082
0 0.3596673471853137 0.43793258341029284
0 0.378972517605871 0.4324077078141272
0 0.33549126172438265 0.4884970704093575
0 0.4030670162755996 0.7379977259784937
0 0.4011288317386061 0.7162468073889613
0 0.3676114902365953 0.7150410640984773
0 0.2917525813914835 0.6650818543508649
0 0.3022932056337595 0.5504613243043422
0 0.31267070337198677 0.6860412139445543
0 0.25379077629186214 0.5467248450964689
0 0.2853916520718485 0.5730681041255593
0 0.2441675052046776 0.5817058723419904
0 0.3625497352331877 0.735700486600399
0 0.3267869444563985 0.50198106598109
0 0.27827345170080664 0.6756509806960821
0 0.303943741414696 0.6972649324685335
0 0.27384045952931046 0.6396966757252812
0 0.20368228452280163 0.5818270690739155
0 0.2513111749663949 0.6380453988909721
0 0.19888208117336034 0.5916885271668434
0 0.2755850264802575 0.6023096986114979
0 0.33643744252622126 0.4656687075272202
0 0.33865180439315734 0.5370884066447615
0 0.3304409781470895 0.5428484970703721
0 0.3431671052239835 0.5217882547527551
0 0.3146227446384728 0.3524399925023317
0 0.27783333184197545 0.3346693784929812
0 0.2456935501191765 0.33176783556118605
0 0.22047676621004939 0.33756431555375455
0 0.2044789287727326 0.35031389482319353
0 0.19831736059859395 0.39428112134337423
0 0.15573567794635892 0.4485168498009443
0 0.21373503576032818 0.4325982852838933
0 0.23579904492944478 0.4416847754269838
0 0.26458401514682917 0.4417146545834839
0 0.2918014644179493 0.43609397476539014
0 0.31263671279884875 0.429021034296602
0 0.3268925255164504 0.42198320422321556
0 0.1614340421743691 0.44042761707678435
0 0.3324020741507411 0.548547912761569
0 0.3462966389488429 0.47293696030974386
0 0.3502433117013425 0.5381948709487915
0 0.36294867722317575 0.5478731974959373
0 0.35217700810171665 0.5412940936163068
0 0.33875762084499 0.5545497857034206
0 0.36616651425138114 0.5500818494707346
0 0.3698287395760417 0.5544194247573614
0 0.32643931787461045 0.4037401558831334
0 0.3378892134875059 0.40832825787365434
0 0.3442967346869409 0.412805931083858
0 0.22000011354684829 0.38348292782902715
0 0.20725545329041778 0.3720289202407002
0 0.39839787906967106 0.4601765939965844
0 0.5420013183727861 0.3849437417462468
0 0.40323604326695206 0.5494127854704857
0 0.6388153841719031 0.26660364810377357
0 0.48316454645246265 0.4148922026157379
0 0.5035545591264963 0.41379791907966135
0 0.5242521503940225 0.4093178020790219
0 0.5531232661567629 0.3912142788991332
0 0.4662889016792178 0.4109978698194027
0 0.5077593468129635 0.32990066511556504
0 0.4834789357148111 0.33555916640907524
0 0.5321447426453233 0.33296603746712206
0 0.548857653234154 0.34314366094768045
0 0.5746982410550118 0.4039993122220039
0 0.48259922955185175 0.713335489295423
0 0.5502072013914585 0.3763327215798199
0 0.653677205182612 0.371305825561285
0 0.6014604975469411 0.3813380435109138
0 0.501264981739223 0.5076261455193162
0 0.4160462522879243 0.5994129668921232
0 0.41488668099045756 0.6209990441799164
0 0.44273001346737145 0.6076965764164924
0 0.4600590541958809 0.6171986063942313
0 0.4347878947854042 0.6227875551208853
0 0.45026192273944615 0.626463970541954
0 0.49408496748656033 0.6519011942669749
0 0.39816393102519215 0.5393064901232719
0 0.40004508798010646 0.5167757350951433
0 0.5814928404986859 0.3174582970328629
0 0.4538219880312681 0.44992388123646376
0 0.450592789426446 0.5291202751919627
0 0.4533484739251435 0.515728990919888
0 0.571965122781694 0.498618983104825
0 0.39889195072464645 0.48655727356672285
0 0.5218072772026062 0.292348541226238
0 0.5555746675468981 0.2995035014115274
0 0.6119869041256607 0.2279310081154108
0 0.4267764139920473 0.3213233043439686
0 0.46428129225969317 0.35058590015396474
0 0.5082431867718696 0.6304826311767101
0 0.632089707441628 0.5822102095931768
0 0.434040667116642 0.5432050995528698
0 0.4179892702028155 0.5502814766019583
0 0.4797938303090632 0.6350629817694425
0 0.4741816194728017 0.6347518185153603
0 0.5691247913986445 0.28187101883813737
0 0.4522411282174289 0.5388181520625949
0 0.47999651832506063 0.2965459040366113
0 0.4818283371627331 0.2758190100081265
0 0.5100949354469776 0.18304147981107236
0 0.5946531241759658 0.25313830552622674
0 0.4974310459569097 0.229281145054847
0 0.598102398402989 0.303890907112509
0 0.6217184711247683 0.28427532678470013
0 0.41595821576192976 0.6109369279816746
0 0.4388163583353162 0.6159140508621931
0 0.4553669741377234 0.6220611002296209
0 0.42946543553844096 0.5473913125693798
0 0.4768636106513441 0.6349811147898435
0 0.468361353687942 0.6411807056516409
0 0.47125262385234234 0.6346033200621605
0 0.4231500309891999 0.5364837976172566
0 0.44609733996912837 0.6290730223059654
0 0.43123216070234777 0.6269049983471632
0 0.41370156183838847 0.6267698261886835
0 0.42798777148127554 0.694058564864099
0 0.4235647913068533 0.6780784282833338
0 0.42077994961291554 0.6650249980390072
0 0.4177630743943155 0.6516291698440909
0 0.4149905044585466 0.6418048650026321
0 0.4470007108524442 0.6370615823194384
0 0.45190181881189345 0.6417071897536516
0 0.45778629947453736 0.6484279189258814
0 0.4628702597692609 0.6557106053456664
0 0.4804035577923059 0.5943677615374326
0 0.6588689121417701 0.46534944921731947
0 0.4581250439397991 0.635627955570817
0 0.4630423154681921 0.6380898071452975
0 0.4124480221420527 0.5590477347373962
0 0.4465409436263144 0.5520575776696205
0 0.41507050627842546 0.5548251321539283
0 0.4787456464022398 0.4619813714176416
0 0.5177614260464907 0.47570000905543564
0 0.457929103821516 0.525495408475399
0 0.5713588477112352 0.19910772182047368
0 0.5553957384079695 0.23338556746020914
0 0.5293803015723825 0.2714404630474746
0 0.47764310268685223 0.6676186615601182
0 0.4304238880984485 0.28612527614459393
0 0.4382589505985379 0.23449823670089245
0 0.44520919108763335 0.17843569852411748
0 0.5425243902951479 0.40224749632179735
0 0.6012204920873045 0.4180252183228731
0 0.45467454567551613 0.4061964325606823
0 0.5737449357286095 0.35315640494227407
0 0.4368055475875735 0.4356184284202754
0 0.4370910307392478 0.5213742995634675
0 0.6321327684447169 0.42605864480137823
0 0.5843501200899481 0.43843126939609645
0 0.5533154086209834 0.4503845166414976
0 0.5091597709804774 0.4507179412990808
0 0.47835188303142784 0.44401586512103675
0 0.45533059826120736 0.4349636262282729
0 0.4020666325930506 0.40727093666791914
0 0.6273780114017427 0.47828290462493894
0 0.5934348618611693 0.34691782798618076
0 0.3930729874409735 0.550303241610527
0 0.45015813065692784 0.47537719961255787
0 0.6635340947657824 0.3613056823611259
0 0.4373671609908342 0.42349894614890216
0 0.46154261874035 0.5255272541195154
0 0.5622551176697016 0.3743297107517719
0 0.43899826910346745 0.5051648285239935
0 0.649281247984618 0.5222752945497632
0 0.45427164910361173 0.39783779103308914
0 0.4196795715019107 0.4929887572303414
0 0.5764518156647682 0.6523274829611182
0 0.5789184390567244 0.668599957972765
0 0.6519566481932998 0.4718655491247773
0 0.6052268915809691 0.6181717313826084
0 0.6389265832491219 0.3245486686006188
0 0.48750793281942606 0.7287603508681059
0 0.39203494107350706 0.5545915210619569
0 0.47170925252139567 0.4912459909915924
0 0.6246169913560152 0.382414342276752
0 0.5206568704918026 0.3972190729342401
0 0.5029261572286486 0.4018948840908706
0 0.4733537622727454 0.6445430176332593
0 0.6213795697316528 0.5242866104468703
0 0.4513208718970418 0.756286671757698
0 0.5151638306677342 0.7209838660433888
0 0.5440975606441498 0.6996820321306586
0 0.4863840155303478 0.40291337193921206
0 0.47093230271711944 0.40123765720054505
0 0.46040219264104965 0.40004955502226947
0 0.6133829343132675 0.33793739452958105
0 0.4684632312506437 0.371791567094624
0 0.4846235360950232 0.35975987035781143
0 0.5030479332432151 0.35618975982069967
0 0.522634004522115 0.35878852093592284
0 0.5353645255789161 0.3651359993033111
0 0.6549368964508175 0.30895969122648237
0 0.5329543334431946 0.39117430001497266
0 0.45838645435869696 0.5835684224963188
0 0.4334448120556772 0.539575650729239
0 0.41670343475416305 0.5788468666374683
0 0.5464093904010952 0.6824882481247186
0 0.5179219318553805 0.7050571873784065
0 0.4505271935835481 0.7481043649837374
0 0.607608899474144 0.6316922310739755
0 0.4584480642341077 0.3881185309961438
0 0.4183192580938339 0.44593483246862886
0 0.4851541405543685 0.7409802194684744
0 0.6434072187170387 0.5234272744506597
0 0.4322864020243287 0.6390997035428881
0 0.4367521293461323 0.6465263063088059
0 0.4416630923748016 0.6569487288594246
0 0.4458299035206437 0.6686337891966104
0 0.45571394162252543 0.6824677813798189
0 0.4631743231788278 0.6303989695385098
0 0.4681906161829829 0.6284783029928803
0 0.47261158768087624 0.6259797945618629
0 0.4972894656471908 0.6108347851783037
0 0.588779691234231 0.5440829930827021
0 0.4192026677541435 0.41978295277804134
0 0.43513489365577696 0.37297720639035103
0 0.4496400804258883 0.3771984725259244
0 0.4584273497574031 0.6317230075597763
0 0.5915890764445066 0.5940284946933388
0 0.41138998316600917 0.3712664576247334
0 0.4709223534911871 0.6974763203412294
0 0.40056681032292546 0.43556014019995926
0 0.43470720248296857 0.4832578510046005
0 0.43736458737403155 0.7124596577137708
0 0.5176454563625157 0.6556827308610081
0 0.48294061040505765 0.5413990620523691
0 0.4970752591267228 0.678796062618494
0 0.5377747491002083 0.5323628032580018
0 0.5054894167929888 0.5622271824628114
0 0.556518808286637 0.5665384870022535
0 0.44611375462263825 0.7329009719192981
0 0.44861496491357683 0.49543617516756056
0 0.5379832748323679 0.6655258223414421
0 0.5108898064121604 0.6899153091013431
0 0.5330919591709972 0.6282312510535121
0 0.6145165183581411 0.5621115224435925
0 0.5627131273038686 0.6244989339262247
0 0.6304777445271611 0.5715153044089675
0 0.5227468670345843 0.5905064199119806
0 0.4340793341398239 0.4602413162589073
0 0.42956273080781104 0.5324998082593083
0 0.4431571396999061 0.537366884201765
0 0.4195944224484265 0.5178581433370709
0 0.44889423372223974 0.3433138862252235
0 0.4815811444073915 0.32188909910619257
0 0.5130672117695212 0.316170419473201
0 0.540991079621017 0.32014969307929275
0 0.5617691434919834 0.3326364885084331
0 0.5787243193015457 0.3775110676884651
0 0.6563426247797907 0.42114796247333286
0 0.5614475669339299 0.41649788748472927
0 0.5376020970754325 0.42630815962329505
0 0.5077563337981701 0.4300518556497991
0 0.48078825073316694 0.4278061649762094
0 0.46045200154185295 0.42203864771872757
0 0.4458631094545126 0.4150115474127233
0 0.6629959891550243 0.4121747076511383
0 0.44340467769652603 0.5431918878108263
0 0.41732292314991354 0.46902189347893
0 0.41386705795302986 0.53507747258991
0 0.4041756330989301 0.5459881568327546
0 0.4146511636674404 0.5383186642080545
0 0.438592579215765 0.5498078394681215
0 0.3998562096152455 0.5484668476507067
0 0.3986435496248305 0.5529058402404189
0 0.44649524623528125 0.3982175713405013
0 0.4336969951167703 0.4016918776556849
0 0.4233575837686658 0.4049966841936111
0 0.5433508351445198 0.37074180636554954
0 0.5603497938252986 0.3562955874018371
0 0.25943919038400054 0.39031985159963367
0 0.28145478731021284 0.38952791076153515
0 0.25997112873010336 0.3669803164899349
0 0.2372640292160213 0.3911834260448813
0 0.2588727122172713 0.41354361213743684
0 0.48458700329065324 0.38062510583549736
0 0.5079300529323518 0.37879959437996147
0 0.48392112702131274 0.35691503100097177
0 0.4626383831724524 0.3824253775179386
0 0.48578288769349454 0.40436093593016265
