0 0.3708432998335311 0.45400051309281036
0 0.3548559760242575 0.4093056606645344
0 0.35749986051004146 0.4247814386832614
0 0.31643689081135684 0.36869747899159666
0 0.3490321985779935 0.39514489534522307
0 0.3400482930211578 0.3774966632618624
0 0.31722496280187296 0.3355036022282448
0 0.1733766318876532 0.3601414936931193
0 0.29952002967460245 0.2988916685601242
0 0.2911851842443651 0.279835596805861
0 0.26122056155265133 0.2151264342941156
0 0.37386496434231853 0.4598771503993443
0 0.3765481866361723 0.4663235159481273
0 0.37804971214085187 0.47085826136484865
0 0.3781067588158298 0.4712187502564502
0 0.38133459729987357 0.47698851994105745
0 0.38484185758019296 0.48413335976480437
0 0.3883345889139779 0.492179854577329
0 0.3902142782251543 0.5051799100988051
0 0.3570145662826828 0.41700892889199137
0 0.3378509406299028 0.4212120841531193
0 0.07556134915050072 0.32348812327665444
0 0.23050575178383775 0.3621994948186794
0 0.21272055308024088 0.36693725265374705
0 0.19464407641173415 0.3698766291642389
0 0.16701099326841942 0.3671958747030306
0 0.24512165269268213 0.35603169433209075
0 0.18676668719903325 0.32353107468420716
0 0.20915103763467652 0.32121250409038127
0 0.1674966849858248 0.3305270331246512
0 0.15652103904430373 0.3398486666318749
0 0.15428389652871885 0.3800758153450589
0 0.32759484761877905 0.5436431419949571
0 0.16452378839380127 0.3575593243126108
0 0.09079664920452778 0.38624047832328734
0 0.12720533941365494 0.37512066785027
0 0.24516332061481877 0.4213497258034073
0 0.34651235839988614 0.45682126534085316
0 0.35576134869820963 0.47084566324698823
0 0.32520741274588216 0.4680752794281775
0 0.3125034800813168 0.47758452631846193
0 0.33806605127793327 0.47623008439520825
0 0.32462079967627544 0.48135429670830737
0 0.2903618178790129 0.5044759542000394
0 0.3385848717347479 0.41233002638616484
0 0.33020419159016023 0.39937860825482535
0 0.12527740303474136 0.3346807576027237
0 0.2695458398086612 0.3789531643651113
0 0.28886547345149366 0.4201305213094759
0 0.2832565325221935 0.4134816482287495
0 0.18357119618085868 0.4328711373465402
0 0.32268647604350803 0.38276568180372733
0 0.16540720316931165 0.30740285120090516
0 0.14046664906956474 0.31887777713166565
0 0.08536523555401508 0.29368431828603025
0 0.253760509475877 0.30275034704128234
0 0.23039827869914253 0.32479707733923646
0 0.26941022716997043 0.4957741168366761
0 0.16121297043587085 0.5128772158582672
0 0.3070256149215537 0.42481658839378034
0 0.3245887537545796 0.4255477360316685
0 0.30031132270515215 0.4907384760239545
0 0.30486799782841517 0.48958880160035206
0 0.12612856629025584 0.3133310830893637
0 0.2899558845954605 0.4268753708911543
0 0.20156191094515194 0.3007804485930114
0 0.19440208721261487 0.29088570891308185
0 0.15164583732810202 0.24425072229209066
0 0.10546826725267659 0.3028581162460712
0 0.17476111713341017 0.2674128788859904
0 0.11012035369370055 0.3323173843512014
0 0.09282181987279578 0.32768026720575927
0 0.3509936063601498 0.46434539506415357
0 0.33178529734349954 0.4724133836121118
0 0.31848070239215964 0.47951090836725313
0 0.31257863311324946 0.42654039078399913
0 0.30268108983080094 0.4901624727649849
0 0.31248165924840837 0.49056729549119454
0 0.30749114429900415 0.4889527649438682
0 0.3151606050976218 0.41752598065288127
0 0.3287293116251628 0.48262336474506795
0 0.3424297244236942 0.4786451483974938
0 0.35901670994134893 0.4747005430590205
0 0.36498917607818476 0.509939257838145
0 0.3641173570467953 0.49634079171829865
0 0.3616476554407852 0.4881137399112477
0 0.35981322516871905 0.48078622737852467
0 0.35919108471286953 0.4751182524096064
0 0.3287382208848301 0.483113465188932
0 0.32631473777666375 0.4863512776479
0 0.3238234346425986 0.4906645462292583
0 0.32230203463558404 0.49570607738334593
0 0.2835228234403747 0.4669913604479878
0 0.10979820857068154 0.4488775990590328
0 0.35725062054420825 0.42073102358008635
0 0.3184056453061003 0.48607169079179524
0 0.31558915419417594 0.48809525145202126
0 0.3328590961448251 0.42956078954103616
0 0.2997172943901915 0.4338639363521287
0 0.3289385558683661 0.42759036216415275
0 0.2516728643375107 0.39146184520561156
0 0.22348203412591153 0.4071800889087324
0 0.2821800472364144 0.42062064579554964
0 0.10867599822297881 0.2671412980857016
0 0.13077048246870565 0.28247356815498414
0 0.15450713516287662 0.29894320303652466
0 0.31173984687539597 0.5085102369805344
0 0.24080275885666472 0.2855801341914329
0 0.22230613520879786 0.25747057169425386
0 0.20113588385441133 0.2280741859884823
0 0.1780504843353722 0.3704251762197799
0 0.13726115226745605 0.3948393429026884
0 0.2547033695731988 0.3505737641278435
0 0.14068558384597554 0.3518480373029949
0 0.280125393771924 0.3668177628717503
0 0.2990839967999277 0.4118038145433955
0 0.11835165982004962 0.40905218364811746
0 0.15591785475171568 0.40114878806747306
0 0.18425878542888013 0.4004268485958837
0 0.22020215185885691 0.39036186602937073
0 0.24422909564609768 0.3793306751411502
0 0.26152572425608894 0.36883976078834857
0 0.2999195208780876 0.3426914054806493
0 0.13330283673000737 0.4378359498096113
0 0.1242204358809105 0.3538056742243406
0 0.3471568405376708 0.41852952652618663
0 0.27815991514342747 0.3916855579664727
0 0.08217632368144104 0.3874856243614389
0 0.2737996138097868 0.3581831234843791
0 0.27981643435321274 0.42230470641320494
0 0.1558158917014609 0.3600605435732032
0 0.29329122357730625 0.4036147975120224
0 0.1313182511661626 0.48100121281728025
0 0.252907070932509 0.34583795371175813
0 0.30705127358939577 0.3915884514816669
0 0.22441834249073947 0.5347102830389968
0 0.23071385838311434 0.5502461184974478
0 0.11364515836228802 0.4454894506630777
0 0.18908313583221115 0.5222590630795775
0 0.09028098125498003 0.3552988757606314
0 0.32942124585059124 0.5577551256708738
0 0.34949876965349735 0.42176361244265775
0 0.26436383060262175 0.4057337336179589
0 0.11037214307845393 0.3822541116666393
0 0.19330383592014072 0.36121700992103384
0 0.2091829190777324 0.359199051095658
0 0.3097629643945251 0.49352936784760293
0 0.14852966613407376 0.4650630790646337
0 0.3729622781528199 0.5676864816361115
0 0.3046791352300201 0.564878616012445
0 0.27183845274559054 0.5599126254811007
0 0.2762122824473723 0.24747309965245864
0 0.413687134593851 0.5613734301398782
0 0.22404608620872982 0.35550205647444527
0 0.2378983402051 0.3510037350053547
0 0.247802092556209 0.3481453807414079
0 0.10765842370343108 0.3551857090797745
0 0.23098441203938255 0.3371758340787487
0 0.21285049120585123 0.33496524906959857
0 0.19629705933075917 0.33700840413069527
0 0.18102302455700903 0.3426949877698882
0 0.17252109624162504 0.34887169589515493
0 0.07471666909471343 0.35321261301761914
0 0.1818986677167788 0.3611524085036847
0 0.36165291875726563 0.4357834663711676
0 0.2998504809689421 0.45487009577390525
0 0.30628065004127436 0.42225097207462087
0 0.3358875316909597 0.4419990988338695
0 0.30801145877013225 0.3178454647545053
0 0.2612584875857277 0.5453318908434956
0 0.2942567543138432 0.5520970320501247
0 0.36888912911153543 0.5586608437930837
0 0.19536394459285816 0.5358962131147625
0 0.24568703431117384 0.3422969209045923
0 0.2969848792764205 0.36663326295484017
0 0.4108236162974362 0.5518119154857988
0 0.3379048622107204 0.5679840280228302
0 0.13258936950929054 0.4749847219771698
0 0.34256202007647807 0.4791665517983316
0 0.34091942672488057 0.4840215154054786
0 0.34053139419998296 0.49004865694446725
0 0.34153866139142325 0.4973496990043576
0 0.3366773581203026 0.5107309197177407
0 0.3139944241268222 0.48565323613270994
0 0.3089939856328039 0.4854137757245232
0 0.30438673332773686 0.4848928772100881
0 0.27244532410102557 0.4812102117458311
0 0.17960768585969628 0.4663667438410911
0 0.28982849588877035 0.35361733957499014
0 0.262831972495413 0.33029836766860066
0 0.25133501150437043 0.3348412393521862
0 0.3186296103875848 0.4857293778106946
0 0.1911011653861919 0.5002563540675059
0 0.28106702027944575 0.3250274738343824
0 0.3308604065375992 0.5276816392145237
0 0.3322577896500439 0.36315966854576304
0 0.3083317535084511 0.3564563158179532
0 0.32503454569522844 0.34990416454667805
0 0.2925135274476643 0.3911332122418059
0 0.4053926960828435 0.5383146911108193
0 0.39756691204344674 0.5211685565339417
0 0.3651495701653042 0.527230174601579
0 0.2742725173129311 0.514687449992204
0 0.26759373877621906 0.43668346244747897
0 0.30144378555474904 0.523670340786461
0 0.22029188866353738 0.44419684530306264
0 0.25489929104656106 0.45411839204676013
0 0.21218621680505165 0.47039335715670544
0 0.3661514369747307 0.5450003247301117
0 0.28340132855161837 0.401995145974039
0 0.26170333377419647 0.528732476114225
0 0.2945809691264157 0.5372884253493878
0 0.250296465958221 0.5017815918481651
0 0.16394431643848179 0.487680090575659
0 0.2250063125091263 0.5094223984149324
0 0.15571849293346646 0.5011099005947593
0 0.246676263678426 0.47557390036703157
0 0.2876882724118132 0.3788773111936425
0 0.3083751347497546 0.41640621473809253
0 0.2973680596814377 0.42309562298430115
0 0.3134839372544349 0.40511305993344604
0 0.24194975065279611 0.3183164275994822
0 0.20687823066731545 0.31399476828695344
0 0.17885141307291602 0.317705947811864
0 0.1573143469381936 0.3260244561844513
0 0.14398185915081813 0.3374024078625591
0 0.143812871054758 0.366987837462866
0 0.09921033472954473 0.4161933690559964
0 0.16771560605568223 0.38342686661151276
0 0.18964764023128944 0.3832097414160977
0 0.21491557535742908 0.37789648520846325
0 0.23710307227408334 0.3700646152015494
0 0.25373787995632185 0.3620002329850397
0 0.2649918374632984 0.3548535419111492
0 0.09486487759316521 0.41805582286930887
0 0.2987595078562885 0.42714916357473165
0 0.30326670232201425 0.37848152833826404
0 0.3233764913514697 0.4137563785585035
0 0.33595373434356496 0.4188151479769154
0 0.323740043972112 0.41639099601937946
0 0.30552075872441387 0.43035290822261524
0 0.3404974841870336 0.4190366969389074
0 0.3429999170424063 0.4222860977429302
0 0.26002639179994286 0.344442712158716
0 0.27200883891009076 0.34487333217588795
0 0.2805371112209835 0.3448840550013951
0 0.16805965425092964 0.35341002360111523
0 0.15138204100262767 0.34968333685097575
0 0.34909042401655815 0.36210789399988513
0 0.44737370331076126 0.30497699224648356
0 0.3722745929589251 0.4142911975123301
0 0.47417418187177635 0.24449975149972097
0 0.4007048355376167 0.3270548211426294
0 0.4195674378660661 0.32460400637458353
0 0.43667768476381585 0.3207506532428645
0 0.4564666582059257 0.30888393546352866
0 0.3834121270018791 0.32706650565652284
0 0.40640053894952377 0.27923826810692537
0 0.3851293114167226 0.2855640138898577
0 0.4281686016275913 0.27777290744941774
0 0.44418816325030747 0.28148359410903034
0 0.4736152560399051 0.3151140413364443
0 0.4684800135938427 0.5136845532585593
0 0.4517321131400418 0.2996673664125074
0 0.5116702951962435 0.30182580386891084
0 0.48715886586829077 0.3010880326022621
0 0.43861757325723705 0.3825461764295562
0 0.3922732766670517 0.4471843783594981
0 0.39638664073581936 0.4623812907884101
0 0.4178668932069706 0.4482227133101776
0 0.43497327485668 0.45168890271868023
0 0.4137825047919519 0.46020813949969636
0 0.4276018904734261 0.4595713094502938
0 0.4639953664083521 0.46908639859752493
0 0.3700108734364248 0.4060350786738035
0 0.3670837567325383 0.39196918391379987
0 0.46124742176965317 0.26467212709058235
0 0.38497881346111057 0.35576867255843986
0 0.40876601592397893 0.39614685443269104
0 0.40673456765428373 0.3888202795461446
0 0.4930294923138518 0.3705051886935194
0 0.3578418116026287 0.37563375264656645
0 0.41195193976792605 0.25662174946119803
0 0.4396785427246416 0.25699120609700177
0 0.4495897240276578 0.22210480585819534
0 0.3359355594538435 0.2845223611142455
0 0.3699138036257104 0.2961904181151831
0 0.4733470736173638 0.4544408461626838
0 0.5461680177394851 0.43276912625096425
0 0.3971957934053638 0.4068072182791574
0 0.38402368599855446 0.4137970098928243
0 0.45336448140285185 0.45920930589948383
0 0.44852924799617333 0.45976018504936156
0 0.4438509820382806 0.24681078486081934
0 0.41119207586417217 0.40271263763684184
0 0.37768665295612963 0.26407467818059843
0 0.37501277853164994 0.252469888254374
0 0.3700030332879175 0.20207859488094554
0 0.44767922238458563 0.2343074894752823
0 0.3728576149115583 0.22813391885837586
0 0.46717610917513885 0.2573908597481351
0 0.4717971091532003 0.2517736739471179
0 0.3953342789839089 0.4551102053217527
0 0.41622978247670683 0.45459286505434693
0 0.43159271795538406 0.45564519257104696
0 0.39344154103395806 0.4103779191730403
0 0.45087347981296005 0.459522816313415
0 0.4438349179577727 0.46318211274988513
0 0.4459234677286591 0.4600850914706703
0 0.38817647011471196 0.4029430100897781
0 0.42419707297272824 0.4622220592338498
0 0.41131872441698225 0.46398911355924205
0 0.3959338036267566 0.46692663881959034
0 0.41391883017141606 0.49983340351521466
0 0.41046121502727395 0.48667611194257976
0 0.40578453902956807 0.47884578063708394
0 0.40079420226535717 0.4721481739973822
0 0.39581439213410713 0.4673584369050355
0 0.4242489385705457 0.46265287158869894
0 0.42965080089206936 0.4645302315719989
0 0.4356201419347449 0.4672413994284237
0 0.44115216168673227 0.470890862601144
0 0.4439878282667715 0.4347367647315274
0 0.5327824992972587 0.3628579989200881
0 0.43411499789998503 0.4615014420837915
0 0.4389374019727425 0.4622079704989906
0 0.3809552821428967 0.4201175144740513
0 0.40734519460533236 0.41248793561919395
0 0.3824284899083874 0.41709019156063304
0 0.40837110270930743 0.3600720477705242
0 0.44338918084333717 0.3630890806182092
0 0.4117862823643262 0.39482676882703766
0 0.4168734148081848 0.20708456760695002
0 0.4161954338540508 0.2254705589358546
0 0.41235184216801124 0.24495249034977762
0 0.4519972801208496 0.4795431008859843
0 0.33228078924653903 0.26456828878707245
0 0.3280784696466309 0.2366735073698669
0 0.3198853225647649 0.20524336710697463
0 0.45041746278352374 0.3156282080321753
0 0.4966618934261145 0.3214829789490259
0 0.3711549320301426 0.32591452318079334
0 0.46353803354979567 0.28527604832368736
0 0.36800431626758495 0.3490844934928317
0 0.3967068532348182 0.39230789056345194
0 0.5165322289688175 0.3288546089364701
0 0.4904625564184873 0.33343478210833893
0 0.47055178654344776 0.3429037943607619
0 0.43470004842251164 0.347539300678157
0 0.40609430713492606 0.34683409458448905
0 0.3834287941707337 0.3441742087612633
0 0.3363118865821935 0.3353515112099527
0 0.528413672487444 0.3579460672971581
0 0.47467340195732277 0.2810804904008112
0 0.3659721552571164 0.41471547038615253
0 0.3897990793115479 0.36932377855316934
0 0.5090135813765385 0.3018297588123995
0 0.36516278328271856 0.33934269832963704
0 0.4128631788467053 0.3958784712462866
0 0.4595486315493845 0.2986820685763319
0 0.3931920269370582 0.38363846209870667
0 0.5417625396060541 0.3966651083040638
0 0.36797756107547613 0.3211073314442354
0 0.3753459848432098 0.37786337908576517
0 0.5307943363229937 0.4702372991738199
0 0.5323642301157054 0.4857784239183955
0 0.5391924512034227 0.35901450309432853
0 0.5443754472813023 0.44813596901773406
0 0.4911431142046482 0.27518273201309335
0 0.4768720975908046 0.5261351962049469
0 0.3642125079400429 0.41884039229705555
0 0.4108280023945032 0.37649220378459003
0 0.5022276861255179 0.301385290482465
0 0.4319371362275715 0.3127652496850791
0 0.41662993159475203 0.3165337458378127
0 0.44863221162482153 0.4647170154988265
0 0.536368078823331 0.38609300340924946
0 0.4506675799687703 0.5508849440502519
0 0.49559900504124316 0.5233810168354451
0 0.5133634383165384 0.5077126126329438
0 0.40050107391574713 0.3187366974453966
0 0.3847193484064899 0.31999290289999055
0 0.3740847352184827 0.3212897276678005
0 0.48371695843426993 0.27682350463226063
0 0.3793023266369783 0.307102527938971
0 0.39300010777726957 0.29915463022825095
0 0.40916624728134415 0.2946468601707651
0 0.4268913701616762 0.29360074756526144
0 0.4389349896193557 0.2955412423911215
0 0.49269697132995866 0.2699887251653591
0 0.4414614911823836 0.30878762237164153
0 0.42368743590664765 0.4301565554963441
0 0.39670858026053835 0.40418096750724214
0 0.387658088267604 0.43179440698703797
0 0.5135973543557437 0.49182840555655855
0 0.49611818186844453 0.5089181611517898
0 0.44929171614506075 0.5414321001838235
0 0.5428368592564063 0.46257180125773456
0 0.3710834934741636 0.3158425323101653
0 0.3587531055076213 0.3541912631828244
0 0.47599553609196144 0.5379367475750065
0 0.5464784711725098 0.39017594762209085
0 0.41130891052479485 0.464443655575023
0 0.4172679990655762 0.46784041108203533
0 0.4229842897205916 0.4726746743466674
0 0.42852779556427323 0.47909887297814635
0 0.4356945136931375 0.4901032327603893
0 0.438617162060637 0.4594596814708549
0 0.442918333323193 0.45744201115199495
0 0.44655750547280293 0.4551870923082368
0 0.4616094940825354 0.44306166833188354
0 0.5185652946118061 0.3974006316241096
0 0.35131565553729543 0.341273444039481
0 0.3485011792887112 0.31157210694641624
0 0.3606096855698758 0.3116841075801048
0 0.43401033465872335 0.4612262309098444
0 0.5315766515611093 0.4300015313284738
0 0.3318504034718381 0.313292543427283
0 0.4532434251238022 0.5018268152445304
0 0.3432875353575759 0.3493834343277106
0 0.38157758707738626 0.37332219035685565
0 0.4278952381278895 0.5139617118514886
0 0.48398012425829084 0.4713014554576713
0 0.4328853007610337 0.403600300059599
0 0.47105827110226145 0.4881390804002265
0 0.4752836725379847 0.3926528962720342
0 0.45616544298984835 0.41358315443792265
0 0.4994778773955655 0.41192400154947234
0 0.4417147882880038 0.528974581165474
0 0.39528597708995833 0.3796518309777524
0 0.5032500031125193 0.4780571721181148
0 0.4863786888524953 0.49670620926287995
0 0.4927320601064948 0.45210144299418986
0 0.5404082224841862 0.4104028269022453
0 0.515706929979445 0.449162763707778
0 0.5498085605444284 0.41970721012403983
0 0.4775436638779781 0.42887753398478534
0 0.3737183316347468 0.3616190197087136
0 0.3932071863850461 0.3993843062585141
0 0.40460939397288775 0.4016729082380022
0 0.38267677041548714 0.3912085124424526
0 0.35625684060124907 0.2940805579433922
0 0.3825268481351152 0.2779759318888688
0 0.409494903017197 0.27076174231136546
0 0.4333872895703537 0.2696757797433549
0 0.4516980934746658 0.274185917958492
0 0.47142571638405073 0.3001469243474367
0 0.5280328221964937 0.329670733764392
0 0.4677237133939558 0.3229131297904904
0 0.4510728827508693 0.33035828085506663
0 0.4269765152709897 0.33495118437694904
0 0.4023378891280935 0.3362993031990628
0 0.38212357392290974 0.3354864240694447
0 0.3672077462140015 0.33338089149539213
0 0.5208343871032135 0.3321461557340221
0 0.40510189784730033 0.4059000095399488
0 0.36555484553429646 0.3659280087767529
0 0.3815485291843173 0.40203789302280973
0 0.3734046434551352 0.4112484635425215
0 0.38155129790809084 0.4048193843424821
0 0.40118952667662866 0.4112450495487502
0 0.3710419352044536 0.4128457558255236
0 0.3692716516019926 0.41693973541259766
0 0.36170999284535016 0.32268011269449187
0 0.35332506366922883 0.3273752076285226
0 0.34857974525242413 0.3303250785635299
0 0.44606305526781687 0.29761223833100137
0 0.45538861037306644 0.2878831614967154
0 0.20339983638831835 0.3470142428614512
0 0.22268147546530775 0.3429825566395992
0 0.19752017732410995 0.3350546139628947
0 0.18383399192793962 0.3511724271694151
0 0.20916589553849105 0.3590707137805073
0 0.404006141147533 0.30592151449508026
0 0.42483319411297893 0.3013792198245265
0 0.3972537447128618 0.2933893684579545
0 0.382888043228584 0.31037868772234234
0 0.41079570975484725 0.31831964925557626
