0 0.8042167551491571 0.43627963286379107
0 0.8334340287939362 0.3867636350833851
0 0.8142582638108212 0.40134348992420277
0 0.816433318283247 0.31729680448770525
0 0.8389077322638553 0.36749210759349493
0 0.8393897783497105 0.3402421648087709
0 0.8342277553418408 0.27063801952678224
0 0.64875033756961 0.23396527359019156
0 0.8395182295985844 0.20749738919346228
0 0.8455335578840711 0.17833691712306893
0 0.8590223238520001 0.07500271097473477
0 0.8030631866144098 0.44332735784675764
0 0.8000051605960598 0.4507705762334492
0 0.7963996934502021 0.4556565394220145
0 0.7927237535300462 0.473135402928228
0 0.792806936023028 0.48263639328272445
0 0.7914337940190149 0.49450539700362994
0 0.7881904153720193 0.5060938416615777
0 0.7780915129443874 0.5159053444862366
0 0.8268074645944263 0.39532441373752514
0 0.7996757850050926 0.39203960247661757
0 0.5405525947394578 0.12233150011819342
0 0.7094345666144205 0.2605655425592609
0 0.6863349298744098 0.2598746319827826
0 0.6637903970220814 0.2556634167290252
0 0.6342436862380608 0.23828198650608892
0 0.7303198964699454 0.2576914894192115
0 0.6944522086692893 0.19088166835515397
0 0.7200652153595634 0.19685462849295657
0 0.6673123123853103 0.19160292200420215
0 0.6465735905196356 0.19844544581744983
0 0.6075984688232774 0.24773740295482718
0 0.6819335358298343 0.5292788631242255
0 0.6405463526430337 0.2261001662067745
0 0.5145486026354458 0.21432668132626492
0 0.5786934449620869 0.2252563543293787
0 0.686768799048403 0.3461251969570699
0 0.7775331469981567 0.4307087734989498
0 0.7754856820987619 0.4486373108366261
0 0.7447686001010563 0.43772064926831616
0 0.7217600394202315 0.4455199201469836
0 0.7512201210078986 0.4501325415528339
0 0.7312923899811247 0.4534555061355881
0 0.671546448993942 0.4682862377037173
0 0.8147207990936611 0.38458032310009005
0 0.8164645232584166 0.36540346735197565
0 0.6159267812643362 0.17145784947535267
0 0.7434050596278646 0.3008729853707811
0 0.747664631060932 0.3695490663466246
0 0.7441280979825102 0.3574608673867972
0 0.6055946724246377 0.3330169557229332
0 0.8173104427430941 0.3397769721305889
0 0.6885015676202981 0.15486544079106787
0 0.6495294156281844 0.1584310652445192
0 0.5830474468353002 0.09176008364428645
0 0.7882906467370365 0.18719031752451606
0 0.7392040206038434 0.2097563809674719
0 0.658112414829109 0.44789820034866745
0 0.4929687928246415 0.3993581618303838
0 0.7626804097191148 0.38292556677175604
0 0.7804922341652538 0.3901088275339292
0 0.6926185624754947 0.459898741543293
0 0.6991443106013796 0.46024662800457167
0 0.6364732724816903 0.14198410339329554
0 0.7418068663581557 0.37665964604719826
0 0.73410690025143 0.16214535550578782
0 0.7354110774138699 0.14494832171046215
0 0.7121139476480691 0.06373836624881496
0 0.6076986078658829 0.11749334717574327
0 0.7248905077576637 0.10759208578130473
0 0.5975961817995362 0.15813705425547517
0 0.5671922574224679 0.14131597976969637
0 0.7764318637225939 0.44017015352197314
0 0.7481427688313567 0.4442787173649539
0 0.7265016877132914 0.4495680011484934
0 0.766529761902664 0.3865321399725002
0 0.6960136730061925 0.46014490840227706
0 0.7067930531566557 0.4661097363933273
0 0.7024236949889556 0.460368373018244
0 0.780196248513201 0.37982274617837825
0 0.7345648501878199 0.45568822091040406
0 0.7534193639522013 0.45355014399341914
0 0.7745514100660449 0.453498742049155
0 0.7459824859448101 0.5119770432296007
0 0.7590682953596115 0.5016617539136307
0 0.76366927507131 0.4902448975521585
0 0.7677216134641481 0.4786315143108368
0 0.7705506491272346 0.4703724721851556
0 0.7317100257977195 0.46455524265766146
0 0.726730878100447 0.46795617419740426
0 0.7200692006103371 0.4732053393902986
0 0.7136577476301919 0.47918477136155835
0 0.6994322026553361 0.4202725523839826
0 0.47777523197557614 0.2932332231622675
0 0.8209125555079916 0.3985210928580035
0 0.717612301201924 0.4625054673008297
0 0.7127106427822424 0.46400700043077053
0 0.7858446567602779 0.39779550206402076
0 0.7443283760677213 0.3876068709337193
0 0.7834617537648781 0.3941199072677156
0 0.7145905271172523 0.3084718327159467
0 0.6715466797999714 0.31720169225464695
0 0.7359258979558945 0.36460072281567946
0 0.6386424490939016 0.07139059774901556
0 0.658472287590089 0.10474476707370385
0 0.6828027821105459 0.13710442567649095
0 0.6902595402105994 0.4851203575082447
0 0.7906292657489362 0.15846435622028682
0 0.7871167980458426 0.11759471099661745
0 0.7832037741723268 0.06588220343641613
0 0.644269838605238 0.24833354013769524
0 0.5748965780696144 0.25825711410978563
0 0.7451232412587041 0.2542625527990901
0 0.6172940915693408 0.2039977367805398
0 0.7648615882448528 0.2911258959251901
0 0.7674202115639396 0.36535809674988623
0 0.5396586829877418 0.2652661097438439
0 0.5929810767588408 0.2773475149727386
0 0.6269977925264317 0.2904976537046225
0 0.6757248844141546 0.2931779753902684
0 0.7106573923450449 0.28868430357264435
0 0.7375000873985498 0.282369708561379
0 0.8095352030966593 0.272023991462977
0 0.5368545282146205 0.3107244034824164
0 0.595186566853005 0.19598625075557957
0 0.8153533307106599 0.3937465739638909
0 0.746294227955134 0.3229451225503631
0 0.49134665727615356 0.20234010031689767
0 0.7597472343755804 0.2743530891187813
0 0.7286185175180435 0.3636266949384109
0 0.6269203647971153 0.2231361173093319
0 0.7643121775725613 0.35076587426921596
0 0.4802032498561818 0.34422000439270684
0 0.7462411733425182 0.24707846188026925
0 0.7912274842029032 0.34305205869933836
0 0.5675077231033988 0.4697280673229176
0 0.5540568400984225 0.48405457190845325
0 0.4972064376849195 0.30239017288322034
0 0.5327276548613673 0.4364147959196049
0 0.5392524489889974 0.17491099617403486
0 0.6737383369194425 0.5438138556221257
0 0.8122910578613696 0.3969653115324352
0 0.719992865362893 0.33402625678674036
0 0.5501748365552529 0.2240776335415633
0 0.6707182092511136 0.245356615341228
0 0.6898294254813505 0.2495007573262505
0 0.7007623993508194 0.4687216802783634
0 0.5333231190300506 0.3512147687699484
0 0.7098885774612427 0.5689847473217093
0 0.6342093884620977 0.5357510354207909
0 0.5981221887404504 0.5151488176506499
0 0.8531213214863902 0.12759147428947945
0 0.7552911700761836 0.5753602148398109
0 0.7084951706878517 0.24996325623082077
0 0.7269627304504747 0.2484612995515699
0 0.7395471830082976 0.24801918183979782
0 0.5713557827731838 0.1865022531994011
0 0.7296932119390239 0.22819683694321177
0 0.7109848291653654 0.21933323747437933
0 0.691615064021038 0.21656427538913228
0 0.6710757739518 0.21752983228020045
0 0.6571620017614054 0.22065799806428993
0 0.5117184283292812 0.15771225123949673
0 0.6578598822588506 0.2397575475923393
0 0.809202319254046 0.41486555577620216
0 0.7283483513671419 0.4130801768406578
0 0.7652304778280465 0.3804397728132165
0 0.7785191503555878 0.4131302573110746
0 0.8340382789788039 0.23849643799273865
0 0.603651870366024 0.49889851821505504
0 0.6372116363566854 0.5212332220829051
0 0.7157357404737369 0.5615940490494604
0 0.5188575511717278 0.44704117373279906
0 0.7415977560955546 0.24016193553157475
0 0.7902199389493983 0.30282304027806156
0 0.7630106162117876 0.5680843831404395
0 0.6711201810318491 0.5546910085107969
0 0.4970955584684144 0.3482538880213447
0 0.7500404560047648 0.4672267206337141
0 0.7451869437228078 0.4731496341850447
0 0.7392863721951194 0.48187583425770636
0 0.7338120840165926 0.4918476759091667
0 0.7150162103707376 0.500361254228198
0 0.7138300366375757 0.45693728476762774
0 0.7086741376830183 0.45495446408572404
0 0.7039958225644153 0.4525912283555321
0 0.6752757666551549 0.43213488096776215
0 0.5738233608072218 0.3713683969948603
0 0.7876493752650593 0.2801579001805057
0 0.7701631411910057 0.23018807778539865
0 0.7532768796967424 0.23165177949096846
0 0.7180947781257008 0.45817855531754703
0 0.5580580626492915 0.4153618200317673
0 0.7969532586310221 0.2322561674143957
0 0.6956239647191503 0.5143030405044555
0 0.8374891060849895 0.3169906291624774
0 0.8128696424157723 0.29631945756466493
0 0.8357666160749353 0.29524381173693615
0 0.7674730199834575 0.3320010472898898
0 0.768872381552406 0.5540903139373531
0 0.7734997654738633 0.5342785069476004
0 0.7338074063477309 0.5291967962099158
0 0.6452205901884515 0.472875546955544
0 0.702760056309078 0.37566735472368157
0 0.6666262491565683 0.49567540961763135
0 0.6417559916558473 0.36518562747084576
0 0.6749095851960389 0.39225744235774745
0 0.6119505934741186 0.39323729827352194
0 0.7232691723367443 0.5477187769568485
0 0.7476122227051983 0.34019367688375973
0 0.6193288313629834 0.4829323017726774
0 0.6495049501890722 0.5070078949565473
0 0.6306377574801445 0.4469166163517081
0 0.5333580784499645 0.38522117014812385
0 0.5930333927921627 0.4442212840785151
0 0.5058547242180161 0.3921340370307798
0 0.6493667127645534 0.4144733491151229
0 0.7680984120006147 0.31246237877918326
0 0.7746184976852458 0.3759512005292851
0 0.7551410538346871 0.3774774350549864
0 0.7916738322895506 0.3647972835794739
0 0.7586107454870058 0.20452803745865822
0 0.7257543993384942 0.18493823807524598
0 0.693009163212517 0.17811485869081123
0 0.6617360079418058 0.17925625631342765
0 0.6356414167777352 0.1873907579999903
0 0.606134635436794 0.22462360554415248
0 0.5022799850482008 0.25782058724890583
0 0.621256907996924 0.25958002802470453
0 0.6466891012437965 0.2699664227988409
0 0.6795793143303498 0.2743026867508888
0 0.7099218443036079 0.27305555427851885
0 0.7342023923993111 0.2690148938609206
0 0.7520270188865454 0.2646320056008256
0 0.4825098637653434 0.24643082110130268
0 0.7519312805455663 0.3816526147334472
0 0.7922817445967508 0.32268502939006555
0 0.7956138143072957 0.38021081899819165
0 0.8012832412901132 0.3896616611143817
0 0.791063027213449 0.38251357188691265
0 0.7550242967579676 0.38712050079003624
0 0.8073430689780609 0.3919505554696788
0 0.804794478027717 0.3953363408860953
0 0.7552691665680512 0.24833369261544683
0 0.7677930094625639 0.2544969111033108
0 0.7784699732842653 0.25984440750401955
0 0.648412483703831 0.22338020030571068
0 0.6317470881925977 0.2080460380276908
0 0.853467530530432 0.3209707050867703
0 0.9657647577316865 0.26459520763677097
0 0.8390444925297862 0.39539909395186795
0 1.0143368710642275 0.1791415083343568
0 0.906490876622822 0.27908337252295534
0 0.924504702505858 0.28296257594357366
0 0.9425163434251494 0.28375093674530155
0 0.9661427256853684 0.2690905905936075
0 0.8939808513159337 0.2731068545709486
0 0.9531801051419714 0.2195080108616663
0 0.9290439800723739 0.22062184389518655
0 0.9727612578350565 0.22430069155019264
0 0.9818697254294935 0.2333422494971234
0 0.9713947014964145 0.2819765362078729
0 0.8363325832330663 0.5375313656485599
0 0.9721366659454678 0.2565438402087792
0 1.0043670353682146 0.26730175549569335
0 0.9857588377983674 0.2611235772461995
0 0.909372197545093 0.3675563176688941
0 0.8267012630467829 0.43554343639508536
0 0.8177584526331528 0.45279490474773487
0 0.8438339022838551 0.4455876202686973
0 0.8515435930179514 0.45611454870389856
0 0.8299311010733895 0.4570997582829517
0 0.8372091845325802 0.4624483728538389
0 0.8632866652763408 0.483622721031956
0 0.8487455469110737 0.38744659987480745
0 0.8569768284973891 0.3692340473118036
0 1.0059431635815164 0.2131278334752373
0 0.8766953261650127 0.314259481559629
0 0.8783253091184989 0.38132729497940643
0 0.8797803411017293 0.3700791467791018
0 0.9641337284575338 0.3673266184070836
0 0.8566782578178074 0.34357156734103744
0 0.9829303252956142 0.19342028738363928
0 1.0008880191523095 0.20011111277600993
0 1.0138117411862249 0.14602417084185973
0 0.8998352308636126 0.2030513582022294
0 0.9078528783891512 0.2288026310503483
0 0.8813528071926988 0.4665219345818395
0 0.9302825467742007 0.4369811660569647
0 0.8598581186455229 0.3912595601833385
0 0.8445458311749541 0.396129767337571
0 0.8520067745576734 0.4738251106246658
0 0.845839083518671 0.47269684303066006
0 1.0097670347794243 0.18571592543436133
0 0.8733160797020664 0.3885155366814655
0 0.9519814524961554 0.19214181226232777
0 0.9597590925252956 0.17556766702429108
0 0.9696763659948888 0.09873719448628633
0 1.0096284280652585 0.1668946478029956
0 0.9576197052779405 0.13853825868471809
0 1.0124491854854252 0.20143419611065283
0 1.0140640275633854 0.19392442965637083
0 0.8234625005203745 0.4449615805045418
0 0.8375328976822936 0.4521118044205334
0 0.8451664532008378 0.4595828754098519
0 0.8539231724065283 0.3940443799547527
0 0.8489096961591555 0.4733312521291816
0 0.8445720507398896 0.4774637380371923
0 0.8429743498563766 0.4721072285071663
0 0.8601859555296276 0.38680260161990704
0 0.8299355940974277 0.46354777132687364
0 0.8230588977103648 0.45970977078313413
0 0.8119927333748859 0.4570670602762181
0 0.8030948532016381 0.5160241415967112
0 0.8124038143002469 0.5056144516105238
0 0.8138778339261594 0.4939717248730037
0 0.8125096157841061 0.48207341153984484
0 0.8093468961508378 0.4734622474597848
0 0.8287192155485568 0.4720189269470132
0 0.8340042735571447 0.47651309008183684
0 0.8393754376017529 0.48268911670083586
0 0.8431012008501135 0.4895675574955733
0 0.8762725202933602 0.43562231821858366
0 0.9654522771420686 0.34232911085305007
0 0.8341801785256552 0.47157382744809856
0 0.8396004888674488 0.47428854133771814
0 0.8375367136753123 0.4028009400419567
0 0.86280926608521 0.3981064550254656
0 0.8409878177487332 0.39971834816362545
0 0.8939961460621461 0.3263432417226874
0 0.9252685165923574 0.34217964877252993
0 0.877874560330225 0.3777985531998717
0 1.0016609423834344 0.11913099211195241
0 0.9925655230231907 0.14781126091661662
0 0.9923664759034696 0.1769990942724373
0 0.847535138544829 0.49692552387714384
0 0.9139024582893952 0.17647599393258925
0 0.9119523012119791 0.13409163472445115
0 0.9238743866267412 0.08522768263583598
0 0.9573739430178767 0.2791062103017517
0 0.9791722492031429 0.2950288519911144
0 0.8866808566710224 0.2674876258749029
0 0.9894573967094007 0.23971122823979543
0 0.8672572675606479 0.3015146117495454
0 0.8752395248283511 0.37523340304260666
0 1.0021152301974918 0.3122308159004087
0 0.9722999535177065 0.3150058432117752
0 0.9542463059010713 0.3256088072191114
0 0.9219515262090642 0.3199478504450425
0 0.8989578602106675 0.308844894948213
0 0.8839174622426862 0.29896372673304183
0 0.851531898845797 0.27659337695526043
0 0.9959415074275888 0.3551363271215688
0 0.9977470260599385 0.23463146582893704
0 0.8364017942677373 0.39544836120760957
0 0.8739771389442942 0.33561273696629895
0 0.9912418658318727 0.25746558515921886
0 0.8741355026545732 0.2885893438173377
0 0.8757081841645034 0.3774474138798921
0 0.9768987174915231 0.25524655949810277
0 0.875671193651531 0.3612869068980217
0 0.9505076482892036 0.38816443124543065
0 0.8880419044390969 0.25956600007155667
0 0.868097801571307 0.3504018251662669
0 0.9065027554397997 0.49406541398038034
0 0.88985006964725 0.5076640914315763
0 0.9916073394858319 0.35082117286713227
0 0.932235196556734 0.4684457971997883
0 1.0104975512494212 0.22826355443052623
0 0.8321816137303477 0.5510166335365047
0 0.8289310954835104 0.3985528421142827
0 0.8865653305597927 0.35035137197245725
0 0.9904201963673467 0.2597475671897764
0 0.9469184914360875 0.27328559237977734
0 0.9296402289815571 0.27298273768114006
0 0.8487345297699389 0.4810422214476959
0 0.9811837083619573 0.39273232584414275
0 0.793092766209789 0.5720724556757056
0 0.8409950188968492 0.5459835123756658
0 0.8621154016126757 0.5304143818824187
0 0.9138569125662679 0.26924998066995454
0 0.9004630232634752 0.26417253930931506
0 0.8920021973874258 0.2614788334654725
0 1.0029519174409949 0.2266222839122233
0 0.9052231668130212 0.24485447222123977
0 0.9225751948745354 0.2390520160936791
0 0.9418456211038257 0.23889067769050598
0 0.9588256821684216 0.2428030365511127
0 0.9672018483929012 0.24862756806871164
0 1.007458851389263 0.21475502521447512
0 0.9583047375730847 0.269887642627177
0 0.8640162585222203 0.4251194135002468
0 0.8628029573870741 0.3888457696075025
0 0.8351912012566691 0.4181957715231439
0 0.8779104429742565 0.5156251920306164
0 0.8553496152162552 0.5327405824609425
0 0.8020485633093378 0.5651316345385883
0 0.910611902889998 0.47805440296297486
0 0.893853907999785 0.25402729657033213
0 0.8613668822723887 0.3100581434757813
0 0.8199052564475847 0.5609325666790423
0 0.9759699848035107 0.39250584555708845
0 0.8210624871046647 0.4728001212944155
0 0.8258871947941573 0.4794735303391581
0 0.8297431018689404 0.48878978542659596
0 0.8313028274670892 0.4994186028838158
0 0.8277918984708579 0.5084977720094763
0 0.8416071780349897 0.46759137964766956
0 0.848494583821815 0.4668556236702463
0 0.8544538724033729 0.46526761871317157
0 0.8823211769694868 0.44994658646376234
0 0.9629329523962477 0.40687101172364276
0 0.859450884487318 0.28778637903540033
0 0.8808444799936336 0.24221882651681487
0 0.8892761319875717 0.2456464077791442
0 0.834982614154401 0.4675629171340362
0 0.9421776124964589 0.4478299919677817
0 0.8682354850613553 0.24199275283709817
0 0.8330138079498125 0.5228031668974006
0 0.8527122716540876 0.30039877956328187
0 0.8692817441795183 0.342000944847646
0 0.8048357769199039 0.5333687907975653
0 0.8766790466464084 0.48989521524180535
0 0.8883922679916673 0.3928967307443204
0 0.855536845067273 0.508233883847361
0 0.9344371783992519 0.39233466386795046
0 0.9016237313980642 0.41276532722556075
0 0.9372470725489699 0.422073992309363
0 0.8058958228515543 0.5519202505764754
0 0.8734444386285284 0.3524197834989299
0 0.8844037551594817 0.5006275481503942
0 0.8600268532400546 0.5194995500471281
0 0.8986162672872129 0.46859976584496704
0 0.963368129471074 0.4233624970783358
0 0.9172371438016063 0.46973731763984844
0 0.9566738313954809 0.43139302588027456
0 0.9058304020892018 0.4370501537685809
0 0.8672517897642177 0.3224333733320236
0 0.8677619326373806 0.38395306351392167
0 0.8713437652458316 0.38766464305960613
0 0.8680858612060547 0.37159775741722273
0 0.9029005503524905 0.22144402087382647
0 0.9376545529002729 0.21069364476463068
0 0.966049910887428 0.21085843933017356
0 0.9853629900709443 0.2161975663965163
0 0.9934952712577322 0.2254761425373347
0 0.9797640050882879 0.2579804855844249
0 1.0001970166745393 0.3091542553642522
0 0.9640308812908505 0.2933554594931395
0 0.9464548482843067 0.30103667870811796
0 0.9229268509408702 0.299321778377761
0 0.9016263471997302 0.2921073782703151
0 0.8875168976576432 0.2844661929361198
0 0.8783486666886703 0.27790726079888967
0 0.9761945129088734 0.29882168523643327
0 0.8668377237475436 0.39174213532520374
0 0.8637158106202665 0.3297156429809073
0 0.8595789356724076 0.3853464390920556
0 0.8440278101226558 0.3928565782697304
0 0.8553329664080039 0.38777063203894574
0 0.8593780728785888 0.3962304365375768
0 0.841762464331544 0.39462813255579576
0 0.8345666709153549 0.39777889893106794
0 0.882233039840408 0.2604133528211842
0 0.8724182750219884 0.2658873210458652
0 0.8680254823487737 0.2718597559825234
0 0.9706899429792943 0.2530337684828302
0 0.9835978778808013 0.24251866554436477
0 0.6897775556730188 0.23035151699314946
0 0.7138861686639164 0.23336822154081385
0 0.6940009213336136 0.21152154812994212
0 0.6651082379014596 0.2273866209970868
0 0.6854723923556183 0.2494216383151386
0 0.9257230505995129 0.25231908831907357
0 0.9530576240757237 0.25526265437188356
0 0.9297505542635918 0.23145406667305077
0 0.8982269129027491 0.24938572133364884
0 0.9220592356894327 0.2732324623543283
