0 0.7633870564725088 0.5385643679810607
0 0.796293320539205 0.4771868585244469
0 0.776685826804327 0.49542222677365594
0 0.7526113167405128 0.4116946535265964
0 0.7957750772652419 0.45745377683121224
0 0.7859389500125594 0.4304822941189227
0 0.7533179664093516 0.3615839977303277
0 0.5464742335936298 0.3656134213766326
0 0.7389721831549769 0.29895133188237316
0 0.7367544802634612 0.27042701795049334
0 0.7156937812333521 0.17608895512378733
0 0.7643646895885468 0.5450233874113664
0 0.7641201634769854 0.5519014926060386
0 0.7630438023935193 0.5565837140964425
0 0.7653094238561132 0.5740574613213539
0 0.7681145612960276 0.5828394072211307
0 0.7705015659980152 0.594197270533313
0 0.7716345495503881 0.6057620108775471
0 0.7719016366678736 0.613290865978469
0 0.7911567953617676 0.4869345130479854
0 0.7587255378780158 0.4889598882716635
0 0.3996594616252443 0.2789248477829539
0 0.6211470940514751 0.3764902841137803
0 0.5970260008521702 0.3807708802754464
0 0.5721388546668965 0.38185679932003436
0 0.5337345237317292 0.3722874742811141
0 0.6417454024371894 0.3697385684627554
0 0.5791859796837621 0.31385166865328085
0 0.6081157564792944 0.31437325723793197
0 0.5511029476056928 0.3202106745670671
0 0.5317568064707777 0.33120965442579725
0 0.5113346341835416 0.3858316701391469
0 0.674719632319782 0.6450614085663919
0 0.534554716847513 0.35993817953959756
0 0.4046433700815491 0.37069024165039477
0 0.47325489265115367 0.37038718215797256
0 0.6258803176815095 0.4640667093836743
0 0.7359664790008379 0.5389331380310266
0 0.7399423064097114 0.5549467055693916
0 0.7077806183825368 0.551236018732838
0 0.6890185967735623 0.5626585686336393
0 0.7178774540838988 0.5610368843311849
0 0.7006196042765742 0.567834625619909
0 0.649045380399279 0.5897146876739419
0 0.7754937070219413 0.4787107361399609
0 0.7707476317882538 0.4598774053480314
0 0.49164910387733707 0.3106248247882594
0 0.6680182908540186 0.40823356794274374
0 0.6945054459830989 0.4762854127780251
0 0.6869186321678369 0.4646673554311628
0 0.5389946631115415 0.4665663234565569
0 0.7622938217676204 0.4342760283661925
0 0.5600008449476698 0.27960322719553243
0 0.5210444449406603 0.2910890336593856
0 0.4316963571245256 0.24211764921960624
0 0.6768050171110941 0.29067321400279583
0 0.6328480078474336 0.3227675426265468
0 0.6293765351824139 0.5740884275540061
0 0.4330621149552905 0.553679702916871
0 0.7140843142633853 0.4863370801443639
0 0.7359041691474293 0.4905345053128574
0 0.6671313416698704 0.5813268638823343
0 0.673373293293559 0.5802478478006695
0 0.5018183516095513 0.2778981423896292
0 0.690027997545574 0.4843396698651106
0 0.6103599324174549 0.2775916225884272
0 0.6054956318567628 0.2608832391707794
0 0.5564502516518468 0.19218864197964253
0 0.46777333805094595 0.2618042639092259
0 0.5850138991423275 0.23032200388286425
0 0.4685331380561642 0.3017297832862191
0 0.43563641057066294 0.291916841916416
0 0.7378655626722004 0.5475392437499502
0 0.7129023437914641 0.5564886615328167
0 0.6946536950443102 0.5653599045846773
0 0.7192813268174296 0.4893410165672717
0 0.6703705428087193 0.580823459573414
0 0.6823134532441264 0.5847814878691797
0 0.6764485343642856 0.5796718829351922
0 0.7346795904247657 0.4802856709646142
0 0.7047564380842707 0.5690852447696354
0 0.7214419673318448 0.5634640437753304
0 0.741160883527735 0.5591187433704086
0 0.7387737531376921 0.6151987319407256
0 0.7421557673293612 0.60758555829525
0 0.7425304748441862 0.5959791883178379
0 0.7427901463664096 0.5843138518540756
0 0.7431772341546805 0.5761505244218785
0 0.7054002123034518 0.5785740823201512
0 0.7015408034557882 0.582789232743823
0 0.6966617188375929 0.5890652795200763
0 0.6924629836626675 0.5958896440008412
0 0.6650422805029413 0.5375644446715064
0 0.3893000635763873 0.4533047959856365
0 0.7844983135228571 0.49142564075148626
0 0.6918208748102188 0.5791869806854621
0 0.6874421857621359 0.5816085965737052
0 0.7445412951966991 0.4974247215882592
0 0.6964484890517981 0.4950215018313864
0 0.7405767168687738 0.4941666996349459
0 0.6412594767044419 0.42134104105441467
0 0.6011096371904664 0.4384530094654664
0 0.6802975111033606 0.47326488099668335
0 0.4815356773526772 0.21257842319167178
0 0.5147516524986081 0.24033608452781388
0 0.5477729525579058 0.2638509835885919
0 0.6734995155230813 0.6008873891571294
0 0.6685937850371652 0.26286991543096044
0 0.6543390627788461 0.22801637895729232
0 0.6327896728787733 0.18145178051098534
0 0.5485852587482204 0.37939184129886006
0 0.48214872084234073 0.40187034257080245
0 0.6558151747221532 0.3636020815890768
0 0.5040201863840871 0.34234950063021286
0 0.6872256880869037 0.39470238355190856
0 0.7161717729076095 0.4687247087126193
0 0.4469959241864474 0.4142155944005303
0 0.5084566605155882 0.41603232712849325
0 0.5488165876139766 0.4212511789539586
0 0.5999269125902135 0.4138958336218544
0 0.6342784636046576 0.4026972857506379
0 0.6597941757544227 0.3914156728140686
0 0.7280756257798361 0.36781103523529096
0 0.45931165681585023 0.4584054676734883
0 0.4794960901465105 0.3390064186376074
0 0.7782749008873234 0.4876841289193734
0 0.6785652154813642 0.4296097666673038
0 0.37599893659353256 0.36396276581546533
0 0.679808081816072 0.37935411334037783
0 0.6724894548887792 0.47335248330365054
0 0.5201394909425922 0.359594902784928
0 0.7078505637853042 0.45447268550810604
0 0.4044406980923984 0.5021640028642571
0 0.6540726669456648 0.3566635269185771
0 0.7352159013566764 0.4422019362449646
0 0.5317651961484681 0.6093479853609334
0 0.5193331078018831 0.6265956473091374
0 0.4143062677720319 0.4581540303385776
0 0.48765696844329004 0.5821630227824915
0 0.41782397793039033 0.32850787710884344
0 0.6668899577596913 0.6637943550944329
0 0.7743868980070819 0.49160787191080013
0 0.654795624639677 0.44557411307873934
0 0.44359856034102646 0.37490353833722034
0 0.5746887825105501 0.3709896642876708
0 0.5963046456808629 0.3703296103879162
0 0.6773893408801245 0.588412976005803
0 0.4676146725921527 0.4981888495709585
0 0.7134306421098502 0.684403530475886
0 0.618487393402535 0.6651297164999921
0 0.5733364418796871 0.6504474851100341
0 0.7278363157225691 0.22485104384629623
0 0.7660190271942512 0.6816315406690473
0 0.6159252581065116 0.3667059785645941
0 0.634537239599487 0.36168831897818526
0 0.6475445236200872 0.358879960619885
0 0.45199147449887317 0.3347131994107495
0 0.6284467892154403 0.3428842242645181
0 0.6057143447839696 0.33814137675192046
0 0.5847584067479424 0.3392282668015231
0 0.5636851860453254 0.3443975797165995
0 0.5500306713840236 0.35059428655582925
0 0.38256073289591336 0.31752664015992826
0 0.5586808061470157 0.36890359242325244
0 0.7758135202786197 0.5095005636629851
0 0.6909385760841162 0.5242752347303473
0 0.7164501091060431 0.48348048931878546
0 0.7430663144458896 0.5139767202346222
0 0.7420688854611438 0.3302187526355619
0 0.5770676017779371 0.6321379673869714
0 0.6197531820963258 0.6486072364060775
0 0.7188456291737764 0.6727949713235316
0 0.4733755217622156 0.5957859053559925
0 0.646077932546968 0.3514506070510201
0 0.7188416071560072 0.4018759920545246
0 0.7717779596214709 0.6701371363971544
0 0.6653971921490587 0.6774809709061747
0 0.4270305965581666 0.5023262489749037
0 0.7230301301764406 0.5774775175296742
0 0.719996648962083 0.5839695158212082
0 0.7170122175113015 0.5932848789121794
0 0.7150796065511911 0.6035995650550593
0 0.7034501935476842 0.610229728532874
0 0.6856165353370749 0.5744299388450125
0 0.6800539276522138 0.5737069814749386
0 0.6749812205848487 0.572493295825046
0 0.6440522024488967 0.5548775700123414
0 0.5178658725774806 0.5098289399043373
0 0.7077744596678278 0.3798577471595743
0 0.6729055137737937 0.3354769743007162
0 0.6556678997433704 0.340488596001397
0 0.6902963415436123 0.5745472715600677
0 0.5107153377131276 0.5565188862707304
0 0.7023049239879069 0.3317275885006656
0 0.6865830136382062 0.6268663281979768
0 0.7746638830589212 0.4072683536488077
0 0.7406545177749966 0.39122445544470913
0 0.7643920267405717 0.3856292420755262
0 0.7050305637328521 0.43489990791548855
0 0.773740610026795 0.6522200106278709
0 0.7722703425780587 0.6311031232061594
0 0.7312554078905479 0.6333861855061158
0 0.6197319565259892 0.5980575274514115
0 0.6508313919539037 0.4904134651241095
0 0.6492387828943522 0.6151834783346757
0 0.5872224896498348 0.49141960286575814
0 0.6297242197653522 0.5124735338532407
0 0.5645076729681181 0.5248521529462027
0 0.7249558282935101 0.6545101700917534
0 0.6856668419812036 0.4465075137174648
0 0.5918157910523207 0.6128263018701388
0 0.6317768313962481 0.630470628194187
0 0.5976615267927232 0.5761834326645602
0 0.47626300058935 0.5314443236459856
0 0.5548039580816808 0.5795450873349024
0 0.4479018679779509 0.5434471108343291
0 0.6108393537933412 0.5404475880705792
0 0.6983579734097356 0.4153332388271456
0 0.7274652531613475 0.477681929844877
0 0.7049625036509141 0.48259733377591424
0 0.7433743758693986 0.46384934549746304
0 0.6514606492026992 0.3136749280859595
0 0.6098059623137765 0.3015779887204585
0 0.573274917576624 0.3016176410343336
0 0.5413056579620942 0.3092467038527779
0 0.5170404005633749 0.32251866521394773
0 0.5003045175386511 0.3642597168036129
0 0.4059816964942476 0.41453697940577633
0 0.5300734663463157 0.39417223246849104
0 0.5608726172991421 0.3984286770872448
0 0.5962382823876713 0.3955728454110415
0 0.6269538036507109 0.3882063600032226
0 0.6506257034514261 0.37956784037144287
0 0.6674125686935757 0.37180310167048286
0 0.3805927407482396 0.40792990819267605
0 0.7024423010323358 0.4873442065456639
0 0.7288240981490716 0.42142871397992837
0 0.7529277049976847 0.4780143313433813
0 0.7612938475997552 0.4863163889102314
0 0.7483673652876979 0.48114079094451406
0 0.7074779615454052 0.49233746742424755
0 0.7688599857299224 0.48746514080659203
0 0.7655946728975876 0.49133408380591354
0 0.6640787244490955 0.35590183527573294
0 0.6797772568205128 0.3589680749113145
0 0.6935264931424804 0.36180469834286233
0 0.5417284097360529 0.35538722027255143
0 0.5195959372364957 0.3437500959181267
0 0.792569214883058 0.40781487058038296
0 0.8751624809659045 0.33127208122092744
0 0.8035295275242432 0.48362080837073534
0 0.8985973330943481 0.24197171599320744
0 0.8228228953869446 0.3572643495124319
0 0.8428328108528386 0.35661342305981597
0 0.8614196861567704 0.3533603444047596
0 0.8797334098945493 0.3361429601583792
0 0.8069919192272684 0.35413224042757696
0 0.8484608077484629 0.290160099643728
0 0.8247961350109266 0.2953991660281368
0 0.8694942010485608 0.2915703696725161
0 0.8816145201740058 0.29884227919189826
0 0.8947346877792607 0.347849996873866
0 0.8365023119942002 0.6227769140963969
0 0.8792169262533602 0.3229882785483547
0 0.9084005614985591 0.3263378751018773
0 0.9044954964648122 0.32711309019638146
0 0.8582913733046987 0.44120808613041174
0 0.7858520053003145 0.5330166455844174
0 0.7830190593781678 0.5496492906109146
0 0.8064997876467912 0.5382441481818323
0 0.8184627453270166 0.5457528416877208
0 0.7974908134859541 0.5507015422634457
0 0.807544632450394 0.5538730211879896
0 0.8459939911313679 0.5667430041276891
0 0.8126742762068043 0.47453379034996035
0 0.8149737706002982 0.4554093345999718
0 0.901615040457767 0.2758371577638647
0 0.8103881361691848 0.3948199104679667
0 0.8390291760797086 0.46057970679324606
0 0.8353336330341257 0.44916298292253326
0 0.9070280479348224 0.4300497202121693
0 0.8049598261713982 0.4300757784558379
0 0.8675815744892411 0.2591850749824358
0 0.8893160557617312 0.26302993705739147
0 0.8941665777693624 0.21047820996331132
0 0.7876518582520278 0.28454490122587783
0 0.8055970331896907 0.307379372936228
0 0.8580470671472342 0.5479743952336519
0 0.8824750748665436 0.5015764565571494
0 0.824051213329253 0.47369925567637317
0 0.8088955905126489 0.48264750825322195
0 0.8283243558329084 0.560854794408964
0 0.8220396702704222 0.5610902719523596
0 0.8938952172579973 0.24794429722039596
0 0.834909121627393 0.46878289839495785
0 0.8356842398643494 0.26373165589959724
0 0.8372936754123025 0.24648916675992635
0 0.8383430449858956 0.1759997815541599
0 0.9008475891921831 0.22927955055366392
0 0.8419067412614822 0.21322800789190374
0 0.90657953010953 0.26427254100208697
0 0.9076786721530168 0.25462738929883294
0 0.785585295246995 0.5419092860558758
0 0.802601666878099 0.5449919621581617
0 0.8137154132127762 0.5498539078494776
0 0.8180198206201844 0.47798004603904226
0 0.8251754929837973 0.5610306698990905
0 0.8210566011459931 0.566591138943382
0 0.8190561500580414 0.561143906738447
0 0.823967630772487 0.4699827075004578
0 0.801682950037977 0.5561715842589088
0 0.7924499369185903 0.5541259768216507
0 0.7795921117067337 0.5542648128841234
0 0.7969168275594711 0.6080686597720436
0 0.7954932218012603 0.6004371959230174
0 0.7925775417167208 0.5891748795042867
0 0.7876212217885515 0.5781925656225371
0 0.7822508854062661 0.5708137043144392
0 0.8030867285054663 0.5651809924970502
0 0.8093817833325138 0.5683160322515861
0 0.8165045882696691 0.5731004034695418
0 0.8224035371904788 0.5787236877109694
0 0.8470178460297377 0.5174315913863804
0 0.8841809759969297 0.4041815110522768
0 0.8092864175205645 0.5633278559083524
0 0.8151722006175829 0.5646434088116107
0 0.8025711246806643 0.4914899742473727
0 0.8258979165035746 0.4810725028100221
0 0.8057742219256319 0.48740289055782815
0 0.8304415397022081 0.40358118278824767
0 0.8646636320197064 0.4134608233752458
0 0.8348117133845454 0.45717539852080136
0 0.8770195219827734 0.18774036207924719
0 0.8809041627075361 0.2145020547444406
0 0.8709573985441871 0.24159996230965075
0 0.8346034482769344 0.5814063097471777
0 0.7921696525552998 0.2563993675229342
0 0.791969997079476 0.2191362203139326
0 0.7863367527075436 0.1730321960280771
0 0.8744886358794959 0.34666295207065084
0 0.9120263476734576 0.3597880092004071
0 0.7967570466191872 0.3502866898217927
0 0.8941188163083532 0.3046598527094592
0 0.7970771740960039 0.3843156135276608
0 0.8347366776155389 0.4559387618432874
0 0.9225853383541107 0.3695781054704086
0 0.9098140493683193 0.37843095239089886
0 0.8928679687821347 0.3900861550932345
0 0.8565917565770771 0.3903256755484187
0 0.8282567670811778 0.3843434548896292
0 0.8083552261409552 0.3775263288098833
0 0.7731411722691163 0.3637121405938397
0 0.9286012085883514 0.4117572568680929
0 0.9038423584855121 0.2989809563626414
0 0.8014749363064766 0.48498717131822006
0 0.815242020332295 0.4163166727060857
0 0.8870872608993364 0.31976124048233034
0 0.7936964167848878 0.3692936186557231
0 0.8308143933182177 0.4571207397657892
0 0.8850803054545237 0.3213139304648275
0 0.8290923726947411 0.4419774045762808
0 0.8850752150882846 0.4506317427624827
0 0.7946179930282675 0.34299537785675216
0 0.818356507498285 0.4338498807471731
0 0.8884021464897238 0.5643770003448362
0 0.8753996543262316 0.5808715861128724
0 0.9169289359579915 0.4079008133515068
0 0.8997250691704128 0.532594911624556
0 0.9077618148015894 0.2880668953061104
0 0.8392848884281905 0.6393857959819876
0 0.79325163817924 0.4896827397139176
0 0.831636958796045 0.42841235859238586
0 0.9131853172312612 0.3272192122171754
0 0.8598017038210578 0.3429193393367788
0 0.8427173663740573 0.34661256573770355
0 0.8263571178135665 0.5690186161709868
0 0.9247395687777064 0.45011725134175756
0 0.8070958004049633 0.670854691448419
0 0.8481116149088611 0.6328711644462918
0 0.8613887983171836 0.6113065907488698
0 0.8254794381234957 0.3469856788282809
0 0.8095403702362723 0.34518059816049496
0 0.7996084058414334 0.3442211392781009
0 0.9098252984492675 0.29176432351055354
0 0.8073558489913526 0.3244254542433697
0 0.8238963970671529 0.3154542506388996
0 0.8434623194777447 0.31197010809960574
0 0.8613550824963528 0.3128357149336649
0 0.8711550430111263 0.31662989054685053
0 0.8960668554772502 0.27666886769559074
0 0.8695861104389896 0.3374316427046838
0 0.8338603804940763 0.5088433521597282
0 0.8270957236704619 0.47072639141393746
0 0.8038929231140924 0.507457639730495
0 0.8718765867145165 0.5930888771362927
0 0.8559949582685595 0.6160184367195419
0 0.8129881821248842 0.6592041848794273
0 0.880028305494267 0.5459345078986624
0 0.7984730656380239 0.3359623708802721
0 0.795495735562366 0.3945362887304762
0 0.8321075977190681 0.6535471449727598
0 0.9137689497159875 0.4503386757943941
0 0.794565895329351 0.5676243588976239
0 0.8011095925517704 0.5729570831293646
0 0.8076810668344083 0.5810126466595609
0 0.8128866261762121 0.5905960071346034
0 0.8187945932149887 0.5960909774769907
0 0.8149699056925981 0.5575769992626232
0 0.8209346523103507 0.5555305090935334
0 0.8257895105558893 0.5530784919210102
0 0.8551944824664489 0.5313006149038024
0 0.9136968676162802 0.4676431856725527
0 0.7848726753955302 0.37280028851135916
0 0.7826112330607746 0.3258974272271861
0 0.7918236961831218 0.3279290521922319
0 0.8090272801725761 0.5588248995983083
0 0.9061428269614344 0.5109206673243771
0 0.770790617103162 0.32675429501611253
0 0.8268806085638378 0.608296616440234
0 0.7836665099729663 0.3871311043591603
0 0.81451073580462 0.42409265741058016
0 0.8025043529012929 0.6237538157597832
0 0.8619911269001339 0.5685109747492749
0 0.847540456963622 0.47024085359728857
0 0.846101014510445 0.5900798914873082
0 0.8873557934294576 0.4604517106776652
0 0.8644369536119959 0.4877309843249943
0 0.8972725809916205 0.4886458475952563
0 0.8109498046662497 0.6424018081763516
0 0.8214045999490697 0.43292131747888485
0 0.8738810283982236 0.5768216830880746
0 0.8545718866845836 0.6007556502585826
0 0.8762439324156098 0.5438458231480225
0 0.9171760386746862 0.482720492521058
0 0.8928996421720671 0.5391449936706086
0 0.9082223358361617 0.49118412532236266
0 0.8738594728967418 0.5116771331947783
0 0.8050306828125663 0.4050158691794976
0 0.8307891928631327 0.4656943962625835
0 0.8349192395158436 0.4680503015932829
0 0.8270540266581203 0.45470689191766406
0 0.7976130136977071 0.30146522855629093
0 0.8292550444602966 0.2842549591284731
0 0.8577070495356685 0.2792594914203105
0 0.8791766746536546 0.2811324188566726
0 0.8912553281887717 0.28934447308597355
0 0.8932469182688257 0.3243135944656704
0 0.9146242569322172 0.3667577596138353
0 0.8900089425885159 0.3592005688211192
0 0.8745476464214532 0.36862449027273964
0 0.8491645980140438 0.37142682839994845
0 0.8240083222803862 0.3691345503796702
0 0.8058103572415269 0.36468284547976826
0 0.7934797305775725 0.3599418870132902
0 0.8821228340916012 0.3614054740447065
0 0.8304193557604499 0.47304808205884435
0 0.8055455010870228 0.4139169485672661
0 0.8233971641115521 0.46961319595575335
0 0.8084784632791644 0.48037037791117376
0 0.8191806440768035 0.4725568947584733
0 0.8228704054718432 0.47951688215784405
0 0.8066552637711816 0.48294929661180663
0 0.7991842086548391 0.4873028946959454
0 0.7893504380531933 0.34434373307487237
0 0.7826294264067775 0.3498169705595659
0 0.7808583874417387 0.3547145079983317
0 0.8761649374728617 0.3199010652044545
0 0.8868561205656632 0.30764878269122997
0 0.5846667487336241 0.35177174489135327
0 0.6104584247197794 0.34929200993931814
0 0.5824272860975369 0.33332445038401565
0 0.558182390163774 0.3543338916871859
0 0.5866395170273988 0.3701176664751509
0 0.8254260835440262 0.32804973928824716
0 0.8519763654988745 0.32660613730549815
0 0.823084703606108 0.3082783293788848
0 0.7989532882752626 0.3294966250334097
0 0.827919734560925 0.34765433053607525
