0 0.21943136810753416 0.4491875284790003
0 0.1687172726739811 0.3984824687702093
0 0.1849099944035212 0.4125166113266317
0 0.07601244650183851 0.35275259009459686
0 0.1502926545178337 0.3829241749230653
0 0.1238684415314268 0.3608164275385448
0 0.05471562144625539 0.30239630035375503
0 -0.19728869539272936 0.3464348500026644
0 -0.004222625481428476 0.2522686316166625
0 -0.031903528462985394 0.22933189017634092
0 -0.13854113661287204 0.14410617420823266
0 0.2267999517640987 0.4555382884128521
0 0.23463455068914196 0.4620052430411958
0 0.240678820428969 0.46638170708399507
0 0.2545330633216769 0.4786888138962245
0 0.2639525666015561 0.4875487438441737
0 0.2756150996131736 0.4985043691429238
0 0.2879097587448635 0.5095025450875044
0 0.30680415713334386 0.5190837405895988
0 0.17710336608977256 0.4057263191060239
0 0.14618659786534208 0.4144873923112772
0 -0.41079478638584604 0.3252920120212107
0 -0.07756541405297533 0.3338506063391164
0 -0.10621905119358739 0.345581234703426
0 -0.13848842711891304 0.3552325931449519
0 -0.20106804043934817 0.3539005788054189
0 -0.0589374393727709 0.32290407248097663
0 -0.19463486447615966 0.3060238358530427
0 -0.1554192271916675 0.29746290952992466
0 -0.22568738146170284 0.3177259056027957
0 -0.23863439733469033 0.3291536436669201
0 -0.2055566852857292 0.3736924760282252
0 0.21615297331588681 0.5690871033097219
0 -0.21870135368174137 0.34404309138143047
0 -0.3292945976750257 0.40164608731954266
0 -0.2593234715833946 0.3690977160192469
0 -0.013920784562448912 0.4296436349409472
0 0.18205883413678986 0.457534958035072
0 0.20513113050521176 0.47153009864924783
0 0.15795450138894818 0.47514957352182335
0 0.14704130929482134 0.489240765713005
0 0.1832409196765111 0.48160098144875163
0 0.16940491989192077 0.4906862033785167
0 0.12836475365398303 0.5284400158788244
0 0.14228249193495335 0.40620018932460183
0 0.11917157640940026 0.3933526318551241
0 -0.3101133833706127 0.32893152861974134
0 -0.0012647535353270262 0.36590151699129514
0 0.06499014316983363 0.42271734288013135
0 0.05074162130491643 0.41456867452193835
0 -0.11184384255721096 0.45616100139889426
0 0.0958374130700711 0.37212472637918637
0 -0.261716081874783 0.2981810657437869
0 -0.29859857267468287 0.31326278559819376
0 -0.4093669440424392 0.28965135111361917
0 -0.09338058908528919 0.2753121214405073
0 -0.11495918048082021 0.29460436119869227
0 0.087115163321485 0.5193032194569724
0 -0.0936299169491112 0.5278232173987555
0 0.09923716735110505 0.42398176286568423
0 0.1280676204443984 0.4218574413059728
0 0.14310721292274411 0.5085019458655361
0 0.15098970606608733 0.5056524720763255
0 -0.33398968534630563 0.3051783825720474
0 0.07227184988149611 0.4294747166503508
0 -0.19602512181559695 0.2851790213782875
0 -0.22478653710602708 0.27385007246250503
0 -0.32072566921197915 0.21591937909629705
0 -0.35816262769296703 0.30285234256147064
0 -0.2555893384203126 0.24509823944503584
0 -0.34107340828275884 0.32409177287476204
0 -0.36744932308478695 0.3329245636895882
0 0.19335435588651567 0.46552035223122595
0 0.1708293204443364 0.47894327284178273
0 0.15794207539236496 0.49026326550566285
0 0.10950158184339226 0.42493278162900805
0 0.14718151784144373 0.5070936512975365
0 0.16249844111219236 0.5083706100357527
0 0.15497596253825643 0.5042007481358937
0 0.10660251927903935 0.41483256287987685
0 0.17836175274245347 0.49040910032437507
0 0.19276293338854103 0.4826953002425134
0 0.2139478356023378 0.4745631249066915
0 0.26508199112324776 0.5302394451761302
0 0.24891465462209805 0.5189416234603556
0 0.2390430971414228 0.5074996229875413
0 0.2308060833673437 0.495645364549802
0 0.22634935184118618 0.4864142064097937
0 0.18513521357176174 0.4967129497765646
0 0.1822457896380485 0.5024535016798606
0 0.18000225898837238 0.5099374809581897
0 0.17991553555058024 0.5176778456211656
0 0.08946488857395035 0.4812950831998144
0 -0.2455925352965729 0.4620820640244942
0 0.18035684425368087 0.40880111867422736
0 0.17184031827037344 0.49993669350376335
0 0.16701728646262284 0.5038898141075849
0 0.1445915781998936 0.425178149133956
0 0.0918675899379867 0.43581405313837995
0 0.1365230505979514 0.42354185880998135
0 -0.023137577663997055 0.3855377782140621
0 -0.06216496675577848 0.414494929081746
0 0.05439932408589351 0.4225256452922436
0 -0.38217902510478025 0.25372152155970057
0 -0.3239598216386787 0.27362511845245907
0 -0.2960318691619841 0.28802852896467507
0 0.16964516659829185 0.5330050005748744
0 -0.1361707606144595 0.25817551632651514
0 -0.17696603453612025 0.218903737418875
0 -0.2418289934029559 0.18125917429318772
0 -0.1731108731358363 0.3578543415556033
0 -0.21599455473292226 0.3946016065307925
0 -0.0507347465567448 0.31464492115120307
0 -0.2615946011955728 0.342852518227601
0 0.008308887041570769 0.34912142139878277
0 0.07452165008471485 0.4121554884904927
0 -0.2548061613040634 0.4319017933215394
0 -0.17649449301168385 0.405191343591448
0 -0.12391808163767626 0.4045626485050785
0 -0.06705567096104602 0.3843329764487198
0 -0.03490273421826745 0.3632172438032121
0 -0.014725517308661706 0.3472456442786564
0 0.027261052579316408 0.31611182002410343
0 -0.20049741411510902 0.46500666893815373
0 -0.2897503582234121 0.34731090662742425
0 0.16104387237301357 0.4102257034815362
0 0.02395673932405464 0.3831138784775106
0 -0.3524009726218533 0.39610382345364753
0 -0.003526220278900887 0.3331815574234208
0 0.050975663092317464 0.42323663650458393
0 -0.23008534400271968 0.34644661142025696
0 0.05893442503133404 0.4017555563758135
0 -0.1759780950938599 0.49508561570449233
0 -0.061970045043446345 0.30863558029930505
0 0.07364359749520379 0.3856242651899797
0 0.04070771793650173 0.5591518485814793
0 0.05893413417575732 0.5690127833175207
0 -0.2335369917662335 0.4680056276411914
0 -0.028422698189940632 0.5458260610575919
0 -0.3545936035456034 0.36556320724962443
0 0.2281452072823601 0.5834169373676305
0 0.1672216932984847 0.4122746911337367
0 0.010506688731129159 0.40368571315371693
0 -0.27712919754821036 0.3764820274226323
0 -0.152684053665475 0.3434697560709708
0 -0.12252307365715252 0.33584687039521244
0 0.1590043607517637 0.5131824493125382
0 -0.14747935470649462 0.4921934222835663
0 0.3096135311488864 0.5883757267699689
0 0.19066022531392704 0.5864839635851261
0 0.13375536588173878 0.5798773252242825
0 -0.08443739412957606 0.18784859299235496
0 0.37754967003934997 0.5725195446048343
0 -0.09806767822820929 0.32609259954975167
0 -0.07869732700571229 0.31644833851539367
0 -0.066751387551867 0.3110346729079458
0 -0.3172825532120491 0.34741473155513775
0 -0.10239300766826179 0.30745981030899716
0 -0.1355210215733524 0.3116627934423064
0 -0.1662549224332415 0.3191197687762205
0 -0.19269052726306996 0.3286546959430156
0 -0.20620477614523489 0.33617311454469767
0 -0.3929312124785492 0.3592341789005773
0 -0.1770079500564543 0.3463839514541173
0 0.19989605329710722 0.42624303058655943
0 0.10762713076193121 0.4637782091489183
0 0.09607711038257502 0.4214840838917634
0 0.15889381947396677 0.4411900010963069
0 0.024362547488152225 0.27657086350032584
0 0.10773736502550825 0.5698682574614935
0 0.16582403530048417 0.576962960855251
0 0.2966824800153322 0.5815308521085221
0 -0.01307051675983622 0.5528014942137514
0 -0.07620724777883618 0.3080267072572403
0 0.03978021181962661 0.3504622230043332
0 0.3664937001743397 0.5654674932484384
0 0.2487286686394285 0.5909679702451079
0 -0.1726948527092672 0.49796898806222395
0 0.20298406695514792 0.4922918396629614
0 0.20295275150472103 0.5002860211251328
0 0.205534337127762 0.5103556872262649
0 0.21153313644576174 0.5212195193923099
0 0.2152413996211587 0.5346445692250171
0 0.16005132771745512 0.49840733744778526
0 0.1509452051628491 0.49957104184590767
0 0.14246726601938658 0.49996281872157666
0 0.08318870998761825 0.5004569334491716
0 -0.08894030705785952 0.4932609737131519
0 0.016537708383572252 0.33155692712550766
0 -0.05354870962694224 0.29413459733711866
0 -0.07104860095283654 0.29911077538701847
0 0.1681809511491518 0.4969722079212555
0 -0.03956951194674657 0.5261418078434991
0 -0.024176319880324575 0.29244592138880937
0 0.21324826330575258 0.5515957123302763
0 0.10111372713549731 0.34145591748283993
0 0.05306495949311599 0.33597627978590744
0 0.07940452542737567 0.32307610011185617
0 0.049031067340937345 0.383327240055849
0 0.34980237119308505 0.5522942999786612
0 0.3275763191251312 0.5347775949136501
0 0.2735268858414662 0.548125316805404
0 0.1064890209695458 0.5405130772403975
0 0.03757030730634802 0.44479294914933426
0 0.15850215012262642 0.5487508011599593
0 -0.0378264791100337 0.4642871946343889
0 0.029468799913734325 0.4699648837884833
0 -0.02783421656501947 0.49543889759556964
0 0.2844794080730229 0.5674186380732527
0 0.041809769716695394 0.3971228759342524
0 0.09652928577319479 0.55576990026879
0 0.1559407466448812 0.563445137771706
0 0.05803338677194048 0.5275887325847983
0 -0.09909968229034279 0.5134191647401767
0 0.023472238567811023 0.5366300181844763
0 -0.10720073724094825 0.5240494246160432
0 0.0348453541219486 0.4972782751560777
0 0.03155112386001313 0.36631536342353865
0 0.09387043759792665 0.4156709018551158
0 0.081513260675885 0.4246519946825745
0 0.09364843399967322 0.40256834468524794
0 -0.10200303497445232 0.28731664212714453
0 -0.16984227048193856 0.29202316940042894
0 -0.22061372909867813 0.3032204614132466
0 -0.25471780584331305 0.31700920266754407
0 -0.2692481748413939 0.3296403230155773
0 -0.24154744520469054 0.3568393109390603
0 -0.28663028581735955 0.43628491540820574
0 -0.17597205176132139 0.3781484310313052
0 -0.13209277152512144 0.3766719675573166
0 -0.08917234517350982 0.36372048376859434
0 -0.05649838914096607 0.3469328852027902
0 -0.03608753441003808 0.3334333463919969
0 -0.0236325169037163 0.323682928424713
0 -0.30204427405751705 0.42873736363995824
0 0.08712717727266786 0.42848969792697494
0 0.05896622524105547 0.36698231691426086
0 0.11690589225996395 0.4104667111506524
0 0.14170153215841905 0.41242336491531606
0 0.11982564596687188 0.41209235536387523
0 0.10007513034695814 0.4308413730962986
0 0.1498927280998431 0.4122918938968247
0 0.1560544388580926 0.4145694180598321
0 -0.049140890313603205 0.30703295196361247
0 -0.02248670751786936 0.3105840213499601
0 -0.005188136726995057 0.31580723986506887
0 -0.2134836308563812 0.341040077017154
0 -0.2432436502935514 0.3383106845977892
0 0.13151280475065175 0.33376317304224307
0 0.2803983811587724 0.20554979684655494
0 0.20495585770295138 0.39530719019481436
0 0.2855673371991025 0.08755303687755182
0 0.2107791418390435 0.2532316314792294
0 0.2419808515768011 0.24380358788466538
0 0.27053634111891317 0.23254623828833637
0 0.29986301806405624 0.20673393163816783
0 0.18138222327212242 0.2587851498050622
0 0.192485699547997 0.18563937292404448
0 0.16020134456047025 0.2015052379803867
0 0.2293491231489785 0.17581446597867448
0 0.2598977490064967 0.1746925010941348
0 0.3358638286590576 0.20951550689880535
0 0.44614624499268674 0.4920839870244724
0 0.285942346989354 0.1956391464631611
0 0.39210346907 0.15636047293141503
0 0.354045210759851 0.18330319376037071
0 0.304901929344306 0.32258377663464166
0 0.25311405975607376 0.4349125134421696
0 0.2670983958847915 0.45162275026984344
0 0.2986412307381127 0.4305819797628998
0 0.3306508241574975 0.43053398777157387
0 0.29795106277184147 0.44480856344510367
0 0.32315331068723013 0.44106201118704547
0 0.4079131501636425 0.4369625826040338
0 0.1935897873172277 0.38942871201222196
0 0.18107133097789457 0.3726308729017898
0 0.2789793937518124 0.14531163501852631
0 0.19242070948524315 0.3005935420345157
0 0.25686931226575427 0.3585330564639181
0 0.24969075425264706 0.34776192995435684
0 0.3955369868358982 0.28592969047641414
0 0.15528221730189987 0.35193111591067605
0 0.18238990857631346 0.15592322195410588
0 0.23314869881682254 0.14453960610454192
0 0.22510066037439597 0.07149383507023785
0 0.06626949566200313 0.22327813983387795
0 0.14070415606855843 0.22094184238008474
0 0.410656984722564 0.41375953630761886
0 0.5260852502368171 0.3199161992519917
0 0.24231388121214598 0.37681746440425884
0 0.22447503002887034 0.3895846183896772
0 0.3708997420369321 0.4343538123093466
0 0.3625050683816274 0.4367544595881289
0 0.23486345402802092 0.12750344620056425
0 0.2639605166539864 0.3653922949255856
0 0.12705977355377585 0.17994032395409237
0 0.11385973756700628 0.16473357144341066
0 0.06036722807818827 0.08365961898688319
0 0.22908378206979374 0.09769977744080983
0 0.08452741317608185 0.12499069368570584
0 0.28708957833579823 0.130776415516049
0 0.2850619917931939 0.10725772048513518
0 0.261528673177027 0.4436271831234155
0 0.29896950973237113 0.4380653168948661
0 0.32740141797166333 0.4357657569724611
0 0.23795925615206046 0.3823633445680919
0 0.36661498694983213 0.43563905135592534
0 0.35920860822693707 0.4446651620231348
0 0.35824548846055687 0.4379348935888614
0 0.2245598629054138 0.3764775999924466
0 0.31909548758454465 0.4447481340926454
0 0.295998840140894 0.44940359383149786
0 0.26963019672828387 0.45660266290780066
0 0.3487674100992549 0.5025106865033278
0 0.32458076522320134 0.4950830133218641
0 0.3102666635050552 0.4849225004089826
0 0.29527780916620405 0.4751047584651345
0 0.2830985550638996 0.4683106133663499
0 0.32631891814968256 0.45108686223148875
0 0.3370816732760723 0.45247917073477206
0 0.3502945311461823 0.45510953742555593
0 0.3631500567816481 0.4587836623333244
0 0.34345037625308783 0.39754652354782305
0 0.4683073716324593 0.22099873992754754
0 0.34063295523325604 0.4451849964024192
0 0.3495978674053643 0.44473914404356607
0 0.22301873231487435 0.3988030011967832
0 0.2639528897744191 0.37859036291762743
0 0.22367598512504674 0.39435684737503035
0 0.23521092949034292 0.29862603937603827
0 0.30116340103028694 0.29233319090495896
0 0.26159059309758215 0.3530664644773038
0 0.15311849419074722 0.0685322560449512
0 0.1642887379801223 0.10157475897143037
0 0.17545528144021577 0.138807554191259
0 0.39750077905534187 0.45770053040514636
0 0.046346858175243505 0.19730012562492705
0 0.00595187424104425 0.15467979001546386
0 -0.033556719243777955 0.10884470072788134
0 0.2928020788144462 0.21947739380251613
0 0.381400565557842 0.20973628695749302
0 0.1599861275923403 0.2611861688527914
0 0.29799999114330306 0.1720616443442846
0 0.15868813610529597 0.2981667357407431
0 0.23416375246229051 0.35920085488406506
0 0.4179106965849671 0.2045660962130817
0 0.37546236115165904 0.23077942326682602
0 0.34301215385082906 0.2526945436410915
0 0.280586403130479 0.2720282356368548
0 0.2293697254189962 0.28083635451247824
0 0.1879708938583543 0.2851200453044398
0 0.09045614053805669 0.2945102867565404
0 0.45340570933205165 0.24515606641486587
0 0.3171475631526754 0.16151001360068543
0 0.19227644511918981 0.40009364779168033
0 0.2093301963076813 0.3205234331309725
0 0.38825994189278484 0.14526587364088173
0 0.1526082042400344 0.2854755916063754
0 0.26463084180646806 0.35159148807910273
0 0.29941723341680276 0.19088244728063491
0 0.2236669362848821 0.34656584786067796
0 0.5003163833406907 0.2669184066505477
0 0.15348246762772652 0.2548354427161166
0 0.18889424720393957 0.34675430091957465
0 0.5183192770692366 0.3999666717977286
0 0.5324332055160265 0.41117334252716103
0 0.4733899758837897 0.22897309934541424
0 0.5258005672617804 0.36026813593623475
0 0.3364348104734461 0.1292001151812317
0 0.4666793883349825 0.5031250177894764
0 0.1918729961169923 0.40415792731062233
0 0.25077706751441153 0.32282978628595244
0 0.38316415218864314 0.1759772669802357
0 0.25642658160205634 0.2231413626585991
0 0.23162005885743894 0.23356456412963594
0 0.36879869830256273 0.4451713085457382
0 0.47921843078569015 0.2816946507207298
0 0.43843197948318996 0.5453915307530305
0 0.49660315946184636 0.48358399701146754
0 0.515646960664902 0.4523789283078195
0 0.2055718736558021 0.241474759606987
0 0.17987021055654132 0.24800249845814734
0 0.16308819926992246 0.25307237918125214
0 0.3333896172197559 0.14941689361456875
0 0.16570871106431453 0.23176283662429484
0 0.18473216853564298 0.21643137253051975
0 0.20953723700237675 0.2051404116416741
0 0.23904773467200718 0.19743132626600254
0 0.26083913539783865 0.19541067754670818
0 0.3370496145280605 0.1114397493687106
0 0.27141798900652536 0.21375347011029933
0 0.3058093341091011 0.39831331389937397
0 0.240105754149614 0.37406147360660286
0 0.24368469970387246 0.4133687733472596
0 0.5056226878478054 0.43731437741932355
0 0.4871215908336237 0.46904587095176903
0 0.43007485851456845 0.5370108447748005
0 0.5366559760479988 0.36907050929176993
0 0.15618275464335574 0.24667568888387081
0 0.14523257541505596 0.31446799292966
0 0.4737942328181448 0.5150795186541682
0 0.5011329118964039 0.27072775406345356
0 0.3068741886927609 0.4588819107268346
0 0.31977877196883353 0.4628434806249037
0 0.33475340670171166 0.4691083957292007
0 0.3499069822488455 0.4771187998363273
0 0.3790916893552627 0.4798992935873011
0 0.34402959897548335 0.4385306702248425
0 0.34975522027237005 0.43507311762722645
0 0.35434227125554146 0.4314764220519422
0 0.379443366064804 0.4032879541777207
0 0.4520616980293129 0.3119657513368455
0 0.1233200171828773 0.295252658647716
0 0.10982921449192466 0.25121437937622254
0 0.13385820756607417 0.24529757519492335
0 0.33824486936194986 0.4414940742976866
0 0.49303200237358674 0.34809206077919597
0 0.07578879472198366 0.2630229778278482
0 0.41442214248049614 0.4843085408917808
0 0.11299903936023954 0.31537297993792335
0 0.19817144131358666 0.3330659710781147
0 0.37896267874834405 0.5128178453671692
0 0.4454282195256229 0.4290595183310277
0 0.3064451120825257 0.35473814044558705
0 0.43591779156073235 0.45695046965620556
0 0.37500083798597633 0.3258865381616432
0 0.35344107140971637 0.36180516395138956
0 0.427112171292808 0.34332135266680736
0 0.4103589870255708 0.525477693315644
0 0.2251167220656882 0.3354310299295265
0 0.4826200513900081 0.42802170841719334
0 0.465909008864109 0.46022288131826994
0 0.4442955955925873 0.4005321999603036
0 0.4974621206144743 0.31322135025920395
0 0.48113668794873393 0.3847630793230955
0 0.5207440430604959 0.3129768276836807
0 0.39884899160529996 0.3765359677171085
0 0.17718328673879807 0.3170402622731979
0 0.23154805594355748 0.37058962480311997
0 0.2523185051191708 0.36798774913253873
0 0.20850020760222326 0.364511979856525
0 0.11306541906630439 0.22537664035036895
0 0.14764331570406 0.19452549568416103
0 0.18900079729687816 0.17476352586157948
0 0.2307399137236398 0.16397093814462954
0 0.2675718602877629 0.16242764075314306
0 0.3227981760280545 0.18837608243222762
0 0.43817857964129386 0.1905935321131352
0 0.3284671128047669 0.22354726675424993
0 0.3019163291665572 0.24121166548270773
0 0.26087886950134725 0.2561927035468612
0 0.21838485358385093 0.2662170476336496
0 0.18287418311155296 0.27178885023223404
0 0.15561534388910367 0.2742331296665106
0 0.4292945899540865 0.18137562246650704
0 0.255266617244809 0.3725817656036232
0 0.16460207022946596 0.33115210453952054
0 0.21212114947003152 0.37950741551807626
0 0.20452374326780376 0.39219362526460333
0 0.21440174804709633 0.38163602931926544
0 0.25192038846921316 0.3802277009540888
0 0.20050917685283387 0.3958831954822563
0 0.2005031496789385 0.39991644919272135
0 0.1423748708978484 0.2598614885006652
0 0.12760826253689794 0.27102983323139085
0 0.11752744254809391 0.27929236427886345
0 0.274711492129519 0.1953121925729591
0 0.2844014264611755 0.17869873396159633
0 -0.13715362624277042 0.330973418864774
0 -0.10404152860118367 0.3192709097517201
0 -0.15520751664910135 0.3157257548713458
0 -0.17065165691737888 0.34243225033172936
0 -0.11950515619310145 0.3461933353758933
0 0.2183905575848833 0.21747286633664603
0 0.25191646191892747 0.20501703504707183
0 0.19889866104860346 0.20183146523128342
0 0.1848478967378914 0.22978426539035313
0 0.23787106227774157 0.2329620618554338
