0 0.6191562997258228 0.3428633553826291
0 0.5824757683212343 0.2707558074723119
0 0.5824746755154236 0.29650568800128024
0 0.49461346662238886 0.23355853389138762
0 0.5666020073644493 0.25318538012064024
0 0.5378988322842381 0.23361050382904383
0 0.4582753617154515 0.1866211312296598
0 0.2737915624823907 0.29314982748549917
0 0.39470993699101004 0.13426676415230918
0 0.3705674398528493 0.10906984504798184
0 0.2892390451110575 0.03947507904275604
0 0.6245479093783576 0.34827930551508196
0 0.6285647272901691 0.35471836147101027
0 0.630224909471429 0.3597750943640004
0 0.648811266636071 0.37603254020214083
0 0.6569603615966828 0.3810237793818764
0 0.6663895524714304 0.3886106818914413
0 0.6751414138985716 0.3978751443650412
0 0.6810750552331624 0.4099609884230987
0 0.5861754203620164 0.28198830129011815
0 0.5600536207304053 0.3003611232275548
0 0.08054539407400982 0.29389720928409824
0 0.3499951182824114 0.268833161275024
0 0.3312925874539044 0.28424271468235096
0 0.30973547972414806 0.2974559586333192
0 0.2686933922054975 0.3069980449002722
0 0.3634226334321758 0.25297242895416594
0 0.2629281900742132 0.22947604413265768
0 0.2895238050867034 0.21548162504382756
0 0.24273486196508873 0.24969101360310678
0 0.23446518008637687 0.2697040119248888
0 0.26008029610080563 0.33294469636419544
0 0.612277969798964 0.4855847179889679
0 0.2590200643095633 0.29367587015680646
0 0.1538290778255981 0.3739371921705163
0 0.21491469499533591 0.3381755317682805
0 0.4249750047760165 0.34710940232743387
0 0.5940428656404433 0.3576358906600786
0 0.6076060988656853 0.3704194649406101
0 0.5771161442541558 0.3849058435662933
0 0.5671082286407119 0.40682028473719306
0 0.5909561935974204 0.38883739832950676
0 0.5789168360440627 0.4057923811933269
0 0.5481445172234721 0.44975057658941847
0 0.5648923126737708 0.2829150985116544
0 0.5460981122501518 0.2684034916045873
0 0.18471046707228475 0.27299698688413787
0 0.4195122786838075 0.27456242830856986
0 0.4939364734227243 0.3225490666601969
0 0.4783704213636077 0.3162891041325486
0 0.3495488121862645 0.393472253822762
0 0.5194740002246007 0.24934701061119205
0 0.22171982794838108 0.20894931943520256
0 0.1956548121879282 0.23942934977619545
0 0.08204291631346164 0.2435931753853093
0 0.33391410250054754 0.16061513615043266
0 0.31837591698960116 0.21137094465286835
0 0.5178787559270859 0.4446211373028548
0 0.32135179533582664 0.523545183306155
0 0.5196879379775213 0.32120293579671694
0 0.5421211397194344 0.3139447576325873
0 0.5578617044603047 0.43816842877346535
0 0.5624020183863847 0.4339451468509177
0 0.16869932781580999 0.23703356462976208
0 0.4971562996506691 0.33222468411145
0 0.26510749704649916 0.18149273842573166
0 0.24719100882825645 0.16810851531184237
0 0.15797158942112458 0.13457547652980556
0 0.12530527000679917 0.24165787479799727
0 0.2075542485665368 0.15278393629452455
0 0.15733517714492654 0.2767233022529146
0 0.1197211794231249 0.2859766881103101
0 0.601413042244056 0.36460762237725053
0 0.5844780407522036 0.3870122682141221
0 0.5730452744857125 0.406379763846812
0 0.5269709423022426 0.32133202345474904
0 0.5603253090673167 0.4359543291123017
0 0.5757462701395802 0.43130875119696493
0 0.564530509888478 0.43189191572044205
0 0.5312915602293999 0.3049707021402276
0 0.5824314676549124 0.40507632947486377
0 0.5948409501301206 0.38947633232759393
0 0.610903724461146 0.373949556765349
0 0.6510587058475484 0.42950191037810365
0 0.650261672132689 0.4137449408354967
0 0.6422833490954794 0.40409856049910836
0 0.6346578762421141 0.39561342169409214
0 0.6291883411290853 0.3896310185608656
0 0.5931118371208077 0.41413391038127567
0 0.5929933517523434 0.4183784117517264
0 0.5935941427622152 0.42491174774325413
0 0.5952958515642778 0.4321015986411468
0 0.5189513868611791 0.39380625888057375
0 0.20382149711899136 0.4561953640502432
0 0.5848203411568766 0.2892042981541675
0 0.5794066652331663 0.42316299476053404
0 0.577627577373515 0.42664073025402816
0 0.555176344335727 0.31564669259216477
0 0.5119024111038964 0.33863569433274476
0 0.5489754279184601 0.31474359417739123
0 0.4057611669211284 0.300584201125995
0 0.3832869008993325 0.336633145161297
0 0.4800193812698126 0.32756487403226936
0 0.10530223721719306 0.19122219338365223
0 0.1511159141993393 0.1977532915123131
0 0.19838165690231582 0.20006627573267274
0 0.5794085566278385 0.44850638923437697
0 0.3039617032703498 0.13813797711678175
0 0.269583986910141 0.1161011296769847
0 0.2188004812873576 0.08641637783983479
0 0.28706202882787457 0.3066430779902831
0 0.2474376256780132 0.3638660042830136
0 0.3714755614814551 0.2403909063209658
0 0.2196857380559263 0.29512159396772797
0 0.42592809956682764 0.2519611242348733
0 0.5058308660822071 0.3042948675544366
0 0.22532121152819498 0.39266137467778245
0 0.2815055526064142 0.3642937097860419
0 0.32144169962924457 0.3488254406529924
0 0.36131683866614883 0.31582746039266174
0 0.3830514012471489 0.2878475736664689
0 0.3967422405662744 0.26423858731337213
0 0.44043946792574035 0.20528337806463243
0 0.2702948570899341 0.42659204466187434
0 0.19561916990610567 0.3055129089433214
0 0.5752872916991296 0.28935615083445676
0 0.4446672393899897 0.2888105308879977
0 0.1238921880317123 0.3824327958018883
0 0.40483450962473516 0.24248235821723937
0 0.4736728694937799 0.3318447948150013
0 0.2468854645267129 0.3015717587393263
0 0.48785736282234604 0.29594010438608087
0 0.25501667529992433 0.4921473554942919
0 0.3646710379778043 0.23424520359739012
0 0.5019765820192255 0.2705813990662927
0 0.45565569603248784 0.5226659446954727
0 0.45649534917396045 0.5445944248334221
0 0.22853403959585272 0.44885662282290667
0 0.39414050110170373 0.5208299633601438
0 0.13290331763741764 0.3289372474603031
0 0.6188160588397927 0.5053053451621015
0 0.5758573580533266 0.29463728180398113
0 0.4364085696313692 0.3156753501166468
0 0.19254565356380265 0.35781572467607
0 0.30256268066232617 0.28495722082645997
0 0.3216826422949848 0.27418582335762354
0 0.5744947553004908 0.43663483262062075
0 0.3089258367114741 0.4574759368015372
0 0.6768614061824654 0.5013536335333534
0 0.5751952017940904 0.5304789840527203
0 0.5234061677170836 0.539111499812292
0 0.3338512241354455 0.07615239565139231
0 0.7239992065436166 0.4716702340737633
0 0.3369391571082499 0.261738781792962
0 0.350312536339397 0.24857565631037173
0 0.36028787793348666 0.2397744958491429
0 0.16833208201696043 0.31587305483610734
0 0.3297482637040641 0.23080807163015657
0 0.3047697701207969 0.2363606118961521
0 0.2858914656807547 0.24776210460973822
0 0.2708085808983963 0.2637018866189148
0 0.26409104053416976 0.2767711184594942
0 0.09426742038973 0.3377785445555397
0 0.28682926119021745 0.2904949171387631
0 0.5951158328224784 0.3109827609813732
0 0.5304846912622452 0.3688480022160903
0 0.5190213264330573 0.31727392479129457
0 0.568966166642697 0.3323811413153358
0 0.42351207404356933 0.1627519892933576
0 0.5136799438168174 0.520950035167777
0 0.5646465574593648 0.5143851436998533
0 0.6734358382451794 0.48803941205791807
0 0.3909243525856215 0.54066338526166
0 0.35297141693856404 0.2320796768302503
0 0.45820781791015813 0.24216960480679636
0 0.7207081377830195 0.45823610178802326
0 0.6271314704385789 0.5188991545982983
0 0.274527651257813 0.48186445611974466
0 0.6102320271665636 0.4023148710960927
0 0.6123719090676826 0.4079851648081904
0 0.6165573553222677 0.4158839835420899
0 0.6225159630665312 0.4247276311983233
0 0.6141939105708962 0.4426953516576601
0 0.5690450588160235 0.4212850575213847
0 0.5644535511408163 0.4232713137631831
0 0.55990663834888 0.42467791522326676
0 0.5152709009530752 0.4197673035056695
0 0.3643735636268621 0.4423106324413548
0 0.432175166014096 0.2273148964928544
0 0.3648178522353587 0.20427073706751284
0 0.3529986530218435 0.2176981396649195
0 0.5725070255930009 0.41913513139538144
0 0.39542906626087165 0.4867660519869431
0 0.3875951617146316 0.18616275573554247
0 0.6103205024062291 0.464403684048549
0 0.5111267291333365 0.21804481521248817
0 0.4689920039280601 0.2208186542858248
0 0.486194406595567 0.20342577478807905
0 0.4711206635541242 0.27970455418462337
0 0.7095617707008901 0.44188611468543176
0 0.6936142033208972 0.42468258414579474
0 0.6568848319027735 0.4482121505167173
0 0.5270105775283731 0.4713063479117725
0 0.4679885980389688 0.35845964959134224
0 0.5668815975279912 0.47226231784924216
0 0.41241519845536223 0.3909097881420799
0 0.4673139165439036 0.38873171968304593
0 0.4189549267049069 0.4319480071897092
0 0.6657273962121942 0.46934301768955977
0 0.46346438198309875 0.30050263987935105
0 0.5126132812836895 0.49731990986544156
0 0.5620993532078422 0.4932571422794591
0 0.49010534843672876 0.4620348659546479
0 0.34348296236408793 0.48216320276260377
0 0.45362206848095293 0.4855800490664399
0 0.32648798264563084 0.5073098907004232
0 0.4737734916903403 0.422977010646592
0 0.4508618091273567 0.26531794560344324
0 0.5226878160205872 0.30641539556824643
0 0.5082095680839341 0.3226270859656127
0 0.525119266918172 0.2859269399357879
0 0.32878619529630826 0.1941483520295309
0 0.28233633720842394 0.2034289464354515
0 0.24925643282578044 0.221903776280258
0 0.22626104554080445 0.24508174058535825
0 0.21519405398841784 0.26999211664433065
0 0.23380243539324272 0.31760290673245556
0 0.18799884584934815 0.41337277941081835
0 0.28299004523812427 0.33133147093264953
0 0.3135737709944015 0.32007006199463556
0 0.3430128457105678 0.2995930693719698
0 0.36493432011617266 0.277417426135229
0 0.3794812887259152 0.2577932685613632
0 0.38841833870695985 0.2419583924114704
0 0.1614640496833169 0.41961770478797994
0 0.5103036782339864 0.32831138644529423
0 0.4811767046542271 0.2548959767364937
0 0.5446210591041524 0.29373270221378495
0 0.5595093193747427 0.29670236233783803
0 0.5436648119888876 0.29866089483965996
0 0.5192264376775079 0.33028495609760283
0 0.5668727710195209 0.2939573578860449
0 0.5678783204892407 0.2989811185261478
0 0.3728789973437138 0.2287820490482061
0 0.38934323070165905 0.22334817991308545
0 0.40314883564639353 0.21872459423282872
0 0.2611888635336705 0.2855773825360381
0 0.23401223309338093 0.2874683927582658
0 0.5285100752244825 0.20924268876728805
0 0.5598247619750707 0.09089234506954318
0 0.5963187178029962 0.27276038521009943
0 0.5121091615570628 0.003266892549784287
0 0.5260555072809043 0.14559239492468212
0 0.5458736667490524 0.13493327699277713
0 0.5615713178463604 0.12213205740503642
0 0.5656441630714614 0.0939252449442511
0 0.5081138214825288 0.1507522144071434
0 0.5000641718506813 0.06533487244792606
0 0.4816176938297956 0.08451123205216035
0 0.5213461026711308 0.054298231880302014
0 0.538770471011167 0.054455558469761974
0 0.5844479045304267 0.09963541769463083
0 0.745745832019526 0.3805073643508165
0 0.5561631479826958 0.08002632947071739
0 0.5858845658924269 0.07321200484166974
0 0.5747973364170479 0.07496698842100476
0 0.6206748374616322 0.20527967512607576
0 0.6357202936449776 0.32732424742501715
0 0.6442017696959816 0.3436997687039168
0 0.6580889357820802 0.32399414648180425
0 0.6744489112625951 0.32646577746971794
0 0.6583236368454021 0.3386914960068205
0 0.6702350100259418 0.3378096814388814
0 0.7148744461491056 0.3233243009966353
0 0.5955891858624376 0.25977593456273496
0 0.5832794429329426 0.24121946297262026
0 0.5362721488041722 0.020274569839239122
0 0.5400030719035346 0.18845526109571042
0 0.6137216083057548 0.23402452455914538
0 0.6027151203673818 0.22523682347458343
0 0.6583070346032796 0.16977826690544254
0 0.5555352890135153 0.22327001571007396
0 0.49536712435276614 0.022967990746964578
0 0.5171153470063987 0.013854592066744099
0 0.48150467249038426 -0.021622457258079365
0 0.44057838035666425 0.09475558866625247
0 0.472609191161135 0.10701843318731888
0 0.710379105385231 0.2995361407165942
0 0.7004361696865248 0.24351559077268062
0 0.6098216365536918 0.25368368295223814
0 0.6027731231373289 0.2691244859410369
0 0.6946905329823494 0.3374902949385021
0 0.6892632390169994 0.34038924503585566
0 0.5083269606465879 -0.003746859470139379
0 0.617505406393953 0.2434230978074281
0 0.47072199958822003 0.04704235597797062
0 0.4584582385647556 0.02846342526052309
0 0.40067024699047854 -0.023402411523072614
0 0.49763141799232236 -0.007608444794364597
0 0.42896849548687105 0.007135304160740065
0 0.5300960306726072 0.007284194490183955
0 0.5255840456356173 0.011092071105604586
0 0.6416366602415624 0.3354994341731071
0 0.6592294047384158 0.3314148675488389
0 0.6730204459441744 0.3318081518230231
0 0.608095465713869 0.2606163245180379
0 0.6920481285323268 0.3389811302008836
0 0.6922618561302838 0.3450491517134335
0 0.686615916940829 0.3417246534772541
0 0.6043021265903245 0.25000489399484965
0 0.6662491689557615 0.3425431960950727
0 0.6557492385415927 0.34420987263969754
0 0.6438382016089947 0.349822529308174
0 0.7011628014885861 0.39093464612960815
0 0.6920052569197572 0.3825942439229592
0 0.6820250817615053 0.37418609404045605
0 0.6712163076128649 0.3681324012901472
0 0.6617449596524239 0.36520189571639766
0 0.6763944838843916 0.35170513546985127
0 0.6835760253926982 0.3510317802429199
0 0.6922557616363401 0.35161777831937957
0 0.7009386081734429 0.3538903200108072
0 0.6722785989227502 0.27907895076534023
0 0.6277182651278765 0.15416815912593965
0 0.6805729950251787 0.3478399116060008
0 0.6862261215143878 0.3460293034496515
0 0.6040416184974753 0.2797856324392816
0 0.6195928756471561 0.2589809136546176
0 0.6035846155136824 0.2746794733664264
0 0.5659514516592026 0.18589123374094133
0 0.6054926964899768 0.17692807776772457
0 0.6094145243582518 0.23272658019610074
0 0.4464029512651589 -0.03276476037243138
0 0.46656416769584885 -0.010921995212202487
0 0.4845095101905906 0.003421288987864619
0 0.7161423110443613 0.3437418212061343
0 0.42385744271071063 0.06427731319614079
0 0.38794458637256984 0.037938488339600354
0 0.3509680096707914 0.0005750816153443378
0 0.5690636785457963 0.10798066592086916
0 0.6065542312419933 0.10388371860203535
0 0.49530306911986804 0.1522747339437837
0 0.5527094613112833 0.054201955477828564
0 0.5188637102103751 0.18566833293956259
0 0.6041310604499734 0.23166438422125318
0 0.6291460579504138 0.10605417188742887
0 0.620497298548403 0.1223520119553027
0 0.6149822438702636 0.1422542602147745
0 0.5814072143934343 0.16145227395969888
0 0.5498824567412552 0.17040465921163558
0 0.5256502024181511 0.17412698184666425
0 0.47851744577612565 0.17844364221977152
0 0.6672211776932945 0.140886636207933
0 0.554478167515734 0.04502629913065744
0 0.5942297354340553 0.2748910882550737
0 0.5605746789470963 0.20535552096755608
0 0.5648802918098543 0.07688377431553343
0 0.5055890617811162 0.17361114640598713
0 0.6068624024805815 0.23448848666056343
0 0.5592706673981055 0.07571635048674501
0 0.5894355122809825 0.221771565274052
0 0.6641120611001616 0.19551538034625676
0 0.48736459146375244 0.146179922475763
0 0.5719104797133933 0.2197875629948533
0 0.7495838921193195 0.29926057768904646
0 0.750821830947762 0.3204262846837873
0 0.657290683168432 0.14183912860310596
0 0.7370640782882338 0.26431465855111247
0 0.5539890948844992 0.0400552973151207
0 0.7599655893509802 0.3936949775270794
0 0.5914117254964684 0.2831684117083964
0 0.5857765462411486 0.20786377884771512
0 0.5792548913184715 0.07245385232179061
0 0.5541683150374371 0.111570423355569
0 0.539461880841333 0.1242393192389737
0 0.6982742215142302 0.3450416170384573
0 0.6939902966437133 0.17733129557708036
0 0.7537957758683226 0.44008416818535845
0 0.7628575738357461 0.38289096199947853
0 0.7593288198113441 0.35571210138175796
0 0.5216121168240256 0.1335027030304722
0 0.5039989452647127 0.1401481575616028
0 0.4932499391877133 0.144671586803768
0 0.5515212871782158 0.036458842391553135
0 0.4872745190463636 0.12131089053076247
0 0.49597438813551614 0.103458234862141
0 0.5117984684589116 0.08872904006553733
0 0.5300105396334244 0.07919716102921444
0 0.5430609947475402 0.07754225338930669
0 0.5384885271120331 0.03458592826905458
0 0.55971918012137 0.10049826677726663
0 0.6517082948399626 0.27870498617058215
0 0.6094643731156121 0.24949768801098285
0 0.6204109248583731 0.29409121106500213
0 0.7554577653822692 0.33378867655992506
0 0.7578835420958374 0.3630263388156891
0 0.7506608522456625 0.4264540699513062
0 0.7305657085355209 0.2858741650114889
0 0.4865209033469791 0.13728266270912212
0 0.5232997872745213 0.19567426860980366
0 0.7637849456590154 0.41056814154852994
0 0.6881144899550987 0.1815340986394364
0 0.67044798106603 0.35708589158628296
0 0.6794377379119396 0.3578532370536224
0 0.6896469399494969 0.3612304458151693
0 0.700425661938346 0.3670979612547418
0 0.7129243341800959 0.3666926021809163
0 0.6800684549886248 0.33890497846447903
0 0.683856372114109 0.3347706636656886
0 0.6862523908848348 0.33082845087932505
0 0.6925475407877694 0.28668481876020846
0 0.6954839100008425 0.19961934714861537
0 0.4975109571672004 0.18109006800729296
0 0.4638553542773361 0.13711285882669946
0 0.47426205994966236 0.134008025345595
0 0.6755919861404792 0.3424801817406779
0 0.7237784177388834 0.2423123450382896
0 0.45272508506541664 0.14458514733806901
0 0.7278215470521346 0.37270582020282744
0 0.5055458539206049 0.1947808944336746
0 0.5636564753949642 0.2129586359081061
0 0.7167734484309736 0.4011744304195694
0 0.7290995414166347 0.3166571118261503
0 0.6333468875483327 0.23727006970540337
0 0.7314537813806016 0.34494865718095197
0 0.6632477357659651 0.2074083496047103
0 0.6637536207942859 0.24373787978421088
0 0.6954005625422882 0.22744317916424378
0 0.7369407593556072 0.41293032655249473
0 0.5782474084230869 0.21733538048422854
0 0.7449412747569706 0.3182037165631419
0 0.7459538854334665 0.3499244406171467
0 0.7220759103479593 0.2868744414137757
0 0.712909413177682 0.2106214376895324
0 0.7332963360392529 0.27440642189720404
0 0.7144150894297205 0.22169132420550222
0 0.6926154628719973 0.25985347087616506
0 0.5413475592985101 0.20043215826153754
0 0.6073638322236745 0.24266736024747723
0 0.6150397422682979 0.24306970867125885
0 0.5946505917641132 0.23428424544956372
0 0.46138069551924 0.10557673430961112
0 0.4782927480890699 0.07057630147622979
0 0.5012370046714077 0.04877776228215384
0 0.5227046704486661 0.0382895913137042
0 0.5397715651956589 0.03958589350399764
0 0.5658895820379257 0.07603733086067697
0 0.622979060544268 0.10615939974136974
0 0.5899420698051867 0.11316316992692325
0 0.5827480450920437 0.1311266561565192
0 0.5610480740180482 0.14694308201256007
0 0.5350984333325988 0.15756537985542546
0 0.5140782715347798 0.16264209251688874
0 0.4986051079695639 0.16437962398580883
0 0.5927933262580115 0.11665562057624693
0 0.6158715776451256 0.2498152391418167
0 0.5460549043896405 0.20820499658584596
0 0.6023977023103962 0.24976732633683993
0 0.5976141550294731 0.26720549438310703
0 0.6013004832455645 0.25469406998675803
0 0.6147024435517581 0.25933357830280845
0 0.5977001504405685 0.27037807554006577
0 0.5952209103042665 0.2781455204538677
0 0.483569907348441 0.15051340706970381
0 0.48080792472414347 0.16019482042478478
0 0.48272953968009225 0.16612860236478888
0 0.5507372410401054 0.07830338435976401
0 0.5505882832019225 0.060624879501436066
0 0.30096197233575844 0.25966571579160896
0 0.3215326967284731 0.2451698061240756
0 0.28332059798033343 0.243602207335441
0 0.2797879560891053 0.2746311097689297
0 0.3184751101324092 0.2758724957704544
0 0.5113738713705022 0.11297374047015024
0 0.536013574136988 0.0973308214350887
0 0.4933529151198657 0.09457800861286081
0 0.4862962897219088 0.12847496575635411
0 0.5293127410923657 0.13083116165969683
