0 0.39415167404126517 0.3341740419290527
0 0.3716444323460261 0.2830765849754904
0 0.38029820494007965 0.29825564663888154
0 0.3327532552717104 0.22241357948149368
0 0.366507199746144 0.2650079071026821
0 0.36178695822315377 0.23967863401908468
0 0.3520110177214136 0.17617317281159642
0 0.13074141954570884 0.1747997630109142
0 0.34063809462488953 0.12196825633835255
0 0.3343694770889443 0.0965371674914377
0 0.31579646568761094 0.00908049541577467
0 0.395467102904863 0.340489815138413
0 0.3971056150987681 0.3467700659592381
0 0.3986594577630361 0.350794390568671
0 0.40177595753709977 0.3633610577204332
0 0.4036543667316437 0.37244076123582653
0 0.40611995360519315 0.38378151003293437
0 0.4089833347103264 0.3951714132179993
0 0.415789866497748 0.40890339006308557
0 0.37532266232534806 0.2913301949823454
0 0.34905860224102114 0.29199165805803073
0 0.024418992583761737 0.10732072952379111
0 0.22280326020365526 0.1890140920347166
0 0.19294338308683429 0.1916936566679786
0 0.163499649504066 0.192465038344812
0 0.1226724091335691 0.181936128849378
0 0.24665044593911634 0.18444649548151598
0 0.16193014848584364 0.1334805646966502
0 0.19990800280233978 0.13490445814664395
0 0.12901946675928333 0.13824960090935867
0 0.1104151174614701 0.14718522097857964
0 0.10497190070806173 0.1958158233977439
0 0.31208223632619353 0.4332132328164677
0 0.11980428178853626 0.16886876854042424
0 0.03003826517344527 0.1856902315947509
0 0.07235468068957832 0.18238585756059786
0 0.2244063027297394 0.27055726215367076
0 0.35834972705016155 0.3331935561283062
0 0.36677858296325944 0.3485278868307564
0 0.326481650147257 0.3422318545666171
0 0.30690074080153357 0.3516767655685986
0 0.34160520457014254 0.35233093184791286
0 0.3230895082533108 0.35719724453782414
0 0.27832089704048785 0.38262714553416693
0 0.34626609690581694 0.2841126169315578
0 0.3366899646284208 0.26709037884840053
0 0.0696832892260974 0.13337307836095916
0 0.2728944192581539 0.22026177402917177
0 0.2816543889699606 0.2814579405959956
0 0.2770386918561871 0.27128954374917463
0 0.13694651374585518 0.2725964056356663
0 0.333582194545601 0.24333175532475626
0 0.12635578793563923 0.11153010428305339
0 0.08933087900469575 0.11893499505618854
0 0.03743140254845599 0.07565373627740718
0 0.26506861126372583 0.12142615810407863
0 0.2330918158031214 0.14308717892828926
0 0.25316012584710423 0.36744353044358297
0 0.11622671870994165 0.34243401542111507
0 0.30847659839105 0.29017017405228257
0 0.33307667761915344 0.2938374647183492
0 0.2878775993982951 0.36767977129663576
0 0.2958018918706395 0.3667740635176146
0 0.07421876641013954 0.10776306245109223
0 0.2848202157372664 0.2888187677693395
0 0.18201890550082242 0.11048592706592057
0 0.17271638124049465 0.09572076062149283
0 0.1369052384095856 0.029966641716826996
0 0.053943062633401734 0.09174428942081908
0 0.15822592012992892 0.06358202100507164
0 0.054999397651052676 0.12551721446171915
0 0.03745545157651861 0.11744888086194528
0 0.3617216762359635 0.34173431486987277
0 0.33390693058444476 0.3478973361521005
0 0.31461507572403435 0.3547083016392175
0 0.31689212669300126 0.2927475269720365
0 0.29185666470839505 0.3672747708158844
0 0.30404630127335397 0.37171181693478694
0 0.2998977062068408 0.3663164582258159
0 0.31699980701072306 0.2844373526522273
0 0.3301119303904505 0.3585351885142841
0 0.3482590303265093 0.35475954890675393
0 0.37155330030223993 0.3522117225583621
0 0.3762245750376947 0.4096283465800619
0 0.372103376793459 0.3960164840535337
0 0.37124799418298504 0.38442668258648893
0 0.37204601933181536 0.37289123942419306
0 0.37415726973286156 0.36439052821619794
0 0.33169653885978184 0.36559195422334323
0 0.32578399525916024 0.37013440793943575
0 0.3190636585784864 0.37654416275476926
0 0.31411042752899704 0.383505872135909
0 0.2730281827067524 0.3356802930187076
0 0.059137313677791806 0.2563045259613725
0 0.37770023187504537 0.2945201394113923
0 0.31755749019892404 0.36588580582913977
0 0.3108636392319756 0.3685271329868448
0 0.3437071319999574 0.3000246389622083
0 0.29926552400307316 0.2981474956725133
0 0.3385902828053583 0.2970455097275414
0 0.24426503661815627 0.2326101312150876
0 0.1982047277412334 0.2482004719979681
0 0.2760052616837658 0.27902488323858765
0 0.07108779484209632 0.049568481151178075
0 0.0905966206693448 0.07289433111641049
0 0.1133771949302295 0.09747142610742246
0 0.3039053548991932 0.39359315575795384
0 0.2478319418455478 0.09665962922898334
0 0.23483186362916408 0.05936188488526983
0 0.2166167907574006 0.017590850839128414
0 0.1378168766760122 0.18933763990481411
0 0.07923454612116271 0.21090243069161158
0 0.26177552593911246 0.17973468821243885
0 0.08794114182267009 0.15697788937660298
0 0.2905405154333839 0.20740129769484766
0 0.29421115990429486 0.27449948366285076
0 0.05536668034042487 0.2244423151299057
0 0.0997033625338148 0.22486069307067075
0 0.1380359664999483 0.231646119770489
0 0.19573022047930125 0.22595484485829853
0 0.23668910544129868 0.2160347087810331
0 0.2656713413538309 0.20628385555136106
0 0.3235523302092331 0.18219625398357567
0 0.07148058857092877 0.26325656284499704
0 0.0681017742881292 0.15560802898655865
0 0.35994425177071165 0.29168572997141845
0 0.28039680490513896 0.23944606984637387
0 0.029537070715477697 0.1800766901896376
0 0.286070320236532 0.19563273885778967
0 0.275086334548922 0.2792482839925999
0 0.10776919466030749 0.17000192142183387
0 0.2904115829789689 0.2619913322928396
0 0.08261812783243284 0.297974663414282
0 0.26038250452858486 0.1727137277134797
0 0.3098887742697438 0.25062150943887335
0 0.1831805159333889 0.39231299222717647
0 0.1927893739586641 0.4057751855816281
0 0.0525364169717338 0.2606040642354836
0 0.14238322560797262 0.3681122337513264
0 0.032599687953538535 0.149361716753506
0 0.31146102980219365 0.4482254580388007
0 0.36558371706853937 0.294670232815816
0 0.25743627611091874 0.25415677899850503
0 0.05375166627173685 0.18645341144620595
0 0.16084953136584929 0.18093940909081366
0 0.1875773139203651 0.18091555309182525
0 0.2981233328958101 0.37529946504821415
0 0.09150531372440515 0.29729589165883274
0 0.3723920075073524 0.46977600875981196
0 0.28084464654137814 0.4443436754980121
0 0.2410447128462892 0.4283798971210086
0 0.3244570610015201 0.05387094662848458
0 0.43669370546119624 0.4711195808854109
0 0.21323850618887552 0.1787797694811476
0 0.23652728832472225 0.17594132983387578
0 0.2524107920343866 0.1744232426617352
0 0.05182952386668966 0.152318913175825
0 0.23128610459561086 0.15824413808639362
0 0.2034466530703291 0.15228182112760533
0 0.1745533455902011 0.15166493073052784
0 0.14756207256126003 0.1554421399977425
0 0.1325175515081309 0.16089861644686046
0 0.022010318211865325 0.14051191888811468
0 0.14272393782933554 0.17842754350438236
0 0.38511546892958853 0.31211158417580676
0 0.2954368763583622 0.3243831553068874
0 0.30659967239647473 0.2875184673431505
0 0.3456996840263721 0.31585529322867434
0 0.3470458151293203 0.14865917384553776
0 0.2267214083721869 0.4137767167278032
0 0.2675658114851779 0.43051961195143656
0 0.36565357578706137 0.4607982907006749
0 0.15375682673876798 0.37897212932401136
0 0.25091333215749717 0.16696987627239837
0 0.3100297630210466 0.2134847047065925
0 0.4318766109802552 0.46209842143392504
0 0.3229930578782086 0.45936995695211424
0 0.07538197657981502 0.29847381519394556
0 0.3507666341363126 0.3650199476085948
0 0.3458167085038962 0.37192834512477524
0 0.3416590235404324 0.38125333978329407
0 0.3397451234894966 0.39188542258555636
0 0.3362328423980922 0.40352980861460186
0 0.3088155943381635 0.3620723529783998
0 0.30091780876811547 0.36129827035562284
0 0.2941763258936033 0.35992341816496026
0 0.25875984138577296 0.350793796643385
0 0.13119892317031506 0.3090846580966936
0 0.3068749331220796 0.19340898359939013
0 0.2789218684792016 0.1561717206473028
0 0.26165083119889354 0.15925546557877837
0 0.31619184442210296 0.36237794167913434
0 0.1452398051818212 0.34797734637277405
0 0.30428253265121313 0.154172341877314
0 0.3224614366323133 0.41768344413060454
0 0.3587098691911134 0.218181593138128
0 0.32795741292746255 0.20359097002239837
0 0.3556397935760675 0.19821133619242856
0 0.29629439901450516 0.2439691785674361
0 0.42662815957129757 0.44660019563469033
0 0.4209376721945493 0.4266396394686625
0 0.3704301365317172 0.42665813599899854
0 0.24971685593138265 0.38808973092908394
0 0.2539689359785635 0.2942867267739872
0 0.2831173962304361 0.4049072627636603
0 0.1859393950064474 0.2941916704460678
0 0.23330444311290854 0.31326111242581656
0 0.17391364144373544 0.322573634653329
0 0.36508171744487455 0.4456593048530117
0 0.2834410092750179 0.25486779241233815
0 0.22856794995597646 0.3988294839010544
0 0.26982754311732604 0.41662229761958547
0 0.22131039824666857 0.36809076759456033
0 0.1115444682947191 0.32557652089943667
0 0.18581504987764963 0.36872103545165147
0 0.10300216877259283 0.3341572423281053
0 0.22189198214293532 0.3373920139751683
0 0.29545946337502715 0.2260188898016408
0 0.3063584828930062 0.28216836008454277
0 0.2930879961337721 0.2869373538740165
0 0.3129820937471551 0.27019785250916034
0 0.2482853984530968 0.13757577853129285
0 0.19294816110959032 0.12640528831617687
0 0.14623092177799482 0.1259655432061934
0 0.11146662148493755 0.13136753408085833
0 0.09152455294685524 0.14145818327952392
0 0.0930400231090779 0.17585782676687728
0 0.03674936363717172 0.22320758688350872
0 0.12117397458241459 0.20407137073231763
0 0.15344344777396962 0.2092713280221887
0 0.19372844083022467 0.20731315635418693
0 0.23058726314753922 0.2013070020528592
0 0.2580188982471635 0.19458576170716563
0 0.2764541627485541 0.1881062348118032
0 0.04359577231517824 0.21760839867280754
0 0.2963647450701597 0.2912603097736906
0 0.31208410092043976 0.23141982009543785
0 0.32530742192067175 0.2826163494431393
0 0.3450043598810832 0.28947135024789106
0 0.3277746191256157 0.28482917364806043
0 0.30694697426341255 0.29562976153861303
0 0.35049353464494776 0.2910526904629926
0 0.35615264174807426 0.2941639256505638
0 0.27119079458562634 0.17320713821537836
0 0.28928924556271435 0.17695718247129683
0 0.29943431215950206 0.18006816311945978
0 0.12501427594116468 0.1651099992392326
0 0.10196055981177318 0.15713308771027082
0 0.3872888654093199 0.21869695059345287
0 0.5961829184982848 0.14453820910742274
0 0.4055821452965716 0.28802276647529285
0 0.6814606448769066 0.06079656797795958
0 0.5078987457832707 0.16986632262260465
0 0.5399322206712474 0.1687668962127939
0 0.5706209417133895 0.16584201215424996
0 0.610001214571643 0.15049704736096436
0 0.47975184809306504 0.16854462674504073
0 0.538827914728897 0.10983774246270123
0 0.5013266867223168 0.11629472847935143
0 0.5753540446989647 0.1096428359813396
0 0.6004649168076898 0.11531692948347026
0 0.6365626562496781 0.16126125025720925
0 0.5393444497122544 0.42019515416517517
0 0.6065137876739984 0.13753991675687996
0 0.7188249947149542 0.1394116722957661
0 0.6654289483018062 0.1433980705333633
0 0.5365054778408903 0.24950433597587324
0 0.4303650183265219 0.32888810688349135
0 0.4299545533294919 0.34458207348770375
0 0.46884168338675036 0.3338527000671604
0 0.4942273712610897 0.3401780609275664
0 0.458924033722294 0.34516652425130206
0 0.48160326304818 0.34729826351360354
0 0.5460096537312374 0.36496539132875055
0 0.3976238875449458 0.2807016474496427
0 0.3976765623324028 0.2629390107920727
0 0.6330512015125419 0.09515705481967043
0 0.46281510289711286 0.2071153085285517
0 0.4716958262749362 0.26849792521195054
0 0.47344659551789486 0.2579038536279934
0 0.6326806981603808 0.23949095362870296
0 0.3920659982453922 0.2392674114639083
0 0.5517866328547273 0.08279707366744253
0 0.5988058093227918 0.08426617614456484
0 0.6443102572286179 0.03245870979372434
0 0.41544233155652943 0.11608139617304503
0 0.4721192163002642 0.12847125742359095
0 0.5631662939168229 0.34671590562958454
0 0.7310093553257391 0.30490348064743894
0 0.4498035828523998 0.2804234924406909
0 0.4266125647830561 0.28726966921262187
0 0.524680602525357 0.3519975417873613
0 0.5166223347187042 0.3521968461440551
0 0.6092713106785143 0.06996321084236336
0 0.4747930868265498 0.27584865565543215
0 0.49197566182301516 0.09198256658913827
0 0.49113981507498505 0.07560968681869416
0 0.5081319895726216 0.003534930173753985
0 0.6269211784193788 0.05225747788362514
0 0.4969292954553532 0.04021660430292783
0 0.6462114653255366 0.08453994741926273
0 0.6646440812555546 0.07446888361395748
0 0.43099868373025824 0.337441083516656
0 0.46414934721174117 0.3400592475882063
0 0.4883431779684397 0.3438825143472439
0 0.44322864214579266 0.28396209929478694
0 0.5205601882582476 0.35215408352346184
0 0.508406593452526 0.3578890826495658
0 0.5122922807303159 0.3523091545874255
0 0.43372175411836006 0.27653995640620077
0 0.47582158006193265 0.3493085591959925
0 0.4541007521786267 0.34811561783579037
0 0.4283629526317371 0.34859030555010123
0 0.4565570584580868 0.4045472309117074
0 0.44738567026355597 0.39075461712313436
0 0.44226553684045494 0.3795412794409556
0 0.4365989925489144 0.36846578898944604
0 0.43139427435046007 0.36055255473579234
0 0.4776007419900049 0.35587335679313326
0 0.48505123682665924 0.35924976547983334
0 0.4940781189671046 0.3643561936782348
0 0.5020497678955899 0.37018305324857625
0 0.5184123028179765 0.31905493843739285
0 0.7432313468385849 0.21174833585076203
0 0.4930831460510125 0.35429804067736137
0 0.5005326662134018 0.3558386828692924
0 0.41907350171970414 0.2948519456711811
0 0.4672070275127636 0.286657558499989
0 0.42262682507309735 0.29121715120290664
0 0.49885448901462154 0.21514380671092764
0 0.554372189417167 0.22405043756975965
0 0.48076584834589736 0.2651599236937463
0 0.5901852815966063 0.012642265356025379
0 0.5739367411860937 0.03976172823922914
0 0.5561095674832662 0.06630823705544252
0 0.5244202797422932 0.379431148723634
0 0.4163601356971113 0.08934589184617374
0 0.4165034551912219 0.04665802099243743
0 0.41951354596182266 0.0030383237881733997
0 0.5967035640644122 0.15973463601489085
0 0.6728845283954958 0.17203908515287605
0 0.4605953034469347 0.16630906368631201
0 0.6308013990458556 0.12142946711638644
0 0.43720079034189635 0.19713428096839117
0 0.45153138368441587 0.26383300975831236
0 0.7028449982530457 0.18143403572544084
0 0.6567820619933212 0.18857184395388493
0 0.6183110754701155 0.20021816731064912
0 0.5557077474231962 0.20269176713936693
0 0.5082082684281506 0.1987089465945641
0 0.4721399387226829 0.19324631877641238
0 0.38498498970949196 0.17789943079648635
0 0.7061527036916354 0.22169022090635832
0 0.6512155701339496 0.11697552240898884
0 0.39088799845317246 0.2895937837032802
0 0.46153569460418153 0.22692066636091165
0 0.7271715542183647 0.13239875807032467
0 0.44371928469541205 0.1858292383938356
0 0.4849712287826377 0.26501486451317546
0 0.6193566043165666 0.13714357061601054
0 0.45182899835240486 0.2509376756661303
0 0.7426396771825315 0.2563796999332885
0 0.45885940858080415 0.159456184043296
0 0.4225324935550931 0.24290718359172273
0 0.6667369611655609 0.3642212312275263
0 0.6735557823241511 0.37866204376039697
0 0.7377755440740142 0.21641681485611633
0 0.7006659656134335 0.3345706426093304
0 0.6919876354656139 0.10432457443092501
0 0.5504982406077003 0.4352662911194499
0 0.3896178283771885 0.29297723464694314
0 0.49356535554938175 0.23807639329034663
0 0.6903347150434421 0.14393783548972786
0 0.5657678266617819 0.1540532457163891
0 0.5383043027628324 0.15725622821957191
0 0.5157931835591039 0.36035361804713273
0 0.7065910952252175 0.2577527420659365
0 0.50100080650064 0.46284204417417624
0 0.5907185979281799 0.42761919195824527
0 0.6295647069120206 0.40724718697978934
0 0.5110751668360666 0.15819109490192093
0 0.4848768972646335 0.1584756982425495
0 0.467467731690105 0.15970399229834795
0 0.6689530314272466 0.11028510961385525
0 0.4857304152808612 0.14244862439935035
0 0.5118254541344783 0.13335012739097804
0 0.5399645544305632 0.12902382005576138
0 0.5691614729442677 0.12896855672200522
0 0.5877761410761483 0.1320977935021741
0 0.7073503664777249 0.09254556533704873
0 0.5840201702298997 0.14945845586973577
0 0.48676297672187224 0.31140707565796333
0 0.44886047955806746 0.27776926861963236
0 0.4273770908011666 0.31035387643291434
0 0.6289385422624113 0.39120325697132985
0 0.5917406074608429 0.4128631465092814
0 0.4977926873456577 0.45353871364751885
0 0.7064590904280104 0.3462978953568537
0 0.4671868136160484 0.15310081581486784
0 0.4132087171580721 0.20635928406268536
0 0.5493497353062851 0.44718009297109584
0 0.7362827244941695 0.25687919109882973
0 0.4565657881493307 0.3578943148485141
0 0.4640053920605012 0.363736673040605
0 0.47196144620074504 0.3720393525889477
0 0.47899266159484155 0.38179802583488565
0 0.4950235953813867 0.3933201481014808
0 0.5000322345439895 0.3496478885094042
0 0.5068633874508902 0.34797627165082795
0 0.5126287552374827 0.3459238921196011
0 0.5444612777182825 0.331381914313012
0 0.6640213915315861 0.2744321438482789
0 0.41064964630935763 0.1862247643521672
0 0.42857534686724347 0.14728524082496072
0 0.4502045129924887 0.14730478379508638
0 0.49333906161131236 0.3508807642745519
0 0.6774831263324882 0.31459817965542575
0 0.39754243867809763 0.15028511502140357
0 0.5193372686955496 0.40590369970065987
0 0.3868207251220816 0.19950138433689465
0 0.44165831477330203 0.23405956345238013
0 0.4724634882015518 0.4205027226168631
0 0.5807062777285837 0.3676267988175543
0 0.5159910424349177 0.2765407765887386
0 0.5548469829156932 0.38845377884725657
0 0.5906275294501068 0.26724245200377766
0 0.5494217340704761 0.29208148218700186
0 0.6223387685506153 0.2933627770040383
0 0.48816108338943515 0.4386309061468991
0 0.46290549334091474 0.24248908847252246
0 0.6129607070347428 0.37612134451543733
0 0.5779590523695644 0.39893839848564755
0 0.5984613255357943 0.34414511417013327
0 0.7039798581147496 0.2881155036663811
0 0.6415199343162247 0.3406200544689898
0 0.7272353741941573 0.29568875811702416
0 0.5773415326569151 0.3138509933634585
0 0.4371738808567514 0.21623846757737203
0 0.44255069262870755 0.2730038666640312
0 0.4623209430447108 0.2754187668769809
0 0.42611153983365635 0.26254291919061157
0 0.4482722424505129 0.1269029694237036
0 0.4972051706495164 0.10833250953067947
0 0.544327493081113 0.100478752652097
0 0.5848427105553543 0.10032942286589816
0 0.6144627224543929 0.10682707862356237
0 0.638425979181684 0.14039419441177894
0 0.7326909226958762 0.17734569445482212
0 0.6225189561582316 0.17172004828673665
0 0.590549894526035 0.18090392912551317
0 0.5478842489830049 0.18426297256813637
0 0.50657568903412 0.18328226051013807
0 0.4739433403759566 0.18039490687323917
0 0.4505012801176385 0.17667283367007652
0 0.7370518272436117 0.17115799699106815
0 0.4629392255459154 0.2798173492630747
0 0.415317064724894 0.2243595898222103
0 0.42000317146003496 0.2763847722136112
0 0.40670886874701906 0.2854097214740649
0 0.4214546733264682 0.27872628023050294
0 0.4561398131183431 0.2852884475870913
0 0.40070538379975007 0.2876928834021445
0 0.39913230191303206 0.29110806692537466
0 0.4473682108810682 0.16155764725708877
0 0.43022708072944027 0.16791797900397865
0 0.41960719944555547 0.1728939416145515
0 0.5983908523487139 0.1349394855974408
0 0.6165016562626835 0.12382800610181417
0 0.19836224357790083 0.16305706820595448
0 0.23437090626748805 0.16108232319425717
0 0.19360739052421433 0.14637017165214566
0 0.1623372445000878 0.16507548086725238
0 0.20281317836373164 0.17969283062085278
0 0.538166026148615 0.14057493153274556
0 0.5737909214406074 0.13782929978195319
0 0.5330337728629132 0.12408716964269165
0 0.5023873442084478 0.1432647767298869
0 0.5432084398933604 0.15714711565988343
