0 0.43555759395594185 0.41004407373459445
0 0.376502754409676 0.3688323440003222
0 0.38791178215457045 0.3795439243532609
0 0.31461584551826766 0.3379143971571888
0 0.3631136007606983 0.35719985088360484
0 0.3444969642745412 0.3415681387743224
0 0.29797515418866405 0.30307772976980696
0 0.16888392878615338 0.3608957986900772
0 0.2684765544760486 0.27842601464278455
0 0.2519569306269936 0.26426567747325136
0 0.18497721316373866 0.20639361675990664
0 0.4405190960868545 0.41399597506160324
0 0.44465555866127426 0.4179251814342063
0 0.44716540076162503 0.4206088816990023
0 0.44692961434307305 0.4210272341210773
0 0.4528679403921832 0.42508478235939273
0 0.45954734265156416 0.4304062088114628
0 0.46632839901291806 0.43620887344730075
0 0.47020162933546567 0.44891530232153076
0 0.38262073647068895 0.37454069459783856
0 0.36318885421623354 0.38335451526918274
0 0.04389401671031247 0.3538468977355439
0 0.22809852708293044 0.3449920100038466
0 0.21223084822944974 0.3550786174617816
0 0.19503748530279036 0.3636075974698516
0 0.16569868305131144 0.36925683019385824
0 0.23998863112343394 0.33488273679994157
0 0.16602406521206317 0.329592504957016
0 0.18703762490464293 0.3199714799614056
0 0.15076996912450893 0.3413243943798369
0 0.14437822552154894 0.351674841635901
0 0.1574559715454993 0.38475780534571496
0 0.4227804165819417 0.506062015351178
0 0.15884496684631574 0.3616635132095088
0 0.09138456019370453 0.4081917039618112
0 0.1255395061781873 0.38886988573316217
0 0.2691347318822923 0.40358080191240797
0 0.4111877456307411 0.4199952416769836
0 0.42436662316322327 0.42871366759789165
0 0.39427418310357176 0.43605774900187616
0 0.3829546930349391 0.44856158816728037
0 0.4074264277258645 0.4393550892886908
0 0.39361033459072525 0.44872898171129433
0 0.3645681912160438 0.47379715071208234
0 0.36046327780122345 0.3764440622990546
0 0.3452523247055385 0.3664728573698928
0 0.10816617755462295 0.3579597083338793
0 0.2711558523385421 0.3550987128654252
0 0.31202012389574363 0.3945180961619253
0 0.30316322960931325 0.38854502951321396
0 0.21274937705501265 0.42952869978287944
0 0.32887703342282254 0.3513563820633335
0 0.1393554831814507 0.3238175007096235
0 0.117888776909398 0.34096986238939175
0 0.039419861996303436 0.3255282971954
0 0.23167523401586906 0.29367649825154873
0 0.20966537896057832 0.3152486219786216
0 0.33861496218520665 0.4710361357184424
0 0.2303357302494671 0.5115942098740218
0 0.3331091886629229 0.39410719189091004
0 0.35183940212363785 0.3899005345892215
0 0.36803844392947527 0.46583604110755783
0 0.37214653161556827 0.463539089737595
0 0.09846932076565597 0.3392894426765649
0 0.31676819499420084 0.3997877068493677
0 0.17660789855796358 0.30746172608780686
0 0.1627567723069502 0.30023279894089355
0 0.08499279723543188 0.264179278920958
0 0.0680293754229079 0.3321921141359253
0 0.12289469948281413 0.2816158970952898
0 0.08953876015932663 0.3587422899469949
0 0.06672476928519167 0.35653287625831104
0 0.4182450023034345 0.42505040403077565
0 0.4011664550913417 0.4379500174975913
0 0.3883457669745321 0.4487124497367852
0 0.3398564119377862 0.39387922005160997
0 0.3701720187521499 0.46466960223472636
0 0.38175013450824696 0.46139936737608217
0 0.37455936488897906 0.4622240967616655
0 0.33828867032476095 0.38617456051102583
0 0.3975632313800895 0.44864471537479456
0 0.4117935282056746 0.4399872766672701
0 0.42832687497138977 0.4305801450450351
0 0.44561581443185394 0.4605122195637744
0 0.44264353520196414 0.4481300335323465
0 0.43653573403539864 0.4419164938339289
0 0.4313267935877261 0.43604267744914343
0 0.4278273917734623 0.43118636612442957
0 0.3966284084903157 0.44921425065916515
0 0.395616822430621 0.45271178556309233
0 0.39527264626129816 0.4572461030945398
0 0.39613875779120816 0.461856946727072
0 0.33657824134697084 0.4398772776990697
0 0.14468303298496682 0.4606517482602942
0 0.38507719661878503 0.3769513251988784
0 0.38580844033023587 0.4556049103106278
0 0.3837472156662008 0.4583054638427237
0 0.36333018670911377 0.3912424577427083
0 0.3312102776506673 0.4033909762899081
0 0.3577026295597139 0.39058874374714453
0 0.2600180118790139 0.37147690496151
0 0.23976654826622942 0.3944039788043153
0 0.30583590795488463 0.39504034298917523
0 0.050989093663899795 0.29607903811594716
0 0.08463633044258408 0.3074842019789461
0 0.12240441005838953 0.3183964150755302
0 0.38848984792180685 0.4726170714998591
0 0.209208516161079 0.2821050215566504
0 0.16630514306218727 0.25868739203914354
0 0.12857347078945325 0.23571754244250664
0 0.17855637852588427 0.3690305816522543
0 0.1465031291641619 0.4025045878969241
0 0.24686207039200742 0.32752469376377435
0 0.13146426415313844 0.3659402415480303
0 0.275642568650453 0.34108447629040567
0 0.3188519298868335 0.3849231542992419
0 0.13170579909954383 0.42315924545561057
0 0.17030627329064452 0.4036365608158319
0 0.19971767731982729 0.39585549200790515
0 0.23151503009316715 0.3767229736499164
0 0.2503129677928012 0.3594356105811354
0 0.262344346260247 0.34515426286320755
0 0.283554633350476 0.31440893787404767
0 0.1633092116402543 0.4464644517047682
0 0.11376981153760267 0.3727559715617394
0 0.3724593134677928 0.37907685226072435
0 0.2867422404334597 0.3664345943193505
0 0.0832554450177628 0.40971176936358644
0 0.2698729047956674 0.3324909456398176
0 0.3045068754126196 0.39625868525194086
0 0.15132370526375977 0.36665342391833017
0 0.3088343749227731 0.37741755024678464
0 0.18317318189403284 0.48680022045754007
0 0.24174797097625939 0.3239929849902789
0 0.31703673060173576 0.3632811055775138
0 0.30533837964353355 0.5220114860305751
0 0.319750171235722 0.5362036603948345
0 0.14742732598729755 0.4576816592851411
0 0.26367786923504394 0.5159146048236585
0 0.0764273165360741 0.3803734731307064
0 0.4319872742761736 0.522836244624594
0 0.37681785889941716 0.38046273410968157
0 0.28023175198746764 0.38327959563205205
0 0.10992739487277425 0.39870790019631386
0 0.18962047524426295 0.3554788898622644
0 0.2046654178234546 0.34853420460569684
0 0.3804879745711451 0.4646284475490667
0 0.19364651576008485 0.46868047539306723
0 0.48743780621367955 0.5225104537347088
0 0.4072756111297918 0.5369606554184271
0 0.36785925244507583 0.5385450085868007
0 0.2167530815400507 0.2340737793162681
0 0.5315537122280701 0.5031890152157217
0 0.21792378762493964 0.34020118399158766
0 0.22996952773436255 0.33164176879369694
0 0.2383190805659346 0.32659916606718215
0 0.0955148097127676 0.37729312231143314
0 0.2149253593676764 0.3244961587091287
0 0.1955443622301454 0.32925874016423157
0 0.18030375679549965 0.33663842665112537
0 0.16834439944637858 0.346095387864372
0 0.16306556696477142 0.3533117991966614
0 0.0578200480212336 0.3802064300879188
0 0.1779923453603102 0.35905178252985515
0 0.3996138493327991 0.38899951277003775
0 0.3457919895325018 0.4241147994239261
0 0.33095304554571275 0.39236096557283745
0 0.3753612942021826 0.40253995931234915
0 0.2821089463389438 0.28998149971923104
0 0.34924838384208473 0.5256594735859097
0 0.38950755026029504 0.5255402739605178
0 0.4765462621074656 0.5126918044643126
0 0.27678075781011063 0.5277369527713113
0 0.23244294313632924 0.32349054148231726
0 0.29312604835823824 0.33891268306668254
0 0.5208161589892014 0.493446775212668
0 0.4468700774013996 0.5324599567962729
0 0.18269026684372322 0.4812297628841538
0 0.4109629917403926 0.4406603558555893
0 0.4116319500557754 0.4453706834195317
0 0.4140760615144087 0.45079629636113194
0 0.4184155613183975 0.4565868394962255
0 0.4158145556955234 0.4687238499198271
0 0.38199637279562326 0.45666278142859973
0 0.37782147057030513 0.4577140514401422
0 0.3738955937973831 0.45837939039304637
0 0.33380555410100066 0.45645943230045016
0 0.22698013840810113 0.4624636351414349
0 0.27887815755346546 0.3267042872266493
0 0.24641914341760718 0.3095888158009536
0 0.23556437440540479 0.3161447659890721
0 0.3862736259141694 0.45548054079214734
0 0.25490470603108406 0.4936141103398109
0 0.26336795196908974 0.3022203453533027
0 0.41832068157584773 0.48727918038333673
0 0.3284486616435258 0.3283004990198474
0 0.2993592525953832 0.32680263202907384
0 0.3135437741065803 0.31594530158284784
0 0.30166644457241765 0.3639930611935215
0 0.5051637499228768 0.47939001115551894
0 0.4865193966290225 0.463122781906007
0 0.4549919149797896 0.4776974115250767
0 0.3497197631260623 0.48898839961359464
0 0.30000817816218606 0.41332891281100287
0 0.3838501472188079 0.4910546919681888
0 0.25639880067952303 0.43198959810146387
0 0.29743312801355903 0.4335698036719923
0 0.2622049686539432 0.4593714841142081
0 0.46539996337631473 0.4969141085942586
0 0.29779033030828705 0.37599229542673496
0 0.3419820897929046 0.5075692290413207
0 0.38301833330289176 0.508326866650495
0 0.3184904887786378 0.4820219248641228
0 0.2206951199990252 0.48713582538176275
0 0.2944784621181695 0.4958496947867283
0 0.21940344321015087 0.5015032211507576
0 0.30146091050751833 0.45680131703831145
0 0.2898859883780065 0.3522531686593657
0 0.33062942471841106 0.38718978731312614
0 0.3221907600274552 0.39551711228230724
0 0.33043978136518726 0.3758395937257919
0 0.22206532129127046 0.3073784966507684
0 0.18454953817569691 0.3156529397474251
0 0.15734117518624532 0.3278623724869196
0 0.13894122142506682 0.34146062252314197
0 0.1299182004902674 0.35411885747874994
0 0.14063963075370892 0.37686600735869963
0 0.1161654960040165 0.43382447202136554
0 0.1741775487266157 0.38404900424074434
0 0.19653175414904303 0.3778550049856953
0 0.2200704466389573 0.36542591020680854
0 0.23862038471776506 0.3513772368863009
0 0.25144656974336377 0.33917062276083493
0 0.2594631531316301 0.3298630334868811
0 0.11278627132591994 0.4352645647266637
0 0.3259031670572965 0.39826434089437773
0 0.30614977370461693 0.35009416873040405
0 0.34477730662278505 0.38159099755727727
0 0.3601633478765902 0.3821491999686628
0 0.34643001805828966 0.38327722974877426
0 0.33496791804614273 0.3989814956119095
0 0.36547088428683905 0.3813477204977602
0 0.3696501608128133 0.38281798551695934
0 0.2489018880802652 0.3213521919172743
0 0.26178997139567917 0.31944590337250545
0 0.27067487281949626 0.31888407911511435
0 0.16068813455817493 0.3579387366771698
0 0.14294107420288998 0.36046830402768176
0 0.345757149969754 0.3220155739049981
0 0.4170487278505512 0.2336264229177133
0 0.3995212922277658 0.3646738222003847
0 0.43177676589592645 0.1592741304387649
0 0.3762968138832113 0.2679748274925826
0 0.39515279816544574 0.2606804150332143
0 0.4124421634427879 0.25214248263965483
0 0.42836310811664746 0.23390872244709643
0 0.3588830326562342 0.2725813190682211
0 0.3746788258785787 0.22584402512597002
0 0.3552638601673686 0.2367506448071504
0 0.39478318911531696 0.21872594399188738
0 0.41012200340628624 0.2168871707458427
0 0.4507369204707768 0.23389858711996805
0 0.5604353226397348 0.4345304691165254
0 0.4204757407955501 0.22687609059115252
0 0.49788057804107666 0.20309226031320682
0 0.46250928614450537 0.21546254390715688
0 0.4496872044451859 0.31116592527731607
0 0.4524533883061098 0.3964189811461214
0 0.4617518353397432 0.4073837694266568
0 0.4751017751253169 0.38910618197658786
0 0.49210967544628226 0.3853491301229898
0 0.4769838083049525 0.39919331518636236
0 0.49003060518399527 0.39293596283465193
0 0.5268299320469731 0.3880826599787975
0 0.39126590299217595 0.36061805567663646
0 0.3809825415196626 0.34816796003260475
0 0.42691831144949666 0.1977325416021589
0 0.3784344920321651 0.30030070855349733
0 0.4276441743840342 0.33501671589371085
0 0.4206607388737409 0.3280818154630454
0 0.5004045108090276 0.2828158964605435
0 0.362464539706707 0.33413409538891004
0 0.3749959820314594 0.2097621818167576
0 0.4031778591806474 0.19994883387740972
0 0.3936880655262781 0.14820331553726093
0 0.30614419937457726 0.2603702944689903
0 0.341758729485066 0.2496127692469652
0 0.5284814821637195 0.37100714569290477
0 0.6042799058815708 0.3204405966444292
0 0.42160496844545653 0.3484535601152026
0 0.41136260152510973 0.35925419698806776
0 0.514847716073627 0.3812324640111647
0 0.5108669089234393 0.3834449153771435
0 0.40418371606780135 0.18755582612061847
0 0.433433270972708 0.3396442667513654
0 0.34237597040508105 0.2291105797217376
0 0.33546484634280205 0.2183391366801832
0 0.2955440301448107 0.15915319291145905
0 0.39702619887564494 0.16660394352199376
0 0.31089768996057304 0.1871424829452366
0 0.43026430305579433 0.18661379565795264
0 0.43155963799875713 0.17301205521368462
0 0.4583513391730578 0.40219179476084915
0 0.4766052183897599 0.3943953038989634
0 0.49136368298660155 0.389088890582755
0 0.41953433709947957 0.35271910162291664
0 0.5127973303846691 0.3823947260777156
0 0.5078934683747913 0.38871770978405856
0 0.5085433036412882 0.38479679860714555
0 0.40957389966301294 0.34961815885659575
0 0.48834471874262975 0.39589483577056206
0 0.47638503235319385 0.40260427628738293
0 0.4627015618202479 0.4108761052290599
0 0.4917668928594693 0.4362720512933489
0 0.48589352323957113 0.4237969824369403
0 0.4780944548547268 0.4183163408028043
0 0.4701667123514673 0.4138345692468726
0 0.46279853193656256 0.4110430606465409
0 0.4886274224390154 0.3956638846708381
0 0.4950388310396153 0.3954305092709652
0 0.5020885778510052 0.39607642461424286
0 0.5088571306803952 0.3977116588773071
0 0.48553877906954807 0.3620245002642058
0 0.5542418161488097 0.2535379010428121
0 0.49770947707735974 0.390569816680922
0 0.5028435124651246 0.38945977929709613
0 0.4109216100819733 0.36680764445792075
0 0.4348681577197883 0.34982165402692295
0 0.4111432284116745 0.36316920806100406
0 0.4046752248769221 0.29757125327444595
0 0.4434231671950091 0.2905702687583972
0 0.42892154759686923 0.33166989651711093
0 0.34980376518290973 0.146770393502885
0 0.35787272404717363 0.1700713499246732
0 0.3708621904901836 0.19750205783740335
0 0.5201319099768348 0.4032348864104437
0 0.29606230735130934 0.24325870776521988
0 0.2662964688371057 0.2085112575441599
0 0.24282853937019472 0.17875998324134212
0 0.42474029682900594 0.2427564102994359
0 0.4783220346207204 0.23179518544803496
0 0.34709328591175703 0.2748238259143587
0 0.4316627243938653 0.21261705811796844
0 0.35754085785668827 0.29925544087545597
0 0.4127683004607325 0.3367380566247132
0 0.5107260796686878 0.23129512242756892
0 0.4753166578062203 0.2473146203311457
0 0.457939961358257 0.2641951098930145
0 0.4221799373626709 0.27944030677494797
0 0.3919487971326579 0.28669839854473655
0 0.3684837322520173 0.2907310611959817
0 0.3180387357816748 0.2968701485922371
0 0.5354833439316439 0.2574317213957724
0 0.4440743960440159 0.20427225190012352
0 0.39161557607028796 0.36921663938657096
0 0.3912832840629246 0.31288213992788305
0 0.4990050442840742 0.20018063202176406
0 0.34881989593091217 0.292302664882247
0 0.430114376804103 0.33156804670242296
0 0.4283851731730544 0.2238721198307863
0 0.4037785319530446 0.3286858751182107
0 0.5813581833372945 0.2846388533387495
0 0.3434887073286202 0.27039547658700874
0 0.38215469925299933 0.32992329048937646
0 0.605653204023838 0.3672206225278585
0 0.6198883783882079 0.3810315683915995
0 0.5528978219498759 0.2521140628318856
0 0.6055850733233534 0.3402589874854986
0 0.46277518942952156 0.18583997657549553
0 0.5816818041645963 0.4452740034979323
0 0.3921847771043363 0.3725407638087653
0 0.4170781866363857 0.31316445406148397
0 0.4786122094677842 0.20894008119037186
0 0.40324227366110554 0.24626819891990095
0 0.3883425927032595 0.2540052068028329
0 0.5128354990611905 0.3886107192847176
0 0.5582715148187202 0.2827288553226685
0 0.5688915813098783 0.4801180022026318
0 0.6048704751807711 0.43434058507715445
0 0.6143886437234671 0.41074139592440234
0 0.3724149898018526 0.259932941959604
0 0.35694738526059233 0.2650559993217821
0 0.34786982105478 0.2689073360052662
0 0.4521811751891737 0.19456706279753774
0 0.3523702796386636 0.2542547490717708
0 0.36467932942120923 0.2435438697212848
0 0.37968016124289966 0.2354853791927082
0 0.3962572897258012 0.22982002341228983
0 0.40780873386108357 0.2278894042407257
0 0.46482185889845307 0.17556399622581143
0 0.4119050922277181 0.2394566749209079
0 0.46148345457470935 0.36385215970053186
0 0.4198499448273493 0.34661816044346144
0 0.42506740161258244 0.3768160317255103
0 0.6018624273331269 0.39526889899718587
0 0.5935284168176029 0.41999722785059956
0 0.5583102641546208 0.4703456775109837
0 0.6165017793359964 0.35293620792420016
0 0.3457298202683096 0.26454219373239984
0 0.35135590641394904 0.30920742665403994
0 0.5911216998229856 0.45745573203632794
0 0.5764302820291208 0.2808514247122018
0 0.4766701748189719 0.4025494520538959
0 0.48443258424168045 0.4035738503047522
0 0.4923090351664502 0.40617512436448666
0 0.5004700091869935 0.410271519822055
0 0.5092087780003962 0.41945514849562576
0 0.5007856169148631 0.387943919910037
0 0.5032048761520697 0.3852235046417817
0 0.5049161567636158 0.3826364550901496
0 0.5092141200666842 0.3644087556479634
0 0.5426456225307091 0.3008892293209615
0 0.3364724452080934 0.297426656914362
0 0.3223844292857077 0.271455187836419
0 0.3346582717545655 0.2655334696173668
0 0.49775070389327797 0.3908272598316704
0 0.5780795482189759 0.32754835259655246
0 0.3074837031409792 0.2815624456582726
0 0.534561024573834 0.42643059023480484
0 0.3327711287723935 0.309774084907511
0 0.3852981181572313 0.3212341022124325
0 0.5139286096977151 0.4468075631969217
0 0.5513276415674583 0.38408247710786003
0 0.4558315484420113 0.33311273481534875
0 0.5468970169515713 0.4058920362073442
0 0.4936490421709807 0.31043710178979067
0 0.4858236118503239 0.33652001565349277
0 0.530515493258186 0.3215852752327919
0 0.5389672614957975 0.4586838007081246
0 0.40275850697703985 0.3221104721120302
0 0.5789734539778336 0.38495665637479315
0 0.5714449341530385 0.41055110296693403
0 0.548670234563558 0.36250497902865
0 0.5767148438355197 0.30496390830671444
0 0.5729135378547336 0.3521469959962195
0 0.5954133145835089 0.30933774008915044
0 0.5174934711793194 0.34507028861106304
0 0.37064692070302757 0.31099758245914744
0 0.41307694027605263 0.3448647196418133
0 0.42665093716072 0.34177347407608794
0 0.39742929261663684 0.34146371861730795
0 0.3275422523527042 0.25624582970487897
0 0.3503861278295517 0.23503088133166666
0 0.3751695991858192 0.22050923581464568
0 0.3984752924222013 0.2117627990040658
0 0.4172912886285264 0.20900305457737134
0 0.44362047525203746 0.2208848708997602
0 0.5276740559417269 0.22585515353990637
0 0.4464779774779859 0.24438206419564676
0 0.43217153685248416 0.2572897099822328
0 0.40808675357181096 0.26878936313416646
0 0.3827142613413541 0.27678980189713015
0 0.3621176537936148 0.281641965623999
0 0.3469836574209773 0.2843495437848395
0 0.5267165099149165 0.22641012841916602
0 0.4292002640988516 0.34494331954182056
0 0.36487686974198924 0.3200628731561744
0 0.4020120887004811 0.35218324366471043
0 0.39869722043690475 0.36241554279906163
0 0.40369933001373126 0.35393618792295456
0 0.4278293660153513 0.3509476976334185
0 0.3965362384915352 0.36538472631271335
0 0.397195209465597 0.3685996988113376
0 0.3380444837005242 0.2745972122673107
0 0.33166787595204683 0.28339772849627165
0 0.3291963186600934 0.2895958169322947
0 0.41501018761292746 0.22728481883372087
0 0.42206221835120866 0.21774256898873096
0 0.19153308981786604 0.34211933116118115
0 0.2089885043223267 0.3326631585756938
0 0.17947656879930393 0.3323502193974412
0 0.17379073280355203 0.3516926587815734
0 0.2035475517420665 0.3519953165905199
0 0.3850717384206212 0.24321065988877547
0 0.4029882545380489 0.23403053622746814
0 0.3734352857522342 0.23353320419572401
0 0.36715800946821336 0.25224731171476666
0 0.3968298972948738 0.25283924986918765
