0 0.2916335612178135 0.5735973034042139
0 0.23550508076624332 0.5104520766498943
0 0.2630366034073224 0.5238669745076578
0 0.17677949515463923 0.4408078037511807
0 0.221264122487258 0.4903707813721495
0 0.2084676570457806 0.4598027658157836
0 0.18222285288986828 0.3783631077208839
0 -0.004426976044972737 0.4022343354865004
0 0.15108635128259087 0.31415021495697215
0 0.13236609644455305 0.2843661402551511
0 0.0691716836796676 0.165161953280909
0 0.29708732725333253 0.5813165801211287
0 0.30455488552578347 0.5889164194131431
0 0.31167748298862286 0.5936576440311468
0 0.31845998771184925 0.6049547741969172
0 0.324065784184481 0.616815229098256
0 0.33217079483633705 0.6309517757199443
0 0.34220280757339167 0.643927728787017
0 0.3568894488634251 0.65206965223288
0 0.24622343026762672 0.5185370998451123
0 0.22467291212196258 0.5215130278858514
0 -0.14604065994278703 0.3153133410424851
0 0.09124074293840989 0.40635590698010626
0 0.0638266039266289 0.4148034497190969
0 0.035524357851746555 0.4190683951393103
0 -0.005659188440949511 0.4075028166984217
0 0.10907665888468425 0.3965608944146397
0 -0.006854819022208381 0.35041182971419615
0 0.030402129788478786 0.3476794739595998
0 -0.03436970060391963 0.3589759301453734
0 -0.04447499918137237 0.3704719456811302
0 -0.013806647033714276 0.42303147921546963
0 0.2750996604954882 0.6897150704655023
0 -0.01681914725463739 0.3945963039946632
0 -0.09078431765524318 0.4102857413764198
0 -0.048093910197274006 0.4041457836049053
0 0.10826782599913416 0.5059255861436216
0 0.2593796440451551 0.5756800241363697
0 0.28002054599835147 0.5936612794384027
0 0.24043309524190798 0.5886054899745856
0 0.23266591642686218 0.6003586390909676
0 0.2634815327841029 0.5993102529940133
0 0.25337656010254966 0.6053323663842564
0 0.2151515782594109 0.6344919271362476
0 0.2119227646352004 0.5145100489401588
0 0.1934376640571393 0.4966998211682414
0 -0.10253600157993875 0.34817881144273777
0 0.13271460137207158 0.43691857154376973
0 0.1605777638278705 0.514611227634235
0 0.1538005141760234 0.5021625720083523
0 0.029494020864546156 0.5168218820239789
0 0.1827485229757478 0.467635107783083
0 -0.07207068257766376 0.32425192926828855
0 -0.09906296971604693 0.3328845509991478
0 -0.15419221260278917 0.27959791558999986
0 0.0660360559142179 0.3297208684701889
0 0.06681651548801852 0.3523345312561852
0 0.18339261548410501 0.6189695550991704
0 0.09081066219354991 0.5778551822462783
0 0.19057134851563176 0.5216952475686424
0 0.21499376317008223 0.5244822978211668
0 0.2316284675678189 0.6185270974430414
0 0.23864343790985126 0.6166923605024625
0 -0.12282685060009396 0.31665027227264625
0 0.17004788111296776 0.5219931467272603
0 -0.020849298158709666 0.3234188491448808
0 -0.04139707535862637 0.3053799787649331
0 -0.09380345800511843 0.2174069219694351
0 -0.13241063426438568 0.3052902781544402
0 -0.05497699454248094 0.262786648715266
0 -0.12190753900461632 0.33656017239482255
0 -0.13291320647838875 0.3342922297053444
0 0.26885144173098413 0.5860219816811169
0 0.25172707874426165 0.5948483828728953
0 0.2423209898191676 0.6033261117462914
0 0.20027198622838485 0.5240436389613837
0 0.23524495473296808 0.617654558854362
0 0.2452009115144789 0.6216905961592738
0 0.24222829280425603 0.615749401215928
0 0.19050816544811788 0.5155461808553519
0 0.262859682670886 0.6061741878239872
0 0.2733824946325746 0.6016463085104482
0 0.2895811910537793 0.5975707718929925
0 0.3198466543956912 0.6571032207804366
0 0.3074973588653034 0.648147374581986
0 0.2999077729469867 0.6348745843853814
0 0.29559390929391344 0.6201802682571899
0 0.29508663195786144 0.6085021964277322
0 0.26517219923668917 0.6119059996483044
0 0.2604570355203798 0.6184934801377427
0 0.25635040092239564 0.6266979407578611
0 0.2547725148195271 0.6351000613297898
0 0.18306504936812878 0.5803902865217897
0 -0.00616699535783818 0.4819186228913621
0 0.2539710145917156 0.5211891498618995
0 0.2559461474275703 0.6131022937191181
0 0.25018799462192637 0.6173272496595169
0 0.22855575807946477 0.5307055840286584
0 0.18905420126103098 0.5313264625712325
0 0.22192247294121795 0.5277544094350772
0 0.11256374500924163 0.45468852390496495
0 0.07444859008423144 0.48033346278598893
0 0.15891634653226364 0.5106074596746281
0 -0.14012434578342117 0.24731921625975223
0 -0.10903697298299209 0.2810529158614314
0 -0.09607018619704304 0.30637291468941746
0 0.24483906522357493 0.6455378874231832
0 0.03235893097998713 0.3039425632443291
0 0.013974308181437942 0.24632452390254878
0 -0.026021795664473976 0.19147942208063107
0 0.01127988235841838 0.4168483867241552
0 -0.025093684879710063 0.44047261103273583
0 0.11819339298801743 0.38877548596348627
0 -0.05828349360173269 0.3785936088798145
0 0.14207229475609118 0.42051263215442813
0 0.1642350083489498 0.5068140143213181
0 -0.059599461243878736 0.4608085482074811
0 -0.004043702098677198 0.45937697384684995
0 0.030114200761278184 0.466183191480728
0 0.0786358839173397 0.4528693906224955
0 0.11043717242259202 0.4356080684989405
0 0.1296021325839795 0.4212215365693211
0 0.15763948639805656 0.3890819222020646
0 -0.026529052632032254 0.506723088292649
0 -0.0779597844294221 0.37430178595427127
0 0.23187060822114097 0.5209211100595066
0 0.14692168684600354 0.4609607451449568
0 -0.08287168742655564 0.3953002658895791
0 0.14063609189552656 0.4079587131072157
0 0.16105963146800903 0.5095417543341176
0 -0.027327945692647848 0.393997442131987
0 0.15780868747537372 0.49122244700456197
0 0.03868927551116303 0.5286463913254844
0 0.11249811772248156 0.3809177369926684
0 0.166392042017955 0.4777143765181398
0 0.15522581989244877 0.6442839986980914
0 0.18073295867986244 0.6535089467280208
0 -0.029222500767353343 0.4977630756723995
0 0.10974409368684251 0.6165268882014119
0 -0.11563860548200082 0.3695425068418058
0 0.2850973115836402 0.7050566524743273
0 0.2417845040631237 0.5229607777664075
0 0.13407515564696681 0.48085467398357085
0 -0.057318923213213184 0.4065137816884647
0 0.02740832784478899 0.4089638827898251
0 0.05392963430292601 0.4051966613854844
0 0.24149345865638422 0.626233834047287
0 0.013044425337720546 0.5441534456353598
0 0.35206997809078483 0.7237913357183194
0 0.2657775916069817 0.6978772133112715
0 0.2289151805196163 0.6795410769054303
0 0.10013307734644956 0.2252373849621977
0 0.4130400494991732 0.7191500235289431
0 0.07752264389317098 0.3974408263596483
0 0.09635054622050955 0.38863999556047846
0 0.10789198655304577 0.38361578103833305
0 -0.09320735366796132 0.36762679018342076
0 0.07787459109612792 0.3697783998407114
0 0.04849680707894927 0.36815214737916524
0 0.020364332399208197 0.37220693358217183
0 -0.001961268037914944 0.379409573996029
0 -0.011753625077881115 0.38632906111665427
0 -0.12350943956157859 0.3523006075963426
0 0.008522273467884933 0.4069209881483937
0 0.275532287302063 0.5406295922807992
0 0.19789848639238938 0.5648550067465907
0 0.18565052411824964 0.5192703900817103
0 0.23898630076460986 0.5500747071097072
0 0.1691055633038354 0.3439315937388058
0 0.2016102166341649 0.6675710287718727
0 0.24201631789013064 0.6856946776659725
0 0.3378717529116203 0.7167244307911054
0 0.13848202184235736 0.6207375475964226
0 0.10050545414860586 0.37621245797449787
0 0.15728381176074918 0.4296415073993488
0 0.4014178277205506 0.7121488010159697
0 0.3051258551416923 0.7145628748229518
0 0.013534022821225136 0.5393181497487016
0 0.27752507962197137 0.610515803574754
0 0.2745863337168019 0.6201335389774066
0 0.2740742290477387 0.6319544945662015
0 0.2775002707966226 0.6445378644969135
0 0.27950226967569164 0.6541301520487752
0 0.2462566105438937 0.6111027788811217
0 0.23758747409001815 0.6110973870411468
0 0.22995800666100116 0.6101776698526864
0 0.17870629355490064 0.5993844316409419
0 0.04883706276651195 0.5586937266988115
0 0.14904610037231902 0.40339035414659175
0 0.11314278054866288 0.36175995769973
0 0.1033772691834173 0.36635646043113246
0 0.2545077040326967 0.6106519475341224
0 0.09102066136378464 0.5991308517730274
0 0.12907674765701202 0.3595565537008615
0 0.27607113580337816 0.6713141502854162
0 0.2000063607018057 0.4325207090987184
0 0.16743648745459047 0.4167359341828587
0 0.19176376087488317 0.406765523429115
0 0.15844554916846096 0.4676779974192476
0 0.3871253778894456 0.6962625614751261
0 0.37160662252554216 0.6732342171783264
0 0.3233719925514514 0.6781276795810784
0 0.19545206734888274 0.6429595258860542
0 0.14717480611743972 0.5310832987578151
0 0.2348518020672192 0.6594991175511393
0 0.08343779704839492 0.539488401180639
0 0.13632638341517186 0.5575546596568233
0 0.09041608373324077 0.5738224944177146
0 0.3278040749420651 0.7010308269875499
0 0.15535913168383444 0.48024457912094676
0 0.1875246903307432 0.6547442907913805
0 0.23175112663698996 0.6725844596140682
0 0.15746010107388028 0.6225106868500145
0 0.050847901571854696 0.573944055900787
0 0.1327980510908351 0.6232761238900998
0 0.058431967628373806 0.5781116622705429
0 0.13915564866660596 0.5878410332690412
0 0.15207294001281976 0.4446793899368554
0 0.17850513431093962 0.5143648368862871
0 0.17300734177624866 0.5200515941689952
0 0.17536546339948686 0.5012557217107413
0 0.07027156197195716 0.34559718212380575
0 0.010621918905839073 0.33870120260852593
0 -0.03369094091925404 0.34227466497558373
0 -0.06149971949682533 0.3511609482689026
0 -0.0703805457059142 0.36269482922630186
0 -0.036134793532552195 0.3984829628239044
0 -0.0640030888487681 0.4548102896244
0 0.004042813960882685 0.43375756451116204
0 0.03424100016804336 0.4380794510292931
0 0.0704564060524499 0.4312530956900539
0 0.1013701781809187 0.4187621222898221
0 0.12099573109075605 0.40693573401377986
0 0.1323114477759071 0.3978606546267915
0 -0.04326841035049311 0.43715515894630846
0 0.18063433443327886 0.5241517616917912
0 0.1633484594756179 0.45289777947690923
0 0.19308834438987202 0.5140729831240047
0 0.21802540977510046 0.5192868515325431
0 0.19931334307153734 0.5154032154014697
0 0.19362403577466092 0.5281628821604549
0 0.22309142079570596 0.5210421813753086
0 0.23257765974358116 0.5233842414408065
0 0.12184086063211198 0.38046482243476965
0 0.13616742769019496 0.3841436503413386
0 0.14279755571191546 0.38936037805895457
0 -0.015319211377228479 0.391054559534731
0 -0.0435879920169318 0.3809088322872552
0 0.23141598344135056 0.42819073482062486
0 0.43849451536183165 0.2996043582408192
0 0.28252872231481174 0.508846166130072
0 0.5444743953448691 0.1449111009748599
0 0.35663977186742735 0.34488547967074396
0 0.390709540255064 0.33825288336878767
0 0.4228194521771346 0.32827170935873023
0 0.46020048585155315 0.30167790876029016
0 0.3252316360279239 0.34686365180883927
0 0.3606599422095777 0.2644552597984338
0 0.3237689541255256 0.2770569497308792
0 0.40015856596491606 0.25915230348849067
0 0.43060701985439237 0.2620756815131099
0 0.500776154817723 0.3065449634013465
0 0.5016587623875204 0.6459739320575238
0 0.44796883874088167 0.2888515384052508
0 0.6124173761557618 0.24438176634974373
0 0.5340316315634931 0.2760118926866367
0 0.42121148180904433 0.4352383598352012
0 0.32508695861704345 0.5612590579560008
0 0.3372642829549684 0.581078399674961
0 0.3715206267450639 0.5615473580055724
0 0.4054542521206881 0.5638290866495321
0 0.37025969477294446 0.5763025365698452
0 0.3983949803048186 0.5738335231812998
0 0.48492030088278315 0.5772612220563066
0 0.26190311710039776 0.5037322509974337
0 0.25362599267662284 0.48309837381679793
0 0.466572321004433 0.2286195799755974
0 0.32307607907471325 0.39285567917001135
0 0.3487350853512899 0.47305619440520535
0 0.3483431547951641 0.4585701993669565
0 0.5294435061425042 0.404421870319988
0 0.24088843291897855 0.454209467092642
0 0.35797451926078155 0.23053153868490894
0 0.4157592841475416 0.2236383367841617
0 0.476615291991108 0.12070508896352385
0 0.2208731696188307 0.2919509885981441
0 0.2982441965910456 0.2958888494835113
0 0.49527478761238447 0.5521002008130376
0 0.691481310114872 0.44853533161714815
0 0.3308999841447643 0.4912445862262775
0 0.30873826860809783 0.5034723398022758
0 0.45098040201109374 0.5687386837249366
0 0.44285785408614636 0.570532818476613
0 0.42714828667309074 0.20137203920382662
0 0.35756531622198273 0.48067792783529995
0 0.2931439257640061 0.2513323790920428
0 0.2848370429709089 0.23109435282957058
0 0.2828425600660219 0.11939560710050809
0 0.45486931777972395 0.15852084032262856
0 0.2826272447189267 0.17504846373686014
0 0.4852269281872171 0.20885505529638296
0 0.5187506987322434 0.17535518590634624
0 0.33179854024514305 0.5720174942915432
0 0.37094652038112247 0.5694758544524257
0 0.40195938523153035 0.5689639155857098
0 0.3261374229435726 0.49662752149584954
0 0.44673251190917385 0.5697581091056616
0 0.4348971949492713 0.5791612737856734
0 0.4384796056244299 0.5714136082143448
0 0.3061034002607103 0.4904498208445101
0 0.39596705585360814 0.5767523058877585
0 0.36966513844130994 0.5803158627912259
0 0.3411568854209616 0.5861087412879871
0 0.40036962429682416 0.6405735958498507
0 0.38094480289257976 0.6328954523363814
0 0.3690207200370532 0.6203657965690564
0 0.35731478374924874 0.6069454251767729
0 0.3483431547951641 0.5969662322594335
0 0.40024822807426363 0.5823527120363218
0 0.4093589738404436 0.5855321411888439
0 0.42088285653139473 0.5904628563041504
0 0.43201407540044623 0.5960918963907625
0 0.42789564744459924 0.5270251222311879
0 0.6791659484950187 0.32508870606986096
0 0.41879989288979586 0.5770130340283671
0 0.4262319081407085 0.5779726998493694
0 0.30382770993154967 0.5138445651759735
0 0.3561743110489788 0.49475169219909765
0 0.3060574285703883 0.5089231223915331
0 0.3662228630029326 0.3963673191900832
0 0.4318299849542211 0.39892897419274426
0 0.36108808794753444 0.4656006276797944
0 0.3913901738411517 0.1107945603113205
0 0.3780597687053452 0.15633894241275118
0 0.35828603500370787 0.2079310082970336
0 0.4655540592664723 0.599422950618945
0 0.20812493677047803 0.2588430896353798
0 0.19453585176445026 0.199481647854415
0 0.1790485046178603 0.13778055599703196
0 0.4488961755228843 0.31577912249123324
0 0.5502402270726449 0.31112198198374846
0 0.3031312907628304 0.3465687345011166
0 0.4741157926529717 0.261532596601084
0 0.28958707754846386 0.386068128739683
0 0.32038574731893105 0.4721628237075318
0 0.5983927312800639 0.3093466982483483
0 0.5330434744592479 0.33683101023538425
0 0.4901091746574969 0.359506617910184
0 0.4204274984858305 0.3742908184615949
0 0.36641151599175065 0.37781947137067873
0 0.32422052363125825 0.37719289463358563
0 0.21911210965195435 0.37432525271234424
0 0.6151282189847183 0.3621805416414151
0 0.5024806718460376 0.24885403210172258
0 0.26239318305925785 0.5143498050899932
0 0.32860148110263926 0.4191589943897991
0 0.633817330395861 0.22418293304527148
0 0.28882028523394815 0.37324761996825284
0 0.3688332076838834 0.4631411317057503
0 0.46555532211308287 0.28359337112964533
0 0.31833058667125746 0.45495631862372254
0 0.6912056021839023 0.3834702830535535
0 0.29960595260707024 0.3382657298360008
0 0.2786802583747059 0.4521808281493263
0 0.6248348654031182 0.5485382369531991
0 0.6437481524561235 0.5591651859184423
0 0.6607751540428729 0.3417999583977861
0 0.6545629264067688 0.5018579330497657
0 0.566358223521738 0.20581144332504883
0 0.5205899737149977 0.6609786466097298
0 0.2661651225684644 0.517396807384948
0 0.3691147410040565 0.4272884594175381
0 0.5720625016614973 0.26803319494183453
0 0.40933196521777326 0.31754298941395914
0 0.38211460622380394 0.3264981820560492
0 0.4438383118997661 0.5806768709859147
0 0.6290119546208736 0.40778735879891975
0 0.4786389425789995 0.7004559424738533
0 0.5667733334237152 0.6402147117133339
0 0.603195947994717 0.6063295300014484
0 0.35436334827249283 0.3316065419596224
0 0.32674530027009885 0.33483848028099195
0 0.30887746689416806 0.3377666374364981
0 0.5296181863446315 0.23238065386542117
0 0.31899618830898113 0.3121215147427477
0 0.34355362570828957 0.29724473384813
0 0.3715058799556119 0.28917143382013033
0 0.4018369705842839 0.2855010000280679
0 0.4229453702053006 0.2862948667698394
0 0.5931884996610866 0.1781900070441036
0 0.42669639127145853 0.30831097480588066
0 0.3877820173899333 0.5232291034997081
0 0.32717338490257447 0.4885284468388786
0 0.3196618306836922 0.5325187536093373
0 0.5929017112695342 0.5908894243712624
0 0.5589310559723303 0.6253086433243066
0 0.46949458879818445 0.6924100918129991
0 0.6739385782671775 0.5082375417692593
0 0.3046017737983228 0.32892160988844243
0 0.2609015982642734 0.40548876023140196
0 0.526742114294633 0.6729053557871248
0 0.6720967775912022 0.3939879247174857
0 0.37583801414755036 0.5891340128339517
0 0.3863404168785333 0.5958139715484156
0 0.39878780707466804 0.6050897744326545
0 0.41122603144862957 0.6157672923212996
0 0.4379452992972138 0.6209453785190948
0 0.42216081656426263 0.5718916029975818
0 0.4273157156914544 0.5689200456150043
0 0.43201036833458956 0.5656896799136275
0 0.4645274057090997 0.5373716955177319
0 0.5818153845606376 0.4411005153061864
0 0.25334779978941957 0.37877972947713284
0 0.2581527885630262 0.3267887695528829
0 0.28361756088350604 0.3233945654413571
0 0.4175807978037736 0.57419069173237
0 0.6157767110877186 0.4862574610275963
0 0.22013470987907702 0.33662916343813887
0 0.47289783820259773 0.6321229078708747
0 0.22637836610098822 0.4028891172652808
0 0.3044945133104027 0.43439903007909514
0 0.4263141561183426 0.6577430524574682
0 0.5261634046511112 0.5748095687585898
0 0.4093921744852043 0.4725651284947563
0 0.5057068783030522 0.6048974654735467
0 0.4903278508060556 0.44888833374641957
0 0.4536451713072596 0.4874015931313792
0 0.5399878272335592 0.47532432090740995
0 0.4517009985818566 0.677398760002642
0 0.3344478905915642 0.43938117191052667
0 0.5672438456286057 0.5784210395127439
0 0.5362648332147575 0.6129969486032432
0 0.5352820126558665 0.5426115019443317
0 0.6377901236216227 0.4459337279819452
0 0.5836805682674014 0.528514413787915
0 0.673904359197731 0.4453390733883404
0 0.49610912185206973 0.5099138321396642
0 0.2949118906502529 0.4117280585697284
0 0.31346196672327514 0.48509286444027205
0 0.34086938413212914 0.48344557563336893
0 0.2874185866017422 0.4764924303601725
0 0.2682155169886079 0.29866015311247246
0 0.31154671725895194 0.2691649707456747
0 0.35884005803284313 0.2529001791065874
0 0.4049302522512934 0.2463544445296827
0 0.4441068501209469 0.24867894026798942
0 0.49505415608842884 0.2809877848853699
0 0.6422923347361083 0.291657031201326
0 0.48592850058484705 0.3233135040290059
0 0.4528038710427227 0.3408833660256748
0 0.40617550048324985 0.35371181959161363
0 0.36052445098936414 0.3597239662473575
0 0.3234604732881633 0.36109672053553427
0 0.29586586942203896 0.36009012119838607
0 0.6593568550882866 0.2725200635937456
0 0.3453853439798744 0.488160617149676
0 0.2672632491702942 0.42909443987825047
0 0.2863611155133739 0.49426663083771166
0 0.2799249362888382 0.506477514490152
0 0.2919542835199004 0.49596117993894095
0 0.34178912346597484 0.49573590723089517
0 0.2728081031097211 0.510499827111491
0 0.27627323199805026 0.513763850965439
0 0.2867424748212599 0.3423152671644863
0 0.2694902587994683 0.35239862062679694
0 0.2562807814108668 0.36130210062185414
0 0.43641305898876787 0.28764156049813705
0 0.4544000276844564 0.2689710074720291
0 0.05595935470194554 0.38300981175023524
0 0.08662809385098427 0.3745548960785515
0 0.04309200690232878 0.3626507550192336
0 0.024879334927748718 0.39165305377195436
0 0.06872899483719604 0.40326001049992377
0 0.37823974471583927 0.3038801486118914
0 0.41427038799372795 0.2949912919404027
0 0.36426341390724093 0.28327421096567146
0 0.34255998947923416 0.3123954569760222
0 0.3922303334700404 0.3242995367644313
