0 0.4912736829574601 0.36900045948096444
0 0.4280099862487004 0.3176309768981074
0 0.44005809441397464 0.33316020411245906
0 0.352977540108222 0.27417666483604186
0 0.41400663586105474 0.30218991103404214
0 0.39352083897791834 0.28168366628468106
0 0.33999119617264983 0.2304305030499206
0 0.12228500101133741 0.28205011641851946
0 0.294461080167867 0.1854425857499825
0 0.27410018280588627 0.16403059207106258
0 0.20465369088740287 0.09244174719705277
0 0.4976826542791938 0.37473624972969044
0 0.5032177426644016 0.38077236148103416
0 0.5064154434556196 0.3850325385588061
0 0.5148273165718915 0.3932602506656805
0 0.5236414414417895 0.40045087080126274
0 0.5336440355214389 0.40968029453802507
0 0.5428996733723813 0.4192339923599578
0 0.5362931961500192 0.43314916291412225
0 0.43409680037558834 0.3254167851886998
0 0.4069446208356302 0.333623348323193
0 -0.022484755591501163 0.24800743228034475
0 0.2191859715095552 0.27281084957213303
0 0.1932205649619364 0.2827457774293522
0 0.16613402076159853 0.29045378553768353
0 0.11916129253333128 0.289732404450929
0 0.23938088779208028 0.26286452443008607
0 0.12441857360334839 0.2380222832322262
0 0.16099917762893162 0.23053167680828596
0 0.09668802529699189 0.2497663776857573
0 0.08492004123166644 0.261922541886462
0 0.11131936915313141 0.3066817821132755
0 0.4433925682482337 0.4794881460505448
0 0.10634719740740861 0.2790454386392098
0 0.027818516211167668 0.31859627206978847
0 0.06937176775077224 0.30196802966818126
0 0.26932439993956925 0.3468747336952146
0 0.45808371411094184 0.3769259302217341
0 0.4753500903457529 0.3897670742879983
0 0.43417416443804646 0.39342813206171506
0 0.41976123960209294 0.406165633973702
0 0.45303883255785526 0.3993563352954769
0 0.436262621784009 0.4078623666599269
0 0.3837094623831254 0.44260787320448125
0 0.4045228360825953 0.32427163232970774
0 0.38687646577629864 0.31102545801572246
0 0.03571587694093648 0.25877097931338094
0 0.284426878524732 0.2902393703076056
0 0.3338232118369155 0.34121982150513364
0 0.3224257685338395 0.333669760261142
0 0.1855484908643151 0.3692864886665118
0 0.368561951294227 0.2914911822492118
0 0.07922213666046722 0.22631206065593099
0 0.04707910629767406 0.24124018775469327
0 -0.025263697537691785 0.21514621080028629
0 0.2195153066000355 0.2049163705796392
0 0.19818361436767418 0.23009172332951466
0 0.35103063417386404 0.43353788955921524
0 0.18572715220320576 0.44666015649322655
0 0.36330127778938553 0.3433807954669423
0 0.3899364419878787 0.34105227532335874
0 0.40391397677393404 0.42387085884349907
0 0.41041293036082627 0.4216855056628072
0 0.023816208484806593 0.2346071813030175
0 0.33949925175196005 0.34858432641940046
0 0.13346952765802794 0.21342968523573055
0 0.11579566621830695 0.20253363714806408
0 0.04755427471444577 0.149807131057108
0 0.004942376653856366 0.2244747360618089
0 0.09065551081287207 0.1739063850854781
0 0.014291761545189323 0.2550761258474873
0 0.0007047291043438488 0.2525932395373375
0 0.4670449548129794 0.3840271395720621
0 0.44386982590840335 0.3966534417719179
0 0.4279365110749434 0.407122853529128
0 0.3727616201221691 0.34436010868948125
0 0.40730963854850094 0.4227668459163725
0 0.4239539580757608 0.4233037982122754
0 0.41378757558794466 0.4205615931982672
0 0.3713724180615904 0.3335921124489989
0 0.44233177042711636 0.40822174682028917
0 0.4593708121575384 0.4008185094220217
0 0.4806411302793881 0.3929810171873968
0 0.4974840727284991 0.44362988053408947
0 0.5073905616118435 0.42839110123870777
0 0.5000381624396844 0.41853376024558453
0 0.49291682117598973 0.40853849382162943
0 0.4885378911273892 0.4009102057590462
0 0.44650314138408453 0.4125659103071138
0 0.4441449440984283 0.41734542569514554
0 0.4422377337886311 0.4236154560516738
0 0.44187875626459405 0.4301681329771293
0 0.3558672946968159 0.396369454345952
0 0.08310157205233594 0.3805735489510415
0 0.4367094716442285 0.3291822164932604
0 0.43165081349606255 0.4163685503944949
0 0.4278094602536552 0.4195785011968013
0 0.4042432084365233 0.3442005771759142
0 0.357696934088373 0.3549868883045825
0 0.3972367962452933 0.3426555137051665
0 0.2641662441602739 0.30812110072211724
0 0.2304587635184139 0.33252482072031514
0 0.3248230201911323 0.3419346506768133
0 -0.005734401790401604 0.1829606746085881
0 0.031267712262109365 0.19830963273631014
0 0.05755130437356007 0.21680000558725315
0 0.4163571794827779 0.44630805962450565
0 0.18865629213268748 0.18723997413617152
0 0.16034301040293295 0.1530450113020475
0 0.11636456098989093 0.12118269784170538
0 0.13922963376286662 0.2933484216177591
0 0.0966156878300357 0.32620048565372456
0 0.25156785824379335 0.25508561850583994
0 0.07001289656142143 0.27563387169673914
0 0.294888485584581 0.2742064074830794
0 0.3443920322485614 0.3300925670003834
0 0.07637849022567524 0.34645922038337373
0 0.12652790269771205 0.3339485366290716
0 0.16820183390052007 0.33094964891424666
0 0.21809844792140687 0.3120971684778288
0 0.24944479392550667 0.2936945760518772
0 0.2704566043766239 0.2786109704846872
0 0.3158058870568054 0.24249693648812326
0 0.11334337023743095 0.3780923234751782
0 0.048818494511556024 0.2789992704934497
0 0.41986901146450123 0.32925306859813974
0 0.30386288231435205 0.3053769758446219
0 0.01720718693632617 0.3161327824756627
0 0.28402189627478397 0.2647654635484815
0 0.3220790782432516 0.34334050880773775
0 0.09640095084276884 0.28227407001798543
0 0.33196802575628465 0.3205557822615509
0 0.1277247288810553 0.4136509988655823
0 0.2458626723490687 0.24926501904942386
0 0.3477155427263759 0.30438355314915433
0 0.29059105671407803 0.4737474190099949
0 0.3010197323334368 0.48566830851146475
0 0.08822632062284252 0.3828654088442294
0 0.23578813382844885 0.46096326136787025
0 0.011964696054720175 0.283719788171784
0 0.44867127957726327 0.4939885702280246
0 0.4251064757506053 0.33209254669549204
0 0.2900486808537431 0.32456022133323786
0 0.05210779104303207 0.3098163706552091
0 0.15671364296589219 0.28092751433699437
0 0.18190723956259996 0.27454972783300235
0 0.42072448423643155 0.427317501387138
0 0.1497880286431011 0.4054225249081178
0 0.5163192845849548 0.4992877286665522
0 0.41045310175368555 0.5000646943723603
0 0.36174791498023245 0.49517906843413945
0 0.2405078174066946 0.12898317937466314
0 0.5779283418937071 0.4847287638897291
0 0.20420245568460554 0.266092058744012
0 0.2248872478300006 0.2574715059988581
0 0.2394764137921957 0.2523806070376404
0 0.028335634980523636 0.27972123058665266
0 0.20523292844808555 0.24388543966260529
0 0.17308849146597496 0.24509292713687938
0 0.14531876467451266 0.2512086675119004
0 0.12288622734164387 0.26072881343384513
0 0.11276444296042125 0.26907254014858006
0 -0.008692935926501761 0.28006421572231593
0 0.13737012439639257 0.2827444975203608
0 0.4533622722585493 0.34527521314428655
0 0.37127548544215755 0.3800204454226285
0 0.36067904978361814 0.34058605323624075
0 0.4172579536709604 0.3584371267830067
0 0.31666100817390636 0.20811720964888802
0 0.34522115159386824 0.4839108715702206
0 0.39471083892045644 0.48926369476431486
0 0.509588114697219 0.4914152522528299
0 0.2451447173009945 0.47076992405974
0 0.23222289168381993 0.2468208347492512
0 0.3215550504907777 0.27335133685477403
0 0.5723137381459087 0.4764263294769776
0 0.4615550437305547 0.5026780552145708
0 0.1298792559637802 0.4129157216240644
0 0.4656173189481099 0.40727050017348954
0 0.46559051043876615 0.41401891175255373
0 0.4679757230895481 0.42247923208159766
0 0.4725340384722762 0.43158209719833246
0 0.4542230819096545 0.4476932868414502
0 0.42287619808052157 0.4150694122942317
0 0.4160079241804936 0.4157512380983482
0 0.4096835155024307 0.4159801589636616
0 0.3497866448722308 0.41491774307875445
0 0.1987103105597355 0.4053843714305656
0 0.3044254059278512 0.25719906822783806
0 0.25259862060536814 0.23150967964780994
0 0.23735198422574796 0.2377383872283311
0 0.428775145786221 0.4143855447305338
0 0.23126736277014898 0.43992021669272424
0 0.2772394261531186 0.22456160226609218
0 0.4464057123107749 0.46309885046801674
0 0.37553112944470174 0.26437999762391423
0 0.3351090687488202 0.2594802012647174
0 0.35874920945127303 0.2482212989779978
0 0.3252209900300714 0.30413320904524727
0 0.5615923615950572 0.4630833391900023
0 0.5478041825918206 0.446975501689481
0 0.49926961046733936 0.45933875211758685
0 0.3585320936225135 0.4535299461083056
0 0.3110929262914738 0.3623308842009638
0 0.4000864828689189 0.46123411448966284
0 0.24691453400040478 0.37748884638574765
0 0.3040031305345302 0.3844397578516606
0 0.25019038490605255 0.40759751692078433
0 0.5031711587423011 0.4772282229340939
0 0.31680088405367696 0.31808738634962486
0 0.3416530755250263 0.4687938055251134
0 0.3917743142395583 0.4750578629730152
0 0.32048784014041914 0.44076294534147
0 0.18390328408796577 0.4275100057942446
0 0.2841254069080836 0.4498301863246117
0 0.17641601494595974 0.4393629382230774
0 0.3065926753267457 0.4103299702472393
0 0.31234121819337207 0.2890168439026829
0 0.36052974128018955 0.3338736314790529
0 0.3478661751068091 0.34332981242545274
0 0.3632722352375964 0.32016812220728413
0 0.21144517992116227 0.22243244318492614
0 0.15192848953265178 0.22500975325721298
0 0.10737651177850957 0.23505289437224997
0 0.0776001391028553 0.2477601965268453
0 0.06438854990629204 0.2609899148680844
0 0.08597275099170862 0.2913755638036581
0 0.0537838400164737 0.35179741604613807
0 0.13288325700075818 0.31026019433497815
0 0.16735786231006752 0.3075820457185856
0 0.2037378575982927 0.29619033763699965
0 0.2340580334391775 0.28192175983109935
0 0.2557322167897526 0.26953876223569806
0 0.2695980908246986 0.2597874403706932
0 0.048257522316421636 0.3481865489892971
0 0.35255557499857393 0.3475946520288361
0 0.33638267979843206 0.2878492316882947
0 0.38190696247016326 0.32843167176591687
0 0.40308258201502545 0.3313162514182031
0 0.38369945056327787 0.3307802133430083
0 0.3645113013716187 0.3500529915129728
0 0.4101689646515665 0.33105039603628156
0 0.4154921499737204 0.33395460095976875
0 0.256340455531068 0.24733816177395315
0 0.2752528866509345 0.24722744964619972
0 0.2878279185496302 0.2481652267745664
0 0.1085944993083487 0.27458297499275436
0 0.08325280431453688 0.2724009739546589
0 0.40149988705598855 0.25893700179397566
0 0.5314207909479423 0.15380972645036692
0 0.45809687013867534 0.3175364769509113
0 0.5416455895085878 0.0721530260281772
0 0.4704068990950846 0.19517909723951582
0 0.4973643859730491 0.1876940675618951
0 0.5218240065413688 0.17871501840306347
0 0.544108910902643 0.15680062997100758
0 0.4456837856316868 0.19906436764189922
0 0.4612634184491282 0.1351687052637374
0 0.4325213039977641 0.14855373446627443
0 0.49256471126391416 0.12737363286996933
0 0.5167384157703898 0.12737050928254992
0 0.5705892642339071 0.16228158119734495
0 0.6409457974796053 0.41596172217938115
0 0.5342141714277147 0.14531378198772987
0 0.6159195575533034 0.13434064985735703
0 0.5818407294116442 0.1414569590863808
0 0.5437107548935001 0.25993545270333795
0 0.5169552833722111 0.35680204304653274
0 0.5276220086254652 0.3722672443372923
0 0.5493149744810434 0.3534533744887808
0 0.5721533421725663 0.35412779510516146
0 0.5489495016854523 0.36674397992918073
0 0.5661872077088819 0.3638843585022262
0 0.6267787414261058 0.364578008227501
0 0.44961028071395454 0.3101300397801654
0 0.44109258017962494 0.29401814923450476
0 0.5314426349185187 0.10388201563525172
0 0.4525666635499222 0.2371251127403119
0 0.5071662472018713 0.2864033916384017
0 0.5012228668742039 0.2771524532409749
0 0.6148729500388295 0.2332058333275864
0 0.42057496887722096 0.2750701022600647
0 0.46008206507827665 0.10712559452260516
0 0.4991366849418431 0.10019037717884828
0 0.498879687318319 0.05213783969517139
0 0.3584343335799527 0.16129365906313786
0 0.41439920676408437 0.16521987131623328
0 0.6301441608853481 0.34364628516058054
0 0.6982371126800649 0.2833885660092319
0 0.4938296343706831 0.30193417302795716
0 0.4767711481967556 0.31349114173954773
0 0.5997847651882011 0.3595313575485564
0 0.5930485066482286 0.3613788452295505
0 0.499058493456257 0.08709180379818908
0 0.5131861227977125 0.29353729961605685
0 0.4137894786611388 0.12512547272662958
0 0.40466928997623264 0.11138519259392862
0 0.37141031404084796 0.04948943372581636
0 0.5012233219569242 0.06906675405066774
0 0.3862880024477399 0.08152130465349128
0 0.5346678888998957 0.09363730409108588
0 0.5415206486162757 0.08346163144739498
0 0.5239141187335872 0.3648817123467388
0 0.5499936269305427 0.3604222046805729
0 0.569669997138816 0.3589669481573863
0 0.4896193745267039 0.30710159226244454
0 0.5963930336734916 0.36050649582986166
0 0.5929831815922814 0.36786533257573806
0 0.5896643046839831 0.362334023025395
0 0.47732494249625546 0.30018542118344016
0 0.5623389454833566 0.3674067899425683
0 0.546768828031886 0.37109390300646655
0 0.5282471267985895 0.3769885238662168
0 0.5709797252079606 0.42032910687219205
0 0.5718600206737277 0.4075932810315034
0 0.5608057304273678 0.3986972735869927
0 0.5479829887297586 0.3904296100351734
0 0.5366786925853053 0.384969823018229
0 0.5673506473690145 0.3724312250583056
0 0.5772578395620177 0.3736855053958237
0 0.5887073484654165 0.37601317226674635
0 0.59947861863088 0.3793141794515816
0 0.5766709483374021 0.3254525921664345
0 0.6622092893606499 0.19897416453203132
0 0.5771446894492781 0.3680842579613094
0 0.5849599491191816 0.36777643984888514
0 0.4748646411966171 0.32194533678984727
0 0.5119483391695385 0.30580562346063617
0 0.4756624839476895 0.31792456364150856
0 0.4882039017818145 0.2373316961463236
0 0.5412393247527916 0.23428336432820113
0 0.5109011938300314 0.28304177162061805
0 0.4452228282071367 0.042900827926531666
0 0.4516294413729559 0.06669541790392051
0 0.45502154522807287 0.09260517938564115
0 0.6151847230734201 0.3823493922025425
0 0.34501634368413614 0.13783504519598339
0 0.31932713097660853 0.1034814498319886
0 0.2940035151781412 0.06622637696961915
0 0.5395877881895138 0.16789687715674068
0 0.6042029150930638 0.16550952691058954
0 0.42812044723627435 0.20024046687186117
0 0.5439441709578792 0.1272173620769279
0 0.42491331382139824 0.23310459862117383
0 0.48694894912373665 0.28514319934030447
0 0.6337021217064516 0.17113806383324123
0 0.6033990735243141 0.18247414158473801
0 0.5800676443908788 0.19954442493573343
0 0.5286871917891603 0.2136187460781699
0 0.4854949598322438 0.21940430040744135
0 0.45136201821802036 0.22163158584461234
0 0.3701539547634527 0.2253105928182319
0 0.6581811453471204 0.20601206409832196
0 0.5567659611188913 0.12011871254458263
0 0.44714153969841164 0.32068572349819846
0 0.46591246077783 0.25411351238988333
0 0.6104118155024726 0.13053650130580752
0 0.4228471555287325 0.22044294655393734
0 0.5123219620829393 0.2830716666377736
0 0.5434414286653704 0.14291227655761465
0 0.4783959176218459 0.2744313057772771
0 0.6833633131618742 0.23837171362388176
0 0.4222594782521453 0.1945496867559983
0 0.4488045360720107 0.2726287368070754
0 0.6959327806400347 0.3430643227318145
0 0.6997479045692878 0.35693280708181757
0 0.6710164225051172 0.19923135005423748
0 0.7017840687735675 0.3112449928817658
0 0.5775730464025892 0.10682839660740691
0 0.655162954003499 0.4275959120667843
0 0.44682389195961286 0.3252895866141766
0 0.49994379483194795 0.25814595708926236
0 0.5993482581170803 0.13762440874483237
0 0.5129455081521207 0.16921763657675096
0 0.490957152239884 0.17808498320206204
0 0.6008517273116213 0.3684818525472711
0 0.6748966232633792 0.23881965129683733
0 0.6285812827102243 0.4634677689977671
0 0.6745251102789545 0.41469912243341917
0 0.6876180056278213 0.38966550436732605
0 0.46770370773625275 0.1845566449357663
0 0.44521869109149725 0.18953674034715973
0 0.4305748324605483 0.1933741360584612
0 0.5655739216864863 0.11260052712928074
0 0.4325631716080356 0.1751246298900844
0 0.4496439568352599 0.16200509038118563
0 0.47242221223654124 0.1520266913292954
0 0.49816007742398905 0.14564305381277137
0 0.5158892314142316 0.14436579606145586
0 0.5767290334409803 0.09714934388937899
0 0.5252377888824367 0.16102463438276152
0 0.5451599037596948 0.3244259223112149
0 0.4918281805666187 0.29904800872644355
0 0.49231818054295795 0.3346143026227487
0 0.6860868591296522 0.37387401770583817
0 0.6712707310034756 0.3999837954414838
0 0.6246316197803755 0.4546488913069982
0 0.7029625675346278 0.323605683491889
0 0.4245938457517181 0.1874805513155135
0 0.41329488648643975 0.24445205842048673
0 0.6572945200944249 0.4397374944471945
0 0.6883510197768231 0.23593222232334413
0 0.5539726220102753 0.3779163664628885
0 0.5658112266395665 0.38117327773556875
0 0.5786418288568907 0.386541337941465
0 0.591146384990668 0.39354228775413574
0 0.5982153503703669 0.40150262077790844
0 0.5799623961690106 0.36240938528576777
0 0.5847233061046037 0.35928265904192397
0 0.5884839442208849 0.35602327937333184
0 0.6059165911332465 0.33248035911987683
0 0.6550222507006005 0.260041959415834
0 0.39632679628923473 0.22822389423776493
0 0.3880173581561962 0.1897759766694631
0 0.4070710510895725 0.18595552451528546
0 0.5750070004272059 0.36512970995082833
0 0.6819495780055533 0.2953224983928042
0 0.362438234095835 0.19758962298061783
0 0.619145928555903 0.4074611151911327
0 0.3872938180020087 0.24305217319818861
0 0.4562184541537289 0.26293586411934305
0 0.5894549666326258 0.43048411812787946
0 0.6490783325479 0.36000973877109244
0 0.5457795195690187 0.28777170577224603
0 0.6387312408489517 0.3842730649425466
0 0.5983671411431791 0.265754589406621
0 0.5827658712109433 0.29565938872374675
0 0.6370681617330398 0.28405850694414275
0 0.6108951133514758 0.44286687193109187
0 0.4791303383901652 0.26678363623568174
0 0.6727686564630597 0.3619490142111818
0 0.6576801406431801 0.3892465779648415
0 0.650679685898471 0.3345528365171394
0 0.6862339749617918 0.2672668018799235
0 0.6741054412684863 0.3242666345898367
0 0.6997623017317132 0.2724213915504736
0 0.6178399238908341 0.31068094917887895
0 0.43904851408447393 0.249034513534883
0 0.48378906156946333 0.29494559566886963
0 0.5028646812157289 0.2942684933384118
0 0.46457162159907667 0.2882605091108546
0 0.3932985931257658 0.16668736315989693
0 0.4255458374315173 0.1405286136683196
0 0.4623624018475979 0.12456983985425739
0 0.49637073353876043 0.11665981944345495
0 0.5237069733535187 0.11713436093901683
0 0.5594271193828261 0.14293353218907845
0 0.6475901293100687 0.165338872378407
0 0.5666744358177427 0.17365011378398004
0 0.5461907074924259 0.1879747942673354
0 0.5119666665918213 0.1994327528762365
0 0.4757357108945082 0.20677464606498908
0 0.4461282359648354 0.21042869481327695
0 0.4237904178945324 0.21154404407718427
0 0.6367009513488802 0.16418384593576724
0 0.5053373938622857 0.29909981456657037
0 0.42853990939096054 0.2588276305232608
0 0.4663380044925062 0.3018502170929281
0 0.45784934650996567 0.3141405431825495
0 0.4676390032476514 0.30438983079801674
0 0.5017795571546514 0.3062585283994392
0 0.45446717173238343 0.3171216035935661
0 0.4541287970442309 0.3216862161671422
0 0.41350414179548434 0.19859334589606362
0 0.401152493455742 0.20782206873028303
0 0.394706494949035 0.2137442381073713
0 0.526290519328057 0.14462829930078092
0 0.5343748569991518 0.13167175010712828
0 0.16733303961623067 0.2607741283069443
0 0.1983774796065399 0.2507959273362075
0 0.1524758299317541 0.24595208128434767
0 0.13610230530867598 0.27075994778358214
0 0.1819408329415925 0.27575366508352656
0 0.46399292186342717 0.1680521727810268
0 0.49433734120195927 0.15794419818077224
0 0.44851622048309586 0.1538096197912843
0 0.4334842176628515 0.17805129416896778
0 0.4798858998194023 0.18223588043118993
