0 0.5613422373552686 0.430215476701657
0 0.561045922257978 0.3874392744855604
0 0.558721769925045 0.39756565384458803
0 0.5556949315511662 0.343366765997548
0 0.5639417932733245 0.3747968300097231
0 0.5679550137694763 0.35764420637186023
0 0.5777125906037248 0.31626756016866886
0 0.45817302580436936 0.2992146148521831
0 0.5830767540180165 0.29320814182468946
0 0.5866615589222183 0.27825998884720216
0 0.6034730497909628 0.20836634275274
0 0.5607120462733767 0.433856134235427
0 0.559520991438109 0.43713900695244473
0 0.5584040282537108 0.4391848113441813
0 0.5580972960299772 0.4390560973813568
0 0.5580494210285984 0.44240523183691327
0 0.557469757516747 0.44648434065174364
0 0.5561926358419916 0.45126937626712565
0 0.5436090303827887 0.4678076204938301
0 0.5596391208793806 0.39339447383215465
0 0.5412279122063647 0.3901929104349751
0 0.3995583147296439 0.24152489052410575
0 0.5024836316056873 0.31248924821831175
0 0.48540590525321337 0.31237236755913583
0 0.4691485437038152 0.31058632442052814
0 0.44959792802515236 0.3025319636731908
0 0.5177428289923979 0.3110090495505627
0 0.48455342634216597 0.28105954134809796
0 0.503793305191009 0.28371521325754945
0 0.4663304084021112 0.28155308772904286
0 0.45403528909968294 0.28465400852154993
0 0.432265838365192 0.30777760527596093
0 0.46935266272529313 0.48569307562665665
0 0.45258716688207956 0.29573765928870527
0 0.37847488778440846 0.2949908635430578
0 0.41287737704165606 0.2977313447635675
0 0.47463522746187187 0.3631898353173249
0 0.5388402269910211 0.42627603420312854
0 0.5386771326479705 0.4351427262459976
0 0.5152111453530581 0.42820152937286143
0 0.497903006070334 0.43065930892159976
0 0.5196723537924497 0.4343861567153447
0 0.5035761293509732 0.43433327589561976
0 0.4638971659638312 0.4401429994166761
0 0.5455883101600668 0.3853557559027188
0 0.5463235481115787 0.3729199061467164
0 0.43123871484852355 0.27507122303696646
0 0.5189620834653792 0.33588624904877035
0 0.5030176863884148 0.3747835205193015
0 0.5039387329117112 0.36759594331185025
0 0.4219854479736608 0.3553986405764801
0 0.5511532060640014 0.35708768395841983
0 0.4773738243333671 0.26846714436575986
0 0.4511502987664679 0.26956009400495584
0 0.42155936303669994 0.22236780762888383
0 0.5512152066373307 0.28647264681648515
0 0.5196130444174227 0.2894577583757
0 0.4509878740038561 0.42760812609955884
0 0.3617760538245025 0.4154406804321469
0 0.5146383450407049 0.383322451479625
0 0.5288546322642461 0.3884719623711662
0 0.47554602425383485 0.4346550846121449
0 0.4797455168774594 0.43482082229161606
0 0.4433325222166984 0.2614818761746089
0 0.5006617418611827 0.3793731042440387
0 0.5108474896329901 0.2735201197851827
0 0.51047891135449 0.26428197629317857
0 0.4998012666145097 0.20312389161815678
0 0.4312614290772573 0.2394576695194279
0 0.5053553977252349 0.23156018933092337
0 0.4214653899974149 0.26843833491422125
0 0.4089529789660288 0.253580788852296
0 0.5384977237199959 0.43128733115567675
0 0.5174977367986804 0.4315684971170149
0 0.5007848416495583 0.4325611612934997
0 0.5184452961320463 0.38571556452391803
0 0.47774533846456074 0.4347557272168173
0 0.4877722025241541 0.43667191288609436
0 0.4821847597865955 0.43491715538328973
0 0.5250280573154273 0.381598860565303
0 0.5057386037610148 0.435549344273581
0 0.5213756247869005 0.43609734289888025
0 0.5391067457587823 0.4373604111589383
0 0.5201784020856671 0.46505479406619415
0 0.534180063025459 0.44900009624552034
0 0.5357643804796364 0.44416070362364035
0 0.5372033603489399 0.4403414989187234
0 0.5388689803202515 0.43729293513773143
0 0.5054775317725928 0.43556960612751433
0 0.5026966354445271 0.43674734126830445
0 0.4995719868203868 0.4386122889708782
0 0.49663456318819005 0.4411633301904236
0 0.4768074365413707 0.4098098374147346
0 0.3617659328586381 0.3499959160344324
0 0.5590752955202175 0.3955238256333531
0 0.4935678590251052 0.4352725592536339
0 0.4908737248700598 0.435855295887028
0 0.5342348398559768 0.3938781154760416
0 0.505797616975463 0.3869672756696093
0 0.5316025517556978 0.39121938405045564
0 0.4987170613654282 0.34077353440765024
0 0.46788811003384384 0.34583278362085856
0 0.49942265750597353 0.37226064589576446
0 0.45378456985496957 0.20901328160602978
0 0.46244783335081907 0.23144191581809867
0 0.4739825152994498 0.2591215249528919
0 0.4786065219213133 0.4493453572841658
0 0.5501239450405473 0.2716472911499981
0 0.5480525335701911 0.23501939493892848
0 0.5479326271654471 0.203226236599511
0 0.4560552973948095 0.30738838006188907
0 0.4114102490408265 0.31329998427975003
0 0.5280143474431142 0.3093487799059654
0 0.43540390435120335 0.28762945343834767
0 0.5335082034377948 0.3296208004804625
0 0.5157655579564364 0.37256976416793425
0 0.38654575286352116 0.32003431262421433
0 0.4221350605721059 0.32320705466512323
0 0.44361531693974265 0.33018552525427897
0 0.47641450871268043 0.3316225573636483
0 0.501286396027907 0.32897781399821024
0 0.5202508455385333 0.3254930489305137
0 0.5601558309534321 0.317241033917104
0 0.3818647932747136 0.34644671065219934
0 0.4209034446140994 0.2847363535530757
0 0.5500366806821979 0.3918623824374399
0 0.5162482224404812 0.34860172905567766
0 0.3738510356811078 0.2926990597684314
0 0.535583387736393 0.3213290117573047
0 0.4980562369784583 0.3722906696299712
0 0.44468703193833 0.29554686214828835
0 0.5172745604877886 0.3639203096753445
0 0.3589994582631018 0.3817495268540106
0 0.5286099907496701 0.30540346837454085
0 0.5344002777305634 0.3593026784019194
0 0.3921083052359197 0.44944916654756106
0 0.38942172961390537 0.4648784849846709
0 0.364310248390488 0.34834977730676747
0 0.37369060678326566 0.4297831206434015
0 0.39409225919972296 0.2718967905241078
0 0.4609825209431026 0.4994875648315402
0 0.5513139826286099 0.3941747575890327
0 0.49797532075773115 0.3556743065516154
0 0.396376661632372 0.29709312017413153
0 0.47334191996766173 0.3041834952444702
0 0.4872924996458966 0.30590807425155153
0 0.4846654909298472 0.43792950496941374
0 0.37714104492055334 0.3724797167747781
0 0.490814917680362 0.5202091795162879
0 0.4368802004534265 0.49908013728217804
0 0.41418916238066944 0.48504002964583
0 0.5957170935428661 0.24060858329893023
0 0.5292477532411399 0.5260165459004001
0 0.5014947256802217 0.30595809793558676
0 0.5154376180599565 0.3053882184127967
0 0.5243667564962221 0.3055622894046963
0 0.40804786073124927 0.28025592431642005
0 0.5142121828444626 0.29650682402585726
0 0.49975944359017455 0.2924181795206623
0 0.4854914055246374 0.29089511191283446
0 0.47107060010666435 0.2914350629392741
0 0.4620100693858188 0.2931226539439049
0 0.38508636366737925 0.2636620968958174
0 0.4643248862222485 0.3017149895321632
0 0.5568123711677997 0.40740477201947267
0 0.49607512873152027 0.40472620731030684
0 0.5152818375955457 0.38168636034580244
0 0.5312320291186157 0.4049902542669704
0 0.5806550875954006 0.30366377035776776
0 0.4140949575635402 0.4689901413369006
0 0.4361941637876241 0.48473131613454956
0 0.49302258877002675 0.5105439656670543
0 0.3726562208941449 0.4432108964825022
0 0.5242401027809018 0.30184131064384745
0 0.5439868540219639 0.3353217504648627
0 0.5322774630849776 0.5162840226962082
0 0.46158809206731943 0.5111083452036416
0 0.36178379262919014 0.3771079670691836
0 0.5210479424213585 0.43606839059055713
0 0.5181944352453169 0.4382647422236809
0 0.5159304292629594 0.44128694892793463
0 0.5139282807383848 0.4454231290281683
0 0.4969030520676271 0.45800283556615096
0 0.49052098474424816 0.43450227547167003
0 0.4875450602368168 0.4336695632748846
0 0.48494189888562844 0.43272208946122637
0 0.46033732868407085 0.4175709846119086
0 0.39886623896334483 0.381405980096779
0 0.5474523705956729 0.3225567229632018
0 0.5441720187664032 0.2999332082876261
0 0.5325230188343836 0.2992254481583402
0 0.49378203462971293 0.4352518688293471
0 0.3868206156336743 0.41185452276165935
0 0.5598798479236986 0.3024071544624757
0 0.48264934559879097 0.4717449677595194
0 0.5713461940379246 0.34325405199458636
0 0.5576766449958086 0.33066347643625044
0 0.5744876079261303 0.329926323523556
0 0.5259868449976911 0.35329755060914636
0 0.5357435462267502 0.501881177874579
0 0.5399142468915038 0.4839762227906697
0 0.510349476305039 0.4803823746632839
0 0.4442567363705324 0.4450050824578258
0 0.48160443957085197 0.3806620772010174
0 0.46147086398433085 0.46028061556643335
0 0.44177749890672124 0.37463968754678534
0 0.46228296204429603 0.39160176404360414
0 0.4199488031799379 0.3932133076199587
0 0.4996671187488929 0.4968671666431254
0 0.5129601704361646 0.35842556155462196
0 0.42498018511611485 0.45414846428278566
0 0.4466903908583133 0.47118089774596517
0 0.4319899325947399 0.4280206012553063
0 0.37486908123221085 0.3948250416720259
0 0.40726997565640055 0.4279794346919094
0 0.3629993901628515 0.4041200183547925
0 0.44322747534707835 0.40614298947047495
0 0.5305624873093937 0.341760055742402
0 0.519982910350613 0.3789581052850986
0 0.5075233575442563 0.37972398431620735
0 0.5301629538121431 0.37229038391640223
0 0.5335726634315823 0.29008209014284436
0 0.5069097900844138 0.2807070779465679
0 0.48219119806004607 0.27697138493691664
0 0.4607256467089705 0.27721780098542786
0 0.4448772314126077 0.28065425665050314
0 0.43052834150907787 0.2970069061046925
0 0.36904017748716084 0.32101650063650333
0 0.4409857972970475 0.31384912575932516
0 0.45746369546522264 0.3188987440443125
0 0.4803016935677632 0.3209394889249318
0 0.5022487633902094 0.31999068178128504
0 0.5198993930674117 0.3178993298847606
0 0.5325281694531441 0.3157683471352726
0 0.3674054612284121 0.3210294172707675
0 0.506900518970645 0.38246064411773195
0 0.5406911791018818 0.34714199462230655
0 0.5327012302434962 0.38182412190497783
0 0.5406400849637778 0.38849158136956935
0 0.5321210774228625 0.38349007010675856
0 0.5113382920946764 0.3862641345763552
0 0.5442043260225783 0.39027117214341095
0 0.5452478671365458 0.39255007118850516
0 0.5347542153752368 0.3067424650155548
0 0.5432519251075776 0.31096427585335745
0 0.5484037928931091 0.314122315550196
0 0.45677653853983985 0.2945458884688391
0 0.4456468497443458 0.2888945335981207
0 0.5861527292948702 0.346624876871921
0 0.7042552328304105 0.32423055209759355
0 0.5784373341695123 0.3941249243807102
0 0.7792781928311223 0.28231803819105245
0 0.6523927769259267 0.3277574718214463
0 0.669610162306091 0.3308132855842511
0 0.6867217282238214 0.33274961406014103
0 0.7109042438475982 0.32918558728651726
0 0.6379464501919954 0.32380149365011335
0 0.6870902292430401 0.30350087790925434
0 0.6663216982522736 0.3020951671498841
0 0.7048327974651171 0.30731992785265483
0 0.7152568772435188 0.31235255808502005
0 0.724520780146122 0.33787716072106705
0 0.605628017174161 0.49985484962446103
0 0.7120908433976381 0.3222252595089916
0 0.7773005870049414 0.33821112416900584
0 0.7464266707715781 0.3323793173700139
0 0.6548519656062126 0.38227400172879733
0 0.5833657294835733 0.4297422636030377
0 0.578941888783289 0.4381509567948355
0 0.6024545149310775 0.43449239454407623
0 0.6151753071209659 0.43890600251978723
0 0.5949724428355694 0.439666333945765
0 0.6079474438143813 0.44142447239246924
0 0.6328699230823828 0.45714757580688037
0 0.5765711877333082 0.38863884290491324
0 0.5816150856730731 0.37666318247067754
0 0.7409037137809007 0.3081038782670014
0 0.6243985973946427 0.34708082810908125
0 0.6222451751970727 0.38733427474896115
0 0.6246603518400503 0.38023088780650194
0 0.7083258956022884 0.38589523073987686
0 0.5841526667708936 0.3605535085974396
0 0.7002862432728643 0.29429323434073856
0 0.7250847729003947 0.299840839471722
0 0.7678499999253646 0.2597708090383937
0 0.6178987482967584 0.2966234665903924
0 0.6472985059346842 0.30414163820661494
0 0.6508738594534604 0.4478963133001673
0 0.7395172702229541 0.4564643870445265
0 0.6070219548824041 0.3930533794497234
0 0.591258949721637 0.39504242207908974
0 0.6307189989349117 0.44491370173468103
0 0.6266487224594407 0.4444374410246593
0 0.7359946590402852 0.2933232010598632
0 0.6224181587281434 0.39212809605658916
0 0.6648034246071525 0.2927205835239611
0 0.6699258694830148 0.28385960575247154
0 0.7042170924984891 0.22546783556648786
0 0.7517602395104326 0.2742468679620736
0 0.6857526393040366 0.25140698478165746
0 0.7521200102308522 0.3032850570220878
0 0.7661410246206366 0.2923337035421012
0 0.5816261595034081 0.43460663235273916
0 0.598783668940482 0.4374336252609889
0 0.6116618382865968 0.4402498324820097
0 0.602284750536732 0.39454580427727837
0 0.6286030474888242 0.4446742261449496
0 0.6197465327770814 0.44538846244846564
0 0.6244368922451268 0.4442174653860106
0 0.5978257311103137 0.3893930791080862
0 0.6045426272827646 0.442111161146043
0 0.5917025210092897 0.44096042593752127
0 0.5763342335172321 0.4400623329523681
0 0.5670026643606632 0.46989573430323944
0 0.5769532348798669 0.452235016701878
0 0.5776321379386861 0.44728245769721875
0 0.5772579454857371 0.4432867534350658
0 0.575956538643526 0.43993345232329506
0 0.6041876981439798 0.44204451845607895
0 0.6071293195304663 0.44380403785169986
0 0.6095502906195496 0.44610779397729516
0 0.611255686244239 0.44907911985680676
0 0.6333163272103538 0.4258792256747467
0 0.7679025362367216 0.39418685279678606
0 0.613950515732817 0.4431412061811357
0 0.6169408104665901 0.4441582750583041
0 0.5839605486911276 0.3991471260678077
0 0.61423269238161 0.39829127107193507
0 0.5875011097801768 0.39715320249830466
0 0.6413489746982637 0.3559022107418033
0 0.6687258268180101 0.3672097776139128
0 0.626957579313413 0.385608302888231
0 0.7444181354797405 0.24060190474425536
0 0.7261727638542652 0.260296319624868
0 0.7079733357481335 0.2857327201012252
0 0.614334880657818 0.46310463229167287
0 0.6265449374914169 0.2827959060398997
0 0.643812283873558 0.24558561843266521
0 0.65875953403504 0.21535115856407344
0 0.70149841564505 0.3324271862975497
0 0.7431442329417104 0.3477023979783922
0 0.6288272024172804 0.3205025257353765
0 0.7310827199531638 0.3184745903464331
0 0.6136390578163706 0.33815530288046686
0 0.6109162347148294 0.38271438157644827
0 0.7581586986780167 0.3602907235423724
0 0.7285618011070334 0.3549885225576767
0 0.7044971316404964 0.35768892054540524
0 0.6706592145821323 0.3524858859786089
0 0.6467235423624516 0.3449049288056035
0 0.6293786791679652 0.3380173627503108
0 0.5940559159802354 0.32090251282721327
0 0.7506766523356023 0.3862620869624442
0 0.7450293079018593 0.31872999446763506
0 0.5693991442575402 0.3939114963446838
0 0.6212273099176262 0.35966024893349496
0 0.7812080781744875 0.3364802237492109
0 0.6164977799939073 0.33113729667620384
0 0.6280485833792583 0.3858663974788742
0 0.7193723761517069 0.32373662476522336
0 0.6133785652725593 0.3740745937262756
0 0.7570085140026134 0.4251380370578904
0 0.6303704050572022 0.316656571097564
0 0.5991104499477408 0.3661546374036782
0 0.6957332508071609 0.48180391871626826
0 0.6907989065284315 0.49706221377288085
0 0.7669553374466689 0.39208561997266783
0 0.7221812660927358 0.46726331233546353
0 0.7723275358262269 0.31281393787999084
0 0.6070438450121362 0.5147235742297726
0 0.5670595915745134 0.39583115819571674
0 0.6354927984268769 0.3701630797291148
0 0.761262358530708 0.3354225478310516
0 0.6858132620868476 0.32542945385195204
0 0.6708203259369602 0.3239871717557527
0 0.6220866649047189 0.44707036299118097
0 0.743859834159198 0.4120239747175272
0 0.5679990386833316 0.5280846359505169
0 0.6290379657369592 0.5188023735215699
0 0.6577392479647761 0.5105063943327337
0 0.6566227483360664 0.32133913077953935
0 0.6430506361243518 0.3185342092444931
0 0.6342085946513258 0.31740487874418066
0 0.7576470362103503 0.3166529401542916
0 0.6494307848422424 0.31121523950950825
0 0.6657604610790377 0.3100248496385588
0 0.6811904014776582 0.3112609417758126
0 0.6956675804179647 0.3145080050588518
0 0.7040051960426829 0.3179644963879516
0 0.7830109750123128 0.3062580257546211
0 0.6964022131717723 0.3251722997351401
0 0.6167986018826133 0.41714179521237593
0 0.6070650398083355 0.3914352406518183
0 0.5828034106803976 0.41037464552167535
0 0.6655367439531762 0.4955479556667632
0 0.6373715638790441 0.5058325489146122
0 0.571813406665688 0.5187559212571469
0 0.7167247005778811 0.48031070817639865
0 0.6366877934854963 0.31429476749853813
0 0.601098305505255 0.34142841371721117
0 0.5998709388077259 0.525154143301905
0 0.7568963850321977 0.42003688318789867
0 0.5913859897333643 0.44082966436078586
0 0.5941614264055438 0.4435738717624243
0 0.5954621894204098 0.4468879348773887
0 0.595865560128637 0.45134211417989456
0 0.5925947111909804 0.4676843588982803
0 0.61811203541963 0.4429637066264083
0 0.6213910995942095 0.4426480883705443
0 0.624311217147371 0.4421550657978092
0 0.6460572840726894 0.4365390560765197
0 0.7193849694145762 0.4156591560745585
0 0.6035631598661775 0.32863533866686234
0 0.6177547369962153 0.30900861409263336
0 0.6294375249873037 0.31038901539168495
0 0.6141530123093853 0.4431479442594708
0 0.7175282743637976 0.4471968150549177
0 0.6016734493491442 0.3089145309953154
0 0.5996781253944272 0.4837847946994547
0 0.5901897585262423 0.3341367772469918
0 0.609726055484751 0.36224850434539974
0 0.5694889968018169 0.4864834069773771
0 0.6483944288414457 0.4661979340556739
0 0.640301287336194 0.3972282261196254
0 0.6250276682169541 0.4771174066632554
0 0.681421123445034 0.40003426669948344
0 0.6545371855406658 0.4117254278474096
0 0.6941586808989877 0.42229956798795343
0 0.5719666375738123 0.5044206000756526
0 0.6198013353606929 0.3696491762563802
0 0.6619824307120364 0.4790093304886334
0 0.6339058155274909 0.4907173011182011
0 0.667922047007343 0.45269106317689456
0 0.7363576746505239 0.4337355869187825
0 0.690939981976281 0.4580061688911224
0 0.7439147655082785 0.4453945576712705
0 0.666880540387786 0.4295031927741956
0 0.6106816240302895 0.3503057723999887
0 0.6038481178491012 0.38789486858075944
0 0.6155207333681376 0.3911438842398533
0 0.5971839640127576 0.37940693749249843
0 0.6334119484476421 0.30246251146646513
0 0.6648599784011426 0.2992256624435169
0 0.6917555309508158 0.3005631471835617
0 0.7127716521853986 0.30466654165175516
0 0.7260935730908228 0.31058551489874936
0 0.7307482645239519 0.32795712608250155
0 0.7744185325244198 0.36505383064133534
0 0.7132517928662507 0.3420591502301935
0 0.6943718650094841 0.34364638434372086
0 0.670703690175129 0.3407752010701359
0 0.6490168296124624 0.3355173928312201
0 0.6325632809944775 0.3303573462518229
0 0.6213331808862479 0.325963059656214
0 0.7749508489733157 0.3650738067816997
0 0.6148833185434341 0.39377821096475574
0 0.5986009764930477 0.35331976483913435
0 0.5903620724768742 0.3879532255772231
0 0.5797486301997433 0.3927352850095949
0 0.5901704179527967 0.389751006781623
0 0.6091345326732034 0.396457204244275
0 0.575670318759006 0.39362359230501065
0 0.5734847824534645 0.39551542089253233
0 0.6236473023891449 0.3168826776732137
0 0.613193142997182 0.31939973088278284
0 0.6073201242024484 0.3218607008997081
0 0.7086319968752239 0.3203903712548207
0 0.7212495191589646 0.31764690194656886
0 0.48578481052232825 0.2969780014152976
0 0.5038702811883844 0.29890067516353686
0 0.4882403422632943 0.28731210899633775
0 0.467559899729879 0.29510100612389867
0 0.48315243228622107 0.3067190245981666
0 0.6797453953844049 0.3167130471463653
0 0.6983719643043436 0.31870089930252754
0 0.6814756169915199 0.30667800089155417
0 0.6608388388286466 0.31462138572680776
0 0.6778855327030887 0.3267657600235248
