0 0.716400592304248 0.414170330610519
0 0.7095083867331489 0.35536336546507885
0 0.7031366229057312 0.374482903046349
0 0.6230156903358386 0.30311299693851046
0 0.6978868038820134 0.33681972824727385
0 0.672328338491545 0.31225403810080626
0 0.5984151893668324 0.24982871158054462
0 0.3525061936115475 0.30592956015477163
0 0.5474893349251873 0.19293096509223548
0 0.5280962419166839 0.165204756271344
0 0.4461851637426326 0.0661941523464343
0 0.7221131269022715 0.4210844018017522
0 0.7273574632992276 0.4290062551871656
0 0.729929041805313 0.4347588989300469
0 0.7389734275907064 0.4466903686713868
0 0.7484711948916208 0.45576843647911147
0 0.7589179097319678 0.46728070941976846
0 0.7677711285561395 0.4786635255470824
0 0.7718335737427362 0.49126914381600034
0 0.7101630395550808 0.36461895418624146
0 0.6751826121080979 0.3752027176820432
0 0.13385119955602595 0.268079984921236
0 0.4468472475628201 0.2983755726402941
0 0.42009035245977716 0.3097390658177507
0 0.3909476991180036 0.31854567398278477
0 0.3420329492012088 0.318620880571798
0 0.46799484910153083 0.285529790261683
0 0.3632750694128535 0.2524284824205283
0 0.39774928275915644 0.24345724689313017
0 0.33499563526478315 0.266697855327076
0 0.3195662775056825 0.28181528330991823
0 0.32162235316326865 0.3429252938531077
0 0.6728516348260198 0.5523711610525942
0 0.3357517846482549 0.3040144334014612
0 0.1923046099196235 0.35770168567237
0 0.26837913738451985 0.340099520957508
0 0.5069922521817598 0.39121289375110174
0 0.682970570145751 0.4231382298012511
0 0.6996212169992552 0.43961257370896994
0 0.6560977695943069 0.44364265988048274
0 0.6402369834822145 0.4596058839616684
0 0.6758753261406073 0.4513845596069726
0 0.658460736417656 0.46190635759990434
0 0.6162989741320805 0.5055785180090334
0 0.6855467703702639 0.36334412604475175
0 0.669145333824112 0.34736773038443663
0 0.2607872398923055 0.2795180938780879
0 0.5244144088358617 0.3215645721164374
0 0.5947749064408904 0.38392039162282365
0 0.5795380070055132 0.374577189310671
0 0.40556628512535736 0.4203288258074191
0 0.6459905245035387 0.3237136247249457
0 0.32662343764476637 0.2307549443679115
0 0.2858271892551038 0.2532070826132077
0 0.14876525836596957 0.22346581332980633
0 0.4755015846350782 0.20687865953856763
0 0.4319943585555902 0.24306439325070608
0 0.5838200744393346 0.49644387149201413
0 0.3462384184487432 0.5175191626762049
0 0.6245413105264842 0.3866217817170932
0 0.6521107671643904 0.3833254810910636
0 0.6242259008993062 0.48244317794760194
0 0.6312143922709733 0.4796832977011562
0 0.2554401382267904 0.245333918891014
0 0.5961265325260391 0.39216889321994475
0 0.38812546035368667 0.2138006023991222
0 0.37219736480312665 0.19827358696026542
0 0.26461787418209964 0.13612324756364852
0 0.19913254188690827 0.2355754990547229
0 0.32063790448277973 0.16930242063709722
0 0.2290035236796601 0.2765587111250661
0 0.17928753996924532 0.27336312616214203
0 0.691371177740806 0.43201441448717454
0 0.6663674091835388 0.44786493294536117
0 0.6493325253470624 0.4609498368284573
0 0.6328165426814585 0.3875422978553528
0 0.6278998498722232 0.48103722482443617
0 0.6447364529259771 0.4820320787140356
0 0.6346614692422697 0.478336182265236
0 0.6410583806552476 0.3753117741868138
0 0.6648629492135356 0.4623025823325014
0 0.6825728304952169 0.45321040460096
0 0.7048169800417601 0.44388603868956766
0 0.7333758922217847 0.503852624100999
0 0.7329189311400306 0.4898682994583544
0 0.7259961406675746 0.4779107298333043
0 0.7185828589992843 0.4651314135367116
0 0.713527967746881 0.4555429557260995
0 0.6690185084331521 0.4685320789440752
0 0.667004662594921 0.4747218175437123
0 0.6650704281221477 0.4830286355254749
0 0.6643483978953008 0.491308971334951
0 0.6003784681681534 0.45107706057758756
0 0.23179694467025408 0.4352086093098211
0 0.7069596902643748 0.3694650527006521
0 0.6531155378126697 0.47280988811304014
0 0.6490420820615846 0.47710955723786885
0 0.6667529601844953 0.38684204944406453
0 0.6109669157069364 0.3996612280131148
0 0.6598299431572143 0.3850820623457241
0 0.5005333100577338 0.3429886147427483
0 0.4620165430384574 0.37358796548919554
0 0.5781498602825961 0.38419994883263076
0 0.18940951112362978 0.17979744105293347
0 0.2425354394695456 0.2005682567628428
0 0.30319991164641985 0.21770340385147557
0 0.6503284603571721 0.5093048932834174
0 0.4492298566894851 0.1811712124286749
0 0.40204444506185516 0.14453264052113787
0 0.34841769462009126 0.10010634638821356
0 0.3626691258782677 0.3222233248404421
0 0.2958308761354259 0.3700953075489678
0 0.4812611746702263 0.27532506588929756
0 0.29173746090427005 0.3018380645364999
0 0.5386729086045738 0.30245236752513116
0 0.6124573745887628 0.37088720095805083
0 0.2660549567471877 0.3921150252841913
0 0.33450865566873433 0.3781054000884961
0 0.3856280558972622 0.3728068456672632
0 0.44241565394458726 0.34984527314052033
0 0.4771287013872636 0.3270995546453677
0 0.5010742323575832 0.3074441874941317
0 0.5711493161942461 0.2640146413169349
0 0.30864112418618417 0.4318742883472016
0 0.25981994141205894 0.3080150138455839
0 0.6952590397793612 0.3694951839911671
0 0.5494187211247085 0.3403943697103677
0 0.1589288476416819 0.3554913626311305
0 0.5182858742684198 0.28879686318837794
0 0.5701251977639232 0.38566731140255545
0 0.3201835714369941 0.3095720752169149
0 0.5953671660640543 0.3590694794449182
0 0.28192394414394023 0.476311999007155
0 0.4746697885955838 0.26822520244997533
0 0.6187380180656196 0.33951329880248243
0 0.4900606093789748 0.5511143352276981
0 0.4866094544208307 0.5663719588575272
0 0.25967703062853364 0.4382701152429794
0 0.42331884933604325 0.5359368184313607
0 0.18147972976561072 0.313476423200327
0 0.6746672451924934 0.5708196779219107
0 0.6950437220738088 0.3728676990579112
0 0.5315459016129839 0.36330488933541905
0 0.23759634038813107 0.3535977135451076
0 0.38731595730895907 0.3036927201877387
0 0.4125362443123504 0.2971509980698363
0 0.6410758253767622 0.48704398621004613
0 0.34526939815182767 0.4662478351935792
0 0.7389252620349399 0.575769724175572
0 0.6208921466514075 0.579688599124884
0 0.5619286707551073 0.5759961780267783
0 0.4893239437104415 0.1167682028426149
0 0.7989897490691223 0.5571845912704834
0 0.43433063722057025 0.2879550811200858
0 0.45432142716803425 0.2777294177597704
0 0.4684571115661868 0.271674939809135
0 0.22621257213665713 0.31152129516053123
0 0.4364787394480168 0.2612379925033917
0 0.40658161322847547 0.26361848609135174
0 0.3818280065088249 0.2713289686475699
0 0.3601071986077215 0.2826155175606664
0 0.3480586958446091 0.2921687179384902
0 0.13748074378326927 0.30999898729613795
0 0.3679007298940663 0.3058263422391666
0 0.7119706751917192 0.3887632580610891
0 0.6223379289217704 0.4302418118658157
0 0.6244963167382659 0.3835281982970314
0 0.6758899615822936 0.40419374563442634
0 0.5683674041887553 0.22118167383983112
0 0.5548270379039023 0.5616928856974592
0 0.6124712850550096 0.567081382194647
0 0.739373885899139 0.5662159503648837
0 0.4163254643801591 0.5480096654389233
0 0.4619822879489377 0.2647970817721309
0 0.5785285693278416 0.30202576822747057
0 0.801510579294438 0.5475940830029619
0 0.680531571523177 0.5810958381278065
0 0.3041427422055809 0.47569880813074567
0 0.6896882831907387 0.46267507041985995
0 0.6904592039487917 0.471187594409187
0 0.6929190456152534 0.4821928831906364
0 0.6971935461179244 0.49360763779082617
0 0.6898633194484299 0.5095966837276666
0 0.643920266513916 0.47126047251323544
0 0.6363536525401566 0.47209785826289996
0 0.6291830564002625 0.4723279959858416
0 0.5878512550600998 0.47409646293987484
0 0.4094108298813982 0.4661313414383239
0 0.5539729715251237 0.28186588441601956
0 0.4891310096215859 0.2444246802657557
0 0.46906808461788463 0.2529453018221992
0 0.650174946807843 0.47035323221462605
0 0.4328696304659763 0.5093698128343771
0 0.5216331311838804 0.2354700221611669
0 0.6776574063930009 0.5311843111111333
0 0.6474342224695128 0.2915222158256811
0 0.5982671131333002 0.28520434104596465
0 0.6241031988061589 0.27191922220940024
0 0.5814426081071941 0.3393873520933401
0 0.7947403961520115 0.5310849160812914
0 0.7821093756232045 0.5102084149567845
0 0.7334285888740485 0.5252975188314725
0 0.5847393432967096 0.521777892169861
0 0.5542174694921187 0.4090023451148512
0 0.6285002201581172 0.5300927729652332
0 0.47713486367849994 0.4302082747316208
0 0.5417127759336567 0.43735251839930256
0 0.4725338070512676 0.4682153702353517
0 0.7364306215473788 0.548324497458272
0 0.5676853835439797 0.3558596802976566
0 0.5602097086769213 0.542325659872244
0 0.615940337844318 0.5489312589358979
0 0.5459469949884667 0.5074010266663548
0 0.3777640660603841 0.49400434907252033
0 0.49779974485186934 0.5206232069018549
0 0.35419289428267264 0.5088369025589939
0 0.5379851334672466 0.47004336994676926
0 0.5630639822934743 0.3208032270399526
0 0.6308070920068297 0.3756224010318232
0 0.6105388177098702 0.38670331344436915
0 0.6395683295721059 0.3587767854094886
0 0.45360904817672654 0.23157140850639954
0 0.3964588717876864 0.2333422386989045
0 0.3520956309579259 0.24480071321082192
0 0.31827326115372656 0.26147137967923195
0 0.2971744142133269 0.2802954776980245
0 0.2983897675713189 0.32350475614825
0 0.22117575995927807 0.3994396744063868
0 0.3486679923906029 0.3462380328879189
0 0.38701769788202334 0.3424718648480912
0 0.4277552006055983 0.3286884502290537
0 0.4607025250542364 0.3113598651208055
0 0.4844280486341289 0.29533606567702736
0 0.5004313150755793 0.28243850057307907
0 0.19206833589277109 0.39507866534181296
0 0.6118390158497744 0.3913848193499227
0 0.6004903862516371 0.3196292188220892
0 0.6588916436945506 0.36894972769977946
0 0.6749314534292519 0.3726812812466972
0 0.6562227825466678 0.37204073936032794
0 0.6215260017404167 0.39400686718785344
0 0.6842057923618838 0.371979851216173
0 0.6845251440430145 0.375366337192706
0 0.4866557622270333 0.26559877567017043
0 0.5085219956702179 0.2657430722309759
0 0.525449447208743 0.26649030738364393
0 0.341368010790228 0.298613912190873
0 0.31197675883912923 0.2960986618797619
0 0.6696830390454482 0.2858763348561125
0 0.7389964908718777 0.17042443760858175
0 0.7259884831144942 0.35576619336399407
0 0.7292416744666705 0.06099132646006136
0 0.6814792503555902 0.21456332023913105
0 0.7066163690827734 0.20724755063795816
0 0.7298778857258584 0.19814503373810277
0 0.7489212233957341 0.17329408680669034
0 0.6604957877874946 0.21801093763436752
0 0.681847266013102 0.14155106765393632
0 0.655390691985901 0.15572707526409588
0 0.7094657038041442 0.13462929856091643
0 0.729966196796591 0.13665396836809457
0 0.7738386745647274 0.17971757749399056
0 0.8536387601916453 0.47652698420107176
0 0.741345683161875 0.16021625526225605
0 0.7903543853645416 0.14353808203634744
0 0.7808529478754643 0.15329603270029488
0 0.7737130272588569 0.29049406807643535
0 0.7401592608550184 0.4004836350012892
0 0.7493314688726009 0.42006831351941387
0 0.7691155955088225 0.3979144472474107
0 0.7880177895228068 0.40057305577464
0 0.7675992187550313 0.41518117111330977
0 0.7810883836494648 0.41374797124070484
0 0.8375960505551857 0.41554132170570546
0 0.7281075863243579 0.34690377106681797
0 0.7204606360097011 0.3279447599340932
0 0.7448603640929115 0.10385294820363529
0 0.6883648405258033 0.2612669943049312
0 0.7577719048058672 0.3205993977217629
0 0.7475767564430511 0.30987787132446
0 0.8302395888369718 0.2604366287636681
0 0.6957077542654901 0.30504616076192154
0 0.6898602836137767 0.10401717590066953
0 0.7206247070138689 0.09753024268645448
0 0.7005757830983443 0.03441479840217688
0 0.6006974573615643 0.16386985669311244
0 0.6379134371983919 0.17464846572556053
0 0.8411846789810583 0.39201615155695346
0 0.8445780171478967 0.32238131428298095
0 0.7470825044371241 0.3384021596786694
0 0.7338493011838241 0.3517220320221715
0 0.8088842138683767 0.411297292945484
0 0.8019298869642995 0.41377188165347795
0 0.7196823295643575 0.07948149540744269
0 0.7587425562975217 0.32870961511477875
0 0.6512278377009239 0.12348897502826045
0 0.6445035545660152 0.10589871338952464
0 0.6031572990280261 0.02274988805904937
0 0.716243906987371 0.05853774624701125
0 0.6273377220407664 0.06699271842884941
0 0.7463680411414276 0.08928471251417654
0 0.7436621156241968 0.07759012267612421
0 0.7463239988834738 0.41043547548044224
0 0.769349128222294 0.4069167176565042
0 0.7853072422871487 0.40710289219316964
0 0.7425863880047695 0.3441958125597372
0 0.8054168375847722 0.4125893935799218
0 0.8035290015401314 0.41962298208151383
0 0.7984953611303005 0.41497525658470374
0 0.7420961233637602 0.3362042436394067
0 0.7762971115912751 0.4186158602039654
0 0.7644513753964175 0.42098028029496676
0 0.7490401193678237 0.42647519203039785
0 0.7986711223634313 0.4771921315703529
0 0.7939979306799616 0.46451450403506
0 0.7832028651409012 0.4541927124745549
0 0.7696104818682591 0.44407367287352445
0 0.757898775507792 0.43735543769388535
0 0.7806157902847949 0.42394197415619994
0 0.790343556043913 0.42532318278242603
0 0.8020339209398777 0.42798811644791795
0 0.8125612892978769 0.4315892748368053
0 0.805727761426418 0.36884890777615315
0 0.806115713908518 0.22304897976759525
0 0.7873563853670938 0.419939864557772
0 0.7953605220186338 0.41956331031010174
0 0.7317299261081704 0.3618857646331239
0 0.7555788541011673 0.34290569287519485
0 0.732921649797929 0.35708856430297464
0 0.7185616081567119 0.2623631546672541
0 0.7672399481137594 0.2600376411272695
0 0.752527885585666 0.31677675523316134
0 0.6619179177341415 0.01990972721157744
0 0.6795499094670339 0.05326329338283965
0 0.6858677532461336 0.08486663819121096
0 0.8307295363012264 0.43540854623523384
0 0.591939980606381 0.1351058038945396
0 0.5665805662850396 0.08950282552371772
0 0.5338360990265862 0.03809370038608392
0 0.7453945803699448 0.1862543646139078
0 0.8042056754910403 0.1843019299708997
0 0.646691666375533 0.21864743073717854
0 0.7517580976017373 0.1361355503051045
0 0.6657915974406602 0.256055671186112
0 0.7478865475105725 0.3189432888556593
0 0.8243658378255739 0.18778683787908035
0 0.8052301564090829 0.20604012692317414
0 0.7857703656601391 0.22612198911154993
0 0.7388208655716418 0.23993772449203954
0 0.7001502678262815 0.24397187682386404
0 0.6722269778629001 0.2447757775695941
0 0.6240731123254167 0.24514256608181487
0 0.8507335117394975 0.22936817518057534
0 0.7625188627403131 0.12583495838383135
0 0.7216311088568873 0.35931907913174493
0 0.7054103724390482 0.2820493134256369
0 0.7676676383121408 0.13773266509318124
0 0.6498204338178932 0.2426935385781736
0 0.7488922696891163 0.3166724252053343
0 0.7491664463381688 0.15622634414476327
0 0.7342978344260932 0.3061746071321896
0 0.8263621936313255 0.26973972552881453
0 0.6418439368549869 0.2116188119870786
0 0.7151719854890014 0.3031273153833688
0 0.8780539393139114 0.39280043394801717
0 0.8687510544733463 0.40935846430044204
0 0.8394945799875603 0.2228861943410989
0 0.8757358303458856 0.35525684596631474
0 0.7666962618450467 0.10741443546435323
0 0.8629381107769424 0.4910214903255621
0 0.7165932092163488 0.3648400212438723
0 0.7332060214141004 0.28746114690273333
0 0.7973037280624719 0.1489794733710944
0 0.7221938257308886 0.18739415800419099
0 0.7015387317259535 0.19637823495240256
0 0.8112864199873927 0.4200826319642722
0 0.8639800817274647 0.26870537427858043
0 0.840075285314656 0.5326388148834911
0 0.864269800037503 0.47648913763201656
0 0.8673016473257856 0.44773773510996906
0 0.6796268927965233 0.20247446924162368
0 0.6593387722969055 0.2070658071734273
0 0.6474164605712434 0.2105497419834137
0 0.7691704670874049 0.11463199165492012
0 0.6507613613165254 0.18897247114501442
0 0.6671120948928724 0.1740830956746976
0 0.6893219440389309 0.16371548161529503
0 0.7119837700605964 0.15803196259771293
0 0.726727550264171 0.1578643116802453
0 0.7508745790957261 0.09368806872695398
0 0.7334063411902466 0.1787388318548568
0 0.7829697855370794 0.36647645962504916
0 0.7481983322605527 0.33505063573011573
0 0.7448265621130415 0.37699231476829453
0 0.874309713034321 0.4287493572638819
0 0.8685882068652329 0.45917765124918175
0 0.84358548046016 0.5219037693719895
0 0.8599345828417679 0.3697517343793814
0 0.6440386640653908 0.2035570931129943
0 0.6677197149331621 0.26927454983845306
0 0.8582318874000073 0.5053974174843809
0 0.8547640126957882 0.2663949437606068
0 0.771381732800024 0.4295587664404616
0 0.7829066220519069 0.4335030462033452
0 0.7962713630365239 0.4398289837966712
0 0.8086294756232978 0.4477990402962072
0 0.8189494103836499 0.45668304452119163
0 0.7913766007343356 0.41381681793794844
0 0.7969152318487922 0.40944333236438396
0 0.8010824812973718 0.4049425446949066
0 0.8261847558924906 0.3779850139404638
0 0.8589359744847249 0.2932825852125978
0 0.6440362625842472 0.2495072590181241
0 0.6171244492919611 0.20262769745371212
0 0.630936636055688 0.1995935425305138
0 0.7856874465942383 0.41752359223441954
0 0.87226188397236 0.3357954381372982
0 0.5999899266435088 0.21062182075680255
0 0.8354232085408638 0.46550449243368813
0 0.6487301160677446 0.26679718084990406
0 0.7074544406909165 0.29216136757177286
0 0.8147723737666361 0.4913831353187561
0 0.8552141318218314 0.4113322549734634
0 0.7773309265681022 0.32294956887491977
0 0.8481834106308093 0.43928575172972756
0 0.8216357162530473 0.29856303305671616
0 0.8092695383145083 0.33353180321641623
0 0.8506511817161414 0.32122624672639866
0 0.8340079205499279 0.5073846925180941
0 0.7220168411017036 0.2973251131395943
0 0.8709534392368308 0.4143252617444474
0 0.8621151730311003 0.4461879024680811
0 0.8581218270660876 0.38167503704659095
0 0.8705763613863243 0.3028215887828376
0 0.8723521887255515 0.3699751299219771
0 0.8663807925846365 0.30942326070020754
0 0.8363820791816254 0.352404834172977
0 0.6859078081391699 0.27528127647055606
0 0.7480639399384423 0.3301152554563821
0 0.7565158848568119 0.32961219844345846
0 0.7359452504905866 0.3218196976108673
0 0.6239121677778322 0.1737059853709163
0 0.6542951181638155 0.14418868506297516
0 0.6873476093621562 0.12778078986052127
0 0.7162493443031677 0.12084180040481372
0 0.7376404243121616 0.12313987605107098
0 0.7629466888715895 0.15561711516814491
0 0.8176528824319085 0.18215722155075864
0 0.7709839478385249 0.1938512900862069
0 0.7532691729726265 0.21001679695452363
0 0.7212693008015768 0.22167256712532654
0 0.6884832380772781 0.22801223235389295
0 0.6638275936638994 0.23075179917553362
0 0.6465130958625739 0.23132177406606583
0 0.7838642692966141 0.18057621501314755
0 0.7550397442399169 0.33514217646738975
0 0.6896166918660811 0.28643703056029235
0 0.7393081396889629 0.337586460117334
0 0.7287426648094214 0.35173148497605855
0 0.7370438601473253 0.34069922747322545
0 0.7503734398231232 0.3432552436479745
0 0.72734491216193 0.35525371815069035
0 0.7227313497083651 0.36063432560180325
0 0.6354885755968894 0.21592027091751465
0 0.6283760681140909 0.22582060669938597
0 0.6267146962723857 0.23350745687088648
0 0.7353250340020342 0.15893098369193154
0 0.7431298477186573 0.1425717781526974
0 0.3877826375926999 0.2831148559483476
0 0.41866416718176513 0.2724566156871783
0 0.37375737601618686 0.2637679435479374
0 0.3563387309618705 0.29398533587638565
0 0.40146761382226465 0.3025850564146194
0 0.6741202512233377 0.18476952102999336
0 0.7031250686096631 0.1744070504896176
0 0.6604810617238783 0.16815647587608606
0 0.6453986273680945 0.19508359731195835
0 0.6881058430500168 0.20117920603805456
