0 0.6824978874202519 0.12853868597342874
0 0.7142649081060152 0.11733898099772588
0 0.6968442082153594 0.12161016888465745
0 0.7245365973514847 0.09957947853338393
0 0.7216951339053705 0.11306488924037802
0 0.7276638192969536 0.10739226994565373
0 0.7406379847083917 0.09274046474787123
0 0.6794539927053049 0.0632090378698505
0 0.752138477840504 0.08471217868166886
0 0.7612651626772016 0.07988081195459105
0 0.7927912232242053 0.05952404593233536
0 0.6790347836188626 0.13037236241683417
0 0.6750181570712022 0.13217700015607678
0 0.6720374783634636 0.1334265669893964
0 0.6705448347682188 0.13380028987977288
0 0.667400856184054 0.13552261204906205
0 0.6633228537654072 0.13750362721485035
0 0.6592111426566724 0.13927747346328245
0 0.6430567658903227 0.14988098244932904
0 0.7076496835247876 0.11973203183068924
0 0.6964241197717844 0.11590191831509555
0 0.6660536159191454 0.027580182924248003
0 0.7000141604037224 0.07993523990415027
0 0.6912826977450134 0.07619601622453646
0 0.6826396430469264 0.0715478549436318
0 0.6732572118441263 0.061972061015250136
0 0.7075816799065232 0.08195621598940586
0 0.7050665882317829 0.061570300078759695
0 0.7136178478158476 0.06652824677889316
0 0.6950963230701438 0.05784606664913264
0 0.6863443257939463 0.056232901230401415
0 0.6620610577018955 0.060765345891316734
0 0.5966060932427016 0.14178042663515392
0 0.6773230009692631 0.05970681318184659
0 0.6277464254118722 0.043556852838464194
0 0.6550119517976222 0.05145526918652219
0 0.6656309708261289 0.09281132180212796
0 0.6740628983904038 0.12315944915423048
0 0.666622136589847 0.1281608034848884
0 0.6608061825047062 0.1200304764586977
0 0.6512495245988862 0.11899659394652252
0 0.6584209099977831 0.12489325600021109
0 0.65176354141175 0.1228166878011303
0 0.6142757000550942 0.12431781875988202
0 0.7079404250478946 0.1142371372537398
0 0.7137872217702463 0.10944191194089706
0 0.6785695059893 0.045793094668948355
0 0.698945611212324 0.08945699829789384
0 0.6816138403828134 0.10343631550510583
0 0.683576044402545 0.10042250350842413
0 0.639548717168816 0.0800176928193261
0 0.7199046325080002 0.10425616183880526
0 0.7079471667859122 0.05448004918024916
0 0.6930198840451139 0.04862907730387623
0 0.6947836464718927 0.026925405927117327
0 0.7368872985558168 0.07677673798580328
0 0.7185789364928434 0.07181962189725286
0 0.6152135832903254 0.117791710092221
0 0.5449525412753664 0.0889199915588397
0 0.682831782580428 0.10913276746603942
0 0.6871272467611208 0.11372455180327663
0 0.6392640008705075 0.11952032398074547
0 0.6420473778926874 0.12061801315909461
0 0.6920611893577415 0.04249932078704291
0 0.6756208749637322 0.10528487101427035
0 0.7229084513358426 0.06364413445389003
0 0.7267899988572809 0.059125967155854754
0 0.7511773079256469 0.03824031738341208
0 0.6980326430958534 0.03607928841280909
0 0.7451734808175373 0.04864774317362413
0 0.6749338202084167 0.03964250746005229
0 0.6732044015629886 0.03570689973316442
0 0.6699238946417716 0.12566429899822068
0 0.6592906756240104 0.12246412915549951
0 0.6513372811838545 0.1208677590953922
0 0.6825200667612663 0.11096919735414136
0 0.6406506656468669 0.1201431780240431
0 0.642317356816827 0.12226890273224275
0 0.6432420008418932 0.12104056554615568
0 0.6939388936707742 0.10990891839827224
0 0.6523834719059336 0.12424862292879134
0 0.6580142724614606 0.12662818776896556
0 0.664675077054068 0.1298253360167941
0 0.6330877220580347 0.14413447142495803
0 0.6506222335598136 0.13452606127638267
0 0.6550894003628679 0.13293583905003956
0 0.6596297329362435 0.13140293556317456
0 0.6631132085112077 0.1302289478436625
0 0.6514212597900302 0.12458027893962385
0 0.6484395063124628 0.12469796417446748
0 0.644595347753557 0.12477173817963787
0 0.6406662009562119 0.12494984223183647
0 0.6440436814278993 0.1135959574336259
0 0.575692057578121 0.0602144345835576
0 0.7024927587574544 0.12067068832200617
0 0.647626850046689 0.1229504228062477
0 0.6452226062238468 0.1226988586808156
0 0.6866648840376094 0.11686906412968573
0 0.6721273356349157 0.10949800765387104
0 0.6869836184294414 0.11537344006032706
0 0.6861036750586224 0.08803613581125705
0 0.669142895232776 0.08466864678641937
0 0.6773361587574713 0.1017883232621253
0 0.7231743754465368 0.030260932756629843
0 0.7217860333778687 0.04024842225925496
0 0.7100275140648653 0.04900553401820317
0 0.6182338982066021 0.1300661741343823
0 0.7431298874098541 0.07017713000341666
0 0.7629691288189546 0.057973987373168785
0 0.7731094844482116 0.04770455428996827
0 0.6757595202716594 0.06645252377961454
0 0.6478115801821278 0.05829348506169529
0 0.7128464724821381 0.08265459682452156
0 0.6732144978856236 0.05255863857085453
0 0.7101992492560093 0.08959696616000835
0 0.6930257952791729 0.10440397799934215
0 0.6277208426330663 0.05665840980986825
0 0.6509213452600728 0.06576638629003775
0 0.6609285108525039 0.0742841772690928
0 0.6786752405423152 0.08234679964089309
0 0.6927580636010391 0.08642055704076095
0 0.7036620920468987 0.08861407142658392
0 0.731877861520912 0.08989493334986279
0 0.6130937952155302 0.06690391866337786
0 0.6664517530031848 0.047714338502001505
0 0.7039793119903355 0.11770595435145911
0 0.6937815213127981 0.09424807709307009
0 0.6145920080726157 0.04006319587623804
0 0.7127725413454233 0.08963919654576945
0 0.6738058818417763 0.1016312003277092
0 0.6733761204697412 0.05761227891962723
0 0.6953285710595328 0.10101750917281968
0 0.5582715612423571 0.07306674921781284
0 0.7139081333759968 0.08064547166988377
0 0.709091926928814 0.10216428945780083
0 0.5615704125304263 0.11197460362354066
0 0.5431490205071143 0.11691012381093216
0 0.5911890904611676 0.06185886239100464
0 0.5590830450319539 0.09969701334250779
0 0.651059094926476 0.03835242378612713
0 0.5824726827222587 0.14597254291547998
0 0.6996687358944728 0.11894244068740809
0 0.6803280736952392 0.09411185679345227
0 0.6457272757960775 0.04673774202806104
0 0.6875002407449208 0.07010403618410954
0 0.6949663084896305 0.07428525641012587
0 0.6392753185224935 0.12187685406505001
0 0.5969868874499566 0.07663806509292848
0 0.5854139532029378 0.16154832828652957
0 0.5600113286184862 0.14087322874001337
0 0.5506418842177854 0.1303354623337516
0 0.7790894386386067 0.06874592738360838
0 0.6036333617781788 0.17174275779780684
0 0.7019369887651773 0.0772187345322058
0 0.7084278168809062 0.07922934432329515
0 0.7122417516094722 0.08030556840545908
0 0.660028391120806 0.04171846741600534
0 0.7139361750978961 0.07372184014688042
0 0.7100803894835686 0.06891546371002921
0 0.7032703547286585 0.06496956163171065
0 0.6942583445758256 0.06192973252575876
0 0.6868481322934356 0.060658491308295995
0 0.6407570190067533 0.03160456144654171
0 0.6826586306472368 0.066472903194518
0 0.6902941700526933 0.12501465609630796
0 0.6574677357190772 0.11430893610380723
0 0.6854587154549385 0.10843473980435273
0 0.6790427141174485 0.12019101340292752
0 0.7451865083306147 0.08832248097919768
0 0.565396796676177 0.1240916962018358
0 0.5725632397623002 0.134869568217833
0 0.596200253641555 0.15691920566954787
0 0.5406755273100696 0.1039414581525651
0 0.7141566983255153 0.07814893448197262
0 0.7177230777368264 0.09405508743486371
0 0.6138825297104156 0.16695198639431882
0 0.5716388562874954 0.15129601757438724
0 0.5747321904145716 0.07335200216422301
0 0.6566787406739303 0.12704784936610772
0 0.6531281896910084 0.12761537290552757
0 0.6487411583777721 0.1284496077863347
0 0.6443476621611712 0.129556230944388
0 0.6243438832619019 0.13676934041445224
0 0.6466241386495059 0.12163796494157006
0 0.645139474406021 0.12029465018359509
0 0.6442315707352594 0.11886131544271539
0 0.629147892699966 0.11487782001495361
0 0.6113503231403696 0.08581784696341409
0 0.721928391527023 0.08952551394312125
0 0.725469041600006 0.08100200678671524
0 0.7195735708319185 0.07842367724874548
0 0.6481377402564141 0.12274866921480299
0 0.5837138138931511 0.09582366878310415
0 0.7329570607042514 0.08549494834557123
0 0.6100975486296641 0.1388432140310747
0 0.7319144362638771 0.10233611487126153
0 0.7278713475802779 0.0948039851508248
0 0.7361537192944233 0.0975905562069351
0 0.7012193682073038 0.09802273584006095
0 0.6248219115698891 0.16093325713916748
0 0.6345880193172125 0.15474147290380258
0 0.6217745645639765 0.1477472524767386
0 0.6001128392129005 0.1212825416670151
0 0.6604074266137956 0.10175615831909089
0 0.602448509463781 0.13014388536926125
0 0.6437615543478149 0.09181016669437413
0 0.6455153018739153 0.10283081274157034
0 0.6203685213619143 0.09555633611809175
0 0.6090304324647042 0.15214129239497517
0 0.6896937808281258 0.09789037428716747
0 0.5831103224920321 0.12068994281413575
0 0.5883312937705326 0.1314801628196508
0 0.603954587681887 0.11281468548667246
0 0.5829840370371372 0.08548479133936293
0 0.5880804001530514 0.10710749443739759
0 0.5626389454374333 0.08548973576736903
0 0.6264748098603784 0.10635554242530044
0 0.7059830737767844 0.09404615999540825
0 0.693054814064553 0.1078860129396545
0 0.6822914339067564 0.10632592163900463
0 0.7041371077424866 0.10666305183798676
0 0.7256035832413138 0.07455476697795049
0 0.7170638041531486 0.06575395981753565
0 0.7063338884195698 0.05923916578010025
0 0.6945233893293872 0.0544745324804831
0 0.6831949896450284 0.05211910769820637
0 0.6653028729092723 0.055158246807921966
0 0.6084834397593631 0.05170621525845352
0 0.6651208459827971 0.06591772110436735
0 0.6731068743432121 0.07253596225525843
0 0.6849224378791037 0.07867548990362762
0 0.6968448433066219 0.08291311323430614
0 0.7060615319742936 0.08508848497027605
0 0.7128716644355516 0.08630678287463114
0 0.5942501000714201 0.04990689474139208
0 0.6785685940633847 0.10759866711366502
0 0.7140688114654162 0.09832811967192454
0 0.7015755566992338 0.11105703289398519
0 0.6994596117407964 0.11511676146042304
0 0.6983011401403806 0.1118718563166943
0 0.6772420349754865 0.1101020127004576
0 0.7014269453438022 0.11628071643845184
0 0.6972808904537169 0.11746082583073336
0 0.7168789274581877 0.0824931377052271
0 0.7199665294795097 0.08593990108437952
0 0.721903606683393 0.08874205101285823
0 0.6816794339111586 0.06015266847497345
0 0.6782982731670267 0.05577059721183098
0 0.7358386814594269 0.10606507690068807
0 0.7555152092301896 0.10775312816686619
0 0.7100765463672106 0.12319318375694936
0 0.8086354474729627 0.11476166519830236
0 0.7452736949618859 0.10619926318296476
0 0.748066142390046 0.10864786034801252
0 0.7503568351520264 0.11065964738386523
0 0.7503822062337449 0.10930788262458883
0 0.7439848830931297 0.10383432887909959
0 0.7601661291052018 0.100879810776999
0 0.7568193609955944 0.09866700265755433
0 0.7616442633077565 0.10293108129416496
0 0.7606110512455807 0.10458958371678281
0 0.7479554085288873 0.11418229072826472
0 0.6513893586673817 0.1710559401223668
0 0.7553145203912308 0.10719962038037899
0 0.7800548099264314 0.13326383252160828
0 0.7486780446792957 0.11168360179853609
0 0.7326318288402718 0.13151075810300072
0 0.6923149327437083 0.13239864918402222
0 0.681931467436034 0.13589846706050995
0 0.6967607995628807 0.13792624500439826
0 0.6972876810449086 0.14182631301993012
0 0.6868912533617221 0.1390583751323243
0 0.689593648105734 0.141592041312022
0 0.6792585148715772 0.16003802789912105
0 0.7192160958730722 0.12029742324903767
0 0.7268650373326072 0.11676852742689502
0 0.7643661016150366 0.10372583269365883
0 0.7394655736689829 0.11281272341206687
0 0.7268311332298231 0.12799278449616258
0 0.7295868430711046 0.12570432532017484
0 0.7456978382189062 0.14162646918110153
0 0.7322304837311371 0.1112218602413526
0 0.7691816566865656 0.09842751837144402
0 0.7687836010244828 0.10121615614613887
0 0.8186118518501394 0.10423754829104685
0 0.757922465665431 0.09282797327528079
0 0.7523181598146254 0.09715560350836666
0 0.6892483213028324 0.15876452375561317
0 0.7006601947772352 0.17447539142300933
0 0.7177394109813473 0.12764554961296162
0 0.7100205280609775 0.12612275735056414
0 0.6938034075347683 0.14683906046379785
0 0.6920698526539381 0.1455201146724244
0 0.771129725854608 0.09913413337965453
0 0.7216452710990664 0.13025415396209572
0 0.766413179882468 0.09551318355726601
0 0.7713400550532442 0.09265776330324538
0 0.8179998518545416 0.0814238920684104
0 0.8093806537897777 0.10630986532848218
0 0.8034267546255377 0.0870060728043141
0 0.7659579660067578 0.10232236726852499
0 0.8026345841240782 0.11541268155243897
0 0.6871775655303827 0.13436880753699287
0 0.6915401865409899 0.13862338319226375
0 0.6933702590093331 0.1417571825913263
0 0.7139792473130085 0.12767908800821995
0 0.6928118020924838 0.14619015006973793
0 0.6891642775590913 0.14568959867685574
0 0.6912561216183353 0.14489775768802685
0 0.721098310962508 0.12431634066367912
0 0.6864738029895453 0.14122304048119633
0 0.6831108970481132 0.1391424827304175
0 0.6781116051890176 0.1365676914669865
0 0.6513098745532176 0.154194851999181
0 0.6675334111296175 0.143085912594733
0 0.6714317967117084 0.1410253810854286
0 0.6746650951824108 0.13875732748533906
0 0.6766503090471155 0.13694872635539315
0 0.6853408001771959 0.141523080929884
0 0.685381885696564 0.14316225037738806
0 0.6850576960336306 0.14511336352618706
0 0.6842702805744445 0.14705967613245102
0 0.7016628084680702 0.14586461573167486
0 0.7399850783217305 0.1539927452343073
0 0.6879452605916478 0.14302647481468084
0 0.6885035383801923 0.1442874740027024
0 0.704554818664925 0.1266740610732444
0 0.7131737073262533 0.13185915715046767
0 0.7071912616239822 0.12645862528155
0 0.7400488805670276 0.11915315441955168
0 0.7434466513903332 0.12795622450601163
0 0.7254724613221889 0.1282889269566338
0 0.8220470442047602 0.09313274232376796
0 0.8092876047776218 0.09688719824256987
0 0.7736588221059066 0.09586697830989833
0 0.6708970010154861 0.1590844073188121
0 0.7655603337388501 0.08847889102650706
0 0.7934320791612698 0.07815585406508169
0 0.8086083502457615 0.0708762956683746
0 0.7503774511914716 0.11080821567300093
0 0.7438091745104971 0.11850650695153686
0 0.7431527181265223 0.10175304516071668
0 0.7564619837430963 0.10622219983510417
0 0.7408247341083575 0.1073487118894095
0 0.7288483459235243 0.1240437169374803
0 0.7698274630785994 0.13956903774967397
0 0.7461821685863447 0.12330443338708663
0 0.7478280645885548 0.12499742908127084
0 0.7456472914681656 0.12055811756163447
0 0.7428285610323717 0.11488742110002366
0 0.7425669685697757 0.11073045211613249
0 0.7442105847571973 0.09714236604502759
0 0.7551730415992093 0.1488137315883614
0 0.757757309368391 0.10704205924930098
0 0.7109000154688389 0.12138730337045654
0 0.7339272196031321 0.11721428461629159
0 0.7749050014381167 0.13419787159735339
0 0.7426944427852389 0.10657460151476651
0 0.7230062553902719 0.12884139484358004
0 0.7528815997552268 0.10721022866374658
0 0.7317757909559499 0.12124565466442991
0 0.721521216605786 0.16457047256003637
0 0.7437298695246378 0.10000405185728876
0 0.7330848606075415 0.11573808508552832
0 0.6842637179647317 0.17843993321008106
0 0.6713974692147492 0.18557291155325278
0 0.7500297142986507 0.15290450017505977
0 0.6976480057722405 0.17556937882060258
0 0.7925107082988643 0.12352300849814997
0 0.6439555665863215 0.1784468527931901
0 0.7053774246938118 0.12202767219973346
0 0.7320902751216406 0.12374731286706167
0 0.7444811010662513 0.11253444891100393
0 0.7542946940987422 0.10742492540733953
0 0.7521662915809245 0.10615191178248305
0 0.6897221808066348 0.14718289441768242
0 0.738664511889848 0.15721409240227152
0 0.6203591089837158 0.17942454148866105
0 0.6457721230098467 0.18615305777263527
0 0.6573673261620324 0.18694665154811185
0 0.7495364275159715 0.10424387925177424
0 0.7471247417262837 0.10215656542410347
0 0.7449244924738437 0.10081257702051391
0 0.7560676083534579 0.10612671220429852
0 0.7519838412602743 0.099948969882861
0 0.7567108743804417 0.10128081958489062
0 0.7600807663257615 0.10327957190511348
0 0.7612402149896581 0.10545113067609983
0 0.7598154284531558 0.10673545893118191
0 0.7947264602918666 0.1239447760553688
0 0.7554549895509889 0.10780326571328784
0 0.7037267410805457 0.13981591905704738
0 0.7202882927681323 0.12694739114630124
0 0.6980551318403034 0.13071397268616575
0 0.6698578451504688 0.1800676572223858
0 0.6570660160689414 0.17994356254383057
0 0.629543994235087 0.17431198984985533
0 0.6839271847331574 0.18142767577550306
0 0.7473122727770343 0.09993222684622659
0 0.7390952014721899 0.10647724991308553
0 0.6339664278151114 0.1837976133696125
0 0.732039402683073 0.16213061970748086
0 0.6817132403075946 0.13950714083611612
0 0.6808078281487091 0.1413455131780776
0 0.6789613410138883 0.14358180733055123
0 0.6760550331214309 0.14578029884562374
0 0.661525643198802 0.1574006726167663
0 0.6909224381552467 0.14358856994769187
0 0.6934306252480559 0.14426761780769376
0 0.6963445542356635 0.14481278677710718
0 0.6966183925605525 0.15258646096199008
0 0.7311854492008435 0.15420522483359594
0 0.742796513350201 0.10181221479057276
0 0.7456023465480482 0.09591663841816596
0 0.7461824942741716 0.09749612809641647
0 0.6884619154759097 0.1427935111565098
0 0.7108197334194988 0.16649890412639468
0 0.7478998461856118 0.09584247853832313
0 0.6561678178954226 0.16384194117848136
0 0.7400263755381862 0.10181948754711083
0 0.7328998699218412 0.11608732128482696
0 0.6447342047585717 0.16013296614903713
0 0.6812137980249864 0.16555580026597175
0 0.7204065500180933 0.13548135616035506
0 0.668301545869449 0.1658753568167364
0 0.730795763715913 0.14211825664074537
0 0.7161672995563297 0.14299968595606577
0 0.7210678754350807 0.15285853530729934
0 0.637989161009527 0.16746667780485866
0 0.7304907244972035 0.12080923695015597
0 0.6791141048891132 0.17259385343972475
0 0.6645773869903782 0.17250126967933538
0 0.69434146010926 0.16281520061787055
0 0.7235258577493676 0.16428769836787793
0 0.6983650075232429 0.16787846494258368
0 0.7146866575575076 0.1699445949047627
0 0.7076423066955075 0.15227089396292345
0 0.7365543804591215 0.1117002532716889
0 0.7246115055516802 0.12477214367505636
0 0.7231719002190522 0.12830267455937033
0 0.7290274742283399 0.12035627240670817
0 0.7521888291785486 0.0949601270479381
0 0.7590022836556415 0.0972011628807086
0 0.7632437162258454 0.09971555494753068
0 0.7653543687570951 0.10219179774377128
0 0.7626415520026211 0.10410910434711587
0 0.7500749197690296 0.10921662653468257
0 0.7663001010689554 0.14343563277243437
0 0.74876031342438 0.11640133170470648
0 0.7489862756387091 0.1170369784744326
0 0.7467023897523115 0.11425703269024054
0 0.7437508112519099 0.1100622218274561
0 0.742298536662814 0.1066562172781106
0 0.741652632564432 0.1038111960194996
0 0.7566899000843869 0.14382904181135364
0 0.7192368910408221 0.12944114872852114
0 0.7356250302449561 0.11076413439686188
0 0.7229401733301863 0.12236718958948573
0 0.7136418510086929 0.12257777251665561
0 0.7195116087228437 0.12307561624658207
0 0.7139210468983348 0.1298720726338994
0 0.7127022741967616 0.12226968756208499
0 0.7077323919484384 0.12297878132454725
0 0.7426962666370698 0.09951586807467053
0 0.7414962698387194 0.09999354821790014
0 0.7436245095126236 0.10151049349797295
0 0.7578984950413684 0.10719323709766211
0 0.7572976987070172 0.10570533052175211
0 0.701001352775952 0.07141568305795021
0 0.7089175048130977 0.07487264268480304
0 0.7065865570357077 0.06718282102831459
0 0.6932093529384348 0.06798405381425561
0 0.6956809164351049 0.07572543225113042
0 0.7613676892051214 0.10190979530095771
0 0.7638934634405853 0.10437940628503141
0 0.7673485878902145 0.09978836753614433
0 0.7588643874297162 0.0993527935139508
0 0.7550498664630616 0.10395545428475168
