0 0.6888413515022332 0.5230110230537268
0 0.769550028464777 0.48021032673101455
0 0.7397767785641787 0.4875069175855801
0 0.771272450328159 0.41490505640499126
0 0.7817606911670676 0.4654672739033501
0 0.7904979302157029 0.44162329821921764
0 0.8073766353033144 0.37693037992468276
0 0.5998016998922224 0.29424499132381843
0 0.8376355958785371 0.3221443377363796
0 0.855077421779541 0.299929855302119
0 0.8969207670477083 0.22780923750073004
0 0.6843958771486076 0.5297791622698117
0 0.6779522327639216 0.537072879152176
0 0.6719988155708039 0.5423106608299402
0 0.6682189166259994 0.5487863733745612
0 0.6644673939946172 0.5572801369447677
0 0.6588012198750064 0.5673103325854475
0 0.652109870450388 0.5767485879290218
0 0.6611593785188753 0.5687854967939968
0 0.7587360060758156 0.48558119291695545
0 0.7258506168564447 0.4755137336139862
0 0.5137987950865885 0.17855340366165479
0 0.6696035067240397 0.3339498643867505
0 0.6428609137340702 0.32799884772148374
0 0.6163368535270508 0.3195537130672711
0 0.5834272898358407 0.2949742617698523
0 0.6931562911120536 0.3371279714301752
0 0.6652062887625156 0.268762296285873
0 0.6943897815059414 0.2808683653132984
0 0.633232125346895 0.26262483067405873
0 0.6073657181337297 0.2634308165825975
0 0.5534770813205545 0.2986423647441803
0 0.5461611568356017 0.5543384957618226
0 0.5913424117387913 0.2840121316547973
0 0.4604617286500313 0.24947933081430368
0 0.5269064676704452 0.27102244681062787
0 0.6146332381440581 0.40727854660524726
0 0.661555388205343 0.5114405089483475
0 0.652278388361279 0.5296826882484241
0 0.6256740859372438 0.5099053505700998
0 0.5996304794752912 0.5115902494317808
0 0.6269558697438641 0.524822539986132
0 0.6059266151570016 0.5222969715968488
0 0.5560168261579472 0.5071488846414767
0 0.7482268856011992 0.47365362042436204
0 0.7554771910182578 0.4579318820858916
0 0.5822258593081284 0.23379510107893534
0 0.6928480573409467 0.3805904161815826
0 0.6724600000775975 0.4429149527709705
0 0.6729172789078537 0.43125501893960627
0 0.5294985226589999 0.37615071698880426
0 0.7647809937989397 0.4355653240657843
0 0.6682303930215127 0.23979330967409543
0 0.6225698690334384 0.23178841530705413
0 0.5711529701590824 0.16457753811781398
0 0.7780902437168917 0.2963870803769023
0 0.7137503496748652 0.29718297472396216
0 0.5468698612791743 0.48936680216377915
0 0.376957013023843 0.3958763231675084
0 0.6847496462954605 0.4578006591278905
0 0.7025245097901324 0.46881127119445193
0 0.566007602271988 0.5176763427905
0 0.5724227037504137 0.5193728028585355
0 0.6140272659506444 0.21309613276975223
0 0.6634347035015802 0.447601552302845
0 0.719865454472512 0.2595503499237493
0 0.7268204833392045 0.24392304443322813
0 0.72941770270574 0.17816306598270282
0 0.5935507664005819 0.19056551339336858
0 0.7317931684944555 0.21385525333614777
0 0.5678804574681701 0.2166375033676434
0 0.5414997226328587 0.20102068134390128
0 0.6564741400505999 0.5209809209401615
0 0.6263603373683042 0.5175927036676925
0 0.602708337690047 0.5169347273275113
0 0.6877000794993887 0.4620721656293534
0 0.569329130277931 0.5186352044248733
0 0.5773261418159631 0.5253174510626747
0 0.5756349838751968 0.520242408060799
0 0.7086477221058999 0.4603566001779355
0 0.607819665107224 0.5257764374867034
0 0.627533113927864 0.5295104785277821
0 0.6495407867631752 0.535197481655846
0 0.6268313138319148 0.5578676683072465
0 0.6209318912286552 0.5658234438766687
0 0.6292967397532017 0.557013641340664
0 0.6381494091283217 0.5478260747540873
0 0.6452262358699771 0.5410980405137181
0 0.6049208756831053 0.5287959371892789
0 0.5972174007257969 0.5306348221751448
0 0.5878380388378811 0.533455952478293
0 0.5796352481241707 0.5367192172775634
0 0.6040494470573443 0.47707139388821757
0 0.3964932811060112 0.3038035452651521
0 0.7497639081460966 0.48680478658158177
0 0.5905393417075955 0.5245415765446977
0 0.5843323331942661 0.5248919398830341
0 0.706750822010086 0.47735157351905166
0 0.6625958900514552 0.45811415070923756
0 0.7048613260404097 0.47328454360794336
0 0.6584833977605513 0.3807611889161241
0 0.6079824448203583 0.378703392161348
0 0.6614220213832901 0.43545291256219054
0 0.6409945371482584 0.16318599670268477
0 0.6548752930524538 0.19280530117190303
0 0.6680493066065031 0.22185660422610018
0 0.5728689319224095 0.5240384354568518
0 0.7889244423495779 0.2708948489766532
0 0.8015158992591236 0.24048273641461382
0 0.8119786699041188 0.20017815026612326
0 0.5936419111933354 0.3076459317923354
0 0.5140809663336912 0.3003603306155616
0 0.7095344772727655 0.3380115382587567
0 0.5737743825077725 0.2613123724826228
0 0.7203262502626835 0.377357360749199
0 0.69788060485602 0.44470393514861695
0 0.4734627633071918 0.2998568629399656
0 0.529649067053692 0.3234726354336967
0 0.5652763522643265 0.34495365076933426
0 0.620965357878797 0.35914197797402025
0 0.6626883675869134 0.36325115403428243
0 0.694697348905696 0.36429763916201485
0 0.7784931022200368 0.37200968229351716
0 0.4575894274871698 0.33817605683788327
0 0.5530046980729778 0.2493711812808491
0 0.7454614815094488 0.4814719025509807
0 0.6885595504614375 0.40090218205421496
0 0.43623324371070316 0.23149972806532923
0 0.7219498270421291 0.3629822580102153
0 0.6540151001881066 0.4324773062532321
0 0.5782904181834891 0.27920160840113706
0 0.6994620151371121 0.43081203531533385
0 0.38167133119752367 0.34633416984789667
0 0.7114315624717328 0.33097513986471744
0 0.7333361883815244 0.4315192937470092
0 0.4338256069939199 0.47589744156161057
0 0.4117491498267908 0.48248491243432506
0 0.41543040730112746 0.3192293461138448
0 0.4094065583581261 0.43952053033124905
0 0.5000887968414407 0.2225759300751427
0 0.5271037506113807 0.5641728367287511
0 0.7395841972433406 0.4832276382956642
0 0.655301900290185 0.4044107795713809
0 0.4965347607644628 0.26269423057096075
0 0.6260973057872672 0.3106022694240363
0 0.6492803651366017 0.3183546788014543
0 0.5705181959149934 0.5259281374966375
0 0.44177813824418066 0.37090258247936114
0 0.5578778532626246 0.5956872482650196
0 0.4804432993884281 0.546813326140943
0 0.447648647734873 0.5197186919446951
0 0.875803310808232 0.26662657569391657
0 0.6108734414017172 0.6133628304774007
0 0.6711882488618938 0.32303108879552483
0 0.6919797014275328 0.32674089702554404
0 0.7051744835553981 0.3299732502942649
0 0.5313834836014169 0.23447072948701084
0 0.6965487136257639 0.3086787818815
0 0.677766296646292 0.2949697222001256
0 0.6554313429253851 0.28672285896901506
0 0.6302216261696758 0.2822225777485881
0 0.6120357411227924 0.2820589409563869
0 0.4711066778186414 0.19993355237066554
0 0.6104688244186145 0.30236892692578105
0 0.7287283045210713 0.49860544707447574
0 0.63725909998091 0.4777280965361732
0 0.6887970007866693 0.4564138695645256
0 0.6936222697905213 0.4897931624715701
0 0.8185079985385318 0.3479751753159605
0 0.4618487250890663 0.508919610763891
0 0.49239970439915465 0.5361733258532259
0 0.5704012477426506 0.589936821795881
0 0.3880513556283727 0.44247330815647357
0 0.7072476388739167 0.3232671300919292
0 0.7454441928749176 0.39477307708880394
0 0.6245612457787676 0.6077527714232667
0 0.5166454039317526 0.5729137619082539
0 0.40117476198027174 0.3573156176283718
0 0.6236771560973114 0.5342112519680121
0 0.6150847047352962 0.5385018965116324
0 0.6052950431974672 0.5445437698889846
0 0.5965978234506054 0.5516024742263574
0 0.5958196497935471 0.5414365813754999
0 0.5878369837499066 0.5206057042740404
0 0.5832320430295931 0.5173968489939412
0 0.5793067085371315 0.5139725111163082
0 0.5730360060287036 0.48144221572449414
0 0.4824015426692917 0.3994984752453935
0 0.7503283987228248 0.3737090489925287
0 0.7454664792945916 0.32485519568569743
0 0.7240908041560679 0.3201016946532094
0 0.5917546549718157 0.5231269290462469
0 0.44692680096740633 0.4302712060011233
0 0.7768961802946863 0.3358142395465138
0 0.5692723776510865 0.5465169804164777
0 0.7958368604703487 0.419921052341644
0 0.7739089856044852 0.3947995306965642
0 0.8010720959384379 0.39965474748382934
0 0.7099797243980481 0.4147867336631202
0 0.6378118735280254 0.5960163833995977
0 0.6499290776481446 0.5809723146426411
0 0.6079044053308683 0.5674963896266949
0 0.5223640547953635 0.5017827213191377
0 0.621264984353269 0.4367888850716356
0 0.5404889483531888 0.5245146003965372
0 0.5598258973597336 0.4128414463882629
0 0.5863459408283234 0.4446753587204808
0 0.5166998983001252 0.4285137066825891
0 0.5877485599735086 0.5795448649043854
0 0.6840729461871177 0.416602169648527
0 0.4871278925479459 0.5012661574747616
0 0.5148585846812891 0.5282878319676311
0 0.5151064933346902 0.4782517799935021
0 0.42967215137515996 0.3984984962132792
0 0.4734213002008214 0.4639266288509003
0 0.3957176248518397 0.3957990851646033
0 0.5505325899278517 0.45792410929743854
0 0.7168375370885542 0.3973783328891181
0 0.703088222933616 0.4556686616362855
0 0.6783779515065164 0.4515998354925515
0 0.7266694021453675 0.4507557367935729
0 0.737849854736877 0.300429518230426
0 0.7039825303091419 0.27448979629495274
0 0.6671097415099613 0.2594116154474953
0 0.6304756247168251 0.25206337474024715
0 0.5984142036746731 0.25208568068358084
0 0.556455465100652 0.2764388393289365
0 0.434015763463448 0.28308343039914824
0 0.5659953114225996 0.31349717589993825
0 0.5938801759724422 0.32996745336170014
0 0.6314373096402028 0.34132129282425766
0 0.6668425080873411 0.3471890132838545
0 0.6948145932430844 0.3497908725715674
0 0.7157201804131341 0.35063805752478466
0 0.4150646249596164 0.26625807040606064
0 0.6731104155381521 0.4543540479656987
0 0.7416393975559756 0.41331264719414634
0 0.7269377276765928 0.4649792538283351
0 0.7299923369352767 0.4743808986851202
0 0.7209616723678095 0.46575251564431114
0 0.6747413224024739 0.46009644037618425
0 0.7364672452425786 0.4779749642164943
0 0.7310572353770121 0.47981139979423426
0 0.7215580006869291 0.3353503543062332
0 0.7361353182678314 0.3456887344773204
0 0.747412172581652 0.3547701600451058
0 0.6006124146836553 0.2830055718795179
0 0.5877188879380123 0.26785692972497055
0 0.8130613012279538 0.42714125432145483
0 0.9465772794019118 0.3944336870988718
0 0.7739840264228894 0.48843073635436474
0 1.0388289149716603 0.3442378847267681
0 0.8784352925469835 0.39198767548551955
0 0.896348946386104 0.4000284618462998
0 0.9156266253629177 0.4057586072161556
0 0.9494016573583479 0.39962140287454134
0 0.8662756442737808 0.3836666115175802
0 0.9501242260281131 0.3540836399355635
0 0.9251067203869351 0.34963667416534483
0 0.9688294179719701 0.3623340629731504
0 0.9761488409065229 0.3720264362450987
0 0.9549622301289218 0.4140833616256714
0 0.7186598035929014 0.5990089069540128
0 0.9580931759280839 0.38936804982419976
0 0.989236892556115 0.40984849826977277
0 0.9860785144696133 0.40146789735498517
0 0.8559981989060088 0.47694595153339375
0 0.716709371665113 0.5277403076045429
0 0.6995472366289555 0.5436309897861542
0 0.7344869006451943 0.540953949998362
0 0.7408672582617195 0.5520072470838651
0 0.714196522315915 0.5500558852768553
0 0.7230497470004953 0.5558324387660042
0 0.7681005226908256 0.5651585438761848
0 0.7874585364362319 0.48428385573835037
0 0.8021653151626496 0.47117971821714894
0 1.0190428686942414 0.3591529186636495
0 0.8403589445338261 0.4239336074160311
0 0.8227495632583289 0.4846216454483069
0 0.8270113782631122 0.4746859643025139
0 0.9112956928406402 0.48619847642347075
0 0.8096484063054732 0.44848013866823705
0 0.9932980557425702 0.33665337411169044
0 1.0137039014189648 0.346217986255789
0 1.0521359066311404 0.31935144094422985
0 0.8920504069156784 0.331066486458428
0 0.8991378585783412 0.3512748383199826
0 0.7918467028535527 0.5567513587185369
0 0.8472766566047851 0.5268862153204105
0 0.8001772702740823 0.4890389080626515
0 0.7804024782683924 0.4905322958676579
0 0.7406113716624052 0.5680221959043996
0 0.7350249584916112 0.5660328846008252
0 1.0334324916775564 0.3347701058505823
0 0.8140359803927031 0.48950749616653394
0 0.9557242627910001 0.3310183474240592
0 0.9711243638889395 0.31765457264150676
0 1.0175456063067028 0.2736550053468528
0 1.0429974379871103 0.3359258019219572
0 0.995863585449237 0.3019813979014802
0 1.0362101495980645 0.35093753849165127
0 1.0346821600870548 0.3571559162185596
0 0.7091800417545602 0.5364797304803952
0 0.724924249614743 0.5459615852886115
0 0.7326856988797085 0.554116220139086
0 0.7920316209038385 0.49044153713189753
0 0.7377945088939987 0.5671201605385485
0 0.7310800771061465 0.5698297284662533
0 0.7322042085569825 0.5650119059763777
0 0.8019043197163003 0.4855102253988528
0 0.715053475875077 0.5564414269436663
0 0.7054901214526426 0.5522673089092913
0 0.6912486550333403 0.5475415515061766
0 0.6889099137102671 0.5744777579848378
0 0.6815038995205356 0.5834398157299517
0 0.6857487220558331 0.5735159897194884
0 0.6882266609502925 0.5626866011954725
0 0.6881312958056407 0.5539522404297472
0 0.7136717918965456 0.5602290936933157
0 0.7184751817076612 0.5659283112032345
0 0.7227313695765799 0.572670192764209
0 0.7252300400242245 0.5790752317197025
0 0.7967236526578451 0.5305481131274861
0 0.9167636770138637 0.45624760374093587
0 0.7211915334637502 0.561981563560498
0 0.7264395780700574 0.5659209956376317
0 0.7682146572952362 0.49470791620568344
0 0.7981880037047022 0.4958610322338324
0 0.7742371734955328 0.49288046179107203
0 0.8538395259306013 0.43797959134982417
0 0.8806419072391318 0.4582711414407237
0 0.8214806071002421 0.4806053019560183
0 1.0483948978588735 0.29638177332596277
0 1.0325762044897469 0.3175475824945651
0 1.0122124142498135 0.3236384766932113
0 0.7455691745241197 0.5707782046101726
0 0.9167558286401579 0.311431214451409
0 0.9429322651250185 0.28737018854854207
0 0.9686547916570156 0.25233645108751596
0 0.9344903766680107 0.40578940444099254
0 0.9645710088652101 0.4298006257119651
0 0.8596435093479476 0.3775033128147308
0 0.9882910154420409 0.3801603327734402
0 0.8345144975671379 0.41110553452001214
0 0.8216142885976558 0.4791177274129642
0 0.9694181940824294 0.4468448158270254
0 0.9423638133408069 0.44325359160907735
0 0.9129521069195059 0.4465493845482604
0 0.878223312415665 0.43286748063830904
0 0.8572325777950333 0.4171113526097502
0 0.8440890322200401 0.40488158847196415
0 0.8250712750912856 0.3861367253068918
0 0.9465233773636303 0.48015621114081847
0 1.0048694461941434 0.3785275246579045
0 0.7699951645281675 0.48803664291628635
0 0.8304032824879928 0.44215011691894773
0 0.9787284754734817 0.3962798876503405
0 0.8361475886486703 0.3939773460356191
0 0.8183949375324112 0.4791054803723344
0 0.9668834655404949 0.39006573923479637
0 0.8256572746544433 0.4665910950103126
0 0.8852922167423531 0.49034447525255975
0 0.864759538385222 0.3711811781596071
0 0.8204227425783372 0.456404627131197
0 0.807713597083835 0.5770077353087477
0 0.7853190401475206 0.5832259007536185
0 0.9407221704935856 0.4726480894004956
0 0.839730297204116 0.5579612356976579
0 1.0143279952111004 0.3818226970803623
0 0.7108662944617603 0.6114539577366825
0 0.7596931744822495 0.4888359664347225
0 0.8381472580152736 0.4574465400304276
0 0.9985515053609578 0.4053608233365007
0 0.9218376876353074 0.39671212653763377
0 0.9042088705286991 0.3920168724303809
0 0.7346048113539351 0.573445708035661
0 0.9174082061941389 0.5068135116808712
0 0.6579957805234465 0.6209831024511173
0 0.7236580329833271 0.6101517544006007
0 0.7512274817597094 0.5998743644918496
0 0.8891384011264042 0.3846803072351998
0 0.8764015642001475 0.3771411269998398
0 0.8680961708084857 0.37319643685992915
0 1.0203729459135937 0.37433492175687233
0 0.8909585204341715 0.36358038714518565
0 0.912312057235544 0.3638104028976002
0 0.9313221140731153 0.3688207488661757
0 0.9461644993697425 0.37600790016567365
0 0.9528766728991227 0.3821430796632371
0 1.0158010461061693 0.36868519862048543
0 0.9355570521000192 0.39682891431707923
0 0.7882604773381917 0.519808144329455
0 0.8047642374781968 0.48778663999356403
0 0.7581964674041711 0.5077765209796711
0 0.7731816042527306 0.5912450016877903
0 0.7428765529923016 0.6016695520367485
0 0.6714722711405308 0.6154926724898548
0 0.8137383345219729 0.5590315943899246
0 0.8737263793853833 0.36791293289714727
0 0.8255575040547396 0.4184031377966031
0 0.6940460079293743 0.6184123343172164
0 0.9092387155377322 0.5027440976791869
0 0.7030666028852943 0.5576561047627141
0 0.7065530948215824 0.565392739951801
0 0.7080652024820269 0.5744716507939104
0 0.7073617364576966 0.5837923018886639
0 0.7193211771601395 0.5746824958453924
0 0.7291366790981887 0.5609357316082659
0 0.7365404350294483 0.5613494203113519
0 0.7430204892044159 0.5609190429742343
0 0.7976303989652821 0.5435464688764212
0 0.8937495057817272 0.5160435346749644
0 0.8303715558074933 0.397709427550197
0 0.8620440010830082 0.356620083696926
0 0.8713750140272456 0.360638860267953
0 0.7224372776863958 0.5601484918365844
0 0.8588963589794059 0.5446526869036519
0 0.8454259582560697 0.3549196882465015
0 0.7188338745983957 0.585873221056149
0 0.8190171432723816 0.40819952406060583
0 0.82379054637264 0.4476465560948125
0 0.6840678003194521 0.587290807844351
0 0.7809737065999056 0.5715158357026097
0 0.8268716624028963 0.49512395634057044
0 0.7508033734145496 0.5805089519427608
0 0.8719784132868266 0.5018516966519645
0 0.8324799917870574 0.5140981494237821
0 0.8639357923317871 0.5260749386903196
0 0.6800677026633164 0.6031194056946629
0 0.8249500325257829 0.4569834712595224
0 0.7860472359531503 0.5808414182723901
0 0.7518248466564883 0.5905787626775308
0 0.8105597061504849 0.5592161491275215
0 0.8885644702888507 0.527802261300742
0 0.8285288539150064 0.5610245308175255
0 0.8762830611613157 0.530637826782446
0 0.8273615193881577 0.5351788334953137
0 0.8279868718817366 0.4298964465578524
0 0.8113055237763219 0.48488996994381134
0 0.813862131510993 0.48862561126486564
0 0.8148519150930629 0.4751465836652932
0 0.89353759969167 0.3449203714775963
0 0.9360473533328488 0.3431651746027005
0 0.9666531972176166 0.34910474436732525
0 0.986311818484208 0.35799998225876317
0 0.9940132943274592 0.36783192280572824
0 0.9748745907982477 0.39532984388522063
0 0.9668835025611255 0.4416891709684183
0 0.9387338664606035 0.42128504608005
0 0.9145744249975081 0.42266154812928586
0 0.8886764947173121 0.4145239938181429
0 0.8681476665057725 0.4026096481294297
0 0.8548283099556426 0.39260603673161026
0 0.8465383911876084 0.3851650287739385
0 0.9450643943082229 0.42444269240092924
0 0.8067045257531767 0.4910135882350203
0 0.8218246028005934 0.4365882295579575
0 0.8015536603024251 0.48487899659540706
0 0.780306224628604 0.4875325220651901
0 0.7956775236758683 0.48559379920411033
0 0.7959041639769392 0.49349581842986157
0 0.7765678813417467 0.488639360609146
0 0.7672467529059028 0.489517848998213
0 0.8575192285384492 0.37099221448738356
0 0.8438841970704443 0.37420654011229737
0 0.8348916267319549 0.3788159343000418
0 0.9561071671742044 0.38630230529620624
0 0.9769599629248933 0.3803260107390797
0 0.6438180821405041 0.29960932575475674
0 0.6723521404700885 0.30769044570267773
0 0.6551587970422612 0.2826670310177361
0 0.61452112116402 0.2912849305917661
0 0.6323937746546537 0.31644013976327146
0 0.9089129339876793 0.37529179120596984
0 0.9296401187384443 0.382921305613015
0 0.920673870068374 0.3595795565710281
0 0.8882780786898496 0.3676813821823071
0 0.8973920396763644 0.391125712436609
