0 0.5699092821229862 0.3740679611678885
0 0.6085625268235991 0.3254599423468614
0 0.5932824898369705 0.3413125894316772
0 0.6211250975162168 0.2698594624755763
0 0.6198494009327787 0.3100376255205032
0 0.6325274303492614 0.29005116624992433
0 0.6612595973638543 0.2412435535539766
0 0.5032293021930421 0.18665667124489108
0 0.6919951851357891 0.19511497943174272
0 0.7073699389328937 0.17320612498692103
0 0.7515187914864423 0.10550697978471174
0 0.56531941023054 0.38083120880006743
0 0.5599236013014105 0.387924356370413
0 0.5559218246725541 0.3926137805152006
0 0.5548617819693521 0.393029279652096
0 0.5504630492206364 0.40014756326915835
0 0.5446670109461128 0.4087580968351925
0 0.5380765091517806 0.4178845029251248
0 0.5226596685652994 0.43642326254470676
0 0.601817769969063 0.33342522249168377
0 0.580936296579707 0.3275506750208323
0 0.45908839151829106 0.10024580309370987
0 0.5508295298880163 0.21875386570348127
0 0.5292325638517549 0.21338807409550964
0 0.509894175117026 0.20617770088486978
0 0.48808046986785114 0.18953837809108554
0 0.5718233782782334 0.22076113417702897
0 0.5620817422615325 0.16134858636462054
0 0.5841807349573208 0.17131250958983638
0 0.5366484869884539 0.15693308250242924
0 0.5152822316698887 0.1589716358178136
0 0.46115121270533854 0.1937374215917427
0 0.42238140672068053 0.4322374133335776
0 0.49859534512089276 0.17996979961876108
0 0.3986635800403885 0.16207336135605135
0 0.44295543809480303 0.1748026340198116
0 0.49417356197341084 0.27853575398942004
0 0.5450518389039904 0.363544155987037
0 0.5362094613067209 0.3809655428934498
0 0.512990560335449 0.36207234508850994
0 0.4902126489812312 0.36373223510443
0 0.5142309060831111 0.37627150715232227
0 0.4960247777433838 0.3736253617858352
0 0.4402637786000087 0.38008800165659906
0 0.5906962626594029 0.3195986603321481
0 0.5979163090890973 0.30382230385344905
0 0.4943957623047165 0.13744858980011873
0 0.565943683250041 0.25369467863849565
0 0.5378015754343588 0.301608965343454
0 0.539845360230796 0.29283466317406553
0 0.4247033467775659 0.2555928629319541
0 0.6105759739875793 0.28542667452026815
0 0.5647963315625734 0.13590770458974757
0 0.5281760011041214 0.13200256495582624
0 0.5011561100493 0.07923946936591332
0 0.6464704063874257 0.17952475210531754
0 0.5983458079617737 0.1855057648250035
0 0.43425026032995073 0.3607632210608624
0 0.3210227220370297 0.3117518868266034
0 0.54925009520245 0.315350753836939
0 0.5640380802536815 0.3254320735023135
0 0.46196455756823224 0.3691050579734877
0 0.46736519019814987 0.37034227525820584
0 0.5226713488122079 0.11925683857179155
0 0.531310028416195 0.3088471789319976
0 0.604172201096257 0.14997015559539742
0 0.6103853344414305 0.13687582668803988
0 0.6169838814795772 0.07146841713360377
0 0.5080713330441889 0.09465967966061012
0 0.6114894450968328 0.10091387253014647
0 0.48381948823164284 0.1271997297010502
0 0.46902438822174874 0.11052905089881908
0 0.5398153499208925 0.3726516032920164
0 0.5133776623236982 0.3695370392973016
0 0.49293266494565874 0.36872904207192214
0 0.5523531819194681 0.3201068183955024
0 0.4646870542930651 0.36975443905809013
0 0.47329196799153517 0.37553775093468633
0 0.47036275846042713 0.3710457998998359
0 0.5646951027560335 0.31218443748329866
0 0.4983213072336173 0.37696037147225453
0 0.5152995797652232 0.38071850935618085
0 0.5346591755559172 0.3860397221995335
0 0.49391218630070427 0.4265845356201257
0 0.5119251598788717 0.4089243989698693
0 0.5195623358342215 0.4000955262437922
0 0.5271400596773574 0.39220286450800107
0 0.5336036981409612 0.38649880376850526
0 0.4975911195268108 0.3771512118541226
0 0.49128182226092504 0.37904128315402014
0 0.4834641365310814 0.3819775320902592
0 0.4759088601241132 0.3860223575466487
0 0.47956472572395065 0.3413625768586701
0 0.3476964781052956 0.2270269556706693
0 0.5978633172904388 0.33701415464323775
0 0.48484797014968806 0.37432250989919286
0 0.47944235877145697 0.374796109456642
0 0.5660796771572612 0.33329979845789637
0 0.5318350021094712 0.32056014970237134
0 0.5651986626633109 0.3295349424459687
0 0.5346947331217271 0.2551967495796727
0 0.49005346685522216 0.2539161348960647
0 0.5308026440032927 0.29900173387941525
0 0.5520346109374163 0.06822091391106613
0 0.5540386002023512 0.08974428729516785
0 0.5661205235664352 0.12230332458720487
0 0.4515667604243202 0.39542150255344827
0 0.6564936087101321 0.15688551474018259
0 0.6666240005553523 0.11942615817074015
0 0.6810613714692965 0.08447911104067367
0 0.4943332264694986 0.19806036616072936
0 0.4281511558259087 0.19762615020535573
0 0.5875479020649874 0.22068020350792827
0 0.48494854431112105 0.16089162556063227
0 0.5898970098938117 0.24852608970734252
0 0.55622187608908 0.29885940065904826
0 0.39490564148637314 0.19768490535872324
0 0.4368203108823752 0.21318374052435077
0 0.46313371927426333 0.22750552265750928
0 0.5074116230513979 0.23801012708693325
0 0.5424607707981319 0.2412046965848164
0 0.5715003281454497 0.24084707013532228
0 0.6368691056086544 0.23803773973168446
0 0.37565657735373903 0.2319414655701453
0 0.4677727584597431 0.15393641311414435
0 0.5914434711389904 0.3296302487703265
0 0.5592603941255481 0.2699382012130834
0 0.39163260545408674 0.1586526813042932
0 0.5959917041571331 0.2374025350358306
0 0.5263688705138516 0.29934518394016085
0 0.4872643513770043 0.17714736032552747
0 0.5600080505202089 0.2887112697800334
0 0.33109261089236425 0.26716547891372394
0 0.5926057418438956 0.21548395923205785
0 0.5861234115397377 0.28494442110302065
0 0.34753336810864477 0.3671272809432
0 0.33513495829034956 0.3826378728328299
0 0.3525710344817568 0.22704861878680915
0 0.3331791715782906 0.3368871364773822
0 0.43455446357465494 0.13450092573960623
0 0.4070347165256613 0.44513829716113434
0 0.5901117334888957 0.33403244447641345
0 0.5301933589112406 0.27520045963656
0 0.4184042481933465 0.1724683549724707
0 0.5198384754768404 0.19770763597401583
0 0.5361793131767949 0.20434625663844144
0 0.4671717942515506 0.3768819174011882
0 0.3601881059413218 0.26451225958618463
0 0.4324535179238782 0.4778157841591608
0 0.3775888657519586 0.436210445913614
0 0.3567714959005766 0.41354983009877994
0 0.7285649011909711 0.14053868671425251
0 0.4774967190585559 0.4949809997355571
0 0.5539749101244448 0.20915374618952348
0 0.571855507570983 0.21243558018481365
0 0.5846068055569371 0.21496609404307454
0 0.4509395931843464 0.1464015770943559
0 0.5838073460613122 0.19699753553760485
0 0.5706159542884505 0.18592682919081518
0 0.5540269199554427 0.17887289442268073
0 0.5334405192342991 0.1755828905005415
0 0.5177875412667351 0.17639235375809068
0 0.424398368295235 0.12568405170400604
0 0.5097277746673374 0.19178519337451091
0 0.584483267134252 0.353358733804286
0 0.5075104572350466 0.33900992259257984
0 0.5514977674947006 0.31231119944935753
0 0.5543452842074608 0.34580915206286755
0 0.6751914788902057 0.21902567945441612
0 0.3650793557680106 0.3963351394949841
0 0.38456989780760015 0.42037274381693673
0 0.44007634336938334 0.4682144121128638
0 0.3233344461847458 0.35083314467544985
0 0.5906612046911747 0.2086562915843408
0 0.6056164171122298 0.2575977971406878
0 0.4863409227711239 0.4856866404455917
0 0.40151604104645644 0.4579279333436522
0 0.3371847382577663 0.2635900826514268
0 0.5143326689422382 0.3810661155469611
0 0.5069272545822562 0.3848772583221521
0 0.49900329238754787 0.3904812018744418
0 0.4909621831736987 0.3979139849752271
0 0.4688708222616574 0.4114270724502264
0 0.4810412949902096 0.3717585762007898
0 0.47674627180843915 0.36888432761534257
0 0.4734834689128248 0.3659185303025553
0 0.45407215615868063 0.34884110585648137
0 0.38581089820036907 0.2833182355936836
0 0.61447948494038 0.24212757095235402
0 0.6202569347393664 0.2072992581947177
0 0.6046544850375581 0.2051140162624231
0 0.4851352904416338 0.37425945628257024
0 0.3594013258877686 0.3194783318276499
0 0.6430252159195107 0.21204473316168584
0 0.44422300329691244 0.42113835420929085
0 0.6422353693704564 0.273568495398476
0 0.6281032008963798 0.25486582484231946
0 0.6511750995861327 0.25822494577626887
0 0.5731995456580874 0.27700527333745767
0 0.4974908554604285 0.47124494257427396
0 0.5106461211598875 0.452956717889182
0 0.4742067139359969 0.4400924136992596
0 0.41308284484887425 0.37851644363723885
0 0.49828452651510763 0.30536883969266876
0 0.4243724753585043 0.40117298872197044
0 0.4459068711045422 0.28574111707070293
0 0.4670024995813893 0.3138348765733863
0 0.41049096705038335 0.3050087651117843
0 0.4541480260810772 0.4550904067290597
0 0.5525158095460401 0.28225341230547396
0 0.3847268059032376 0.38301943972998975
0 0.4022001968657417 0.40839568798949405
0 0.408856559403335 0.3542046485995712
0 0.349763399438013 0.29293739929252643
0 0.37728002830899715 0.3464327708345835
0 0.32862630436189066 0.299570184294917
0 0.4364377224998635 0.32907332734567446
0 0.5828928068468843 0.2635078994499869
0 0.5596953885716225 0.3076787939926489
0 0.5423188678574461 0.30857352908252
0 0.5766341756667769 0.3001189927260081
0 0.6167213343366792 0.18614754531563832
0 0.5918212875032224 0.16367942094802856
0 0.5632402918258297 0.1515143571698031
0 0.5337637760971166 0.1469626831156867
0 0.5071320723632217 0.1497456818735566
0 0.46793168217320985 0.17646572653318987
0 0.37207809769654576 0.19311235102117896
0 0.4689801307670175 0.20388474117140143
0 0.4889014809694974 0.21520228178895154
0 0.5176649331292019 0.22425828986809032
0 0.5470620472974415 0.22935361989072056
0 0.5723834271672406 0.23082843402019737
0 0.5916781097273284 0.23012913667521223
0 0.3681013354017765 0.1917124326322593
0 0.53911150306589 0.31340938564442117
0 0.5977155053162877 0.2714012443852358
0 0.5759711407659426 0.3128858271266232
0 0.5818870652325546 0.32415508831582485
0 0.5736973688069276 0.31549448192286556
0 0.5414590259644553 0.3202053129839964
0 0.585274526338537 0.3266725644511001
0 0.5840121982972833 0.3311671628838494
0 0.6003649574291857 0.2180210204184556
0 0.6104844270376214 0.22482497535165952
0 0.6184150045934106 0.22889172012398556
0 0.5076198001954123 0.17804225198194093
0 0.4972487745908745 0.16506517718152172
0 0.6586907699641296 0.2815147028917692
0 0.8135187480017103 0.2795893898865088
0 0.6181731993639017 0.3388779512306555
0 0.9117490732217137 0.24312028823112572
0 0.746684995381641 0.27508568212765605
0 0.7655689570471205 0.2823619556193258
0 0.7849767381631876 0.28814521056263387
0 0.8175984963083066 0.2878583521903062
0 0.7321108036403414 0.26686384635312216
0 0.808182184454761 0.23681724660035944
0 0.7829495434519611 0.23147670490568092
0 0.8285301048544389 0.2466685557816209
0 0.8381592108227532 0.2580489934492512
0 0.8259456348821583 0.3032651831622885
0 0.585580521243534 0.4805258656082367
0 0.8242431096889802 0.27732253408565577
0 0.8813383961528666 0.31411231248652566
0 0.8562889868700052 0.2977154401003146
0 0.7151193520690822 0.3465183984999563
0 0.5973044570991258 0.3789392017683729
0 0.5820819082893903 0.3946847858048287
0 0.6183887154241151 0.39267615093236546
0 0.629074935420153 0.4044264699397635
0 0.6000312434721596 0.4016377920864009
0 0.6130712399502847 0.4081804801602991
0 0.6346095118844559 0.43818452228017213
0 0.6258745133122311 0.3304106902842428
0 0.6397255978503811 0.31670334643008663
0 0.8733959660751407 0.25290911312864606
0 0.6984694874236352 0.29474599905708593
0 0.6708384679339606 0.3421514444992322
0 0.6778432050334753 0.3348793556042412
0 0.7780621698134056 0.3647370222402888
0 0.6507621907986669 0.297827684077896
0 0.8386795847727779 0.22125545745136357
0 0.8626803215042951 0.2354937896174209
0 0.9151821699826527 0.21065662843005664
0 0.74128513798935 0.20416994847837283
0 0.757881597376071 0.23294285094203734
0 0.6599342166622982 0.42857748537170454
0 0.7579421692759679 0.44641568088064004
0 0.6479330213764046 0.345317163053347
0 0.6281043723665712 0.34487208707325934
0 0.6368411281440831 0.42118896790245336
0 0.6318858436894316 0.419149275921306
0 0.8789512155428214 0.22872445012341028
0 0.6648982526883798 0.3493154740133205
0 0.8011955706882075 0.20927354806110637
0 0.8124615306089699 0.19793276442867033
0 0.8665066187894797 0.15165558019105127
0 0.9004328089927319 0.21943122949920782
0 0.8406635039969336 0.17502774824114406
0 0.8889181528413346 0.2492659804867763
0 0.9016416284102428 0.24732068389737638
0 0.5900879767625141 0.3876213574108957
0 0.6090534417438105 0.3977233723265116
0 0.6213233860736155 0.4064937460990179
0 0.6401459833740685 0.34662087841862055
0 0.6342869096667455 0.42018059396944124
0 0.6230972331284471 0.4199778545303505
0 0.6290589827525465 0.41805237072522566
0 0.645306688572284 0.33698494786641847
0 0.6067200453975533 0.4088232854501206
0 0.5931337475776672 0.4037426157491882
0 0.5761584209490426 0.3984239649038021
0 0.5511859496937522 0.4436883486452557
0 0.5643512762548551 0.424348423794872
0 0.5696738855245245 0.41483555454499915
0 0.5735417183189956 0.4058775571214051
0 0.5752963050256802 0.39877965562149925
0 0.6062425679295375 0.40906650445708376
0 0.6084603677319071 0.4136911385199603
0 0.6102976809071086 0.41958939870532486
0 0.6106989094476659 0.42599345422258567
0 0.6575040017502217 0.39500682894923106
0 0.8312939475860274 0.378552197742195
0 0.6164993407354074 0.41304101730261195
0 0.6198412006414389 0.41632319289763103
0 0.6183735207666324 0.349215584559267
0 0.6501684276866511 0.3562364553203102
0 0.6229313667313459 0.34711884542339655
0 0.7145846448367155 0.31088926211124707
0 0.7426957948298394 0.33214704170614395
0 0.6750901122636432 0.342864590866559
0 0.9033222057648349 0.18052605207727737
0 0.8830775125620234 0.19537643132423485
0 0.8532404424268988 0.2113145637412031
0 0.6111504078414369 0.4429423802373122
0 0.7614700173023884 0.1850351827318261
0 0.7890585537701217 0.1590305475377235
0 0.8168140936501419 0.1281238850675711
0 0.8036733679630585 0.2907142967236142
0 0.8398038860614793 0.3214002857689096
0 0.7231954331136454 0.26011205654518277
0 0.8517044038209232 0.2714748875934537
0 0.691073307005162 0.27992891155037225
0 0.6651331324617571 0.33231636130509257
0 0.8515845693113432 0.34046846803496866
0 0.8180749401261534 0.3293867166302785
0 0.7876447959791256 0.3275975880502653
0 0.7503247532663466 0.31210473087989316
0 0.7265889755281215 0.2961646627311279
0 0.7103391679530405 0.28224646644432005
0 0.6786434569942297 0.251191008825596
0 0.8265396391792137 0.37209926499706025
0 0.8677067555455719 0.27374291052671373
0 0.6121794065845667 0.3359629384108952
0 0.6863851522091572 0.3090526511689194
0 0.8809086733226534 0.31274858943554534
0 0.7001437939672027 0.2688576501040232
0 0.6751066851213512 0.3445347004077014
0 0.8328954851577051 0.2805743927047366
0 0.672278514894252 0.3231392845887096
0 0.7986770820517077 0.41265193521141674
0 0.7266845537137382 0.2543971927142611
0 0.6635908230447568 0.3088411724700981
0 0.6939144323143778 0.47184923249466415
0 0.6791870880730545 0.48637419529989656
0 0.8378857414430707 0.37850656571174535
0 0.7327117333935282 0.4589062465005228
0 0.8928160476282176 0.27906355403718497
0 0.5785995580979038 0.4956922103710869
0 0.6059974377919853 0.33889514508367585
0 0.6969973973081082 0.3264898939960811
0 0.8710846898424978 0.30557601992823497
0 0.7900672240599298 0.2782438000878032
0 0.7724974796741824 0.27369016183524575
0 0.6255431595230907 0.4239760800903919
0 0.7995876244854826 0.40038451961442534
0 0.5246717892115629 0.5047717034315863
0 0.6003076587548236 0.5015776890332625
0 0.6355753201472608 0.4963017381539866
0 0.7565277912948705 0.2677376726929213
0 0.7419370611508688 0.26129010591019436
0 0.731668642553096 0.2573778923152208
0 0.8829677044590817 0.27434449611591694
0 0.7524457689579026 0.24666807184867165
0 0.7733078958615975 0.24624418928509667
0 0.7925493626654903 0.2506594654141354
0 0.8092845723598818 0.2589020960721649
0 0.8176680265096673 0.2668121651608069
0 0.9007508286946937 0.2756966332427594
0 0.8033077314433166 0.27974698122809916
0 0.6449679614119389 0.3804687430210808
0 0.6508906390596543 0.3426611397613664
0 0.6114779715799581 0.3631453952368568
0 0.6532613157220027 0.48253783107805653
0 0.6169902556556187 0.48926353120670263
0 0.5344782006388475 0.49603847862959577
0 0.7172775102567069 0.47104095060284396
0 0.7353694202527719 0.251026585489428
0 0.6765711951356397 0.2796027692092233
0 0.564298629006253 0.505410324124729
0 0.8069988961964217 0.4093527934965299
0 0.5925444980713889 0.40406616762572645
0 0.5932220385295932 0.41031832513021155
0 0.5922525263536832 0.41801969101782943
0 0.5892656563706539 0.42693544394161853
0 0.583181057423982 0.44532651861174766
0 0.6230345594732067 0.41369879604721604
0 0.6293773814595701 0.41400936713405684
0 0.6352507195392239 0.4136863276571119
0 0.6629094408534247 0.41168916484221024
0 0.7683269079727463 0.400997918860919
0 0.6853752759941519 0.2643390685236421
0 0.7204198756801428 0.23549279328487835
0 0.7314722834760127 0.24215566753005446
0 0.6167632316235249 0.4129901758762969
0 0.7413364759477382 0.4361609139529263
0 0.7023167333522427 0.22807861313599498
0 0.5856756170590719 0.46300396298160074
0 0.6683665280100666 0.2673969554300068
0 0.6742524766217807 0.3082033488429895
0 0.5473593078585114 0.46174923871077744
0 0.6504452736568853 0.44977505801438616
0 0.6844145326171747 0.3620069856737174
0 0.6189920914827017 0.4591139960689705
0 0.7352006251801921 0.3745650457066982
0 0.6935137895089162 0.38283716780798777
0 0.7331772894295963 0.4036713922057165
0 0.542277108390623 0.4812573160277027
0 0.6788037416804189 0.32091640975294994
0 0.6598510767337139 0.4654882754765305
0 0.6225670395018179 0.4739622830175886
0 0.6803374718010174 0.43629837937715676
0 0.7738326455973372 0.42341144420519594
0 0.7041736514256474 0.445507367201546
0 0.7734800330697232 0.4367176645777139
0 0.6937842268481034 0.40722966578160347
0 0.6811920248506441 0.2939168226485159
0 0.653859144524683 0.3365570657393512
0 0.6606810289093211 0.34465779017667475
0 0.6542745685275597 0.3240475413345155
0 0.7483854188194757 0.22374910700554942
0 0.7891926871070379 0.2236396954590533
0 0.8203748806619443 0.23149584872382029
0 0.842415506578196 0.24274489859572979
0 0.8532677652463632 0.2559889193509473
0 0.8423316086394877 0.28845541158310173
0 0.8629356330960108 0.34708010232081266
0 0.8105570301727907 0.30715093701159585
0 0.7862219076116377 0.30522681960538656
0 0.7594703865956657 0.29621163269384904
0 0.7367358368660327 0.28443609223980193
0 0.7205211044866827 0.27367387891483574
0 0.7101447039012667 0.2644880202387561
0 0.8571162860101789 0.34549331464687316
0 0.65580757509304 0.3487790201057573
0 0.6689198064904676 0.293442169825236
0 0.6406006860833631 0.33274316169968504
0 0.6227062377245617 0.33663890734106217
0 0.6374198344186388 0.33513484373479996
0 0.6459145437816024 0.3516374412370997
0 0.6187746114871673 0.33690632299548773
0 0.612478579398449 0.3397570865995744
0 0.7191293978992896 0.25268283177490664
0 0.7053336825551866 0.25219115589847085
0 0.6964363319964348 0.2523760467517276
0 0.8216402751986991 0.2724908051871452
0 0.8409963738063216 0.2692555995548473
0 0.5462435514112062 0.19054204079450346
0 0.568444841018709 0.1977242177941886
0 0.5566871220300972 0.17574819630267574
0 0.5236272168058886 0.18318450926732616
0 0.5356799740077071 0.20520451172393242
0 0.7739446588206392 0.25862404812617795
0 0.7973652766223698 0.26577091225389005
0 0.7835157425594732 0.2445376566728624
0 0.7506337457568334 0.2513546066290858
0 0.7646534875475405 0.2727383226573634
