0 0.5769695160181626 0.4688666972561159
0 0.6225136486084565 0.43326632883669675
0 0.6111914296836957 0.44040769284618075
0 0.6553544667751893 0.39083830990653107
0 0.636093914994727 0.42359051345915033
0 0.6547709000499352 0.4097998191912969
0 0.7013694015534028 0.3746314103296701
0 0.6042644945175751 0.3034053659741429
0 0.7354126689226731 0.3495998885752498
0 0.752766747513543 0.33710484994926315
0 0.8170359027774438 0.2905778529635374
0 0.5722221923263177 0.47232759527970053
0 0.5674526286513909 0.47554874754902243
0 0.5643005301447018 0.4776847334443659
0 0.5634566587598427 0.4774060752512752
0 0.5588762839527234 0.48093797601219535
0 0.5529145342500313 0.48509740872659546
0 0.5465096985192403 0.48952836262575095
0 0.5370818642170533 0.4917748671942863
0 0.6162763578088387 0.4373757237757462
0 0.6010863748581513 0.426659715672334
0 0.5943970573337182 0.22729668955224147
0 0.6347063374908074 0.33615833045779797
0 0.6182952416331872 0.3286545008852862
0 0.6039773863942727 0.3198131382249404
0 0.5925198462994202 0.30260522075105406
0 0.6506452341766461 0.34119913122360257
0 0.6468986910970315 0.2960544310618138
0 0.6632366408796414 0.30677371904038003
0 0.6287000705690488 0.28911037122209865
0 0.6137620848806008 0.28708609787450323
0 0.5698895831794842 0.3001661875109742
0 0.46321271035982214 0.4685810070106949
0 0.6021166411430939 0.29724436976771423
0 0.530142337569724 0.26401389482012694
0 0.5600152542085751 0.2810573987122895
0 0.5607908410222634 0.37128117529378424
0 0.5602159914763077 0.45626166473696195
0 0.5503882658870324 0.46550658323626587
0 0.5368341137857541 0.44908907631601114
0 0.5192827997000321 0.4450565878895746
0 0.5345644247920617 0.4575672387212947
0 0.5209053498895272 0.45145853684432263
0 0.48664512161327445 0.434160186652688
0 0.6095928703637227 0.4248017582340517
0 0.6205577408166035 0.4140932282459909
0 0.5998254944772824 0.26686809465721034
0 0.6260601622254952 0.36589207802561746
0 0.5782536608369454 0.39779235368621524
0 0.5851408844084843 0.3913631948871889
0 0.5181268048675164 0.34089751390443335
0 0.6388875288159951 0.40180833778087643
0 0.6500377883405789 0.2809640534654044
0 0.623902548590432 0.2705430373333503
0 0.6303675663859948 0.22025586027598035
0 0.7056455132753953 0.3303320127120916
0 0.6732229707033738 0.31947224112092587
0 0.4861104120702847 0.4194003286353056
0 0.42868273381305777 0.36126783452388167
0 0.5823295382053956 0.41038130169761355
0 0.5909134638698205 0.42047332011271216
0 0.4956473973782166 0.4408084935900094
0 0.4994529118032559 0.4427290048072304
0 0.6237681773693665 0.2584117631009523
0 0.5724316653998002 0.4010855320139208
0 0.6780046788246735 0.30024117857649707
0 0.6859252792985543 0.29087111316081404
0 0.7200399604828461 0.23857506504957227
0 0.6260050093026265 0.23709564456257268
0 0.7031678972036942 0.26280896052502206
0 0.5966410604508027 0.25531049682826235
0 0.5939743858964547 0.24043897874113443
0 0.5543574881942376 0.4611732646606971
0 0.5353755322487458 0.45351853459209635
0 0.5199463856608971 0.4482799179959988
0 0.5837628809006318 0.41405953736840817
0 0.49756048295808875 0.44180137739665265
0 0.5031018150241479 0.44735641010861465
0 0.5015933332235917 0.4438270807698153
0 0.5929828626306161 0.41279361051493796
0 0.5218332824499711 0.45380015779232635
0 0.5344844800622567 0.4603539780862089
0 0.548633207121621 0.46836023205432337
0 0.5170406685413226 0.4792356158512226
0 0.5276214336247548 0.477895537580269
0 0.5346669447810753 0.4737512185305789
0 0.5415870812924012 0.470384807150433
0 0.5476303775997265 0.4680852735604065
0 0.5209048097224339 0.45358888135440106
0 0.5160154220850571 0.45343643275723944
0 0.5099101555736169 0.45372532416081085
0 0.5039283079297646 0.4547338988901912
0 0.5246604425103768 0.41575958849727246
0 0.47672975856972777 0.3034324971014175
0 0.6138213915021523 0.43878286893385043
0 0.5116115887851819 0.44891196305769077
0 0.5075955582053765 0.44809850154147635
0 0.5912645352275475 0.427160591966864
0 0.5704101924986943 0.40947852262120316
0 0.5910712671668633 0.42387987716474396
0 0.6022159946353539 0.36141481228928635
0 0.5683057946355446 0.3522898585036181
0 0.5771952686102494 0.39365189176970633
0 0.6711138603479966 0.2228015419365703
0 0.6615221691520318 0.24318803890027862
0 0.6551869404704674 0.26981410475960677
0 0.4924253937990769 0.44766093995692074
0 0.718238298335801 0.31510420834672626
0 0.7419925746710404 0.2864123852788538
0 0.7667367723972901 0.2607949072684067
0 0.5943362978489503 0.310616893072923
0 0.543471891918908 0.29650275063687476
0 0.6619920400173768 0.34384965081361757
0 0.5924300668032273 0.28152685380284337
0 0.6455809814126595 0.3665065298369829
0 0.5916622658462628 0.40051863839228946
0 0.514820516595374 0.2909550517257573
0 0.5447807354123696 0.311550083151762
0 0.5593298566730126 0.32835973194543866
0 0.5905163665504559 0.3442810199938823
0 0.61737176079465 0.35246144845217897
0 0.6388004129023656 0.35720965811523836
0 0.6833621305616006 0.3675237371977689
0 0.49028853003097617 0.31349434066509857
0 0.5805633967013463 0.27181042045138887
0 0.6083614756555661 0.43192782490581705
0 0.6133905616791352 0.3773895885417427
0 0.5303035122544869 0.2589622442273126
0 0.6573960003645524 0.3596792729112549
0 0.5758527112395867 0.3926362849879956
0 0.5942270350844964 0.2932846945696983
0 0.600694772341977 0.39311480565347534
0 0.4510089201123818 0.33003325544405676
0 0.6661906284482583 0.33985514334146527
0 0.6208940972776517 0.3961045036929241
0 0.42598614517761313 0.406482238592445
0 0.41374687154007994 0.4155464753292609
0 0.47664232600642287 0.3052309969629067
0 0.42607937056733214 0.3820804397481075
0 0.5638935794324978 0.2504661868231884
0 0.44778099332166754 0.4742029491758001
0 0.6075506103427514 0.43436298789321515
0 0.5897179437072381 0.37556996628426126
0 0.5445147496850594 0.27299246121791826
0 0.6144551006348237 0.3153079279522965
0 0.6263713729770287 0.3231548849439275
0 0.49858862582756125 0.4470717431842417
0 0.4684788179786309 0.3347315191682698
0 0.45894021216941916 0.5020820454194925
0 0.4278584947080716 0.4620924168738766
0 0.41924070615483366 0.4417475349661233
0 0.7851869431526765 0.3137381534645523
0 0.48946285668922507 0.5230864446232284
0 0.6399352294595345 0.3292853651919227
0 0.6537918937594994 0.33455117851279786
0 0.6621026252598866 0.3383784648300945
0 0.5720916209013566 0.26093453811346623
0 0.6619560164601906 0.32402032592158386
0 0.6523079243691071 0.3133575042736703
0 0.63954399947239 0.30571623481270194
0 0.6247750115783318 0.30036237652319064
0 0.6140119401009186 0.29844031720489694
0 0.5630852100641831 0.23957774912317595
0 0.6079174024255379 0.30878478105085483
0 0.6010861699671849 0.44774771233399707
0 0.5459566605479821 0.4198479397573333
0 0.5840759170444115 0.4091580132211464
0 0.5785299283654793 0.4349733595398889
0 0.7190658343227013 0.3613959464474001
0 0.42922819081855856 0.4310011158602825
0 0.4373261151106461 0.452219992660094
0 0.46686461243940436 0.49703261202228244
0 0.41664456997228705 0.3903661653183509
0 0.6656626989336117 0.33426535707237065
0 0.6509520490856274 0.37737527516657027
0 0.4985042480023011 0.5179516819940098
0 0.44017193887544714 0.4820802909308586
0 0.45396661434484564 0.3297188728507878
0 0.5333734122307404 0.4600586843663368
0 0.5271793347985848 0.4608892012333524
0 0.5204504360647305 0.4627769399380338
0 0.5134705086441144 0.4657945300357929
0 0.5016053100319012 0.46288047903689783
0 0.5095649888010129 0.446659659669883
0 0.5073537309856518 0.44438612893007806
0 0.5057942685873612 0.4421864085007405
0 0.5034097288937672 0.41563928267662076
0 0.4804394399018391 0.3537602658936943
0 0.6656419118137463 0.3664382034777731
0 0.6862043780477151 0.3410634493482286
0 0.6758595821650132 0.3351031552622284
0 0.5120206815393075 0.4489269980053971
0 0.44882923413230025 0.3742543034039546
0 0.6987855402023896 0.3508603577164636
0 0.4824980166943177 0.46525846724061
0 0.6706745927424534 0.3978107472260793
0 0.668332297840844 0.3795994109865548
0 0.68547314081503 0.38663663240014645
0 0.6183579755218133 0.3863392657991769
0 0.5106972535343274 0.5098620667189792
0 0.524839181938897 0.5001941230418026
0 0.5003157076628312 0.48468758176634275
0 0.4677546587975129 0.4277403951771017
0 0.5528472555072411 0.39150871638802515
0 0.4716986981423005 0.4465633100573567
0 0.5222555813582047 0.3674813743302788
0 0.5266540688665017 0.3920208229750827
0 0.48940433237863623 0.37431839216446533
0 0.48122290570450865 0.49089077028675354
0 0.6019811523349389 0.3858080047412195
0 0.44653557289553725 0.42514108099799225
0 0.4538146038742169 0.44718192075041757
0 0.4706542198748692 0.4093779222904772
0 0.4511576709539994 0.3532187191472537
0 0.45192310635162436 0.39724361745343695
0 0.4357017581553563 0.35427918150157167
0 0.498532280811797 0.397025046573169
0 0.6326543358357056 0.37728208735369256
0 0.5903680441172227 0.4083117267143899
0 0.5785078373940095 0.4042110431237497
0 0.6055850354225739 0.406414909315282
0 0.6854572710783585 0.32613854801309283
0 0.6684232321770295 0.3053535068596619
0 0.6477479268999203 0.2913202067864114
0 0.6266499129326447 0.282552483883025
0 0.6082130042107209 0.27908178559248
0 0.5787592944891556 0.28842744873701665
0 0.5011813533694848 0.2828830297010532
0 0.5728518408925637 0.3103751793935679
0 0.5842220974357232 0.32307700758826907
0 0.6048322473855122 0.3351196464745031
0 0.6271369015069111 0.34367384950535884
0 0.6459456873328789 0.34909604727358057
0 0.6599419382603272 0.3523059954893762
0 0.5030813259275063 0.2804158813711526
0 0.5757790995032891 0.4064656030656635
0 0.6376038682849511 0.3872561352192492
0 0.5999336210281953 0.41610166635634244
0 0.6019046907515629 0.424877588947614
0 0.5979734850318535 0.41714608356140664
0 0.5764883575232133 0.41149275955082715
0 0.6039722082407578 0.42804736525252246
0 0.602982230970393 0.43042131265004474
0 0.6707675946147545 0.34389707780834555
0 0.6747063067944153 0.3519725896202136
0 0.6764200148375138 0.35790121323172597
0 0.6073276517183884 0.29775132039102953
0 0.6016790312917336 0.2876103268801302
0 0.6822887999208077 0.40702848212010617
0 0.8176981103808983 0.43205104325560556
0 0.6329813231916531 0.44593205216570175
0 0.9235604298503503 0.42633844534124155
0 0.7648708117396935 0.4151666133084159
0 0.7780517456324204 0.4249897869168848
0 0.7926517543585404 0.4335017976337585
0 0.8198218983800515 0.43935836894788605
0 0.7555939075739487 0.4053964424824369
0 0.8213291508348092 0.4034677709358326
0 0.8033910957367524 0.39393779192713724
0 0.8340868544967278 0.4143227407897728
0 0.8391058636100396 0.42356616366600647
0 0.8246390340120896 0.45331035435631656
0 0.57583740029646 0.5354479529719421
0 0.8273196038992509 0.4329135192261226
0 0.8752228138239487 0.4723653532024743
0 0.8514980045349702 0.4568358528009359
0 0.716923121848832 0.46521527784458105
0 0.5981666040809258 0.47720387750777643
0 0.5848192800970181 0.4844617426827334
0 0.6120097642035588 0.4900471601581228
0 0.6201081169040307 0.49974680054878845
0 0.5988580365867718 0.49257809550002
0 0.6098722857625588 0.4996253402120825
0 0.627430268117915 0.5178625218678212
0 0.6361806397528752 0.4407857706149419
0 0.6515173805148705 0.4327052865123403
0 0.8678535935671433 0.4297409353480823
0 0.7195349973828896 0.4221830009550288
0 0.6783270281941994 0.4577332528820936
0 0.6870236438901528 0.4523197008647781
0 0.7646123883516892 0.48951117607994354
0 0.6680972133965596 0.4192664834900179
0 0.8411138323338135 0.399297344079916
0 0.8598171365649804 0.41493699580862903
0 0.9320610580237015 0.40323915051809256
0 0.7622250733168229 0.3689478721091713
0 0.7837579217941865 0.3887566649827404
0 0.6498346482606038 0.5167872475973074
0 0.7354542804153069 0.5451659606634707
0 0.658845250049363 0.45626334403304086
0 0.6429053289086922 0.45169403188038565
0 0.6300757830233678 0.5131015075721602
0 0.6264751968176469 0.5110168451632279
0 0.8768105325491532 0.41301365077927493
0 0.6734350514800652 0.4615152375637621
0 0.8094600406677827 0.3834451039632161
0 0.8223994267375573 0.3767504589497179
0 0.9012857643158539 0.3490589059673358
0 0.9089992013962372 0.40903177738621616
0 0.8672322523982628 0.3630340735333553
0 0.8839578000099763 0.42967216292585153
0 0.9056411502153977 0.42937904704308166
0 0.591224562862645 0.4815258083568103
0 0.6051362124474152 0.491580278761145
0 0.6150433053464993 0.4997854243586029
0 0.6530244467051133 0.455585748065209
0 0.6281784740479096 0.5120268105596736
0 0.6182766151816949 0.5093362108952757
0 0.6244467017443284 0.5098779937927274
0 0.6546778236718281 0.4499787621308064
0 0.6059153569133385 0.49918714889149735
0 0.5943545890243157 0.49286417933045956
0 0.5803769272954568 0.48574918551721435
0 0.5571799171359643 0.5032033691371697
0 0.5665552807242974 0.49931718938160635
0 0.5724062216670617 0.49441490430330887
0 0.5770663363130196 0.48972890731217206
0 0.5798143153281315 0.48553426185811777
0 0.6057378468306168 0.49905451074026635
0 0.6068423581512078 0.5024235460205354
0 0.6069674533994301 0.5062419504359148
0 0.6057969858141049 0.5100560254160909
0 0.6536320788056954 0.49255022968071094
0 0.8183971983583077 0.5093199164755102
0 0.6144759622604951 0.5040538801231246
0 0.6165171978266343 0.5066299727861432
0 0.6328794365019902 0.45217984698820807
0 0.6604286846907242 0.46342968757169833
0 0.6377603304774865 0.45198444514602854
0 0.7279645097644433 0.43708499564208847
0 0.7442439538629159 0.4583748489402343
0 0.6838782695324525 0.45747325061887933
0 0.926944744327794 0.3782693035360696
0 0.898156259694825 0.3874128082956093
0 0.8566214335353478 0.3940501210914142
0 0.6062486213834389 0.5153762453060219
0 0.7832499412090882 0.35853031952527986
0 0.8295731810124024 0.34000575520854065
0 0.8654521969349488 0.3210912399749825
0 0.8074206677467927 0.43894127378429193
0 0.832657497862111 0.4700443298704382
0 0.750548188129197 0.39846110711063165
0 0.8489418965966805 0.43642314307499624
0 0.7172420066983803 0.4096930789342825
0 0.6732843262345894 0.4495909234535867
0 0.8378949207456216 0.48598082342009613
0 0.8115970161945923 0.47137774343507877
0 0.7860052404196366 0.4643341459441876
0 0.7588494015128716 0.4459450142323107
0 0.7433297303707703 0.4291591642127521
0 0.733601134756337 0.41560063262780506
0 0.713275615611802 0.3856311801119127
0 0.8063277420790299 0.5041601218391156
0 0.8626933959515198 0.4425453055596006
0 0.6249738675744637 0.44196293092724204
0 0.703865830341111 0.4317891255453013
0 0.880989041665326 0.4703575973061548
0 0.7279841047914132 0.4037793853144715
0 0.6847781879098519 0.4578006083982578
0 0.8330793124826058 0.4371716630631599
0 0.6832387116940125 0.44267657928276755
0 0.7805823353321656 0.5282760992430259
0 0.7558400747568711 0.3952250773276108
0 0.6775584262998208 0.43014569818109705
0 0.6699503218026265 0.5519226609148841
0 0.6558528361113175 0.5593739337679269
0 0.8180365530045136 0.5110507721918217
0 0.7061078218014344 0.5497032349956208
0 0.8928845641405686 0.4495542675688647
0 0.5677074012549027 0.5453064705150715
0 0.6210389179380044 0.4424791307984919
0 0.7083377805740937 0.4468350936321245
0 0.863371063509713 0.4658349643366924
0 0.7984208879263505 0.4262245155978894
0 0.7854529661328896 0.41904250737549603
0 0.6192299355955228 0.5121186208249866
0 0.7757182610423669 0.5197693100873975
0 0.5236460832150086 0.5403224247089331
0 0.5856253397853478 0.5552616525387418
0 0.6165657011063203 0.5584460177283356
0 0.7747210008294686 0.41076601793368656
0 0.7651397404463395 0.4024010768187219
0 0.7584943068416222 0.3976127214837765
0 0.8777523604424103 0.4457902041250381
0 0.7792296079189881 0.3966071642395379
0 0.7957976875097855 0.401620728922063
0 0.8089113799126252 0.40897649181061896
0 0.8191825268061265 0.4180319909600244
0 0.8236551475913628 0.4249692680179209
0 0.90758768890215 0.44753856125517166
0 0.8089857739598855 0.43001940986816434
0 0.646611545720826 0.4798373023884884
0 0.6607119557650193 0.45517883363409317
0 0.6222500098140343 0.4611070898995883
0 0.6331243743391141 0.5521200044431548
0 0.6009064619631871 0.5492746996274893
0 0.5323453252406224 0.5359105990416762
0 0.6931047332675561 0.5554259611644606
0 0.7640546378882035 0.39511733998854953
0 0.7015800294668778 0.40788508055434713
0 0.5549012688191041 0.5498978759067646
0 0.782695692518483 0.5276142991539361
0 0.5940388706715211 0.4926848619960357
0 0.5937001859040364 0.496911886377611
0 0.5913821985216244 0.5013345225133757
0 0.587242898085843 0.506158615368
0 0.5827580210955247 0.5111906785463941
0 0.6187475663812264 0.5055337335536445
0 0.6226422828824624 0.5065552441106327
0 0.6262491834552392 0.5071956331747166
0 0.6547792447002038 0.5056911938000417
0 0.7474109721572503 0.5143884518656178
0 0.7159063038618668 0.3968245806037516
0 0.7509147939474686 0.38232873941677203
0 0.7609102693588837 0.3883992897859518
0 0.6146361497433289 0.5042255356691886
0 0.717559997478257 0.5352325570108234
0 0.7349437293799027 0.3755618977913822
0 0.5799702001006707 0.5231587593106256
0 0.6972842109592065 0.3970225013900494
0 0.6908943322689637 0.43004874507154245
0 0.5497568291814431 0.5140985633799995
0 0.6373794567973717 0.5287809638657431
0 0.6877814051897629 0.4722309570381607
0 0.6087899771721467 0.5280093535564948
0 0.7251599994690522 0.4895531322429146
0 0.6883729440362557 0.4889387460290522
0 0.7165554729492768 0.5107304727037748
0 0.5413527977855309 0.5266172958240993
0 0.6928148684294327 0.44031134323365445
0 0.6418372323007687 0.5413039207890413
0 0.6084095877797707 0.5389367430538371
0 0.6649533291549786 0.5254371705046599
0 0.7485357490570649 0.5318876878506895
0 0.6834807810576066 0.5355825590482657
0 0.7468111631662949 0.5411530465319536
0 0.6821991694362267 0.5070439192695894
0 0.7027118844182595 0.4195223399910374
0 0.6617909488470658 0.4513138549915258
0 0.6686807801218136 0.4582842456689779
0 0.6638232064635857 0.44141637253156607
0 0.7718830374271973 0.3813862869704979
0 0.8041312736661538 0.3902747223990551
0 0.8277863455207451 0.4021895642297855
0 0.8436065358312234 0.4147518796549327
0 0.8508962956459626 0.4261852358130441
0 0.8402967644126519 0.4460524104643559
0 0.8494058815033539 0.49298884082531585
0 0.8098180783183678 0.4528575479120448
0 0.7900101510079011 0.44692895053953363
0 0.7700370815785035 0.4348782693994218
0 0.7546042469532593 0.42123370012943295
0 0.7443959084541901 0.40961339108753897
0 0.7381757912428483 0.4008461011276729
0 0.8506196555883988 0.4899066765455232
0 0.6651653913052186 0.45997605775145517
0 0.6886181798966035 0.41795642263647437
0 0.6496929940970048 0.4460213959648989
0 0.6356681329400643 0.4453177709078443
0 0.6478145350904568 0.4472222763343134
0 0.6572679621369942 0.45986535540525464
0 0.6310259741933449 0.44440412888492364
0 0.6272366461546525 0.4449940603496372
0 0.7492698920161828 0.39274289405000384
0 0.7368123722465142 0.3911098310912865
0 0.7281309184820756 0.390986166678477
0 0.8257412356526955 0.4294790963547817
0 0.8400297356040581 0.4315291757600895
0 0.6339471792073353 0.31302252406443376
0 0.6496666376681431 0.32203820552946866
0 0.6456337687761887 0.30376651958710904
0 0.6180166271717652 0.30380673085649806
0 0.6220834893376931 0.3221987226195093
0 0.7995973346026047 0.4134078917727954
0 0.8149861362965211 0.4225627842588701
0 0.8115088385732278 0.4040652329938999
0 0.7843133625776871 0.40409435828526813
0 0.7877426413090333 0.4226799676383751
