0 0.4257910075569958 0.3491877558533973
0 0.38080417808098127 0.309190420210715
0 0.3912390940803013 0.32143167916283205
0 0.30778491006621833 0.27454248894434663
0 0.3663689076648986 0.2966573598263244
0 0.34478990236918133 0.27964392505930835
0 0.2882451381109938 0.23655256038600156
0 0.10642316233256698 0.29146912301562433
0 0.2412464802275227 0.19878634888223623
0 0.22027169626976367 0.18116277788598908
0 0.14655483322304513 0.1218753319900938
0 0.4324658865164101 0.3538182542558808
0 0.4397788281682171 0.359147906161995
0 0.44506781614279445 0.36300378245956677
0 0.4561896241163906 0.37105059256050227
0 0.4650563507140437 0.3772032640582726
0 0.47547813860172966 0.3848413580394442
0 0.48564691860464554 0.39240096677381936
0 0.48411855114160207 0.3997401505319815
0 0.38671219298608195 0.31532735268840584
0 0.36349549223099076 0.3235636081276981
0 -0.033121352708792386 0.2667940906641181
0 0.18810255328814188 0.2783011505612275
0 0.16683400959908207 0.2881842583665361
0 0.14402353273162358 0.2960926175541725
0 0.10332002317855127 0.2986888476113832
0 0.2039431515876754 0.2684156556712068
0 0.10292703680348296 0.25284824337399303
0 0.13334073245776856 0.24456968931823722
0 0.08023721092863928 0.2644084224638707
0 0.07086395802377146 0.2757001725662928
0 0.09649141767859962 0.31326564598479445
0 0.41561205326756345 0.4460735697197603
0 0.09231040585896134 0.29020580433724474
0 0.021223504709292063 0.3264363465360051
0 0.05782509931532139 0.31161921332598014
0 0.24257212776675002 0.33971249852174823
0 0.3971404355286546 0.35806338275171823
0 0.41786133639420137 0.36860112886553276
0 0.3801320552322935 0.3743834349891328
0 0.3730719391303726 0.38668717785096535
0 0.4019852192593023 0.37821436493987853
0 0.39193116436527753 0.3864835936262373
0 0.351166955529386 0.4157537640484485
0 0.36148149403841684 0.316031752532063
0 0.34426663771963323 0.3054002543219751
0 0.025908818350562565 0.2749486868208979
0 0.24790493081390605 0.2896578503531776
0 0.30087985154948654 0.33263195932689227
0 0.2895729736688268 0.32621332462147884
0 0.17078248974140184 0.3632544525860326
0 0.32468438173648173 0.2891375970444504
0 0.062972030181925 0.24319947646181778
0 0.0354935067866925 0.2585290065863803
0 -0.03869460076722415 0.23842471682445576
0 0.18405885786949833 0.2177547404491746
0 0.16489659205770693 0.24222822153271306
0 0.3208625696379424 0.41007919151729255
0 0.17850927687898466 0.4290360542520227
0 0.3264036538228707 0.3332108667171157
0 0.34931975728851833 0.3300095500329494
0 0.37196564045636465 0.40279787488962265
0 0.3778161104721359 0.4001797675945015
0 0.012931424731443703 0.25383500123787606
0 0.3060988776291473 0.3382298828302612
0 0.10987315713604794 0.22901957682726082
0 0.09273582960985884 0.22007166847922482
0 0.017563259551293738 0.17899888559451166
0 -0.009242995127343931 0.24599922516450623
0 0.06006557566707144 0.198797392427992
0 0.005262838888771926 0.2728856160688796
0 -0.010151132249630957 0.27030305272743793
0 0.4072717639464366 0.3638765898180743
0 0.3910825778160417 0.37661564774360523
0 0.38206673775041156 0.38682413355735695
0 0.33458151922950263 0.33344149582468036
0 0.3750526065061867 0.40149334621033494
0 0.38631984478310694 0.4014454733575932
0 0.3807965200158614 0.39881031545738593
0 0.3331656888567446 0.32515870534935315
0 0.3990415319611755 0.38590222045620143
0 0.40984341514764455 0.37882766208897567
0 0.4252088852069549 0.3710893892449982
0 0.452778831312928 0.4103298616437584
0 0.454422470889514 0.40295704884602646
0 0.44648069269043483 0.39477359781910093
0 0.43913675410838066 0.3860147544497697
0 0.4347801173286599 0.3790585010501414
0 0.40362484746844457 0.39044232442002846
0 0.4013332991157403 0.39531816791385094
0 0.39943406249903424 0.401458903988061
0 0.399040984956524 0.4074818597286763
0 0.3235896066271303 0.3786028564188404
0 0.0774434211384898 0.37684748350937597
0 0.38883719665591726 0.3182186893721068
0 0.3934754314301889 0.39408582887332777
0 0.38990115716990537 0.3976009816178789
0 0.36213607627128247 0.33210262984991923
0 0.3221632372980882 0.3426718802355928
0 0.35592228576603824 0.33107922630095116
0 0.2324948069415515 0.3059746236280756
0 0.20598679743235623 0.3290050595397768
0 0.2922226824337923 0.3328775405035324
0 -0.025096575670604464 0.20991985625360926
0 0.01081836399649769 0.22245536930196225
0 0.042183428374020865 0.23572272055231097
0 0.38152571368318067 0.4172770913385412
0 0.15484306593484518 0.2032583160049692
0 0.1181931525846071 0.17735233489304675
0 0.07386570074890234 0.15100976647996958
0 0.12117881337298622 0.3002395083330139
0 0.0848189036554425 0.3306666803529678
0 0.21304138878729775 0.2609217311139633
0 0.05747355765934232 0.2886490316294832
0 0.2550530781977287 0.27552237410279495
0 0.3093987014223252 0.3231441370108798
0 0.06975550779813453 0.34829957671861206
0 0.11278792612160309 0.3356819453329944
0 0.14965935812217776 0.33083031369839416
0 0.19191178427969857 0.3124381145407155
0 0.2175611423540719 0.2950588000202518
0 0.23419938283630565 0.28068495631076545
0 0.2692890018853457 0.24787147341391086
0 0.10731826251066184 0.37397951927049305
0 0.03807699152185947 0.2924071161489611
0 0.3749212524558924 0.3193584567428625
0 0.26791523617028185 0.3020725533065705
0 0.009277597761355371 0.32439171666917993
0 0.24423527717590332 0.26769095249164715
0 0.28931653788824124 0.33387274497485814
0 0.08276781854750234 0.29373871594278556
0 0.2966902699903094 0.3150341872077254
0 0.12201481881523937 0.4034041157113841
0 0.20697855333235696 0.25620131044342564
0 0.308366831847887 0.3008531464942127
0 0.2776607986743943 0.44828440363862476
0 0.2887201751837751 0.4579305080332366
0 0.08453869140600856 0.37902547533967457
0 0.22669380437975695 0.43943618886694225
0 0.0028735225713705714 0.2968317744005052
0 0.42398764262219524 0.45897009654118637
0 0.3792741696039836 0.32128719495850244
0 0.258060491537746 0.31912171564916697
0 0.04235949093782449 0.3194624129704875
0 0.13556146194160237 0.2880788069320036
0 0.1563116275560001 0.28131359900444003
0 0.38336853588683695 0.4053729884282267
0 0.14339416741318844 0.3958199278739848
0 0.48478673555679963 0.4606547487870937
0 0.391124697174201 0.4659084599213244
0 0.34594415511763044 0.4636652823161966
0 0.18448719897853674 0.1522929819028997
0 0.5353178218447207 0.4450975668529316
0 0.17432810095795095 0.27292375696087223
0 0.19055687199162027 0.26437718050901293
0 0.20202531681282107 0.25921522786184564
0 0.018557294637342042 0.294145149904638
0 0.17239934432355664 0.2540673616376494
0 0.14588258273993868 0.2569932192387247
0 0.12358590734155872 0.2635732313633531
0 0.10551637448842012 0.27298162409136445
0 0.09748950059906843 0.2808974068501383
0 -0.017859995868135605 0.29418305471132944
0 0.11935010388933656 0.29086529551027507
0 0.40339729353345394 0.33112925015310374
0 0.33668861761374813 0.3637987865954814
0 0.32407261173433394 0.3312272255530985
0 0.37415938437739504 0.343856503813575
0 0.2637180512464499 0.21749866659248143
0 0.32892162563428595 0.45456096745612073
0 0.3747800887888494 0.4572308561273034
0 0.4767191098209172 0.4536683813957133
0 0.23554929914856762 0.4471729140406119
0 0.19515519365982667 0.25488434793827514
0 0.2793766610984561 0.27440626772555876
0 0.52825905502094 0.4379241674396067
0 0.437442644235957 0.4660675289509277
0 0.12609177211668923 0.4027223800566414
0 0.41731316479952524 0.38543647662034947
0 0.41739160526653885 0.3919160475651706
0 0.4196349807429414 0.39979004322563344
0 0.42428342627070625 0.4077289885756243
0 0.4157015432285357 0.41625043505875664
0 0.3847241592809621 0.3934858049644977
0 0.3772417555881452 0.3949754245199201
0 0.3702911862844153 0.39583257155344864
0 0.3184418187865728 0.39478018197583414
0 0.1865089646371608 0.3939390625110866
0 0.2612326262117941 0.2607414931023531
0 0.212270640999959 0.240066781905198
0 0.19905303940491334 0.24656506916806367
0 0.39087241862896627 0.39196570417352133
0 0.21936009478468432 0.42191695445797195
0 0.23403827173297415 0.23256153836934734
0 0.4135292783568177 0.4309040398501558
0 0.32576533586164064 0.2651479465540052
0 0.28938976357757795 0.26223890347271483
0 0.30802814480121626 0.25158345572040597
0 0.28740725461943745 0.3007467507184754
0 0.5154525091879478 0.4264168976888962
0 0.4986975379131011 0.41223218453736493
0 0.45913622877265836 0.42489989223853547
0 0.33286035086032206 0.4269634613928563
0 0.2814379022594243 0.35087390330621215
0 0.37183731316514157 0.4316061575359014
0 0.22595474639522375 0.36768947235912897
0 0.27674901485443115 0.37074281602284803
0 0.23167306008721203 0.3936674857196152
0 0.4674987264826328 0.44110743671408187
0 0.2817334671060747 0.3127062812111697
0 0.3223256247456064 0.4414826811844768
0 0.36879253940743234 0.4447329724527904
0 0.2967508598721983 0.41810926579354357
0 0.17628774512166212 0.41318903826309694
0 0.26743821164726705 0.4280176609577799
0 0.17114513559180472 0.4232436489238716
0 0.2803661195789208 0.39316310258946807
0 0.27326286304349134 0.28791150114855873
0 0.3239304269919416 0.3259069645956318
0 0.31337826966233395 0.33402913837104786
0 0.3248920976361142 0.3141889231343569
0 0.17670682361860315 0.2342085350097145
0 0.12557594673040043 0.23934265582304126
0 0.08807680865883324 0.25011289349512983
0 0.06305641476615069 0.2628885052947953
0 0.052106019816821135 0.27562732713502497
0 0.07265725807298588 0.30165874823698086
0 0.049147472225664034 0.3538965296490761
0 0.11648458355589758 0.31515000016381023
0 0.14647945598207948 0.31085521505962205
0 0.17740706250637392 0.29938823720031504
0 0.20235561645483668 0.2856228902388015
0 0.2195844578592083 0.2735412511819905
0 0.23026421314050377 0.26413737030640194
0 0.041485140469506826 0.35052163780513323
0 0.31752999849963287 0.33709305340992035
0 0.2951136020165456 0.28670927609978764
0 0.342194474699125 0.32057429604400234
0 0.36019676244711574 0.3219765115745834
0 0.34353310448207935 0.32242276525723695
0 0.3279106881045088 0.33841914454671695
0 0.36662891720920676 0.32140696890130727
0 0.371049188863376 0.3233603649150717
0 0.21609349240733602 0.25394197411101627
0 0.2335319095271549 0.25276180992205655
0 0.24535134899968336 0.2528012886307559
0 0.09421363560962275 0.2860785873335027
0 0.07003003119919371 0.28543134636443424
0 0.3471353489135388 0.2590734455226296
0 0.43339057964614675 0.16084481781063556
0 0.4055063976014214 0.3067540723658117
0 0.43183161638960055 0.0856286048323517
0 0.38758798389998167 0.20027093195123322
0 0.4100378570677359 0.19234902409047844
0 0.42969771477743546 0.18301501134819267
0 0.44531921948058695 0.1619159237062945
0 0.36640891193840575 0.2048521934525681
0 0.37168200031111515 0.1468622199086249
0 0.3483137792675807 0.15959403788491924
0 0.3976312081019084 0.1388518325233233
0 0.41822746484088497 0.13774890757540367
0 0.4700716175610506 0.16442030346549136
0 0.5763906507049432 0.38121401231342644
0 0.4346307850588223 0.15283979480801105
0 0.5086074753149652 0.13532833809813005
0 0.4767528053074446 0.14380627930659276
0 0.46809550855733173 0.2510046794886832
0 0.44838849904667977 0.3364608169733276
0 0.461425734974664 0.35035860778880995
0 0.4810362893317822 0.3317873510460271
0 0.5042747244050231 0.3316511560589393
0 0.4819434418456967 0.34460861911977314
0 0.49883582068898 0.3416829713722989
0 0.5488348173189767 0.3365132803735925
0 0.39809747486677854 0.30156247789749474
0 0.38814282895140506 0.2881639550306336
0 0.42920770801069363 0.11507328163969417
0 0.38472299233770574 0.23588828192769704
0 0.44089048748780907 0.27738532321450265
0 0.4335835264201909 0.26952845685422633
0 0.5273272508307348 0.22289021219505817
0 0.36680399516463785 0.27255126681899117
0 0.369689116498086 0.12258573889308129
0 0.4019293883178808 0.11425432796155854
0 0.3925676589776695 0.07065615372584243
0 0.28807642364300756 0.1741789287378214
0 0.3345693027922876 0.17502467809764233
0 0.5494534795797323 0.3184607292692291
0 0.6041523037077505 0.2592812005876788
0 0.4320421767134204 0.2913303573219236
0 0.4194181116321419 0.3022335372502835
0 0.5332759264149244 0.3361722158084702
0 0.5268531801328378 0.3384605906329262
0 0.3997526380080211 0.10127059385304207
0 0.44633635639641356 0.2829560969082345
0 0.3316511059109169 0.1404109529682467
0 0.32179160233791365 0.12842362998926202
0 0.28446703168410287 0.0756676806886001
0 0.39934431726922465 0.0847592994058118
0 0.30378138302247737 0.1025460315768829
0 0.4298225777058662 0.1040726378294921
0 0.4356157216341687 0.09507732879931675
0 0.4561127881963545 0.34340899100931516
0 0.48214926146253756 0.338355191661794
0 0.5020673053677072 0.33648717983196075
0 0.42909994809436397 0.2958857543669279
0 0.5300339757138667 0.3373950852052456
0 0.5277115762988224 0.34326631679229463
0 0.5235447501331442 0.3395952952855564
0 0.41907926048407573 0.29111321130822704
0 0.495612103476303 0.3452589554294573
0 0.48064704082183196 0.34896838014518944
0 0.46365054875989503 0.35494141696045267
0 0.5111899572082713 0.3869477897917814
0 0.511972246793755 0.37979259517834846
0 0.4998845380066819 0.3730356502363266
0 0.48642173245989323 0.36656539154505247
0 0.47508870775689555 0.3623871276528527
0 0.5027702428117583 0.34931503206244
0 0.5126273395642953 0.3495269317361101
0 0.5245545571866418 0.35043662086500393
0 0.535620278949979 0.35211398069827443
0 0.5029680396937117 0.3071925352335259
0 0.5578388420841361 0.1880244135432396
0 0.511687002101528 0.34499490713592385
0 0.5195040632400835 0.3440271147912366
0 0.4187737766197462 0.3098813107288039
0 0.4470012952506794 0.29342327974869264
0 0.41904833648778217 0.3062529157347809
0 0.41570679447318937 0.23406138828782141
0 0.46233044420113545 0.22836918805417641
0 0.44219684399632964 0.2738964546334843
0 0.34621149452426764 0.06567811152830384
0 0.3572178115824607 0.0854308571609031
0 0.3629277743367706 0.10916486661770732
0 0.5424280800396883 0.35255037126167815
0 0.2727510854916231 0.15382434920908294
0 0.24927492219687514 0.1258622487456773
0 0.22021781631159884 0.09449733279353784
0 0.44326496174566854 0.1722872296827685
0 0.5009029877336719 0.16441802130757985
0 0.35135042088947216 0.2067582937109937
0 0.4418153994194063 0.135143575118247
0 0.3604428051393243 0.23397374817767885
0 0.42474181616859596 0.2776474303622263
0 0.5324296372852245 0.16665246375656353
0 0.5030918450798163 0.1811288602977178
0 0.4859788045601503 0.19858941439349173
0 0.44372236703518575 0.21392903060675517
0 0.407008764110034 0.22104183479277406
0 0.37797488768895465 0.22461802870353345
0 0.3130397831840354 0.23053900870988378
0 0.5601438102842886 0.1958025192238682
0 0.45243341610904486 0.1269585239576134
0 0.3971822631509998 0.31049985421792753
0 0.3990130877193016 0.25051422539130647
0 0.5014897049227848 0.13176347628182788
0 0.35357425006633064 0.22503007624921426
0 0.44285208263477693 0.2735559671657648
0 0.4428493111445431 0.14939872038463398
0 0.4147868055834549 0.26861475427521225
0 0.583532051698065 0.2209754685914389
0 0.3449520710148389 0.2018631830334239
0 0.3900812311011528 0.26875150012800275
0 0.613732032635041 0.31316066672086434
0 0.6193149079753377 0.32443518259629944
0 0.5680681572684759 0.18851057875764468
0 0.6134122172488442 0.2844450082077533
0 0.4706185492785168 0.1135530365743671
0 0.5924887058604116 0.3908519324175969
0 0.39696739972392214 0.31426129639502237
0 0.42905265042550456 0.2519827546598224
0 0.4921390250765322 0.13787106860292056
0 0.41979248161557353 0.17568565136173017
0 0.40237461363715965 0.18462525737667423
0 0.5356202060160254 0.34288296672655877
0 0.579727597880464 0.22329689535806188
0 0.5760399113224528 0.42387557058006275
0 0.607999752090953 0.378005140899622
0 0.6147916171118177 0.35471467014450764
0 0.38302071386248754 0.19133999551318295
0 0.36373963864040776 0.19666791612708837
0 0.3516755969212528 0.20053575407992055
0 0.45855921179936404 0.11782796428155504
0 0.35039965387135114 0.18350334067785867
0 0.36355402172869267 0.17097379534128582
0 0.3823269660965803 0.16136103143754238
0 0.4037548887075754 0.15485334011017923
0 0.41888875699747463 0.15298425278064054
0 0.4665252040710127 0.10509013924593037
0 0.42907132151760635 0.16771514927647999
0 0.4766531045929792 0.30839478651399715
0 0.43041027950335153 0.28911477546533515
0 0.43459734484113216 0.3200461732252354
0 0.6099415092025628 0.34134298230688204
0 0.6018890172620363 0.3654745987584441
0 0.569990769217286 0.4160494477723417
0 0.6156506332164072 0.2943545051033952
0 0.34565314864307517 0.19531996086823133
0 0.3536549879528802 0.2451670244778037
0 0.5972872859315027 0.4013784251320546
0 0.5890000925285404 0.21939054926943524
0 0.49058232277254515 0.355065046963177
0 0.5024004676673985 0.3570339459117197
0 0.5159756644365656 0.36067181054949055
0 0.529148557518102 0.3655548415291493
0 0.5311658377385844 0.36970763444052046
0 0.5130039705002861 0.3399551679796737
0 0.5177350866643688 0.33642564026344995
0 0.521367161082819 0.3328892660734917
0 0.5282174097334785 0.3109150757993243
0 0.5664233507486335 0.24344769392432125
0 0.33553775629413785 0.2314800840679861
0 0.31617663605806695 0.19815750945081065
0 0.3312529229916601 0.19411001058377123
0 0.5083213918822728 0.34282266004795425
0 0.59417566820539 0.27224275579373325
0 0.29722385479428093 0.20646605945566796
0 0.5535187087481535 0.374427635403856
0 0.33165012130254434 0.24558620704592052
0 0.3932302639454226 0.2592477289383098
0 0.5315242351861945 0.395760565536585
0 0.570840996780476 0.33163347589305003
0 0.47252522515848216 0.2756599331382896
0 0.5661843461829399 0.3533883691541099
0 0.5173970377897914 0.252533174423702
0 0.5059034854550905 0.28018694748375056
0 0.5536494063928661 0.26584392602191986
0 0.5544681629551111 0.4061256546001276
0 0.4124919752028421 0.26133215229423584
0 0.5946966354354022 0.3320430576589184
0 0.5863155031003027 0.3570510227485059
0 0.5689761120558791 0.30928732011100435
0 0.5934471309436524 0.24735634840255954
0 0.5907153532474856 0.29858077300683744
0 0.6048709948857626 0.25049800108477455
0 0.5379672935743373 0.29078764967788295
0 0.3757288865902253 0.24760376579820897
0 0.4239473101458972 0.2862919297506801
0 0.43888338155384304 0.28441749115431436
0 0.40696660828489795 0.2817950293969712
0 0.3175128225535783 0.1773173942684703
0 0.34250466280345676 0.15310171833383374
0 0.3726416652715659 0.13780000692726171
0 0.40087472688296677 0.1293801427028923
0 0.4237382085011478 0.12809573373760616
0 0.457737866081769 0.14761623701308263
0 0.5418534334198835 0.16037687051197247
0 0.46852756929799977 0.17556465764486917
0 0.453366131973669 0.18977346461297212
0 0.4256021815513257 0.20187241659187055
0 0.3952309152245019 0.21004561102404432
0 0.36997826315682647 0.21462844642738713
0 0.35112950394425213 0.21666674133863031
0 0.5297230582699997 0.15931754264967296
0 0.44103464144694654 0.2882225304170294
0 0.3697570544757923 0.25735025890922775
0 0.4107323706401551 0.2933771644198597
0 0.40517874181522096 0.3040224605042174
0 0.41189530252907347 0.29526978158441725
0 0.43884596643568596 0.2944642060733492
0 0.40285076295273214 0.3069520954701117
0 0.4026676622624136 0.31065866093052946
0 0.3387608900351866 0.20572818796264178
0 0.3311373226753267 0.2141658766272512
0 0.3281406853269424 0.22018691745375682
0 0.4278781220379761 0.15272525408938262
0 0.43352718494109466 0.1402940776283065
0 0.13918994436284157 0.27118666754640014
0 0.16426713557182987 0.26151690215826884
0 0.12382144754446006 0.2594404794708831
0 0.11387197993978669 0.28081889537164184
0 0.15431774090111003 0.2829659600274843
0 0.3820867581206535 0.17628898046477692
0 0.40846656797304437 0.16541481279676354
0 0.36493732355817965 0.1639420208769761
0 0.3554184944820806 0.18713778207876222
0 0.39933520052503435 0.1884279882497776
