0 0.3928035726770759 0.602731884084642
0 0.40076633761636915 0.5328871391713619
0 0.40155610125511887 0.5451806291937829
0 0.395297972811386 0.4774349249899387
0 0.4031234296038747 0.5177330430597067
0 0.40768692092970016 0.49676471799612043
0 0.420560534670949 0.44173527639359234
0 0.2952126419171691 0.40684733148664237
0 0.4278869429603219 0.4078142521902919
0 0.4311606081668288 0.38878649901598694
0 0.44746029572561385 0.3101528033614159
0 0.3922020812518895 0.6102474503219127
0 0.39144020979292693 0.6178432151675224
0 0.39085701676085594 0.6228159070014954
0 0.39074775679036977 0.6314519472420216
0 0.3908160052727908 0.6390580346807837
0 0.3902948520611972 0.6483049985021353
0 0.3895797483623028 0.6573678949847818
0 0.386147606279701 0.6531973782926798
0 0.4007199754472822 0.5404294004663825
0 0.38125928337685766 0.5354655565693974
0 0.23504108269698917 0.3376063259318471
0 0.3431431689299643 0.42547473441809414
0 0.32835741210728886 0.42550853807479144
0 0.31239027795381846 0.4235267136245966
0 0.28851005595643076 0.40946229388937355
0 0.3545291061513126 0.42344572097063066
0 0.32097512586042287 0.3833209317177534
0 0.33777186516672375 0.38744626343250277
0 0.3036335998680443 0.3826898166909814
0 0.29148065890185537 0.38607139233499765
0 0.27622956442646684 0.4186654528602958
0 0.31269643674604597 0.6577653337270022
0 0.28737801252864303 0.40011501563712953
0 0.22034262153320014 0.4035622891038656
0 0.25592973581515255 0.4033242266625166
0 0.31253118962049486 0.4960122652351856
0 0.36703079296275976 0.5962739866226912
0 0.3692450077272952 0.6147493487223983
0 0.3413563222624362 0.6001859091222286
0 0.3261798253282905 0.6056563541293144
0 0.35074712624773385 0.6140158396214247
0 0.3374549738131464 0.615067382901907
0 0.29906894636806103 0.6016070617362856
0 0.38454773705452683 0.5299424020573497
0 0.38413319187238815 0.514935053139925
0 0.26891788220964374 0.36911713806912305
0 0.3589007841423154 0.462843050993979
0 0.3403618599753827 0.5129534933716059
0 0.34153337832540276 0.5034615097567439
0 0.2617130108177662 0.4829652637243271
0 0.38971164342947306 0.49525860249996184
0 0.310630262689665 0.36189724039286375
0 0.2866650615818799 0.36239032382145525
0 0.2548588820267469 0.3162894337438047
0 0.37961727948859336 0.3867397140711546
0 0.3516723416745663 0.39493335746228697
0 0.28739477435592564 0.5828897047787904
0 0.21755195278674364 0.5554790606722235
0 0.35314529212191703 0.5240259680896997
0 0.3680694958660752 0.5318741260096431
0 0.3111306683626026 0.6179557049646973
0 0.3177483376115561 0.6188823183998465
0 0.27729183840565386 0.3509453471750021
0 0.3388527027331293 0.5179701602086425
0 0.3406302832067013 0.36886181458830836
0 0.33818974867463114 0.3573954554274678
0 0.3347519907169044 0.29861254123970865
0 0.2659965819679201 0.33863117415457966
0 0.34056732300668957 0.33187218215316533
0 0.2575500249862671 0.35969805540516975
0 0.2462610552087426 0.3549325716681778
0 0.3676377910654992 0.6063379855826497
0 0.345928861387074 0.6074383815750479
0 0.33161934637464585 0.6105393566191196
0 0.3571373681537807 0.5273556660860776
0 0.31469487710855903 0.6186111329123378
0 0.32173927486874165 0.6228177597746253
0 0.32038606735877695 0.6189314736053347
0 0.3637716978322715 0.5239089030772448
0 0.34130599778145554 0.6174776516854763
0 0.35418933010660114 0.6176283691078425
0 0.37092094086110594 0.6193370796740055
0 0.357818963797763 0.6471718197688461
0 0.3628520358819515 0.6511259779334069
0 0.36501818811520936 0.6426854241639376
0 0.36753740729764106 0.6338610438629985
0 0.37050475771538915 0.6274831181392073
0 0.3412362985312939 0.6220697309821844
0 0.3363568206317723 0.6245620889589191
0 0.33062781682237985 0.6278022866696119
0 0.325628439988941 0.6316252382472157
0 0.31155703028198334 0.5581984400749207
0 0.21320258229970931 0.46986305713653564
0 0.4013985447585583 0.543081815354526
0 0.33167726788669827 0.6205264465883374
0 0.326668094471097 0.6216886647045612
0 0.37389389155432584 0.5395315617322922
0 0.3437643783167005 0.527696387283504
0 0.37093396657146516 0.53575958032161
0 0.3387804763391614 0.4677390228956938
0 0.3069094490259886 0.47296959049999715
0 0.33764862790703776 0.5087905012071132
0 0.2869031824870035 0.3024954810738564
0 0.2964910412905738 0.3302067281678319
0 0.3042200844269246 0.34991484610363843
0 0.3129958720877767 0.6171623399481178
0 0.3765453021973372 0.3685727819800377
0 0.3861875881906599 0.33866405142471195
0 0.3863061611540616 0.30176246352493763
0 0.29757347002159806 0.4178296820260584
0 0.2599267413374037 0.42665377873927357
0 0.3615795253776014 0.42069295383989813
0 0.27437836918979885 0.3888201514258981
0 0.3736129886005074 0.45614816872403025
0 0.3531336547806859 0.5118641762062908
0 0.22732992456294596 0.4368454677984118
0 0.27215970852412286 0.44090731367468833
0 0.29429886103607716 0.4514739435166121
0 0.32525429790839555 0.4529968095943332
0 0.3465691959485412 0.44886476630344985
0 0.36224215184338393 0.44470406174659727
0 0.4015251827426255 0.4421903779730201
0 0.2241963442414999 0.46943207941949366
0 0.26065838066861036 0.38436816446483135
0 0.39026577430777254 0.5383887032046915
0 0.35505259931087496 0.4791639782488346
0 0.2181284691672772 0.39725868226960304
0 0.37462436091154816 0.4398467523045838
0 0.336871234793216 0.5079653365537524
0 0.2815123635577038 0.3984645728953183
0 0.3549060561694205 0.5003547117114067
0 0.21225106585770845 0.5106427071616053
0 0.35956756011582913 0.4151973073370755
0 0.37219430934637787 0.4965538799762726
0 0.24156295447610318 0.6030545312911272
0 0.2424083620775491 0.6231015743687749
0 0.21089057330973446 0.47046891395002605
0 0.22523223920725285 0.5763809883967042
0 0.23351698098704218 0.37599393241107465
0 0.3056377107044682 0.6741872182115912
0 0.3928556287195534 0.5411960704252123
0 0.33696111999452116 0.486969144269824
0 0.24060246823355555 0.40196285434067247
0 0.31400008415803315 0.4152278024703264
0 0.3278079611249268 0.4176342900842428
0 0.31658198274672034 0.6241887740790844
0 0.22151913177222013 0.5018156044185161
0 0.3396212040446699 0.7064122743904591
0 0.2853610007790849 0.6713448751717805
0 0.26412832071073356 0.650768581777811
0 0.43875938639976086 0.3475755498744547
0 0.3817930723074824 0.7169666532427073
0 0.33961262423545124 0.4175779695622623
0 0.34995102914981546 0.416226655151695
0 0.35654136780649426 0.41556264394894243
0 0.24705629432573914 0.37775321612134577
0 0.34798556645400824 0.40397466346621513
0 0.3351333242375404 0.39822238897904755
0 0.3213768637273461 0.39552768170833585
0 0.306744389096275 0.3953337833285332
0 0.2973807675065473 0.3970942959189415
0 0.22400014740414917 0.36267224783077834
0 0.3035525128711015 0.4115681217983365
0 0.3990856309887022 0.5575112503021955
0 0.33091138731688263 0.5514408092945814
0 0.353556748572737 0.522442489862442
0 0.3693830490577966 0.5536341145634651
0 0.42488201297819617 0.4236035091802478
0 0.2608066865708679 0.6299190610647202
0 0.2821116320323199 0.6520396975800395
0 0.33740020343102517 0.6925087623298168
0 0.22814853196032345 0.5937094083055854
0 0.3558288068510592 0.4111720442771912
0 0.3834401304833591 0.4657320914790034
0 0.3793383264914155 0.7026212736964226
0 0.30904591511935 0.6902935640886426
0 0.210079094953835 0.5067839857190848
0 0.3540709131397307 0.6242873869836331
0 0.34938856805674734 0.6287575613707304
0 0.34473695429041984 0.6346990644931794
0 0.34130996009334924 0.6417029628530144
0 0.33157100304961207 0.6332787815481424
0 0.3269421647768468 0.6167717451229692
0 0.3210725300945342 0.6142151450738311
0 0.3157956042326987 0.6112418601289391
0 0.2963317298330367 0.5686382116749883
0 0.2424105616286397 0.5148396920412779
0 0.3881630502641201 0.4484525999054313
0 0.3750537725631148 0.4085809599608183
0 0.36343535371124747 0.4076012589037418
0 0.33167706509120765 0.6180455077439546
0 0.23371598576195537 0.553920235671103
0 0.39161773384548726 0.41367411985993385
0 0.3227842800319195 0.6436405476182699
0 0.4119989614468068 0.47802471183240414
0 0.3979659502860159 0.4605692446231842
0 0.41611241837963464 0.4604559985920787
0 0.3644193486310542 0.48702245876193045
0 0.3813691049348563 0.6848638800904154
0 0.38414588999003174 0.6667557829990983
0 0.3517818200401962 0.6595710312947631
0 0.2829189374810085 0.6032327000051737
0 0.3193470212630928 0.5185058385133743
0 0.3002499181078747 0.6247129576280713
0 0.2812125538242981 0.5098794780671596
0 0.29988866914063694 0.5329905919730663
0 0.26236011562868955 0.5326648442074656
0 0.34310576096177103 0.6760980701074004
0 0.3515264225192368 0.49164240527898073
0 0.26759593640454116 0.6126083370298148
0 0.28945477874949577 0.6359833765774965
0 0.2717153212055564 0.5798865864053369
0 0.22121244259178638 0.5304665477946401
0 0.25096636298112573 0.5772105770185589
0 0.21356031354516744 0.5419161563739181
0 0.2824198109796271 0.5512975785881281
0 0.36957609476521613 0.4724421551451087
0 0.35810308028012516 0.5203332021832466
0 0.34530184892937543 0.5195111759006977
0 0.3677199700381607 0.5129426414147019
0 0.3637419804930687 0.39339472390711305
0 0.3401741805486381 0.3809927710331976
0 0.3181202645413578 0.3754908099770546
0 0.29770474110264333 0.37501702941954135
0 0.28278574764262887 0.3790701786056161
0 0.27073223106563093 0.40149966105818746
0 0.21353905121795833 0.4362965364940464
0 0.28604216743260624 0.4273149540647864
0 0.30411681472323837 0.43556633591651917
0 0.3259893691632897 0.4378486877307296
0 0.3451872538775206 0.43615098036825656
0 0.3590045218355954 0.43335336856544016
0 0.36911526541225614 0.43091922169551256
0 0.2161560334265232 0.43259817445650695
0 0.34534147204831245 0.5224226765334606
0 0.3795968127436936 0.4810740739107132
0 0.37105048038065436 0.5250398887321353
0 0.38040464078076186 0.5338468756526709
0 0.37118234424851837 0.5271456221118569
0 0.34971945229917767 0.5274192275479436
0 0.3840909792110324 0.5362702272832394
0 0.3859109907411039 0.5388517074286938
0 0.3661339377053082 0.4171475779265165
0 0.3771010242402554 0.4244386561214924
0 0.38416420398280027 0.43054522620514035
0 0.29170497411396357 0.39879835564643146
0 0.28314552244264635 0.3907702329568565
0 0.42840558462776246 0.48230741582810877
0 0.5584599707275629 0.43724687676876783
0 0.4235870389733464 0.5414227137342096
0 0.6513447357341647 0.39713679626584053
0 0.5019825809635222 0.4411137277260423
0 0.5183462738990784 0.44549978999421
0 0.5360642975196243 0.44922859044745567
0 0.5678941105492413 0.443852580152452
0 0.48844526438042524 0.4362952319905162
0 0.5355580887757242 0.40543926171958444
0 0.5154818655923009 0.40433879010379314
0 0.555096810311079 0.41120900521054865
0 0.5677035139873624 0.4193557810038328
0 0.5813143049366772 0.45969106797128917
0 0.45904575251042845 0.6789736496284604
0 0.5695816498249769 0.433558345772326
0 0.6434088801965118 0.4647112891077995
0 0.6092379648238421 0.4537637820467353
0 0.5075121276080609 0.5239868707954883
0 0.4179222121369094 0.6036667404696345
0 0.4121709164232016 0.6212069436907768
0 0.44069276060909035 0.6138962034136057
0 0.45264103412628176 0.6233950309455395
0 0.4288808280602098 0.6254302455112338
0 0.44037485527805986 0.6299903361126781
0 0.4855096904560924 0.626794264651835
0 0.417780551686883 0.5345514588057995
0 0.4225218322593719 0.5204535946249962
0 0.5982329711318016 0.4137486845254898
0 0.474907043017447 0.4795910991728306
0 0.47051249593496325 0.5312349570915103
0 0.4732667706906796 0.5222073011100292
0 0.5634401911869645 0.5259062303230166
0 0.42571834158152344 0.5005619198083877
0 0.5509293005801738 0.3919191980734468
0 0.5780159766785801 0.40057979701086877
0 0.6351527325809002 0.3706162962131202
0 0.4678891958668828 0.3943577500060201
0 0.4977443112060428 0.40838815812021495
0 0.5022799415513873 0.6117334878072143
0 0.604523281659931 0.6114319395273924
0 0.4552023411728442 0.5383430644869804
0 0.43887401265092196 0.5420639244839549
0 0.46429893570020797 0.6406867356970907
0 0.4569096296094358 0.639625815115869
0 0.5920855846256018 0.3937430452555418
0 0.4715582030825317 0.5368552498519421
0 0.5152518019080162 0.3887059222906828
0 0.5203775983303786 0.379414870031178
0 0.5595847057178617 0.33107000701129435
0 0.6139766090549529 0.38802587892860174
0 0.5398420967161656 0.3606244230642915
0 0.6149993535131216 0.41078632716089486
0 0.6310207588598132 0.4093592381104827
0 0.4154718342237175 0.6132764318957925
0 0.43509772662073376 0.619984302483499
0 0.4471095843240619 0.6267262414097786
0 0.45080938525497916 0.5406091572716832
0 0.46044825492426755 0.6403969846665859
0 0.45431284895166757 0.6432599728927016
0 0.45431756004691126 0.6387296022847295
0 0.4429189871065319 0.5349279120564461
0 0.43547152550891044 0.6311517979949712
0 0.4242880249861628 0.6281374495476484
0 0.4091660332400352 0.6253016479313374
0 0.41543835736811163 0.6551300097256899
0 0.4144374368246645 0.6591653874143958
0 0.4134046617895365 0.6501621199771762
0 0.41154951984062793 0.6408336341381073
0 0.4094325689133257 0.6336951261386276
0 0.4357261586468667 0.6361924374476076
0 0.4403922332916409 0.6406944114714861
0 0.44570549074560406 0.6463260477408767
0 0.4507432115264237 0.6518326407298446
0 0.48436476951465013 0.5816499348729849
0 0.6374483151361346 0.5319350028410554
0 0.44386566765606406 0.6371325118467212
0 0.44912568349391224 0.640276062861085
0 0.4307513668667525 0.5476592237129807
0 0.46478358572348955 0.5451792679727078
0 0.434803782356903 0.5450394025072456
0 0.4931545188650489 0.4899588394910097
0 0.5219522897154093 0.5037485383450985
0 0.47636779453605416 0.5287377970293164
0 0.6066417457535863 0.3481933551840484
0 0.5850291751325131 0.3714726555161178
0 0.5608377946540714 0.38350832648575306
0 0.46780514493584635 0.6382629681378603
0 0.4761533929035068 0.3791045494377613
0 0.4927219092845917 0.35416261209174993
0 0.5082098064944148 0.31957559157162907
0 0.5546526569873095 0.448386297095567
0 0.6018201425671578 0.47555957827717066
0 0.4804832638241351 0.43175533283501866
0 0.5884440639987588 0.430538628064096
0 0.46251084106042983 0.4690189488232136
0 0.4567561290226877 0.5265798835083842
0 0.6192319761961699 0.49332684073597194
0 0.5808606358245015 0.4836499201133847
0 0.5504617789760232 0.4858892422169447
0 0.514409982226789 0.4766139952465892
0 0.49172633942216637 0.46565015353262423
0 0.4753685743547976 0.4571292120963335
0 0.4388464480638504 0.44765301486477255
0 0.6104838467203081 0.5248634971678257
0 0.605517946742475 0.43299601022154094
0 0.411401666328311 0.5412981620058417
0 0.47144819432869556 0.4958623040467501
0 0.6549285376444459 0.46042249742895364
0 0.46266521522775295 0.44830577708780767
0 0.47910129055380823 0.5283866019919514
0 0.5778062237426639 0.43559155631810426
0 0.45998597480356695 0.5154377596452833
0 0.6250292128883302 0.5706435550004244
0 0.4820606383495033 0.4257166914641857
0 0.44311226680874827 0.5068630499765276
0 0.5528346734121442 0.6482380339875817
0 0.5543771047145128 0.6686434563249349
0 0.630997858569026 0.5310646910220385
0 0.5797104422003031 0.6276420406997204
0 0.6385679022409022 0.4340680852532387
0 0.4625152089633048 0.697472833096981
0 0.41035862672142687 0.5436447180807591
0 0.48713848143815996 0.5085397718474269
0 0.6299168650060892 0.4605302607640624
0 0.5353321433998645 0.4383219389244914
0 0.519173273909837 0.4362355651333928
0 0.4592889511026442 0.646136648952961
0 0.6030209414660931 0.5564122911542654
0 0.4260720793157816 0.7193644441664219
0 0.4929873217828572 0.7019145352765918
0 0.521752146165818 0.6883764354512095
0 0.5054953108541668 0.43304739631712436
0 0.49316693618893626 0.42952368650585415
0 0.48554613124579193 0.42713946998119356
0 0.6243706891313195 0.43331551905721427
0 0.4991983860731125 0.4182504316791892
0 0.5157249393872917 0.41597416754812
0 0.5322333971038461 0.4173091473057866
0 0.5484218123368919 0.42176359202712776
0 0.5586282597854734 0.42690394092351197
0 0.6575635062530637 0.42492913054302334
0 0.54776013744995 0.4384548092260957
0 0.4679338108748198 0.5703096020966768
0 0.45467004980891945 0.5365004248917102
0 0.4291119057219476 0.5618008738383651
0 0.523486609198153 0.6680719703435898
0 0.49447474870830777 0.683314848318696
0 0.4236811984796077 0.7053550215438008
0 0.5802281010895968 0.6446373773738742
0 0.4875382069498301 0.4231414880603552
0 0.44668864328414204 0.4748596459627151
0 0.4618873853236437 0.7131496381014586
0 0.6200014758855105 0.5658617744222283
0 0.4243888143450022 0.635076803341508
0 0.4284419474191964 0.6411799892783165
0 0.43217124729417267 0.6486851951107383
0 0.435526966676116 0.6572253827005625
0 0.44498653393238785 0.6488522849977016
0 0.4488198678940535 0.6345212360844016
0 0.45518037686124446 0.6336429838091135
0 0.4607158825732768 0.6319910664111376
0 0.4964632988907397 0.5954094978049398
0 0.5739230332896114 0.5619891760870814
0 0.4504393614828587 0.4575484303757548
0 0.4693987119011581 0.41654796004295347
0 0.48188405027613046 0.4183027441613376
0 0.4434519648551941 0.634230917878449
0 0.5731988973915577 0.6024571064859628
0 0.4489239487797022 0.4171815706416965
0 0.4522349127568305 0.6619519582018256
0 0.4336377238854766 0.4657281590625644
0 0.4570767954923213 0.500528721138835
0 0.4180802990216762 0.6690443359315396
0 0.5030734335072339 0.6339378016069531
0 0.4927331722341478 0.5432322302833199
0 0.4800607316195965 0.6499608483165502
0 0.5333991591818631 0.5457295037806034
0 0.5061665015295148 0.5621410278603435
0 0.5459058378823102 0.5728492246940732
0 0.42171079069375994 0.6875092620030046
0 0.46932982383295896 0.5086135046556592
0 0.5186172398738563 0.648378542251885
0 0.48954307436943056 0.6647911250591279
0 0.5210235175676644 0.6145725034177303
0 0.5949020707979799 0.5839486591517925
0 0.5461592698469758 0.6192382020875812
0 0.6046231194399297 0.5983447063714266
0 0.5173459617421031 0.5840851593762636
0 0.4588147528469563 0.4852836878970265
0 0.44913342092186215 0.5330023135989904
0 0.4633859504014254 0.5360114062204957
0 0.44061019164510073 0.5232875056564807
0 0.48530127909034493 0.40414411658421157
0 0.514285122603178 0.3983334230259061
0 0.5404567542485893 0.4004016472026706
0 0.5629108637571335 0.40762058068066837
0 0.5790439002215862 0.4170201336033642
0 0.5912865079939366 0.4450149117037654
0 0.639337058737874 0.49780828300863506
0 0.566184232570231 0.4638426788151264
0 0.5428455291315913 0.46578756123781206
0 0.5178789082914591 0.46054587699472904
0 0.4970462579280138 0.4525802381336689
0 0.4820591407828033 0.44592103119939563
0 0.47135228766128423 0.4405733607709408
0 0.6462705741636455 0.4955413583666086
0 0.4633294796571136 0.5390188729390502
0 0.4432621794752777 0.49041692819446325
0 0.4333040317054838 0.5336930576711894
0 0.4233704845886678 0.5397791527211666
0 0.4340139719191939 0.5357998875901103
0 0.4584700629115105 0.5429627841338516
0 0.41836982858367266 0.541025199368596
0 0.41784421387128534 0.5432898174971342
0 0.47627404062077405 0.426478105597198
0 0.4639174617826939 0.43147522378712894
0 0.4541011616587639 0.4359964250586927
0 0.5647496884688735 0.4308653589338064
0 0.5766033032909036 0.4274644237011671
0 0.33204559129662814 0.4069449990987778
0 0.34913537008687856 0.408467373624444
0 0.33249253695830705 0.39472253834828736
0 0.31489862417802217 0.40493923984467983
0 0.33190449243411424 0.41872179228812456
0 0.5229514786973596 0.43711137855425475
0 0.5422251621261239 0.44110699724406005
0 0.52649793503806 0.42412118911743163
0 0.5031825062818825 0.43293386669829487
0 0.5191805121488869 0.44978508409112694
