0 0.2968222524043377 0.42716156404072136
0 0.24975849141048478 0.3876794800073934
0 0.26512103053084907 0.39796527919678787
0 0.17825016127859994 0.3521980262170341
0 0.23462109066514525 0.37571291086371117
0 0.2140851357189412 0.35850853456155546
0 0.161655137810526 0.31384898441117853
0 0.00259536869415251 0.35424263409448264
0 0.11551366369181042 0.27578492125016796
0 0.09329898730863499 0.25850747021916076
0 0.014110437928372797 0.197255042311984
0 0.3024162453941152 0.4313304069344825
0 0.3083991769245405 0.4354034464271609
0 0.3129232415167088 0.4378504644226491
0 0.3275166615403654 0.44949729643399744
0 0.3344614524630052 0.4553194710651185
0 0.3434466598909112 0.46275558618746904
0 0.353242998887718 0.4703409222097159
0 0.3600336363546959 0.4770942045417686
0 0.25727566994946716 0.3931260940443154
0 0.23570087583507668 0.3998047659264199
0 -0.16499361094040207 0.33363341054882445
0 0.091578285716757 0.34251187492519936
0 0.07015874384576258 0.35238044428797094
0 0.045851668602303615 0.3597154065807519
0 0.00305446806336254 0.35665003048567584
0 0.10323492082362437 0.33350597129314963
0 -0.01346572472827847 0.3219974693595868
0 0.017659522310087952 0.31487398865949784
0 -0.034815251198499014 0.33094638494127304
0 -0.04008804267971827 0.3390407101256709
0 0.00020371176270995964 0.3681716244415881
0 0.2930351512090063 0.5181597450025566
0 -0.0117739147903547 0.3505843672746724
0 -0.10176526041473517 0.3895347590689699
0 -0.03968162048718094 0.35920078644124637
0 0.11855514853689741 0.4115490650367058
0 0.2689457975233657 0.43466049015592706
0 0.28633322469292816 0.44356667429809754
0 0.25135556322361347 0.4485046319124396
0 0.24376366711870023 0.45970950898750823
0 0.27067191226069937 0.4520947383109078
0 0.2609237098618399 0.45983438870802185
0 0.2283884757807486 0.48714457768703834
0 0.23016419755255624 0.39367841613674504
0 0.21171456581681086 0.3837354410868381
0 -0.10342297561561005 0.33309050754578795
0 0.1245120646518494 0.36266908456139435
0 0.17510331400084597 0.4063360085832408
0 0.16439871383115712 0.39994986597470683
0 0.048534908249408384 0.43173033430341584
0 0.19363419139435523 0.3672360887448276
0 -0.08138116439686546 0.31508261637048507
0 -0.10348893519695299 0.32398703443339427
0 -0.1712714053910493 0.30724473101388516
0 0.04353219232981718 0.29811475391489756
0 0.050127972719035574 0.31229264625875125
0 0.1974218904594832 0.4808382413848298
0 0.07612664783805735 0.48781269315015946
0 0.2013914712119203 0.4073045110928772
0 0.22318185394323325 0.40541142769697014
0 0.24268242767088524 0.4752026568669583
0 0.24831547610115903 0.47281097602165467
0 -0.13235841949277788 0.3162834990774044
0 0.1815430018972244 0.4116243153704443
0 -0.0358078443299869 0.3069428978300038
0 -0.060465319750178215 0.29820028078230815
0 -0.11595271068786267 0.25181625661476653
0 -0.14022522259362136 0.31573328860148275
0 -0.07174182277691515 0.2726243816377995
0 -0.12793324579669454 0.32764102682948537
0 -0.14038635658312448 0.33811405601591965
0 0.2775491277376811 0.43991211880427095
0 0.26127281734712016 0.45076784968800393
0 0.2521130480972523 0.4600608307837309
0 0.20934223462257706 0.40792573587184555
0 0.2455819992324974 0.47401111646337724
0 0.2580744078390709 0.47475171796226273
0 0.2512222221003303 0.47158997536836855
0 0.2055730533625003 0.4002888764068042
0 0.2675910730402178 0.4590716984206954
0 0.2775733010678352 0.45224250027576235
0 0.292793805714901 0.4450126836874024
0 0.3290468527294915 0.48608359917202876
0 0.32379115709272616 0.47885163257413343
0 0.3158899683992571 0.4708258005506486
0 0.3094858456764543 0.46259095688590235
0 0.30626714091260726 0.45638359780837634
0 0.2753307399367481 0.4656557698832429
0 0.273199576491545 0.4697381516792596
0 0.2716025531543458 0.47529638704456045
0 0.2717753375255609 0.4810198148091634
0 0.19783723222303995 0.45162496122742607
0 -0.030318187699036256 0.43506748184190525
0 0.26094739843269943 0.3954504847102318
0 0.2650461352198436 0.4683475050354909
0 0.26138150038095465 0.4713122913987328
0 0.23583857979201064 0.407787930498768
0 0.19740321106800046 0.41636227090729233
0 0.22967475225150838 0.40663749622987544
0 0.10974628846102123 0.37771559355521966
0 0.08238332294210603 0.3997567746421479
0 0.16806876181550168 0.40619449188417955
0 -0.1572249231207723 0.2803550864595253
0 -0.11994767666869023 0.2938937220992001
0 -0.11003842107354338 0.30668210679243185
0 0.25850167468127316 0.4901212146980765
0 0.005355297261652564 0.2863133131821385
0 -0.01386245173492512 0.2529428616113086
0 -0.06008497760768681 0.22555431246333274
0 0.022320515244318967 0.3612114292871061
0 -0.006303389992895005 0.38113032060444424
0 0.1076874511025626 0.32737178932588157
0 -0.052582293371611 0.3452914789195304
0 0.13052980189962227 0.3497380569736304
0 0.18109695871168047 0.3981390716342315
0 -0.05122939481513913 0.41263888951298183
0 0.022369217394776486 0.3922873343719989
0 0.05814411399988183 0.3934840706319571
0 0.0974612598806494 0.3774615852858248
0 0.11913204441467921 0.3610872918317892
0 0.13060431748251372 0.34925361375367514
0 0.14205205365072324 0.32439190170518867
0 -0.011420686851070902 0.4383197551944502
0 -0.07430901104890847 0.3448252851852743
0 0.24535703860254732 0.3966500364588673
0 0.1439731870522479 0.3757256829441654
0 -0.11096505462368832 0.3852245018575539
0 0.13622660425644886 0.339823723122177
0 0.16650182587184986 0.40671784003858463
0 -0.02066419018974787 0.35033041019598077
0 0.16942120792996532 0.3899820122430333
0 0.018623482325912023 0.46133258701926305
0 0.0996443410462971 0.32325006747443763
0 0.17841308887749283 0.3776020269801184
0 0.1641570936401182 0.5135156220247171
0 0.18088014203787856 0.5212055406536495
0 -0.029552526551962905 0.4403028062512725
0 0.11560616384452908 0.5029578978197996
0 -0.12482971984122876 0.3625397512497003
0 0.302404029459893 0.5298371122683777
0 0.251257577211545 0.398150973472731
0 0.13523216903964175 0.39164371366037026
0 -0.05185622090025793 0.36124769790033995
0 0.03565362573675968 0.35435876020474505
0 0.05858799192724349 0.3477131063262197
0 0.2556459576771732 0.47843120332855915
0 0.027597104006678745 0.4599583214005259
0 0.36398403679771263 0.5331334608163981
0 0.27534108146836483 0.5333586231245265
0 0.23391490948351124 0.5291457818213449
0 0.05409639004916581 0.2290531074449261
0 0.41556656234878026 0.520451501595168
0 0.07656091137274408 0.3388040299093172
0 0.08938883804570774 0.3299116928523687
0 0.09687835298761537 0.32512853592457436
0 -0.09485857157264581 0.34172801728209
0 0.06728977675427868 0.3221727719227756
0 0.04196540181395374 0.3260476394056001
0 0.01825508142070931 0.3330114946953625
0 -0.00011816840886063717 0.3403684689905296
0 -0.0076607321762334445 0.3455913540590135
0 -0.14593184132616227 0.35846758199897666
0 0.01717849566212183 0.35568651906960375
0 0.2775078585630731 0.408190187044698
0 0.21054017179122958 0.43789341342265353
0 0.19863309387416275 0.40536474177563037
0 0.24743358583389957 0.41990446280754334
0 0.1386848347976741 0.29452156327656015
0 0.21294957091285208 0.521165637500487
0 0.25595098438393715 0.5258347159461477
0 0.35401651313536275 0.5276202732699339
0 0.13142805279307224 0.5081087063781449
0 0.08795238314550134 0.3225469119749601
0 0.15239794810110002 0.35054694687061605
0 0.4068976442019145 0.5146462710868138
0 0.3181663980463889 0.5358605687445734
0 0.014474589110426763 0.4640290573115592
0 0.2888822506500196 0.4616846766760341
0 0.28876232120055184 0.4672372810639803
0 0.2908166018216419 0.4744427564729575
0 0.29567508569246603 0.48210398271273325
0 0.29230785068077375 0.49039943617009607
0 0.25422735807764885 0.4666167985502087
0 0.24733614921569824 0.46782976226308876
0 0.2410250356428734 0.46840366123692706
0 0.19392052255099332 0.46650054446318817
0 0.06792794620688958 0.4607964667844037
0 0.13533428358503535 0.3361982183524298
0 0.09489722254407054 0.3118307909365933
0 0.08656450112660725 0.3156542373580299
0 0.2601600847038036 0.4651085924564873
0 0.10476583915169228 0.4873217487108948
0 0.11097420799204066 0.30997557586339586
0 0.29089849382513183 0.5041535590749902
0 0.19661959766838621 0.34349524833412215
0 0.1610538100642997 0.3393428632514474
0 0.18013105965867826 0.3293995042712663
0 0.16141224108667818 0.37578086652224035
0 0.39323253822729054 0.5037859074444392
0 0.3758536589799551 0.4896305518076796
0 0.3356343437347734 0.5003806506753109
0 0.21155645349357702 0.4970267125861642
0 0.157749933092403 0.4233352381422285
0 0.25010595071416364 0.5028648331213393
0 0.10236103716404629 0.4382610394578529
0 0.15258354627633397 0.44277795353818195
0 0.11103011689734359 0.4627018871397876
0 0.3440922300020854 0.5160456457454822
0 0.15769184277027468 0.3864492394321754
0 0.20363744181671223 0.5095579151864013
0 0.24796898631606926 0.5146781628949221
0 0.17516369885030175 0.4876223917109262
0 0.0627397775398528 0.47715084705488536
0 0.14952977278313054 0.4953482462135215
0 0.06070086378839951 0.48516933321245764
0 0.15726460824535868 0.46409135639738214
0 0.14796495362173154 0.36277663622886686
0 0.19584824867892367 0.4009183428889916
0 0.18767874571593 0.4078825053229734
0 0.19392895736271823 0.3908092540071245
0 0.0513163439709426 0.3074890002519918
0 -0.0025032164552543736 0.31225503388955783
0 -0.039586672300024876 0.32098187140298484
0 -0.06163837260837796 0.3301996149626491
0 -0.06643939634415671 0.3378387780093355
0 -0.028633487564098985 0.35408599054261886
0 -0.06891241204386522 0.41579024039412166
0 0.021717264619557666 0.373513297536902
0 0.05145868545846094 0.37321260334616735
0 0.08200285153046942 0.3632106054154438
0 0.1048799191723393 0.349995776569009
0 0.11729100132793314 0.3396312716734084
0 0.12400113643473211 0.33265641038245297
0 -0.07179058956194527 0.40948421123613243
0 0.1925205861843085 0.41084255654616714
0 0.1668814893513289 0.3632099399363019
0 0.2119122021811924 0.39696598547916256
0 0.2315193421604261 0.39830375212650143
0 0.21500465946609965 0.39817278071230416
0 0.2028301721635247 0.41251096394562636
0 0.23733508021016664 0.3982408643475914
0 0.2431291172021552 0.39985065839185974
0 0.10766913528055079 0.3218516910344822
0 0.12295284446030226 0.32360266903824086
0 0.13241769697218506 0.3276362660940856
0 -0.010472481512319186 0.34869709402358123
0 -0.03731883905104947 0.3447916528932565
0 0.21931218208139958 0.33762551753970654
0 0.3250207005673823 0.23586941833032266
0 0.27908167808870726 0.3847290782317572
0 0.33783550642210725 0.15133200322464552
0 0.27514682226040194 0.27403908791208326
0 0.2987853336434827 0.267039360737037
0 0.31994465672517125 0.2582940049867189
0 0.3383921393613775 0.23696404193502588
0 0.2528736192717331 0.27776989195836116
0 0.25842986567110954 0.22020576701611103
0 0.2342270459932617 0.23255505065476767
0 0.286083670608102 0.21270878614762784
0 0.3084512077554872 0.21191243797293197
0 0.36584664359374386 0.23969438767518014
0 0.4664637352092357 0.45840255914350986
0 0.3271663744741351 0.22743659462085963
0 0.419122982754486 0.20391476083622
0 0.377320637557074 0.21801370431802733
0 0.3526613200515634 0.32871856553698775
0 0.3218286575647346 0.4156838661128233
0 0.33289151101172726 0.4266426438821451
0 0.3569043535220472 0.4109053931343739
0 0.3825214584416981 0.4094880761342258
0 0.3568971144499155 0.42075806778379465
0 0.3773794873354304 0.4171234766642253
0 0.43551615245231595 0.41457576655549655
0 0.2685180136045826 0.3805604145054574
0 0.25757996951728934 0.3677150033688347
0 0.32192040634054675 0.1894641756162949
0 0.26669329882674075 0.3122872968302644
0 0.31740629547255955 0.3560534540303096
0 0.3112898935497059 0.3478374741397011
0 0.42007505000895085 0.3005571647470956
0 0.237536012937751 0.3516809745191255
0 0.25216540210106203 0.19816369009187637
0 0.28889743977458165 0.1892006714714521
0 0.2890928947221378 0.13906358809940614
0 0.16804714155096545 0.25092024014089453
0 0.2202412717453035 0.2477379444796561
0 0.43717564510393747 0.39682505747318836
0 0.5328809939607789 0.3281991590667308
0 0.30778964058759345 0.36991694587264057
0 0.2943988760563895 0.37997228451612297
0 0.41645121574401855 0.4102765665359769
0 0.41030459715847223 0.4123718532096166
0 0.28901976070323576 0.17569745979840787
0 0.32387220884677226 0.36117923033477856
0 0.2120902704287179 0.217094639230029
0 0.2018309378297017 0.20541153860544678
0 0.16165403902279174 0.14967607355909698
0 0.29013506257081334 0.15775595016751
0 0.17961967092023118 0.17975515487779503
0 0.32678729270580953 0.17758818842196664
0 0.3346485695506953 0.16539329594423197
0 0.32839197523986235 0.4214811364668261
0 0.35735194793733366 0.41610718763312976
0 0.3802940218006005 0.41325676130088906
0 0.3047574388829968 0.3741722242687945
0 0.413323548775685 0.41137483747828474
0 0.40803385535372966 0.4193114441060511
0 0.40714836170904745 0.4134246412121104
0 0.29310233884722875 0.3700720792987593
0 0.37447403402771123 0.41965669980394177
0 0.35562546155120756 0.4236805962215256
0 0.3349049749002175 0.4296825526023675
0 0.391031407857243 0.4645604168110188
0 0.38095248650900926 0.45861405353387763
0 0.3695694980239063 0.4516854686386362
0 0.3581121474630219 0.44507953874581224
0 0.3491883428790901 0.44085487239018595
0 0.3829277836823765 0.42610956949412754
0 0.39081695034534114 0.42663005096915213
0 0.4011102645709042 0.42809607592341736
0 0.4111512454250191 0.4304043927085216
0 0.3854387721934902 0.3853784323021469
0 0.4842495860429756 0.2538108895681931
0 0.39406645348303426 0.4205832515322865
0 0.4006576932935272 0.4197789943939426
0 0.29361650687229784 0.38711930014201895
0 0.32460691003356806 0.37124785296574747
0 0.2939590377898156 0.383668867577296
0 0.29903540480488966 0.3107520492475652
0 0.3483429873039954 0.305799796629348
0 0.3211265968371041 0.3518523865888693
0 0.23267591320261172 0.13715189688287738
0 0.23988108450098883 0.16100003300753918
0 0.2462807797555682 0.18475100917748286
0 0.42814141235271086 0.4306576843080713
0 0.15241014787667914 0.23116376412720868
0 0.12122058943857121 0.2032830163677392
0 0.09155367610323781 0.16974286761572352
0 0.33533431004874314 0.24763197972398354
0 0.40016378820696963 0.24020985246128884
0 0.236852179159595 0.2793598879981578
0 0.33593411888251323 0.20965206128139655
0 0.24090491228968786 0.31050493892542974
0 0.29897300012503997 0.35686556894159827
0 0.43674265810205964 0.24006466282927127
0 0.3978782774023869 0.25810159193097765
0 0.3752798978789446 0.27617005450586973
0 0.3288411855194639 0.2905112579906821
0 0.2905073577090155 0.29627412819211874
0 0.26003700431892135 0.2989376572668906
0 0.1884359882099216 0.3078338976149599
0 0.4651326185037315 0.2703077719587731
0 0.3497681149953528 0.20114407682192567
0 0.2685956558849238 0.3887206221249038
0 0.27990502559183017 0.32736871788368815
0 0.42005200778381735 0.1960384056661477
0 0.2339978194815197 0.2991170294909856
0 0.3237433275089988 0.350768449043464
0 0.3365371594449136 0.22401696606180138
0 0.29035588658811673 0.3472340125347513
0 0.5114553764399596 0.28826820935218783
0 0.23154375787022746 0.27410343462603515
0 0.2632091883491363 0.34767013173086364
0 0.525037879430795 0.3881265028232923
0 0.5373491496476444 0.39745173406205003
0 0.48503573634956454 0.2586868424432558
0 0.5308312377597713 0.3578073754995036
0 0.37550928597711813 0.18267384401278422
0 0.48393817667216693 0.46743124263849406
0 0.2694924444211686 0.391743868271227
0 0.3116701710576247 0.3290051054982811
0 0.3978567864069959 0.2116474620953715
0 0.30961608434025245 0.25088814356997347
0 0.291138966752507 0.2591980328056453
0 0.41533846694205884 0.41935175678483955
0 0.4877076003118909 0.29775050646611095
0 0.462151542746065 0.4998819508445079
0 0.5078198110000997 0.45296472431219065
0 0.5232031624528426 0.4290493491988448
0 0.2711036065711251 0.2649975811459416
0 0.2511972569966618 0.26942235196046843
0 0.23852337066885793 0.27296285456751307
0 0.3606559380197324 0.19087944498831408
0 0.23840696380359713 0.2554290148994111
0 0.25201278371649954 0.24311482248781416
0 0.2712553685476005 0.23425346860399168
0 0.2936344752834819 0.22846991735845273
0 0.3094532698518616 0.22714992668280823
0 0.3792382483743917 0.16970043052275127
0 0.3197820038232119 0.2429546211820763
0 0.35633101254575866 0.38636646406506303
0 0.3055153438813576 0.36790919530151295
0 0.3096329539637022 0.3980361527254007
0 0.5148235163356685 0.41695585270652
0 0.5002838399591325 0.44140757841288975
0 0.4552804998707671 0.4932502976233142
0 0.5411708949738917 0.36533519876667897
0 0.23275038838889528 0.2675438323196284
0 0.22995373122551271 0.3228957254267248
0 0.48970303115462455 0.476931878821847
0 0.5089724716506426 0.29001873943729334
0 0.3675287260284907 0.43298929286314214
0 0.3771214661215931 0.435206464601157
0 0.3886515628939439 0.4392571081611751
0 0.4005536316316339 0.4446343587952294
0 0.414110345428 0.4475689938342727
0 0.39506321554445517 0.41436621741185126
0 0.39910245620751683 0.41166954235674225
0 0.40218950034696843 0.40899429061093223
0 0.41309105821802644 0.3892596858251986
0 0.46606581246299583 0.32022961122144017
0 0.21362141497778994 0.308367266349521
0 0.19969190512528398 0.27160750391361693
0 0.21660691820367983 0.2666282737948009
0 0.3908245449076222 0.41659777373747187
0 0.5017978078705349 0.3478136448673506
0 0.17618188727254103 0.2813948976187519
0 0.44131209616419637 0.45185403962435106
0 0.20532070383240905 0.32353432944943755
0 0.27073106905327565 0.33706211266002906
0 0.4140872062510076 0.4732619661170534
0 0.4646682190995679 0.40937069585173436
0 0.3558314842513845 0.35317968473739897
0 0.457814078165006 0.4308535655339559
0 0.40632420627376703 0.33084384996271643
0 0.39187915491152414 0.3583259117278057
0 0.4479034975611208 0.3439000644152133
0 0.4387201205336092 0.4837609233946704
0 0.2920686704448507 0.33864160180798913
0 0.49466208642042137 0.40904422714192673
0 0.4818188736710367 0.43392014461055767
0 0.46314542856900504 0.38740604486612523
0 0.5044301801089999 0.32159205178773276
0 0.49281709254542483 0.3756180032999349
0 0.5260100480373399 0.3219282211358013
0 0.427089807856435 0.3691051381055712
0 0.2547649399766439 0.3248247958869979
0 0.2978477445332813 0.3655590813072268
0 0.3145779512099576 0.36324692521938085
0 0.27887374866863845 0.3612757248103548
0 0.20112377097083547 0.2517364631061169
0 0.22614871009492674 0.2278921662841969
0 0.25686627456659006 0.21262021343337542
0 0.287490248177122 0.20418907901711877
0 0.31395067268283056 0.20273215321035148
0 0.3540844440711701 0.222052446039546
0 0.45576319085897776 0.22989646148285692
0 0.36178277715851986 0.25144422817908996
0 0.3435982925982415 0.26582011336533623
0 0.31317105046807464 0.27720644868565625
0 0.281212906168483 0.28430167211756585
0 0.2547996649007757 0.28799551647611643
0 0.23479704213041797 0.28974329506092367
0 0.45271188963817643 0.22388866936184756
0 0.3174822410953699 0.3666947214628878
0 0.24462474505358103 0.33567407674212474
0 0.2827728615782935 0.37273786076447296
0 0.278117588803738 0.382493938556911
0 0.28512255451347257 0.37430173674794986
0 0.3153273567620209 0.3725577974658844
0 0.2749404925460051 0.385378688255663
0 0.2758387999947061 0.38838399206050633
0 0.22383543874141032 0.27817353065327816
0 0.21391044462783426 0.28721986214319867
0 0.20770562260965758 0.29418657131466575
0 0.3191793187509609 0.22717626429961668
0 0.3258867068884242 0.21476168691899852
0 0.0322729305753225 0.33713493143536444
0 0.0546915451937084 0.32794576508577467
0 0.013689343687854235 0.3261374023037025
0 0.010295010631597495 0.3460019290942173
0 0.05103305063921691 0.34784574143827174
0 0.2775465746720632 0.246164060713699
0 0.301646641538113 0.23724679378428068
0 0.262584979964208 0.2344697109320834
0 0.2535141317276009 0.25493158203851285
0 0.29262649912371413 0.25778972536926453
