0 0.6249316486975421 0.37345504579336747
0 0.6299485716482868 0.30164241609366044
0 0.6168913918992748 0.3241533617610517
0 0.5708789158126583 0.23439100462457407
0 0.6250830072423686 0.27922414670819823
0 0.6098260808250179 0.25007306032854576
0 0.5635766017696132 0.17757215188897174
0 0.3325845378896464 0.21420978683492412
0 0.5340470078846683 0.11087964533463768
0 0.5244753587505092 0.078600426406964
0 0.48172098430602445 -0.0325039997049
0 0.62738538565843 0.3809850353261699
0 0.6282797906061878 0.3891908324283102
0 0.6274838078281154 0.39494222324827444
0 0.6326614398023357 0.4138680986736132
0 0.6382753777763118 0.42474409160406695
0 0.6439294743797054 0.4387172306361406
0 0.6477456990143527 0.45271604462810183
0 0.6468975249191989 0.4656138324219248
0 0.6273445937296619 0.31307150293951447
0 0.5946100208422412 0.3197734000890151
0 0.16027186843364136 0.13927726654902747
0 0.4188071641585101 0.21686239981133004
0 0.39192636343448056 0.22542361694833507
0 0.36405076118914975 0.23030037743889767
0 0.3211372982224692 0.2238322855985683
0 0.4410483765861262 0.20582343249217325
0 0.35718192192523374 0.151987770329351
0 0.39045133474080457 0.14800265690554743
0 0.3272598128279914 0.16350114164145096
0 0.3089685815831889 0.17863781257815983
0 0.2990164126714934 0.24368412462265596
0 0.545436002638029 0.5149779222581697
0 0.318744879539894 0.20909221120502638
0 0.18311523678510086 0.24392930217411207
0 0.25606014611928357 0.2314949290907901
0 0.44671515780298604 0.31444043452325077
0 0.5936693477889766 0.3767076735911162
0 0.6014362800380458 0.3954930527054745
0 0.5645549747606983 0.39539235091727715
0 0.5454251247903575 0.4117562249950741
0 0.5775195065399875 0.4054760498845059
0 0.5590085762998332 0.4160885331423386
0 0.5049751776715984 0.4527910714564116
0 0.6075856912395229 0.3064966818560725
0 0.5986981916686763 0.28580283069092294
0 0.2612284834942092 0.16163019965524258
0 0.4810991588494052 0.24461819697981296
0 0.5244094211122264 0.31600540824558426
0 0.513838313843893 0.30447821707829187
0 0.35170950772969617 0.3317587777324345
0 0.5849971327444782 0.25814080873261325
0 0.3272387463113536 0.11634907780782036
0 0.28785203429667844 0.13546440180229105
0 0.18827681275813477 0.09171954833942911
0 0.46097262608616246 0.1088916175391363
0 0.4210463430246581 0.15368230103150657
0 0.4792554754277934 0.43601283482883285
0 0.26326666432230367 0.4458651927502259
0 0.5484861213227977 0.3242469371660896
0 0.5725332799813022 0.32515568422234575
0 0.5230575505158176 0.4378540391507356
0 0.5297683257123699 0.43570560113243434
0 0.26514566349594487 0.1234923278507979
0 0.5223147648832073 0.325654464441797
0 0.38233005287854566 0.10514392256736756
0 0.3735539953669776 0.08696764940800875
0 0.31238351794688596 0.013045277284539265
0 0.230309356327938 0.10978408047686453
0 0.35140103506653203 0.05381979430499284
0 0.2358730401357879 0.15466494268697242
0 0.20037242057530777 0.14936577748993168
0 0.5978112000486125 0.3869827192762624
0 0.57135910573213 0.4008777678012848
0 0.5522010925671329 0.41406500663446344
0 0.5549264776965847 0.3266296800064004
0 0.5265861454865207 0.43681365381116455
0 0.5406972098609676 0.43943969270457395
0 0.5330818969270458 0.4345557891804239
0 0.5661620277425518 0.3141938416854195
0 0.5634230825564136 0.4170860935812411
0 0.5816254842540493 0.4079229967749637
0 0.6032809320351352 0.400409357962401
0 0.6092331263682117 0.4733460247516632
0 0.6148257929345836 0.45903098583221436
0 0.6125407371184101 0.44461537832799164
0 0.6098953712245693 0.4298676946888799
0 0.608195819284605 0.4190527422272641
0 0.5653340074679126 0.4275827897631604
0 0.5620110485216846 0.4337609643521516
0 0.558195457186388 0.44237949226213535
0 0.5551185536643733 0.45150805608085964
0 0.5064616802593936 0.3895504150701606
0 0.18749649482576744 0.3401280487361162
0 0.6224839094540348 0.3186952182780141
0 0.549929038014101 0.4308790083812631
0 0.5456132519504299 0.4347094060286232
0 0.5833059627076854 0.33133765510890795
0 0.5318429771324863 0.3364576617012853
0 0.578293510105299 0.32828399992507434
0 0.45452498676984204 0.2637482066517291
0 0.4134823459645976 0.2897395246702692
0 0.509222045864748 0.3151754510143529
0 0.23642879756896393 0.049309809441151826
0 0.2777752171715964 0.07715786663086519
0 0.31103151696531667 0.10037632228239723
0 0.5339790213367214 0.4642647481482962
0 0.4456590193769206 0.07823441669992778
0 0.4254432845374812 0.03941639156445213
0 0.39205481144397153 -0.012385587329449861
0 0.3380923237165679 0.23044573567483737
0 0.27038820865361585 0.2670521177675413
0 0.45582362296788587 0.19665031212827433
0 0.28246858003346814 0.19488448429366817
0 0.49881667676179303 0.22613310833340106
0 0.5439498725792636 0.30417614501455553
0 0.23980778488128082 0.2868090493523556
0 0.2992954555412997 0.2797733777243158
0 0.34298577192037 0.2802025258541107
0 0.3988465371987094 0.26387856285209244
0 0.4360178190728892 0.24552739359762357
0 0.4629407155772914 0.22862209755441418
0 0.5370007905623188 0.18869020874085635
0 0.26342651652901067 0.3349303179461023
0 0.2554400342962016 0.1948448229743087
0 0.6135129633805027 0.3158452977304873
0 0.49691584738700284 0.2669512494750645
0 0.15170075776784317 0.24083949891121492
0 0.48341930690019025 0.2117305381142575
0 0.5011306780835857 0.3167320662218591
0 0.303949870493101 0.2110976553481558
0 0.5324147719403972 0.2897542769494264
0 0.2180878150722255 0.3924519852451656
0 0.4526749517282714 0.18903670414634374
0 0.5579399022719135 0.2715230407274288
0 0.3851961608490218 0.492542669436206
0 0.377388343538927 0.5129247579885565
0 0.21480121495931045 0.3414910527675048
0 0.32909114691226377 0.46950693558091705
0 0.18841176139919655 0.1938828278494918
0 0.5429821911713352 0.5352163509182308
0 0.6117060485741367 0.32032256450342095
0 0.47494531455247296 0.28873846764149874
0 0.22687843846886055 0.24109583224939263
0 0.3644754070302714 0.21719162872304087
0 0.3888823169728984 0.21354526825573134
0 0.5360980037113895 0.4446462815222533
0 0.2828266549369563 0.37858800641868423
0 0.5980253297349681 0.5505277514457703
0 0.49326342376677884 0.5408287106648736
0 0.44213480162231816 0.5307586983494137
0 0.5046352821847667 0.023893014438774274
0 0.6546002704164257 0.5396947166194086
0 0.41075647654740705 0.2063618074292722
0 0.43139894339053525 0.197595523621725
0 0.4457902799805869 0.19240774978762087
0 0.22685621711223022 0.19395400842894678
0 0.4203112873694171 0.17700650355090267
0 0.39281016993133916 0.17513972417167994
0 0.36872622403113736 0.17955152146194292
0 0.34613505783288373 0.18840513676404952
0 0.3327197659274806 0.1971822100489036
0 0.14904626491277115 0.1866539946068888
0 0.3464146781226863 0.21665263772010804
0 0.6202382672092189 0.34078071221061373
0 0.5317601266762485 0.3704412184331728
0 0.5496482628843059 0.3206500784210537
0 0.5857332873603572 0.3508708715438843
0 0.5452651235720386 0.1444665888729303
0 0.4400986883303393 0.5112413997235505
0 0.48945479872434033 0.5236064737257751
0 0.6009341854116191 0.5389924348696419
0 0.3186421732863654 0.4864752867947454
0 0.44228718462197675 0.18412169762279676
0 0.5333773124477138 0.2289901053128035
0 0.6590324718019237 0.5280344885328542
0 0.5452603924533596 0.5488657057285309
0 0.24030138584582703 0.3895301015480705
0 0.5854914415141811 0.42335174951864324
0 0.5837224874159564 0.43236932158470154
0 0.5827782753369083 0.4446283323609311
0 0.583076782848524 0.4578818398973216
0 0.5689343887826671 0.47199287777361665
0 0.5430852327009906 0.4264010755912117
0 0.5369187224170436 0.4263467285944068
0 0.5310854393502941 0.4256861062153526
0 0.4887443113586177 0.4120346867519876
0 0.33967398884503736 0.3840845790894135
0 0.5175255316755046 0.20580578303855399
0 0.4697068672141303 0.16174959987401963
0 0.45143884452788724 0.17041962755763013
0 0.5479879755040874 0.42603323433710183
0 0.3465588096043338 0.4372720067915709
0 0.5005837682148685 0.1529693796582844
0 0.5539171475431194 0.4932388571293458
0 0.5940781238934268 0.22583594814590785
0 0.5546012226006259 0.21325400231972985
0 0.579497151400732 0.20312804456638253
0 0.5254683348795642 0.2685645260888597
0 0.6573603379985561 0.5094651986723361
0 0.6514651406070461 0.4861515358738277
0 0.6045722294112911 0.49537360849587814
0 0.4755849096438159 0.4671851333068765
0 0.48112054201571836 0.3396759896174721
0 0.5113221410176029 0.48380385883476423
0 0.4100876379272212 0.3518783556378406
0 0.462387062933134 0.36822268211323284
0 0.39463451909630193 0.39304504018762837
0 0.6023129898568859 0.5196096384006997
0 0.5082501921316852 0.2847156909496888
0 0.45009893211333646 0.48798434838004734
0 0.4966315704843272 0.5028618720562562
0 0.4460544961950053 0.44475244465081587
0 0.30197172271816625 0.4145627212265263
0 0.40110344844667806 0.4556096558985503
0 0.2745280865093936 0.4325488797996355
0 0.44906620713679685 0.402264715148055
0 0.5146414864322414 0.24759299573690996
0 0.5578020292779674 0.3124120127895604
0 0.5370296615621318 0.3214847643738208
0 0.5705880451461544 0.29448549604934193
0 0.4395257386824359 0.13996849241464035
0 0.3887752521297206 0.13299819036670354
0 0.34714448111860646 0.1392580020038978
0 0.3135561089476813 0.15284280310506407
0 0.29095877739398374 0.17111276822245639
0 0.2838240641614665 0.22001703984063606
0 0.19488361510245697 0.2933381816615229
0 0.3200261745115985 0.25067633863376537
0 0.35388522627560987 0.2514874808814215
0 0.39300319584815396 0.24286608909783156
0 0.42672031405179395 0.22957511809856995
0 0.4521207216641177 0.21601139643917913
0 0.4698809872826804 0.20457786392906438
0 0.16660136016814606 0.2898911767679712
0 0.5361808541676273 0.32709619169649873
0 0.5474286231657733 0.2493526462627494
0 0.5836405682822933 0.3089577816102816
0 0.5954034704229106 0.3166539757148079
0 0.5799897837898006 0.31292171568974203
0 0.5429554063340892 0.3317762939826302
0 0.6034465956947078 0.3169207821721616
0 0.6023577678462734 0.3214163311149763
0 0.46385076674430264 0.18668403197889744
0 0.4818369153401126 0.18791066900543543
0 0.49623132529466046 0.18928972404936087
0 0.32501756059734715 0.20343169842077338
0 0.2994369793197383 0.19392595245786334
0 0.6139955747386684 0.22382111316141876
0 0.6994310099145641 0.1231353759765625
0 0.6409058425089588 0.30783624208491783
0 0.7126812714597454 0.01561876742736153
0 0.6446556824704875 0.16211337842371154
0 0.6670324582120647 0.1582452509066333
0 0.68761647525041 0.15160560970721038
0 0.7056804824134578 0.12698670321184655
0 0.626443259741949 0.16185171694859216
0 0.6566013846060504 0.08113755201515944
0 0.6315931755563488 0.09194889133391174
0 0.6809668320676555 0.07847338364176128
0 0.6970854926368465 0.08438040601170581
0 0.724521138097929 0.1377757143067277
0 0.7222452837487926 0.4634734532107478
0 0.7019454318544139 0.11171466429596362
0 0.7461551654597988 0.11140851287738136
0 0.7318841743728389 0.11104122108739356
0 0.7001648175975551 0.2515630072225695
0 0.6480945724508037 0.36310617211072344
0 0.648052625682043 0.3838651930508406
0 0.6707599464318027 0.3669588480306708
0 0.684426807191061 0.37467545555985493
0 0.6631727594396343 0.38316580847553583
0 0.673847280766653 0.38577519694100254
0 0.7208083647748699 0.3953536553227383
0 0.6474822837373485 0.2961728171161983
0 0.6460159349700679 0.2739387514150661
0 0.7129653248450031 0.05393764603397121
0 0.6348846185466518 0.2071416968236799
0 0.6765977743527164 0.2770953395444414
0 0.671335615541624 0.26477215801892073
0 0.756666295554327 0.23102433804584585
0 0.630778827097105 0.24675151640954224
0 0.670071363773035 0.04441856307827908
0 0.6953953284284343 0.042909951054531596
0 0.6958329755326976 -0.019034036605254462
0 0.5854846987387409 0.08955181247514227
0 0.6135001483818759 0.10958032919012982
0 0.7296101454159488 0.36990261039008265
0 0.7575611102840175 0.31706077897030377
0 0.6624077710768451 0.2945786052423975
0 0.6479602384826412 0.3061706997778105
0 0.6968670788666477 0.392199697960978
0 0.6898682642242183 0.39327631463175233
0 0.6965742337962856 0.02429881866859353
0 0.675145618941473 0.2867594310770864
0 0.635399937953638 0.05688139174295508
0 0.6328548196217288 0.03732604688924292
0 0.6187529939672222 -0.050847476461659304
0 0.7025587636491527 0.004257947336072507
0 0.6275821182390918 -0.00557569550431293
0 0.7154920774957408 0.038833260277043216
0 0.7204754355808963 0.031118767352207848
0 0.6496796089669933 0.37421387239642767
0 0.667840734448122 0.37566695524298627
0 0.6800369251033535 0.38022590901540676
0 0.657171614792036 0.3000313539867816
0 0.6933660882970561 0.3928324475236561
0 0.6906192827483882 0.39904635393101234
0 0.6864312741419544 0.39372760783071103
0 0.6597770083209743 0.28990816020447274
0 0.6676001179477443 0.3893034559229146
0 0.6580421406289806 0.38792483379011566
0 0.6447960514089336 0.38993244248887765
0 0.6747589338084926 0.45551821174828905
0 0.6732227731010189 0.4428981530925502
0 0.6672875660917034 0.42945949279743695
0 0.6587165299317111 0.41639200384202213
0 0.6503200608751049 0.407484191396962
0 0.6703507605454196 0.3984804391860962
0 0.678725399400877 0.40175767631634424
0 0.6880103501936664 0.40678803700467814
0 0.6961214620134105 0.41300893659177035
0 0.7061224508544673 0.33752238996650863
0 0.7421274560949077 0.2050792582657026
0 0.6762834716102352 0.396202394236689
0 0.6835251006743183 0.3973104136145633
0 0.6440627652665843 0.3163749478433443
0 0.6688551309963932 0.30143275390500607
0 0.6460357535144557 0.31158092332922893
0 0.660082854654478 0.21354953076528466
0 0.7023648250362148 0.21887743460095446
0 0.6737060177585353 0.27377321286045986
0 0.6674090850612392 -0.04244124150794485
0 0.6733471977969875 -0.009414052056229633
0 0.6696642267963161 0.02375401666630869
0 0.7117262560388317 0.4160786094872848
0 0.5833534229060878 0.05741413883540941
0 0.5735082629582157 0.007690932569296463
0 0.5593327510616054 -0.0469528747641522
0 0.7018236148616542 0.14105398376350817
0 0.7470990050098171 0.14749017338389936
0 0.6144826936980953 0.15976345357687577
0 0.7132355946561565 0.08837337843749835
0 0.6174243319293727 0.19729811367781266
0 0.6692819375058879 0.2722484998728918
0 0.7663790959378948 0.1591464886198873
0 0.747564293768095 0.1704611204240633
0 0.7302115935346355 0.1879463009212328
0 0.6890335756799449 0.19494662369075028
0 0.6556179824730625 0.19322355415510095
0 0.6317076164743175 0.18956831900969795
0 0.5861983526012172 0.17702571814474852
0 0.7816369164249172 0.20661176365354786
0 0.7228006127735843 0.07967089906982754
0 0.6382460969945659 0.3093539285918941
0 0.6442027616760005 0.23072714455749677
0 0.7260924655458202 0.10664607422507327
0 0.6133005845805873 0.1836143257825271
0 0.6707367378732433 0.27428219979224
0 0.7080175060292949 0.10859357487896214
0 0.6614739525577297 0.25738867560158607
0 0.7515179071089496 0.25827727564003156
0 0.6109409857055416 0.1516209947026294
0 0.6470455307027568 0.24928101612173992
0 0.7681647765895595 0.3868298017460367
0 0.7575872245690097 0.40732751087002134
0 0.7734520066043605 0.20380708231874134
0 0.7776694077512493 0.34948665486729663
0 0.7332578006645908 0.06813831316388172
0 0.7264896559974422 0.480498782188996
0 0.6314446482321491 0.31551811682141345
0 0.6660842228194942 0.24165850016086
0 0.7432762238642444 0.10788356733062993
0 0.6838271844646205 0.14011872922596724
0 0.6649048331639041 0.14686813004638838
0 0.6971968043109645 0.4013351883577264
0 0.786098622109579 0.2514809039623841
0 0.6964486170074214 0.5206243820812391
0 0.7326399240156879 0.46994307689044784
0 0.7444015595576038 0.44335880383201265
0 0.6455447602531185 0.14982259863096734
0 0.6274375397226085 0.15080827066431876
0 0.6163760352393856 0.15184757372607355
0 0.7283507365247478 0.06883783094261003
0 0.6204542595407238 0.12720207649728527
0 0.636562489297079 0.11309864786656007
0 0.6576159674188365 0.10534103033335313
0 0.6781761798521747 0.10310422849396
0 0.6906750130912532 0.1058344824158627
0 0.7223571169635524 0.0555197030953739
0 0.6942318457624187 0.13197040940108506
0 0.6868200454375019 0.330477360797965
0 0.6643209684154262 0.29076948684194814
0 0.6512137580177059 0.33410215896108875
0 0.7534627694150676 0.4216389199961787
0 0.7399695444366207 0.4501814165840978
0 0.7018949914237728 0.5085218187259591
0 0.7605763975044956 0.3677851088668989
0 0.6134314167758693 0.1427816488172697
0 0.6161121356746425 0.20884172216705654
0 0.7194110083839168 0.49637343339298085
0 0.7792719158789386 0.2532676946857701
0 0.6623985696098079 0.4020693390265755
0 0.6715785789748897 0.4081747512454572
0 0.6811989921590557 0.4173947925152986
0 0.6895624178907146 0.42860679108163585
0 0.6973112452289333 0.43700400150340535
0 0.6815016719958057 0.38957012917684475
0 0.6879370364805927 0.38638137242068415
0 0.6929251629373302 0.3827671639297319
0 0.7207368019482364 0.3512594925320667
0 0.77526994827001 0.2732301425026811
0 0.6012254658600559 0.18582909910575204
0 0.5918226468822231 0.13577275107736173
0 0.6037139225265254 0.1356923628112544
0 0.675111644293951 0.39189153184061465
0 0.7772788483163585 0.3239464302425799
0 0.5763044286033382 0.13988640580488287
0 0.7096281725427379 0.44904306012651196
0 0.6012003946563472 0.20195920117523358
0 0.6430994051954021 0.23947398066520692
0 0.6853661763927211 0.4722890555858612
0 0.7379679459592571 0.3952630436938742
0 0.6933317038676013 0.28625182613082556
0 0.7259082871934642 0.4237070696509403
0 0.7398402023574581 0.2686817784024321
0 0.7187220531961193 0.30285836354545925
0 0.7588137763997783 0.2991654984329058
0 0.6976901072522869 0.4916734171950299
0 0.6537294465562572 0.2485837628012118
0 0.7521266940495243 0.40310429632663725
0 0.7369328367969264 0.4338861089685689
0 0.747997768547224 0.363927637623704
0 0.7848645079395046 0.290082989697871
0 0.766167871977972 0.35719956600147745
0 0.780915476705717 0.30114380237848865
0 0.7368940937778224 0.327604828969292
0 0.629480451669382 0.219451674559842
0 0.6663738268872966 0.28408667108286983
0 0.67290038647859 0.2863434034845103
0 0.6595242846271266 0.27165136557558306
0 0.6026598888894786 0.10550520355286805
0 0.6334998536369075 0.07953846156597137
0 0.664067201640295 0.0678361911488616
0 0.6888697746655216 0.06544642182795898
0 0.705135099913763 0.07195410838593608
0 0.7182148549219837 0.11049956601598988
0 0.7618457156678905 0.15691809524660524
0 0.721333556201147 0.1522459185641745
0 0.7051115188261737 0.16667051729948623
0 0.6768363046905269 0.1742899862320527
0 0.6480902138611545 0.1759606235701105
0 0.6268192905446758 0.174583916236525
0 0.6120595413705577 0.17201300691003385
0 0.7308121103307476 0.1558418781861015
0 0.6701593178769817 0.2925677663606146
0 0.6301181468626728 0.2289193409940471
0 0.6582503471037616 0.2892025816699733
0 0.6450139063855876 0.30328021878781525
0 0.6548648032805194 0.29313904254332834
0 0.6641649532577266 0.3005077560310778
0 0.6436238515636196 0.3062776288260584
0 0.637243137087511 0.31230395151221235
0 0.6051810908576717 0.1546049511950949
0 0.5975942018887271 0.16282669940720434
0 0.5953200611731281 0.16982315927743913
0 0.6975064131876697 0.10880708331647126
0 0.7059575695058574 0.09323262267786524
0 0.3772359977921714 0.19430300139862558
0 0.40578209641187085 0.18795775641565737
0 0.3706448602935542 0.1731061907566112
0 0.34815494748561276 0.20081604939440023
0 0.38356504249184026 0.21543246105961178
0 0.6441926661392917 0.12644050257361453
0 0.673154674794363 0.12043777354385542
0 0.6355774480363597 0.10381312046362007
0 0.6151756721994152 0.13244647843682247
0 0.6530059951802959 0.14884685025266978
