0 0.0802578805419414 0.6416583983794503
0 0.0425446139972495 0.5611509618551834
0 0.06599847288073404 0.5866314421529355
0 0.030769405927023163 0.49137725933738374
0 0.0390460714292915 0.539159607887268
0 0.04392790348957414 0.5114550320998482
0 0.06395875703057517 0.44108519891034004
0 -0.06478722166755925 0.4361337244510651
0 0.069238789420089 0.3731614431609278
0 0.06663723735381728 0.3418898986733478
0 0.06572533892872541 0.2488661087077597
0 0.08074115860559371 0.6487635700599007
0 0.08209621296871615 0.6559202090553615
0 0.08406174047242689 0.6606641816056293
0 0.08418883016818891 0.6809374057728311
0 0.08336751037479742 0.6902701326038526
0 0.08322822456450565 0.7022352726563164
0 0.08423533839295091 0.7142710053402445
0 0.08834672166520487 0.72909930633462
0 0.05029999395913404 0.573669375544009
0 0.037883295556125435 0.5756862412328305
0 -0.13509293224500574 0.3517023133194965
0 -0.012809236250493837 0.45511803056882777
0 -0.03311808532832757 0.4576009981010271
0 -0.052002546256003174 0.45680795830229054
0 -0.07187513132458148 0.444655957688456
0 0.004348771930064844 0.4479217220907626
0 -0.038104624123029084 0.39164040555124696
0 -0.01572854768322862 0.3936018389204274
0 -0.058115525495098984 0.3951706202133842
0 -0.07051304452445196 0.4040256028589995
0 -0.0905054269115562 0.46068777364233265
0 0.019452746471633083 0.7417472823806431
0 -0.0701608746919943 0.4310971967552019
0 -0.12235794054425281 0.4428674296192501
0 -0.10438764022420281 0.44352703923764436
0 -0.035245422111905136 0.5493654909341231
0 0.05600950381030207 0.6381155112515325
0 0.061717425918449524 0.6552242341248885
0 0.03579382574104745 0.6460214195044144
0 0.023565970401725044 0.6548659842947255
0 0.04622800919510748 0.6575057444365128
0 0.03478534195734107 0.6615116430365521
0 -0.007450420895348425 0.6938410079997519
0 0.023631953067429688 0.5610551409099414
0 0.01625040930736324 0.5402534049490224
0 -0.09423665111155613 0.38051258118256276
0 0.006808888410096583 0.4917531573254129
0 -0.008354324402044649 0.5610082216884779
0 -0.008345781501544558 0.5495825555013574
0 -0.08903017478144687 0.5480258247126704
0 0.02201400077699319 0.5139804290688557
0 -0.05494714917048164 0.3523145372452943
0 -0.07899114262798558 0.36214531919230586
0 -0.13308832940200102 0.31390021184216377
0 0.02592285548377296 0.3686577032441678
0 0.0038497288427923036 0.401506600431774
0 -0.022858567657354084 0.674554875622625
0 -0.04593084833544234 0.6335820726726367
0 0.01263056598279787 0.5735214653222457
0 0.030489836697993072 0.5796766685402912
0 0.011863714205506056 0.670816653707753
0 0.017594778019448986 0.6703345557917719
0 -0.08564091951626798 0.347225823091424
0 -0.002649184356888999 0.5720108374305394
0 -0.021579563374752583 0.3523593379103619
0 -0.023448126147622646 0.33280356578204945
0 -0.06816891758986142 0.26365361291429273
0 -0.1306788661395726 0.3307182843270509
0 -0.06188628871155822 0.29939571955929634
0 -0.10177590131111768 0.37072226560634114
0 -0.135908385819715 0.3618467387945756
0 0.057995208296114986 0.6475619015486344
0 0.04063077947205823 0.6523048245388529
0 0.02861097467172405 0.6583795614864515
0 0.01992616085740535 0.577800754878832
0 0.01474504626315573 0.6705824074537857
0 0.02107631909134595 0.6774492901304494
0 0.020449034140809723 0.6701924764591715
0 0.012499823073006195 0.5637934042059857
0 0.0400849049910903 0.6632828339286473
0 0.05112444006068551 0.6605217912922735
0 0.0656245804756232 0.6596188197965207
0 0.058249949720566685 0.7273713806401129
0 0.058149261521580425 0.7114595449489096
0 0.05862516290305749 0.6994535109271174
0 0.0612980650494928 0.6877126657444498
0 0.06518917356658241 0.6792221525441046
0 0.0396740167685177 0.6747586846351623
0 0.03421303787795098 0.6787309584410294
0 0.028294311269469883 0.6847058705661608
0 0.02387697132223326 0.6917607022368389
0 -0.012202100180413412 0.6318937192792478
0 -0.07689993051083191 0.530344936122065
0 0.05820205046430878 0.5801246363183726
0 0.03178036265561114 0.6727571736211362
0 0.02632361306282489 0.6747231550838636
0 0.03760850360698026 0.587534569139066
0 0.010161822297326897 0.5850952360941016
0 0.034026948775610195 0.5837147925211036
0 -0.014087172670532827 0.5055166990860649
0 -0.04847823447831299 0.5216928684193155
0 -0.006588220231882904 0.5603006627248681
0 -0.11236271885750086 0.2840589455936266
0 -0.10784594123454197 0.3090943929941758
0 -0.05939108732601871 0.33390943278437074
0 0.00905412565106931 0.7059289465779843
0 0.021640122422705525 0.3372788509596949
0 -0.005679441089539424 0.2984429717063904
0 -0.01072413624142823 0.25340506719506306
0 -0.06557252217570077 0.4528058497802071
0 -0.11059287716837032 0.47811867257823115
0 0.01580273602967677 0.4407789023026176
0 -0.08671628521836322 0.41342581251393196
0 0.019601572790871494 0.47673027955967445
0 -0.004451511549236981 0.550493223770805
0 -0.12313082012469354 0.48785516904748005
0 -0.1063592798360016 0.4939351537953252
0 -0.08732145417319692 0.5016250859136167
0 -0.049688797201151436 0.4963234859964122
0 -0.01999160959182874 0.48585451323053114
0 0.0017978871322196462 0.47425776875537373
0 0.04180738135524418 0.4462975084781647
0 -0.11655444473676059 0.5347644002541252
0 -0.1001986964079349 0.4096692427344944
0 0.038931753931810024 0.5733045173727948
0 0.006207948753043362 0.5142915653145832
0 -0.10504665193350418 0.43828973459160847
0 0.01856760081389676 0.4615376451741094
0 -0.0025544958594052687 0.5619913873465164
0 -0.0769905021171207 0.4304544772790826
0 -0.0023862934549865517 0.5365883023842521
0 -0.06252222896918007 0.580315811737724
0 0.01767936397505843 0.43339818223662996
0 0.007418356916826704 0.5223720892615941
0 -0.039638861608893974 0.6917211299357207
0 -0.019575199395742104 0.7087650521941807
0 -0.106274019440879 0.5326858048853667
0 -0.05674436186318812 0.6621226424756257
0 -0.12998801526492057 0.40007375660149946
0 0.022547074958034184 0.7556293855542722
0 0.04887990536087233 0.579620303278384
0 -0.009521722996040531 0.5316497724989186
0 -0.11504058094452256 0.44937503234199855
0 -0.04793587270314279 0.44284717699755793
0 -0.03148294888112856 0.4443797290325165
0 0.01661058810903974 0.680898222197657
0 -0.10075642978367598 0.5764378039733223
0 0.0653079592258386 0.7822049068368
0 0.016272384794833866 0.7519429030625716
0 -0.0005165082604988762 0.7346089523771535
0 0.06409979919376581 0.2980319328930067
0 0.1123862188592877 0.7894348595453345
0 -0.014519938024813715 0.4424810165944307
0 0.0017112919088938961 0.43782096997551295
0 0.012330398246969866 0.4350154959637186
0 -0.10892245910413888 0.4058689412863358
0 0.0004723043707401856 0.4236415497634722
0 -0.01750708683191434 0.4216963651387588
0 -0.03532535724503839 0.4213222358537757
0 -0.05172209182511205 0.42307348510493403
0 -0.06144866177245327 0.42625777254933894
0 -0.12522118919245576 0.3910392408785613
0 -0.05807039425100969 0.439603939263717
0 0.06845868771652812 0.6051014055376468
0 0.001896313148672166 0.6176019378330396
0 0.0092631456968577 0.5692667432453321
0 0.03682902013963979 0.6077944988789765
0 0.07030077873850646 0.40850559162056965
0 -0.019805871760067734 0.7172444867051166
0 0.0009497091902986816 0.7355280171269956
0 0.05401875507896361 0.7734937139179395
0 -0.032021769848854645 0.6772950048032014
0 0.012058149496822254 0.4287303027899369
0 0.02402182125850864 0.4826069800750069
0 0.1027033610228935 0.7798261761665344
0 0.0359534430924965 0.7684058355248493
0 -0.09145866285847581 0.5782522211904111
0 0.05063555571858002 0.6769489998402802
0 0.045058699689157634 0.6833270985147227
0 0.040393615627418396 0.6925696409266928
0 0.037667460861089436 0.7034769799398339
0 0.030235952373756016 0.7179788677588753
0 0.026069827094350174 0.6659900768943455
0 0.020344917540964874 0.6647010616634204
0 0.015852405689656734 0.6628930195518162
0 -0.019965573416455933 0.6522715884706248
0 -0.08484491228085497 0.5917240630025449
0 0.03087966273660245 0.4598632470421169
0 0.03094407171010971 0.4138853254525558
0 0.020623573466487553 0.4180696881335715
0 0.03131446546024602 0.6666833307432092
0 -0.06803726137656232 0.6393125927966574
0 0.04280899428641018 0.4117808798085088
0 0.025147601314212963 0.7292397918908492
0 0.051074826603998306 0.4880026127981103
0 0.03564616564013388 0.4705223845398944
0 0.057400703916083214 0.46590847969055177
0 0.009137517286707525 0.5177586897559788
0 0.09654626922438973 0.7642288197641788
0 0.0927413976346345 0.745489119446796
0 0.055480448164693684 0.7420435304227082
0 -0.021725115852187508 0.694622580383135
0 -0.01858307077022998 0.5796570378801097
0 -0.0002800750586649646 0.7138307343358579
0 -0.06055848592001459 0.5758652106575344
0 -0.03353560553944629 0.602169362358425
0 -0.06452832119944303 0.6105857843938081
0 0.05118915815230297 0.759248307476873
0 0.002923737442039925 0.5314939711404884
0 -0.028701827294476654 0.7022774882938551
0 -0.004344992258626482 0.7220842413280322
0 -0.03951021227175775 0.6702329039573669
0 -0.08521054280192955 0.6110649279926135
0 -0.052567192636754204 0.6663760428843291
0 -0.07567458632199661 0.6208961569744608
0 -0.0397149608672961 0.6328975262849227
0 0.01541126604475405 0.49801452159881593
0 0.0034891144655968833 0.5599431903465935
0 -0.0009295743606660677 0.5678924804148466
0 0.0032752468858076177 0.543654990196228
0 0.015297665139255316 0.39137958987899446
0 -0.017395200126844902 0.37819258700246394
0 -0.04504969311149224 0.37626277648884315
0 -0.067128566539158 0.38137973158255867
0 -0.08092914456906526 0.39348261667334516
0 -0.0890881203762863 0.4365096613116886
0 -0.11694924476677956 0.4876127206760904
0 -0.08403749577701092 0.4701341250668401
0 -0.06779336718761403 0.4763440414615299
0 -0.04164588119348754 0.4753449769123741
0 -0.015399547658212807 0.4691847785659458
0 0.004727806936463584 0.4604749850604845
0 0.018741016073719315 0.4523741696191871
0 -0.08863557146295258 0.48367512122444484
0 0.0042682326115343885 0.5747569141180618
0 0.017221026122570038 0.5019626166509545
0 0.011558825393085894 0.5592680511267288
0 0.031323781156021614 0.5707969240520312
0 0.01816597208380699 0.5639149199361386
0 0.01394502049231011 0.581574273109436
0 0.033267333172261715 0.5723540435666623
0 0.042393188275720764 0.5785811610843824
0 0.024132794660070667 0.43318275031836134
0 0.030927168569811012 0.4391246013019396
0 0.032742815942544 0.44290311466092647
0 -0.06678581075823825 0.42880598773127016
0 -0.07760196584074394 0.41487778166066047
0 0.07689487221448318 0.4913235374118971
0 0.29149596117760823 0.4286098754924277
0 0.0842479138797068 0.5756156874739605
0 0.4346867200473081 0.33596637611803803
0 0.20868708343123613 0.45004488488902217
0 0.23728431639787945 0.45228044779404347
0 0.26597753053774004 0.45194462745086006
0 0.30556176254606765 0.437179027951282
0 0.18437103793510926 0.4447951798853667
0 0.2498821439626424 0.37486330478087715
0 0.21607421941893257 0.37786341387292616
0 0.28175081604200863 0.38016715930855793
0 0.30296587296154187 0.39160856889641804
0 0.33319661247989407 0.4540938348873802
0 0.2069347490678015 0.7480620964713719
0 0.3036296057474354 0.42092591031737947
0 0.44663764771236025 0.43675893182339875
0 0.3708321077182241 0.4355515490407529
0 0.2229680029027488 0.5486868531807609
0 0.10861198508950032 0.6390161115190257
0 0.10852324711563795 0.6562968456226846
0 0.13989322737831136 0.6493660952733911
0 0.16202699737218412 0.6589983743170034
0 0.1328044465702513 0.6601828222689421
0 0.15303376798882432 0.6651976979297141
0 0.21653913305667433 0.6944043107654737
0 0.06596108364022296 0.5611757236978282
0 0.06740290886196106 0.5402044643526492
0 0.34149241520334844 0.3699679623479428
0 0.16819866689974847 0.4911843346512836
0 0.15077025062688018 0.5605086699776027
0 0.15718706486665684 0.5488670276558918
0 0.3158070326823255 0.5472456517426864
0 0.07134691872836454 0.5138869016066842
0 0.2654665864032248 0.34039380913195405
0 0.30867244619066303 0.3502172635949176
0 0.3905916398634081 0.29769440215566884
0 0.13592041332436644 0.3642127581264662
0 0.1878159766125938 0.39013486996940944
0 0.2322726968837821 0.6746036218560261
0 0.44539974208759225 0.636371764411097
0 0.13074546704149764 0.5731935361157293
0 0.10919940082923225 0.5794777963472449
0 0.19115044771815123 0.6752050586368726
0 0.18487742960291065 0.6747108324714329
0 0.32602479130677553 0.3340259922587353
0 0.15635302205286597 0.5714789825937022
0 0.20961424105031334 0.34286614500957985
0 0.2129072622274575 0.32295513567717177
0 0.24399847415802273 0.25188664534817573
0 0.35741520146636857 0.31945481404014253
0 0.222131978922888 0.29175948993019435
0 0.3628009663003942 0.358742042987243
0 0.39992998556598375 0.3508460472459378
0 0.10881422561309907 0.648418070440707
0 0.13635253234078054 0.6551211440044901
0 0.15768907267762267 0.6621456161789272
0 0.12554895274503075 0.5777373925499294
0 0.18788540172998025 0.6750050202659938
0 0.17529592035419267 0.6814188817273016
0 0.18171553070778432 0.6744662072347558
0 0.10909332413955228 0.5634092263553454
0 0.14953133334284244 0.6667015619899915
0 0.13016025025559508 0.6628872275352478
0 0.1083127728096493 0.6607004108636275
0 0.12698895135975402 0.7286320188771124
0 0.11520461025445358 0.7125397754752117
0 0.11277651560047398 0.7005156268244205
0 0.110597120516974 0.6887383968933769
0 0.10863035654082247 0.6803571545559427
0 0.14989909958904205 0.6783077136329982
0 0.15468732506522667 0.6819457997446475
0 0.1604224074146022 0.6878791181937508
0 0.1654306828327801 0.6946261566618215
0 0.18986757945917224 0.6314119712166164
0 0.4790317362741284 0.5275446321653283
0 0.16475042627881403 0.6768382518187813
0 0.16971191245576608 0.6787206572035085
0 0.10181735123953094 0.5875870082689368
0 0.15091005631763002 0.5853227962618289
0 0.10522941801616031 0.5836482815120532
0 0.20001467649379503 0.5046237178470777
0 0.24625731259584427 0.5206910050433615
0 0.1653314278177593 0.5596861258797023
0 0.3297047019004822 0.268768877050151
0 0.30061758698328683 0.2989514252413874
0 0.2756628191665463 0.32106969823007997
0 0.19370570232200882 0.7078461429347163
0 0.1421224747824928 0.3307352910871091
0 0.14578003051650265 0.294118920357331
0 0.15837410651147366 0.24660362653110338
0 0.29109107265653816 0.447191247732743
0 0.3690822181980247 0.4725805134876915
0 0.16811368752108968 0.4396298089753026
0 0.33318357331597287 0.4039585087610328
0 0.14482014853021372 0.4763234195501908
0 0.12739049578490463 0.5501753236936486
0 0.4079250725715057 0.4850936599399733
0 0.34473762142917386 0.4906072709871375
0 0.30246296589789184 0.4998304159744926
0 0.24341230191614316 0.494775929140008
0 0.20178144105264675 0.4840331766916358
0 0.17086551314138848 0.4730810953223187
0 0.09381836513057351 0.4461000162622203
0 0.4007103682860084 0.5339427502258964
0 0.3589106586802265 0.40030238576557325
0 0.06406357617157957 0.5733330498570981
0 0.16017095388277716 0.5136419265166573
0 0.4780925230487533 0.42889593891475514
0 0.14645841831098433 0.4608977245247882
0 0.1735966840515966 0.5613630896029265
0 0.31694231109450693 0.4216928277326667
0 0.13362984812777975 0.5361996541852536
0 0.46890272264895233 0.5802974638731583
0 0.16936867894685786 0.43114742014719093
0 0.10250139449034697 0.5223036346228226
0 0.3451424256453048 0.6996253277944482
0 0.36341445334255695 0.7156230719193168
0 0.4500680156861958 0.5316738346348638
0 0.38692482463691547 0.6680833661037943
0 0.4257393244491971 0.39105463442595106
0 0.2178212706728474 0.7636601137078327
0 0.06885615740295338 0.5793778937795888
0 0.18863303198114686 0.5307201344033946
0 0.402478523876356 0.4400145893511565
0 0.2611492180629917 0.4376376079476398
0 0.2364506810579611 0.43895360075909157
0 0.18064815992408473 0.6846903992735821
0 0.39580370842114737 0.5770835555118063
0 0.17069219623732826 0.7874275176421456
0 0.2682860245847184 0.7604493540266286
0 0.31173493551171344 0.7427670271500297
0 0.2132876180112362 0.4370843537475752
0 0.19108185159933308 0.43384648043176405
0 0.17628331385228946 0.4326651228510815
0 0.38515012136296084 0.39445163270701533
0 0.19654457279197549 0.4104704069054645
0 0.22164906618063865 0.4014944721823153
0 0.2471551882993916 0.4002836491750634
0 0.2721608762993761 0.40459518354872
0 0.28753778808142827 0.41123574998067774
0 0.46177965783230635 0.3777594102465588
0 0.2787000451074994 0.4336340611395629
0 0.16222171367996413 0.6172920843829279
0 0.12781986083997332 0.5686253065648286
0 0.10500403578676608 0.6077412045520285
0 0.3043100309112798 0.7263233754945838
0 0.263675387462844 0.7448240093562914
0 0.1635606025710054 0.7785027586895487
0 0.40807800173111586 0.6822456240653991
0 0.17782560245984275 0.4234174492566482
0 0.11182517651468515 0.48217541653177015
0 0.22145881803463335 0.7762170501377271
0 0.4423095164415629 0.5799414686534716
0 0.1305179280107436 0.6792949997860452
0 0.13479120486780352 0.6854428560837456
0 0.13908325362464655 0.6946076144342838
0 0.14279219321906567 0.7051762954048488
0 0.16414697152440963 0.7196727410606716
0 0.17039045480930287 0.6699835751367652
0 0.1752343215453236 0.6687635587609333
0 0.17951675953910404 0.667149996239206
0 0.2124762532260755 0.6516356328259344
0 0.3420700445447279 0.5923171033029971
0 0.11917784583309422 0.4596172223920407
0 0.14408810064196587 0.4103247318578803
0 0.16443235779424076 0.41334728987320607
0 0.16604414177329643 0.6705728836681532
0 0.35593185606210126 0.6424935371979423
0 0.1122063683224437 0.4099845383478248
0 0.18876558744713015 0.7334586345631143
0 0.08547191621492738 0.47026559218116426
0 0.13294225704410803 0.5176148222840351
0 0.1413492298806491 0.7446151469064796
0 0.25214873845486535 0.698815145181573
0 0.20005674465842868 0.57917952693027
0 0.22590553825316223 0.718639352010644
0 0.26640332668371824 0.5756459692250128
0 0.22472758749094995 0.6020398388738217
0 0.2940267392474672 0.6113906025886535
0 0.15411490857925103 0.7631286475969398
0 0.15543652900859065 0.5309172184570976
0 0.2854308952455935 0.7092543415401293
0 0.2483593157452086 0.729348013193711
0 0.2686786888896123 0.6731312057246333
0 0.39025638722207234 0.6132530663324439
0 0.3142832771105611 0.6710553314374841
0 0.4254338595530261 0.6248554084611976
0 0.24655237988285397 0.6332099064536717
0 0.13646505133289358 0.4976830938588018
0 0.11662835909215652 0.5597347943679146
0 0.14018981215422568 0.5674893716107244
0 0.09783205302918087 0.5438210150469904
0 0.1657793680610864 0.3843809096709542
0 0.21232621853604264 0.36663461794023927
0 0.2546609975397587 0.3634836637455484
0 0.29074812016409374 0.36970425066740614
0 0.3173935673321071 0.38274231319842134
0 0.33977354990075465 0.4285958230495453
0 0.45228647205816663 0.48399535365726637
0 0.31496645623575087 0.46499376867128456
0 0.2826324770955936 0.47244972664376966
0 0.24194696966720664 0.47148838794749715
0 0.2049258888253699 0.4653281896010689
0 0.17689702570762322 0.45786694495574287
0 0.15667408336277888 0.45064877064331715
0 0.4812667726174645 0.4776867203090502
0 0.14332626500855322 0.5743967984033668
0 0.10509911068188756 0.5018802067507868
0 0.08984186976095257 0.5596546002056287
0 0.08123678734283084 0.571316961620165
0 0.09448988909792641 0.564213694696841
0 0.13858894566478935 0.5815918823947077
0 0.07378230575958024 0.5725717300954072
0 0.07771823640264895 0.5785668948422308
0 0.15778270736336708 0.4319564560185308
0 0.14040970753716386 0.4372861219489056
0 0.1273252999652987 0.44204579902731855
0 0.29642881177689717 0.416465105181155
0 0.31612252986625483 0.4048994393452354
0 -0.021865005847876488 0.4293333333471547
0 0.0004941674516252849 0.4275162144847538
0 -0.022587007397542828 0.40943567675092946
0 -0.044607513705673424 0.43128219143204066
0 -0.021313960663974285 0.4492205526517785
0 0.24451602217943771 0.4170408666133881
0 0.27358043096635654 0.4179697855659153
0 0.24370149595905904 0.3958250014678292
0 0.2156259419558489 0.41594802193019703
0 0.24524264644993388 0.43812056106069813
