0 0.40762341512909417 0.43152049509417106
0 0.39431727422943597 0.37991975619345486
0 0.39522654308548455 0.3963922519309848
0 0.35713318480721 0.3344631682590944
0 0.38996318473091607 0.36447123118809294
0 0.3825435091423083 0.3450914162213729
0 0.36316127075424676 0.2992168960451078
0 0.19688286377659328 0.3188680390349957
0 0.3493503232168246 0.26013595875905676
0 0.3430595745014239 0.23962867652334752
0 0.3210778732465792 0.1716115172503709
0 0.4097961236404467 0.43864433888961624
0 0.41161016120186333 0.44650574859116926
0 0.4124330033229876 0.4519248522964178
0 0.412183587686925 0.4513758280697991
0 0.4145321597026873 0.4575536705198742
0 0.41691795481911187 0.46518762188465324
0 0.41907653702965264 0.47395685106432406
0 0.42284176244011407 0.4941461325025692
0 0.39560390009155755 0.3882081333328696
0 0.37313378347626214 0.39142033599671866
0 0.0970810998844195 0.27474104005749483
0 0.26304856433144097 0.32280013182250056
0 0.24165592087975032 0.32745637379440606
0 0.2205305297540713 0.3301536791464862
0 0.19003344072571285 0.32577608588362944
0 0.2811258186267901 0.316797754510778
0 0.21434307588806636 0.2800350661705188
0 0.24132037653198726 0.2779802394514324
0 0.19141828014126308 0.2873226320710169
0 0.1786451984809924 0.2971314938963294
0 0.17506872607937343 0.3389709962516272
0 0.3447229464220095 0.5300403806675716
0 0.18751882507076748 0.3153629000781297
0 0.10610408081284052 0.34192038901379795
0 0.14671281470528133 0.3322624993257496
0 0.2712538440393496 0.38744038660653163
0 0.38044614090195183 0.4324096998914617
0 0.3875717867778826 0.45000476429776315
0 0.3549197365211535 0.44431332563485754
0 0.3382183362411547 0.4545177358205245
0 0.36651093258133416 0.4548067260189217
0 0.3494302083419848 0.4597837310545251
0 0.3134819467233706 0.4841468648082402
0 0.3754481424259234 0.3822545379149814
0 0.3680812169479418 0.3680690625468556
0 0.14544243110886104 0.2902547708746432
0 0.3037051607536364 0.34285297363746065
0 0.3181346107887316 0.3881143523531468
0 0.31289621187916283 0.38085029973369355
0 0.20358035458794124 0.396670628495577
0 0.3622259844707537 0.3498680685080734
0 0.1899534214901019 0.2631064835382777
0 0.16204293562641628 0.27435859545272273
0 0.11188266171684748 0.2442630380809474
0 0.2920486380027819 0.2594064211144167
0 0.2665837009119082 0.2825778342929541
0 0.2926641155647326 0.47216668482922036
0 0.16699561967125423 0.4816233781205506
0 0.3377484877275515 0.39373429866732
0 0.3574786235260058 0.39543204464498355
0 0.31860632194748406 0.46877366938844783
0 0.3234086681770373 0.4679451800194107
0 0.14726281656494625 0.26795332188031923
0 0.3188357700275469 0.3955500736957839
0 0.23130152119865902 0.2566195530216901
0 0.22390798224678524 0.245940971942175
0 0.1941575457023669 0.19614539443611764
0 0.13212273015251644 0.25522535697084847
0 0.21511775745621212 0.22106540378402262
0 0.12999012066593654 0.28673063623471085
0 0.11518686010113245 0.2806400705118473
0 0.3837798882888842 0.441840212886073
0 0.36078697933426385 0.4498120315936433
0 0.34372808529606347 0.45711355850476176
0 0.3438776780532885 0.3959202718000118
0 0.32110655798187737 0.4683435450748903
0 0.3332185943292666 0.4691702927194056
0 0.3261087287830401 0.4674952163749716
0 0.3479577799009371 0.3860848350685184
0 0.35316941632500176 0.4616730395151454
0 0.37045547856560235 0.4580734120029695
0 0.39026815189590935 0.45486235234583794
0 0.3928738583492327 0.49772325366818937
0 0.39218590153923516 0.4770285999741541
0 0.3906011034416247 0.46810786797552884
0 0.38984290255775933 0.46047620262418476
0 0.39002666367760186 0.45436955316393984
0 0.35302871956100945 0.46173840861360566
0 0.3501159299778033 0.46502109669169794
0 0.34709498776665215 0.46944094038143214
0 0.34517699970474724 0.4748902521213564
0 0.3098501165079165 0.43962838603001014
0 0.12004851295223719 0.4092741825667416
0 0.39541280760040765 0.392214535164232
0 0.3399612952636767 0.4647936655693695
0 0.3366983134912539 0.4667524797241895
0 0.36618271960487847 0.400336659255148
0 0.32928294433823113 0.4035400444386052
0 0.36202389492264275 0.3979151995242143
0 0.2823939521478701 0.3553859606510451
0 0.24964508904686458 0.37102798036500517
0 0.3110279787944842 0.3886049199505013
0 0.14214671148529537 0.2177057260391759
0 0.1633282799886752 0.23495689510297374
0 0.17849722995033748 0.2537840799290259
0 0.3348430146144915 0.4911237778116007
0 0.2783968795703936 0.2408055924400896
0 0.27009797586670403 0.21316759476140767
0 0.2522433151172686 0.1819756762320254
0 0.20178153111210353 0.329982581926661
0 0.1549947906898547 0.3540378114422496
0 0.29306020333042626 0.3115005987365039
0 0.16177541507950313 0.3087360464892134
0 0.3171391536163378 0.3304590116194984
0 0.33086936666241173 0.3794838352029731
0 0.13406879200211055 0.36766862919350635
0 0.1735266943143893 0.3617764023505673
0 0.20419724776020534 0.36219240236683053
0 0.24627787365189083 0.35244935867833155
0 0.2752818812297869 0.34129780414057714
0 0.2964541365074206 0.3308819649266262
0 0.342619960443883 0.30593713600428496
0 0.1478902448581744 0.39918516163064655
0 0.14397562040558345 0.3098723040241487
0 0.38409784926643853 0.38926870749444187
0 0.31082508458366875 0.3570707253381318
0 0.09723470105400568 0.34219873836394454
0 0.3117746163772631 0.32017506721640837
0 0.3085887332128573 0.3902789621460004
0 0.17797242595425136 0.31768717702363386
0 0.32570454968681817 0.37059946170374125
0 0.1389127720760394 0.445007620572376
0 0.2918877948688555 0.30636753246229903
0 0.34322938813438897 0.35847640588503926
0 0.23304877175560482 0.5112251293759386
0 0.23593092455139644 0.5283417093987558
0 0.12496345235577112 0.40632636824241875
0 0.19757436706295498 0.49446761674907697
0 0.10931498302689081 0.30928878548766386
0 0.3434727240966845 0.54623869086514
0 0.3863963831829119 0.3928822143739011
0 0.2939443637298632 0.3715570564029597
0 0.12973727776279934 0.33864719877723887
0 0.21928941203823574 0.3212183057760992
0 0.23819599045982845 0.31945308158043717
0 0.3301590432094622 0.47222965905646314
0 0.16164209439030178 0.4291809780591008
0 0.39108053340187554 0.560300122789976
0 0.313298409120946 0.5514514274289962
0 0.2780101646350909 0.5428219172133117
0 0.3319414456056643 0.205604591456448
0 0.43991080416908745 0.5553478556854718
0 0.2563128520416308 0.3157757160042514
0 0.27365056170692925 0.3112966945024432
0 0.2857722391056109 0.3086200313073914
0 0.12725934876671322 0.3102600418386005
0 0.26599085821381097 0.29587441782991425
0 0.24401581777801998 0.29256952276416853
0 0.22391155852547176 0.29442756182673263
0 0.2058777560161639 0.300255236004581
0 0.19610934449902065 0.3066860231197849
0 0.09291068209877497 0.30567012147075323
0 0.2062439669536639 0.32060478331328107
0 0.3989229847358752 0.4088986504311655
0 0.3281856228279162 0.42684872728102013
0 0.3373166222738314 0.3907868653452363
0 0.36894265307655816 0.41430877336934835
0 0.35570380582085137 0.28048610478556124
0 0.2702317882942248 0.526290611058724
0 0.30518469704857354 0.5368881883407507
0 0.38828528417816643 0.5500940525231242
0 0.20047605528107174 0.5094723830036089
0 0.28339368595352654 0.3022453739863484
0 0.33569236590137963 0.33124682899950597
0 0.43804511918297295 0.5450075093437644
0 0.35029809667339806 0.5579809077313634
0 0.14217898740044124 0.43909386710292486
0 0.37018174423447137 0.4578075812978237
0 0.3678247381614733 0.46290854813337995
0 0.3668089856075335 0.46923274987218094
0 0.36709100498428826 0.47722797300301345
0 0.3611327458786059 0.4961967137681336
0 0.33545256151428704 0.464024313190738
0 0.33058546973934655 0.4633136895858273
0 0.3263353605436373 0.46236904896274
0 0.29762401177158837 0.4552617515502524
0 0.1961578924821902 0.432437186481572
0 0.32983537508717065 0.31697731542320146
0 0.303371896283536 0.2898193125297375
0 0.2905440677570391 0.2944739216349038
0 0.3400666613744784 0.4645596485511929
0 0.203893353478818 0.47043410436112004
0 0.3234839637445498 0.28463736911113857
0 0.3515850950645495 0.5131455711623868
0 0.37584716572037224 0.32928719841131643
0 0.34987696005573754 0.3209379017353058
0 0.36967972411385064 0.31475245284767045
0 0.3269089658426333 0.35721547897456407
0 0.4340185572074938 0.5297173451976616
0 0.4280979980396319 0.5110513379259938
0 0.39016888036003594 0.5154771687937718
0 0.29198994232883935 0.4937283635473385
0 0.2939199854301501 0.40528498026503235
0 0.3197446216510821 0.5061103920308816
0 0.2422755260633517 0.4109536948658171
0 0.27915806068649773 0.42372897208905685
0 0.23131980492344387 0.43905625673903137
0 0.3879983772205401 0.5344637622352407
0 0.3149708260463763 0.36843253868300707
0 0.27445519460907464 0.5081809759140015
0 0.3090387184785891 0.5205492338880437
0 0.26870304836502557 0.4771812185853803
0 0.17574756337872036 0.4545962767106812
0 0.23881263031235225 0.4835998816650455
0 0.16417675210705288 0.46881307590575444
0 0.26915719105473046 0.44715413275886984
0 0.3235068966316271 0.34380958861663563
0 0.3405437369512606 0.384636781629728
0 0.3271771122383166 0.3915289760637684
0 0.3482576657699633 0.373096686451375
0 0.2792557526992846 0.27609487708543196
0 0.2382070322202731 0.2707082538210711
0 0.2050787259506274 0.2743530028841409
0 0.18014179660549648 0.2827050210047169
0 0.1652077783512164 0.2941211952047856
0 0.16506980849972255 0.324471711110668
0 0.11229148997536188 0.37424791193141993
0 0.18911163999310024 0.34317924762640345
0 0.21347900225391872 0.3439205146971203
0 0.24274722232094295 0.3389586136788547
0 0.2692486990856219 0.331170193120545
0 0.2896136094497729 0.32324504718727093
0 0.3034579206871081 0.316185320625786
0 0.10739958776703364 0.3755696359134856
0 0.32840320958366875 0.3960837761894995
0 0.34102543188801293 0.3442471424738566
0 0.3579850543903399 0.3827133734687036
0 0.37146983041038995 0.3887540551126838
0 0.3580955315994311 0.38540164362482665
0 0.3358558614419985 0.3998837564505783
0 0.3765652228759814 0.3893773747759373
0 0.3789227057861376 0.39296380328197106
0 0.2999042619632769 0.3051773767177464
0 0.3126422811912585 0.3058335170024583
0 0.3212067831920672 0.3062831268591039
0 0.19113298250904567 0.31126579249940334
0 0.17320172979107387 0.30696367850156725
0 0.3948732365535784 0.32891131248794686
0 0.507427339689641 0.27398261427879333
0 0.41380614532700066 0.38574958031250983
0 0.5505864371227313 0.21244935111171392
0 0.45356140031090264 0.29502713688615323
0 0.4747658718990374 0.29333664355825645
0 0.49422383798828606 0.29028780921166686
0 0.5164491285251666 0.278776860704609
0 0.43459669245949273 0.29429050987842037
0 0.46919650329819207 0.24373111813342205
0 0.4448584069179583 0.24900814882513522
0 0.49273267878761773 0.24395906633021786
0 0.5088412214683581 0.24941680094107194
0 0.5355992664264727 0.28691191165721047
0 0.5088461090492297 0.5036802508917844
0 0.512749229805379 0.26856587823031663
0 0.5809603084491778 0.2742584326854941
0 0.552587514059453 0.2734497010040016
0 0.490117644207387 0.3557863667899487
0 0.4315082479881335 0.42497332540212895
0 0.4337664891647387 0.44344491267404634
0 0.45825377597084527 0.428983999901459
0 0.47565344466438775 0.43451786692402944
0 0.4526796091960955 0.4423246028042641
0 0.4677444447444964 0.4426421137417064
0 0.5109456528591204 0.45459695707182257
0 0.4119521726535845 0.3769914546266657
0 0.41074911250343804 0.36182231312038515
0 0.5305335570739794 0.2336741694215299
0 0.43497840060463433 0.3239358994974142
0 0.4571429838108111 0.3676514568782988
0 0.45589674009552483 0.35977875318179947
0 0.5495601047443438 0.346568099256991
0 0.40282613529434685 0.343856560749834
0 0.48018554343452935 0.22012059987426139
0 0.5091920246051836 0.22313696738718605
0 0.527775411741643 0.18788213623004132
0 0.39246160282364373 0.24421065027306393
0 0.42592093838921075 0.25969394173274857
0 0.5222055066989947 0.4381538801500443
0 0.6005117048191119 0.415773781407781
0 0.44257718815079217 0.3784640010665445
0 0.42690983905067925 0.3855606576307815
0 0.4951463092731524 0.44428219230902966
0 0.4904967595504809 0.4444895391704656
0 0.515425865785985 0.21316306355620632
0 0.4588057149814654 0.3749219321069263
0 0.4422089804576922 0.2251258671116762
0 0.44171792759171014 0.212780632558657
0 0.44308147324791436 0.16323770035882623
0 0.523119216101079 0.20051886471045785
0 0.4417718399929095 0.19013195445223682
0 0.5381875683235217 0.22673594175266618
0 0.5461013664173174 0.2198755065767037
0 0.4336633433269549 0.4347226556275739
0 0.45582545294037347 0.4360452504719005
0 0.47202930344810967 0.43856411070382895
0 0.4377936471866656 0.3822401686876762
0 0.49271765841713433 0.4444138013682112
0 0.48449314131012444 0.4476849233069006
0 0.48776573433151726 0.44467323667862835
0 0.432846908705144 0.3738965190091387
0 0.4641076971458483 0.4453459505607434
0 0.4496662069725085 0.4464489792575355
0 0.432631288902669 0.44873044788002636
0 0.4510859896110583 0.48898091236082447
0 0.4439123321937609 0.46946510680917264
0 0.4406702567504931 0.4607544431165487
0 0.43694362534752373 0.4536033848754498
0 0.43258834375610833 0.448208665313507
0 0.4644261945652056 0.4455177009272642
0 0.46955863131752495 0.44781492671378853
0 0.4748622526096392 0.4510347766368663
0 0.47958341731300835 0.4554687174094491
0 0.49104694022408013 0.4130852391072014
0 0.5941899765895892 0.34068931635020494
0 0.4753822435306597 0.4452722266274674
0 0.4800057460235644 0.44630656606342944
0 0.42267662777176385 0.39236737149102346
0 0.45282891883125787 0.3854804294449942
0 0.4247278918193865 0.38911255100528064
0 0.4598428059982348 0.3298055519576834
0 0.49736306561699395 0.335354495783146
0 0.46061406029930596 0.3666134979210648
0 0.49411777152290826 0.17057592594990878
0 0.49010184897652154 0.1897006599175162
0 0.48295638455620293 0.20809919001007615
0 0.49679074181786065 0.4665353356623182
0 0.3925999750064898 0.22286842884469768
0 0.3908963550495196 0.1968443838655114
0 0.38738888992538933 0.1642154201406057
0 0.5094974388050127 0.28560733277590666
0 0.5601247896122027 0.29509549957363546
0 0.42137936248054986 0.29255813351866244
0 0.5286679316925097 0.2554128781086257
0 0.41721252097359185 0.3160107399569172
0 0.4437905301021624 0.36302380368155257
0 0.5815691102909136 0.3032866258915065
0 0.551996146576314 0.3069937776784603
0 0.5289203275608111 0.3153241194930731
0 0.48864815129509453 0.3179896383726296
0 0.45717069997063164 0.31567345772470745
0 0.43288890017738824 0.3116672736089103
0 0.38431767119637017 0.29994561725637825
0 0.5896503378318835 0.33501932267047446
0 0.5420759071277667 0.2518671488060671
0 0.4061846484111834 0.38615874950291396
0 0.43897879614105706 0.33849003535358846
0 0.5781111766265917 0.27452058944047664
0 0.4137755979465533 0.30570495596119
0 0.4615272630619097 0.36787739120611623
0 0.5209987510608721 0.2684855411867468
0 0.44122407330742364 0.35367441694943513
0 0.6000446428226519 0.3769077974207261
0 0.41847581161728387 0.2874261286078381
0 0.42203090085258965 0.3469386783634581
0 0.5818942536281634 0.4564154263304061
0 0.5816091050075579 0.4731250415329172
0 0.6016736377643633 0.3366558633598627
0 0.5975342739986468 0.43275750050691664
0 0.5629421223568011 0.24518973077712608
0 0.5171897162365008 0.5177364032141635
0 0.4037717927860308 0.3905125981619378
0 0.4610723902153063 0.3473454526826447
0 0.5689510454105425 0.2745348362027764
0 0.4900329460071612 0.28158528263829335
0 0.47282454861870293 0.2848459814442974
0 0.48881233228912835 0.44976963148731475
0 0.5945221532749224 0.3655727086614828
0 0.4844176520275164 0.5448592178293971
0 0.5386979330944109 0.5139053984850395
0 0.5598530818389941 0.4965714838992314
0 0.45478886856308465 0.28640643054363774
0 0.4370251048969317 0.28704429632809314
0 0.42505699886551385 0.28791875089583946
0 0.552733098404317 0.2481557107439228
0 0.4339436043666888 0.27199654485665115
0 0.4507138778137255 0.2637246596713026
0 0.46954527987709527 0.2598600451017962
0 0.4886956859993029 0.26003287043892037
0 0.500804101364522 0.26308311993668393
0 0.5661173213886309 0.2400537117355678
0 0.5007862795757342 0.2778001750717644
0 0.46898726119270806 0.4063127338051462
0 0.44234321011772637 0.3755166493877977
0 0.4288629044460345 0.4057943530443336
0 0.5619986404346514 0.4795150750157546
0 0.540867840187459 0.49832700614501785
0 0.4837930251525927 0.5345137823863524
0 0.5941374946998644 0.4480690279928576
0 0.4230676342414904 0.2816608979755423
0 0.40652752413025384 0.3209579996034211
0 0.5151175607608843 0.5304726004934445
0 0.6057736028598834 0.3702230587059042
0 0.44995061053505425 0.44618480863357457
0 0.45550114406815057 0.4501458711984779
0 0.4602005232738543 0.4555460064351058
0 0.4645342577861834 0.4629307823354791
0 0.47740600003471856 0.4784851715344341
0 0.47955146922340874 0.4433610377525415
0 0.4839093436168719 0.44149050725942235
0 0.4875254382061053 0.4394115413270411
0 0.5096572388576556 0.4241665803751692
0 0.5732825149463702 0.3770377191842771
0 0.40000904096832757 0.30691678801170585
0 0.3998091567920733 0.27517324627614487
0 0.4127463747428942 0.2763794313291876
0 0.47495231522789483 0.4449964354352123
0 0.5852618564533282 0.41296065137499854
0 0.382114087479024 0.27565143130072695
0 0.49393880857697015 0.49064219098131195
0 0.39010981215706353 0.31506456171765046
0 0.4294477452205706 0.3423281974819194
0 0.4634988655017901 0.503878263198361
0 0.5325433660911608 0.4567880193058516
0 0.48221248878708367 0.3776832186207384
0 0.5161469329761553 0.4753352899511321
0 0.5278100122379351 0.36937143705806147
0 0.5058492173122454 0.3905326007794933
0 0.551503096954732 0.3918568012761135
0 0.4765276063846636 0.5203334777629008
0 0.44402751816978936 0.3495978290627317
0 0.5525288332866717 0.4645411971570397
0 0.5315792907642413 0.4848762391662063
0 0.5433816064762164 0.4358430743551388
0 0.5966120411323595 0.3918611555874181
0 0.5677973379062701 0.4334340244114232
0 0.6061209787296343 0.401972900585634
0 0.527626131908803 0.40911193004175395
0 0.4221428979801226 0.3295447831394292
0 0.43887565030327325 0.3703452515668896
0 0.45159981145134453 0.37329630441024525
0 0.42834249629250054 0.3614042720206979
0 0.4118306685852099 0.2563396116264728
0 0.44380134834518914 0.24071570312609525
0 0.4743073631691027 0.23523461852087027
0 0.4999375094341326 0.2361515820527277
0 0.5181379069255877 0.24273256569349466
0 0.534505193369298 0.27123124743042204
0 0.5938053478168536 0.3048118186765024
0 0.5279328276084948 0.29448438558925766
0 0.5089446951316882 0.3012142730694191
0 0.4816088129447985 0.30452771347110014
0 0.4542001832889605 0.30458021013676617
0 0.43217996253242974 0.3027516579260679
0 0.4163286436962176 0.29977849334561857
0 0.5857192624973345 0.30743065117453994
0 0.4515442003177691 0.37799215700779976
0 0.41260996951332574 0.3337724384139566
0 0.4255404819416094 0.37291200922316864
0 0.4153319348262835 0.38255264495267255
0 0.4251913477348376 0.37583943992769686
0 0.4461903025077868 0.38370117620259775
0 0.41228393210640435 0.38432411486361207
0 0.40988296760788445 0.3886118868485886
0 0.41166633857956414 0.2886155087406896
0 0.4022354830669451 0.2925836878831313
0 0.39716873063316827 0.29523611661432836
0 0.507645343677907 0.2659252741757561
0 0.5189751137661028 0.2572000643619302
0 0.23647901906242855 0.30579555285077137
0 0.2587947298454333 0.3022606140759145
0 0.23143369449844844 0.2926066704824859
0 0.213842620389371 0.3094757079076366
0 0.24142982556095607 0.31916262180197474
0 0.4615146864818621 0.272568279538168
0 0.48428747548332696 0.2696193494215733
0 0.4575593222545672 0.25939433790054645
0 0.438737725155263 0.27545630372538954
0 0.4657854784893084 0.28569708601767274
