0 0.4872081227600574 0.5876742987893522
0 0.45815978962928056 0.5289668279699982
0 0.4697847539559007 0.5437690850347281
0 0.4163488413207233 0.4557835515588522
0 0.4497189728543162 0.5069624068215489
0 0.4402741750702262 0.47480964213609694
0 0.41795949218794703 0.39147886517457664
0 0.2630399799905717 0.41933298618532716
0 0.39387238435447214 0.3167165179736912
0 0.38199633955955503 0.2833610858302563
0 0.34664836134761573 0.1747981899417937
0 0.4904584661126137 0.5956107630394399
0 0.4946375276893377 0.6041660971008241
0 0.4981932511553168 0.6098898586817085
0 0.5038747051730752 0.6236672008410096
0 0.5073628693819046 0.633484348654747
0 0.5122373277321458 0.6456497043371201
0 0.5178410647436976 0.6575775338336826
0 0.5198505606502295 0.6631860218942165
0 0.4632151786237955 0.538061595056206
0 0.44544815067201854 0.5422399072907865
0 0.16729157166555525 0.3459788971580565
0 0.3278529465198517 0.428690667077899
0 0.30852958438917993 0.4359972046688199
0 0.28893745094537737 0.44005130380392077
0 0.25846534566953777 0.4294619018211961
0 0.3431440401822329 0.41881541199982164
0 0.2758808575570583 0.3561069502029568
0 0.30106467846781015 0.3539000700227916
0 0.25515340818092225 0.3668436788022518
0 0.24423239631578325 0.38213951434008775
0 0.2488772145472467 0.4514698125422001
0 0.45815600603818896 0.7057488088496029
0 0.2534785896539688 0.4119825936853886
0 0.19603413268923758 0.44610465355217455
0 0.22293613003566862 0.43775430247187613
0 0.3552212629467249 0.5291305634193122
0 0.4635666094720364 0.591428804397583
0 0.4754915341734886 0.61013448163867
0 0.44620459619909525 0.6067264631390572
0 0.43756948690861464 0.6202670632861554
0 0.461086312122643 0.6173763249069453
0 0.4514082269743085 0.6248474605381489
0 0.42433080393821 0.6552105842158198
0 0.4412446320988238 0.533862894307822
0 0.4302371259778738 0.5137173959054053
0 0.2156462237238884 0.36731412415392695
0 0.3761628260836005 0.45845723068341615
0 0.39890699768438936 0.5368662008084357
0 0.3934524909593165 0.5241365930065512
0 0.2937195606995374 0.5435363423079252
0 0.4221145228482783 0.48334733229130505
0 0.2507506034336984 0.3243315886706114
0 0.22758447621017694 0.3423315880820155
0 0.1685170461423695 0.30352993300184605
0 0.3457876625470817 0.32122839805670084
0 0.32504359604790806 0.3620417917147279
0 0.4035817267373204 0.6422564283013343
0 0.3024973471648991 0.627798305824399
0 0.4191074030473828 0.5441901862621308
0 0.43601170405745504 0.5453336290083826
0 0.4331331070512533 0.6410201001912356
0 0.438047940749675 0.638836019858718
0 0.21466603502631187 0.3299769328907132
0 0.40300053646788003 0.5447860013693571
0 0.2877278777770698 0.3147650627419353
0 0.2795308981090784 0.2961803442798555
0 0.22586086299270391 0.22950341510586442
0 0.18583919536322355 0.3236071298830211
0 0.2500249379314482 0.2706162062473595
0 0.2030243342742324 0.3599076240323484
0 0.18100836761295797 0.3588831404224038
0 0.468912005610764 0.6016827369108796
0 0.45354442205280066 0.6127018660306931
0 0.44408189933747055 0.6229228632524609
0 0.4251109565608203 0.5459664963185787
0 0.43568266797810795 0.6399405283853412
0 0.4443861205130816 0.6430409155786038
0 0.44058216279372575 0.6377947941422463
0 0.4225388986058533 0.5376273589208722
0 0.45719262193888427 0.6255780358798801
0 0.46709952913224695 0.6198610966093838
0 0.4808996492996812 0.6146926475688815
0 0.49444401916116476 0.670390812959522
0 0.4932754008099437 0.6627095972187818
0 0.4890420395880938 0.6504754303023219
0 0.4864138413220644 0.6376952040940523
0 0.48584463242441417 0.6279781952500343
0 0.45992887411266564 0.6332351382821798
0 0.45715294536203144 0.6389060465618968
0 0.4544766852632165 0.6464471304789186
0 0.453285126760602 0.654338779207319
0 0.40759303206577896 0.6031816063448787
0 0.2395045435987413 0.5280849855393172
0 0.4662821711972356 0.5409916597418487
0 0.45138900224119427 0.6349748666398227
0 0.447754436917603 0.6387791280634701
0 0.44490754026919604 0.5509423915296793
0 0.4145818190649152 0.5538269349373877
0 0.4405113994143903 0.5482316209934652
0 0.359490074031055 0.4780285179615021
0 0.33067236952483653 0.5042483427561819
0 0.3949046229943633 0.5333668260835112
0 0.1852023079060018 0.26491712653078137
0 0.2061420644633472 0.29380996390245856
0 0.23967789001762868 0.30791383595205846
0 0.44343737652525306 0.6634702848270535
0 0.3303582462482154 0.288787782844156
0 0.30265136659145353 0.2534478425513953
0 0.2781802242621779 0.20135913025587798
0 0.270703047234565 0.43840144174173473
0 0.2334464518353343 0.4757716663181782
0 0.3524454705417156 0.40982511644251646
0 0.23127489211037755 0.3994486371986568
0 0.3847944926470518 0.4398150322958827
0 0.4047009368427098 0.527616441808641
0 0.22452917527407407 0.4934548595920205
0 0.250920438952744 0.490946052968502
0 0.2788931244052947 0.49436536356806754
0 0.3164196670986712 0.4794512441381812
0 0.3418775768019259 0.461225990857929
0 0.3599798956885934 0.4441488069482148
0 0.40014464100822805 0.40310951247811316
0 0.2461155168712139 0.5405702448450029
0 0.21694597247987985 0.400071584712714
0 0.4527082484215498 0.5408041246235371
0 0.3866712390445173 0.4822646237909794
0 0.1946922531351447 0.4358230789192021
0 0.37248933408409357 0.426648835837841
0 0.39431808115914463 0.5330512354150414
0 0.24590153945609927 0.41473690546117725
0 0.39925997946411373 0.5113971438258886
0 0.26729261707514523 0.5774101328104735
0 0.3499030848033726 0.40094656562432646
0 0.4085530416108668 0.4951809825375676
0 0.3614450487308204 0.6802905342541635
0 0.3719166313298047 0.6932335156947375
0 0.23385461950674652 0.538429529312998
0 0.3263352833688259 0.658153823018074
0 0.1862852841615677 0.39995293924584985
0 0.4611524738371372 0.721664082724601
0 0.45766270756721494 0.5431117515079678
0 0.374675158970058 0.503725416585803
0 0.20949909826740623 0.44633998405188324
0 0.28576545519754293 0.42532432740554216
0 0.30374030796810986 0.4228692758828402
0 0.4418172496370971 0.6476224498823285
0 0.26938023902475833 0.580352901108563
0 0.5049050008878112 0.7353085074573755
0 0.4405464743264019 0.7221944193355739
0 0.41056357715278863 0.7110362170264125
0 0.36486556846648455 0.2325282863806933
0 0.5466111164540053 0.7268896196037531
0 0.32018865216523407 0.4169350813142955
0 0.33512405417859553 0.4094764336477965
0 0.34516031928360463 0.4046537071466446
0 0.20345873143523932 0.39896005783230065
0 0.32641061432659624 0.3856218724977225
0 0.3061694075353444 0.3810725873336196
0 0.28709860863164066 0.383138610329479
0 0.2700263809412718 0.3908120627515018
0 0.2609082502312958 0.39980622036382557
0 0.1752223365008831 0.3880628088954836
0 0.27265940243378284 0.42341807978227736
0 0.47703980691730974 0.5594666723161936
0 0.41972000394016507 0.586892438493669
0 0.4170953506603837 0.5417650509625673
0 0.45125807635486126 0.5697607153095305
0 0.4068834723904729 0.35370679083280265
0 0.397340096719563 0.6975828954018652
0 0.42855051355436447 0.7091690212488174
0 0.49911147076636553 0.7276002377271652
0 0.3380448160693049 0.667239572107792
0 0.3420033385977149 0.3947585928719491
0 0.3992212573066354 0.44614848885685204
0 0.5415341507643461 0.7180825658142567
0 0.4710181364789605 0.7318553989753127
0 0.26020153677091 0.582758157607168
0 0.47119473814964297 0.6308745404705405
0 0.4695744749158621 0.6390299459919333
0 0.46928784232586623 0.649587981030345
0 0.47121836002916095 0.660962262377143
0 0.4668074768036604 0.6697337931022048
0 0.4442265620455146 0.6319130215793848
0 0.43828029073774816 0.6321392948739231
0 0.4330917602404952 0.6314487123861909
0 0.40240351306274535 0.622653734870255
0 0.2997765361331403 0.5897494181990623
0 0.391998041048646 0.41982897599227725
0 0.3602882413193583 0.37369988509453833
0 0.3482033831998706 0.3814938453957438
0 0.4496115665882826 0.631200325395912
0 0.3217001627199352 0.634373209439218
0 0.3790050869807601 0.36591329602524636
0 0.46140951942652464 0.6874616842716932
0 0.4329014387913048 0.4468377774581313
0 0.4085223297588527 0.431398222502321
0 0.42595171481370925 0.42071879738941786
0 0.39833911815658213 0.4869412391446531
0 0.5346838057041168 0.7024537505581975
0 0.5268799275159836 0.6817118097096682
0 0.49477268029004334 0.6900877248495817
0 0.4060530082322657 0.6660511570051313
0 0.3830428944900632 0.5545632347464562
0 0.43247921047732235 0.6792903992347419
0 0.33406418850645425 0.5640848275274039
0 0.37347809551283717 0.5809684773907066
0 0.3336612701416016 0.6006204953417182
0 0.49551576394587754 0.7117934934794903
0 0.393306294362992 0.5018110527656973
0 0.39426134433597326 0.68077013483271
0 0.42620959552004933 0.6936036456376314
0 0.38091961815953257 0.6478533890098334
0 0.2917296729981899 0.6121180487796665
0 0.3558510774746537 0.653234898019582
0 0.28939519729465246 0.6227793594822287
0 0.3724190308712423 0.6117468602024019
0 0.39306105971336364 0.46365347867831586
0 0.414759511500597 0.5362218453548848
0 0.40790439434349535 0.5425540864467621
0 0.4154973288066685 0.5204296867363155
0 0.3357695484533906 0.35012597967870535
0 0.29659209032543005 0.339946720097214
0 0.26586178904399277 0.3449547860305756
0 0.24399421755224465 0.3579922799952328
0 0.2320765532553196 0.37576330071315167
0 0.2368700223043561 0.42585423272103073
0 0.21214347053319216 0.493027563393116
0 0.261907578445971 0.46010709274560213
0 0.2849772240966558 0.4632397094741464
0 0.3115804370492697 0.45584185486659407
0 0.3351198615506291 0.4431905860081315
0 0.3524596504867077 0.43009382812306285
0 0.3640247931703925 0.4185258558951318
0 0.2170980148948729 0.4808182939887047
0 0.4113270274363458 0.5467823505401611
0 0.4050058056600392 0.4696055524051189
0 0.4269022994674742 0.534837426058948
0 0.44184692185372115 0.5401088763028383
0 0.42941468916833403 0.5370106063783169
0 0.4191622992046177 0.5503143468871713
0 0.4460504915565252 0.5413875889964401
0 0.4509566843509674 0.5438689103350043
0 0.3574867818504572 0.3994284447282553
0 0.37100412119179965 0.401338593615219
0 0.37934557609260083 0.40334666618146003
0 0.2564598719589412 0.4063580496702343
0 0.2402939165942371 0.3974793028086424
0 0.45306244026869535 0.44278336465358736
0 0.5791347632184625 0.3191251072101295
0 0.48508961852639915 0.5284726809710264
0 0.6358627580106259 0.17642570305615662
0 0.5277380187064409 0.3662208881229162
0 0.5483013249933719 0.35934384241700174
0 0.5678743530064821 0.34891696041449904
0 0.5908160723745823 0.32194668147712946
0 0.5090578500181436 0.3672101623378694
0 0.5299163445830345 0.27909725946374236
0 0.5066591896116733 0.2919968172907829
0 0.5553838666528463 0.2740039734635502
0 0.5744092283770442 0.2779955151490867
0 0.6145475396886468 0.327999501908198
0 0.6058986594900488 0.6561968001537025
0 0.5840860523283482 0.3079094053711742
0 0.6802855260670185 0.27436210555024443
0 0.6339789386838675 0.29689260916784405
0 0.5689303839579225 0.45400735912844536
0 0.5102347513660789 0.5763601635582745
0 0.5163777694106102 0.5971448418684304
0 0.5398091400042176 0.5777051781304181
0 0.5603132041171193 0.5822155094705522
0 0.536958016641438 0.5939518437720835
0 0.5537931222468615 0.5935250572860241
0 0.6027985690161586 0.5930037386715412
0 0.47567788455635307 0.5219789785332978
0 0.47103494107723237 0.499362588301301
0 0.5987498538568616 0.24315817132592202
0 0.5052594995126128 0.41258999495767057
0 0.5263844475150108 0.49218653719872235
0 0.5248776238411665 0.47777950363233684
0 0.6365715507417917 0.4234706586226821
0 0.4612359173595905 0.46939900107681753
0 0.5351912500336766 0.23806757112033666
0 0.5696976007893682 0.23466676701791583
0 0.5990830143913627 0.14696971140801907
0 0.44538894258439543 0.29332979479804633
0 0.4908444946631789 0.31185587667860093
0 0.612103646621108 0.5692598244175315
0 0.7254287784919142 0.4824052261188626
0 0.5143538890406489 0.511126643139869
0 0.4999136943370104 0.5229391599074006
0 0.5856905676424503 0.5938902861438692
0 0.5803555678576231 0.5951384944841266
0 0.5778084611520171 0.2141793689224869
0 0.5309017485007643 0.50003682076931
0 0.49422071911394594 0.2536337701138109
0 0.4908848529681563 0.2336347945500165
0 0.4864327933639288 0.13412730023264885
0 0.5886177036911249 0.1776055314578116
0 0.4868628615513444 0.18397004129365085
0 0.6102935902774334 0.2254216346424073
0 0.6234346497803926 0.19967870502732693
0 0.5138842465355993 0.5871404726058245
0 0.538609298504889 0.5862076196819543
0 0.5572862289845943 0.5878510907292366
0 0.5109138548374176 0.5161739765666425
0 0.582939556054771 0.5946054132655263
0 0.5763756049796939 0.6027439198456704
0 0.5774169787764549 0.5958624435588717
0 0.5013134185224771 0.510174656379968
0 0.5508699061349034 0.5971546832472086
0 0.5351463582366704 0.5989855325780808
0 0.5174321301281453 0.6033165234141051
0 0.5468958402052522 0.6525701540522277
0 0.5426587294787169 0.6475812807679177
0 0.535707488656044 0.6360238948836923
0 0.5287292513996362 0.6245716666802764
0 0.5231896990910172 0.6165254965424538
0 0.5545118341222406 0.6047134110704064
0 0.5604465160518884 0.6075483947061002
0 0.5680305710062384 0.6119529018178582
0 0.5752404935657978 0.6172622276470066
0 0.5741431498900056 0.5449265252798796
0 0.7153373615816235 0.36173106292262674
0 0.5652177266776561 0.6005375689826906
0 0.570403871126473 0.6014056883752346
0 0.49645239021629095 0.5330779365263879
0 0.5290834091603756 0.5140036584809422
0 0.49808042515069245 0.5282433101907372
0 0.5332218738272786 0.4165478955954313
0 0.5753583984449506 0.4181348277255893
0 0.532262920960784 0.4850811009295285
0 0.5516323167830706 0.13110564406961203
0 0.5450410965830088 0.1703697459306568
0 0.5371932469308376 0.21625013616867364
0 0.5897542126476765 0.6128278827294708
0 0.4401974636130035 0.2591004795860499
0 0.42948865666985514 0.20706926682032645
0 0.4203743265941739 0.1492562048137188
0 0.5838435275480152 0.3361847648397088
0 0.6436788391321897 0.33304963875561955
0 0.4956991488113999 0.3657285447232425
0 0.6006939379498363 0.2789492859039456
0 0.48425453566014764 0.4042746572289616
0 0.5104277145117522 0.49058819534257053
0 0.6757061537355185 0.3347474138252437
0 0.6337358344346284 0.35833998257294297
0 0.607150380499661 0.38011385668069125
0 0.5630122339352965 0.39405152313411235
0 0.5298182439059019 0.39699299754574896
0 0.5037949429824948 0.3955178297590464
0 0.44154539350420235 0.3882312101777643
0 0.6872363578528166 0.3864251799415797
0 0.6176729222759605 0.26655038371682166
0 0.4740649158135056 0.5334650438278914
0 0.5092216692864895 0.4387301281094551
0 0.6871675033122301 0.260378819797188
0 0.4825507948175073 0.39004870895296334
0 0.5356416337192058 0.4833042027428746
0 0.5948319964110851 0.3025685753673315
0 0.5073088083416224 0.473273406829685
0 0.7245412707328797 0.4190886965021491
0 0.49250542297959327 0.3572974041569978
0 0.48406648095697163 0.46856538532301784
0 0.6883969999849796 0.5689666219055652
0 0.6958800569176674 0.5833497773855925
0 0.7110605061054229 0.3716479576192796
0 0.7086622547358274 0.5269560107961297
0 0.6519935021176935 0.2335003087762743
0 0.6161848120391369 0.67016516700387
0 0.47455988451838493 0.5371649317443371
0 0.5351485397666693 0.44701805897057056
0 0.6554550789296627 0.29062298433855177
0 0.5619531352072954 0.3380386296659708
0 0.5451190521940589 0.3478372121695429
0 0.5821764977648854 0.6045415594242514
0 0.6962091952562333 0.43218137668445705
0 0.5876379581168294 0.7081744146533311
0 0.6432542588561774 0.6544836552813649
0 0.6678274217993021 0.6246186386793852
0 0.5281974352896214 0.3535400167107582
0 0.5115018794313073 0.3560572139918804
0 0.4998346820473671 0.35774842160753906
0 0.6333956180140377 0.2524799174629152
0 0.5007581850513816 0.33049511481076477
0 0.5148133737966418 0.3152517208829522
0 0.5329412404447794 0.30638048248365524
0 0.5532559545710682 0.3023045833222568
0 0.5672957021743059 0.30347398221492766
0 0.66375668682158 0.2123927861917764
0 0.5724002778530121 0.32817439222708344
0 0.5492136817425489 0.5415005099959671
0 0.5127252405509353 0.5085174622945487
0 0.5063905546441674 0.5505982961505651
0 0.6648996721953153 0.6073982254602015
0 0.6413497149944305 0.6380139706656337
0 0.5840611351653934 0.6996046125888824
0 0.7148659124970436 0.5381622829474508
0 0.49436582494527104 0.347457574121654
0 0.4687958050519228 0.421414084918797
0 0.6177471624687314 0.6831827625632286
0 0.7193932007998228 0.4235656220465899
0 0.5400954999029637 0.609982587210834
0 0.5465919939801097 0.6154670190066099
0 0.5544019736349582 0.6236313248984515
0 0.5621905129402875 0.633274739049375
0 0.5714815810322762 0.6335764106363058
0 0.5680549768730998 0.5938758573494851
0 0.5722074169665575 0.5906391023658216
0 0.5757139878347516 0.5871005581691862
0 0.595848248526454 0.5548444001935422
0 0.6685477698221802 0.4615753009915352
0 0.46217100974172354 0.3947634351439774
0 0.466646077670157 0.3414461972657591
0 0.4824238229542971 0.34067676612176
0 0.5640764797106386 0.5963996416889131
0 0.6871714573353529 0.5081330211833119
0 0.4422318766824901 0.3478800476528704
0 0.590084782615304 0.6437818812206387
0 0.44813208021223544 0.41727260923944415
0 0.4962675396353006 0.4524730058386922
0 0.5604972366243601 0.6679562283679843
0 0.6272822551429271 0.5899590278044343
0 0.5611719770357013 0.49190733218565585
0 0.611958983913064 0.6179664939641952
0 0.6126521650701762 0.46678417418152096
0 0.5893664456903934 0.5054864744655788
0 0.6422748882323503 0.4933932235464454
0 0.5746224047616124 0.6855265790596604
0 0.5137425493448973 0.45910974154248835
0 0.6507315210998058 0.5934202524833381
0 0.6291543487459421 0.6250178614631295
0 0.6363011091947556 0.5593975474126637
0 0.7013721950352192 0.4704459120519459
0 0.6658553186804056 0.546532042324543
0 0.7209038762375712 0.47401437247171996
0 0.6151031140238047 0.5270797533914446
0 0.4887600768357515 0.4296850776299834
0 0.5064334012567997 0.5043361309915781
0 0.5216139186173677 0.5029600631445647
0 0.4913997622206807 0.49387894067913296
0 0.47341792173683644 0.308582912478596
0 0.5016849944368005 0.2785931534599513
0 0.5323676344007253 0.2638531989883631
0 0.5611269829794765 0.25891655166633426
0 0.5842041276395321 0.26390636595897377
0 0.6112359089776873 0.30034810937941075
0 0.6986868338659405 0.32172025134786963
0 0.6055986650288105 0.3442960998043418
0 0.5850690361112356 0.36144252624362705
0 0.5562427077442408 0.3742127738427371
0 0.5280930968001485 0.38008037246763704
0 0.505598863773048 0.3806010245345533
0 0.4886034497991204 0.378355955099687
0 0.7019898407161236 0.30974768474698067
0 0.5235538441687823 0.5076287191361188
0 0.47455889601260426 0.445003320928663
0 0.49093335792422294 0.5127791713923215
0 0.48488772474229336 0.5254801960662008
0 0.4931789703667164 0.5151504731737078
0 0.5205830775201321 0.5149637222290039
0 0.4807928906753659 0.5295143379829824
0 0.48109823670238255 0.5333732563070953
0 0.48485970571637155 0.3606263975612819
0 0.47263584323227403 0.36945093842223287
0 0.4633776003494859 0.37666102265939116
0 0.5763092046603561 0.3054820547811687
0 0.588765911385417 0.28623206303454934
0 0.2954239832703024 0.40074820891022683
0 0.31650273567065595 0.39410210233181714
0 0.2890342733822763 0.37770209154114126
0 0.2740561440587044 0.4074602448847145
0 0.3015450581908226 0.42380248168483375
0 0.5211446169763804 0.3341786919161677
0 0.5441817101091146 0.32509888294152917
0 0.5126566927880049 0.3123327914625406
0 0.4988751156255603 0.3427286543883383
0 0.5297560703009367 0.3556412687059492
