0 0.3643937141634524 0.6644182547926902
0 0.3731408047489822 0.5918977491557598
0 0.3730492990463972 0.6155154183506966
0 0.3742139421403408 0.5024372069165111
0 0.3777663826942444 0.5666258841753006
0 0.3863749483600259 0.53219178840518
0 0.4106821262277663 0.44525149948894976
0 0.24471336957067252 0.39226078391075136
0 0.4294411915354431 0.3643390737473965
0 0.43732720501720906 0.3266476906836033
0 0.46500158943235875 0.21054864395409822
0 0.36263542976230384 0.6735067337751388
0 0.36139633813872934 0.6832173462957144
0 0.3612465623766184 0.6899228673428297
0 0.35861503686755897 0.7057334952056408
0 0.3558554102666676 0.717357823997736
0 0.3528568798676133 0.7316064458340407
0 0.35054375492036344 0.7458141505718231
0 0.3491198427975178 0.7593417137861251
0 0.3722163404338062 0.6040837619453668
0 0.35419900370761753 0.5992114700376987
0 0.20179019989445807 0.27405684292316435
0 0.3051390077918768 0.43501384779810903
0 0.2821644172538072 0.43190650567412375
0 0.26064793933182956 0.425197659060359
0 0.23576572798192502 0.3977464955300093
0 0.3252130949869752 0.43387907184660435
0 0.29349937387742103 0.3378757929429412
0 0.3195106925442815 0.34988205675035716
0 0.2670519946143031 0.3363198908045888
0 0.247718137037009 0.3445173704996705
0 0.21716780988499523 0.41122329123318196
0 0.26812826776877047 0.7652671158313751
0 0.2393799706362188 0.37911536619067193
0 0.1704637541435659 0.38142777159810065
0 0.2014206967316568 0.38213434927165507
0 0.2757381618022919 0.5411361735314131
0 0.3405347092077136 0.6545731883496047
0 0.3405372419394553 0.6781373538076878
0 0.3159668494947255 0.6590504955500365
0 0.3004329510033131 0.6666349764913321
0 0.32299790233373643 0.676683197170496
0 0.30978989582508804 0.6780182648450136
0 0.2661370065063238 0.6975704498589039
0 0.3549222795292735 0.5871667727828026
0 0.3555194356478751 0.5622338630259037
0 0.23096327232196928 0.3115769803524017
0 0.3341019496321678 0.48695903047919276
0 0.3127804662100971 0.5700846839696169
0 0.31446363013237716 0.5556924313306808
0 0.21116926735267044 0.5212700381875038
0 0.36464204248040916 0.530228777974844
0 0.2876715839840472 0.29491953272372484
0 0.2554795125499368 0.2965938502922654
0 0.22757840557023884 0.2342774249613285
0 0.3813381030224264 0.34536425340920685
0 0.338172859326005 0.3706812450662255
0 0.2547947962768376 0.6733791835606098
0 0.1730667993426323 0.6103307757526636
0 0.32772118858993055 0.5880446802824736
0 0.3424883930012584 0.5986857358366251
0 0.28376120124012233 0.6824624847620726
0 0.28971331035718323 0.6832552324980498
0 0.25115408916026355 0.2761202517896891
0 0.3118377042002976 0.5810147691518068
0 0.32839894415810705 0.30759469848126175
0 0.3313626882620156 0.28497918248176574
0 0.3228984193876386 0.19496922716498374
0 0.23229829762130977 0.259654950350523
0 0.32278663460165263 0.24391281232237816
0 0.22438380382955075 0.2953142227604985
0 0.20715798884630204 0.29108559638261794
0 0.33942480413243176 0.6670995455235242
0 0.31896241642534734 0.6684760354459286
0 0.30452925693243743 0.6724739138036966
0 0.33214413076639177 0.5935797281563282
0 0.28675623405724765 0.6829161088913679
0 0.2927206105552614 0.690427090600133
0 0.29274938376620413 0.6836961016058922
0 0.3357593210414052 0.5816801350563765
0 0.3145711075514555 0.6818594206124544
0 0.3270174337550998 0.6821331273764372
0 0.3428224723786116 0.6850441347807645
0 0.32189614679664375 0.7515044897794724
0 0.3252748970873654 0.7369140923023224
0 0.3290471684187651 0.7232058119028807
0 0.3343838409520686 0.7097559154033661
0 0.33966884231194855 0.6998320877552032
0 0.31287304013967515 0.6898923479020596
0 0.3069326815195382 0.6937587190419435
0 0.29991105319932104 0.6993428505957127
0 0.2939706428907812 0.7059824917465448
0 0.2810800117906183 0.6384742885828019
0 0.16530271880328656 0.4843045547604561
0 0.37267333483323456 0.609274634718895
0 0.3042089955881238 0.6867547810077668
0 0.29847464971244336 0.6883535787463189
0 0.3468024794012308 0.6092635214328765
0 0.3175159336999059 0.5969235222786665
0 0.3447725035250187 0.6040884345769882
0 0.3075358162634075 0.4965012388303876
0 0.2665090596303344 0.5049807813018561
0 0.31033968813717366 0.5659140445291996
0 0.2651705884374678 0.20644015893340112
0 0.26852516578510405 0.24200433697551488
0 0.2869363509118557 0.27226756177842615
0 0.2793959605507553 0.715770223736763
0 0.38485210463404657 0.3059818407520652
0 0.38127674888819457 0.25689203590154647
0 0.3873571313917637 0.19735104851424695
0 0.2431526554748416 0.4135133858770132
0 0.19122753692790867 0.4246292607858777
0 0.3388136921450496 0.4307473562657833
0 0.22728242054581643 0.3518739027902484
0 0.3525580347515643 0.4736126895993948
0 0.32396778352558614 0.5629602257162333
0 0.1724075826816261 0.438585127517581
0 0.19839966464787723 0.4497141784057021
0 0.22263859659433366 0.4690338473767042
0 0.2666408478282392 0.4758143831044436
0 0.3011668057180941 0.4726925389841199
0 0.3274772882461548 0.4669933386147022
0 0.3874982579611242 0.4463916216045618
0 0.1680461152456701 0.4938887536525726
0 0.2151854045689106 0.34316963199526074
0 0.361410759203136 0.6008775368332863
0 0.3310147736221552 0.5141942005604505
0 0.17313766414299608 0.37412943672388793
0 0.3487288372591138 0.45826494693756104
0 0.3096578319557011 0.5661156833171844
0 0.23121268609538675 0.37636097613722086
0 0.32744517251849176 0.5457220457494258
0 0.16635979833081366 0.5450730130076409
0 0.3410349840298295 0.42100449837744236
0 0.3452092016115785 0.5346053920686245
0 0.19885908840224148 0.6867553703486919
0 0.2016917334869504 0.7063809283077717
0 0.15691679231822492 0.48735725656151774
0 0.17991080908104778 0.6475100215524435
0 0.18817015066742898 0.3330357464030385
0 0.26218635849654676 0.782383681088686
0 0.36414130246266724 0.6065288953483104
0 0.30775318322703243 0.5283230599015951
0 0.18582916567102076 0.3812279008328915
0 0.2647780322469771 0.41094183884561064
0 0.28447864488698543 0.4176471704617143
0 0.2874456884339452 0.6931714829057455
0 0.16934942109510304 0.5437353774905205
0 0.29446386224590243 0.8213640369474888
0 0.2450459672138095 0.7720186475664377
0 0.22545859524980189 0.7443297691643238
0 0.45015230383723975 0.27225741669535636
0 0.3370249977335334 0.8375968433916569
0 0.30409969184547664 0.4201303584501147
0 0.32273911572992803 0.4207644261419773
0 0.3348992087878287 0.42168590277433393
0 0.20493454327806832 0.3324490154162049
0 0.32653948832303287 0.3932763867080212
0 0.3092167403548956 0.377356057241559
0 0.2891369329765439 0.368946604244411
0 0.26785988435149194 0.3671426948159933
0 0.2536439195275307 0.3710407009348273
0 0.18407157044857742 0.3184762682765722
0 0.25225885985419155 0.40196727104485036
0 0.3698868819512427 0.6352711364626884
0 0.3018046922981739 0.6301017746329307
0 0.3275336630642414 0.5838867537677288
0 0.3405711495317519 0.6308304525911808
0 0.4207487183623016 0.40582261309027673
0 0.21976592745631934 0.7232199560850858
0 0.2409173732623458 0.751740562915802
0 0.2927467476576567 0.810043302923441
0 0.18501953575760127 0.6649187736213207
0 0.336731063015759 0.410934766754508
0 0.3629782789386809 0.4856067245826125
0 0.3373364203609526 0.8257823258638382
0 0.26639643060043455 0.7985598266124725
0 0.15906799472868444 0.5428799912333488
0 0.3245839265175164 0.6942442517727614
0 0.3182188615202904 0.7012365713715554
0 0.31158251855522395 0.7109487414360046
0 0.3062043746933341 0.7226219855248928
0 0.2973335679154843 0.7347212810069322
0 0.29948102291673423 0.6804513588547707
0 0.2941209010779858 0.6775058329105377
0 0.28996948669664563 0.6741713419556618
0 0.26494963774457575 0.653893131017685
0 0.19214286962524058 0.5678290236741305
0 0.37047626757994295 0.4581634750589728
0 0.36595167154446245 0.4014922833070159
0 0.349856299161911 0.4018458878621459
0 0.30473962873220445 0.6828117113560438
0 0.1882975625805557 0.6218390885740519
0 0.3890018219128251 0.4052919326350093
0 0.28211993076838554 0.7491693526506424
0 0.39460363872349263 0.5030879445374012
0 0.38002051394432784 0.4762215966358781
0 0.4022836566902697 0.4757603742182255
0 0.33972389046102763 0.5234151970595121
0 0.3400941861793399 0.8063857689499855
0 0.34483389211818577 0.7815698012709618
0 0.310471545252949 0.7707991749048233
0 0.24383554542437197 0.6977200582623482
0 0.28684638724662365 0.5803970977663994
0 0.26045981077477337 0.7252899318933487
0 0.23709515370428563 0.5616952896118164
0 0.262764183152467 0.5992168582975864
0 0.2164120220579207 0.595756458863616
0 0.29819946065545083 0.7924846056848764
0 0.3265399535186589 0.5354714285582304
0 0.22558290585875512 0.7053191043436527
0 0.2470172422938049 0.7354913391172886
0 0.23183639282360674 0.666171207278967
0 0.17319529671221973 0.5854546952992677
0 0.2078728049993515 0.65752464979887
0 0.16513435244560243 0.595592201128602
0 0.24422167502343656 0.6273180648684502
0 0.34742659963667394 0.4994672443717718
0 0.3291206004098058 0.576007854938507
0 0.3182540785521269 0.5799512192606926
0 0.33824841054156424 0.5609031733125448
0 0.3549616660922766 0.36615464370697737
0 0.3227883230894804 0.3353665055707097
0 0.2900521364528686 0.32253924775868653
0 0.26164430221542717 0.3217215582728386
0 0.24035493452101947 0.33080959524959325
0 0.21888078078627587 0.37992552053183315
0 0.15997521234676243 0.4334394445642829
0 0.2243060300126672 0.42743993289768695
0 0.24514364106580616 0.44349623173475267
0 0.27486964156851174 0.4512172292917967
0 0.30440844390541316 0.4520360553637147
0 0.32794675678014756 0.4493449142202735
0 0.34509862288832666 0.4452359450981021
0 0.16909297769889237 0.42833825685083865
0 0.3187125546857715 0.5868015918880701
0 0.3557657136581838 0.5097914449870586
0 0.34146701293066145 0.5804369624704122
0 0.35243646362796427 0.5946000877767801
0 0.34268672140315176 0.5843768749386072
0 0.32399307638406755 0.595279597863555
0 0.35528830233961345 0.5978422626852989
0 0.3579096280038357 0.6036861672997474
0 0.3490072482265532 0.42401377838104964
0 0.3610793676227331 0.4333481177687645
0 0.36808543773368 0.44066642709076403
0 0.24540518438443543 0.37518423069268464
0 0.2354447257705033 0.35665044784545896
0 0.41523244585841895 0.5110517084598541
0 0.5926893807947635 0.46772666815668346
0 0.39587699975818397 0.6083262167870999
0 0.7227716546505689 0.3791698802262545
0 0.5188743442296981 0.4842945780605078
0 0.542809003777802 0.4896474564447999
0 0.5669927325099706 0.49085413198918104
0 0.6010323025286197 0.4775659885257483
0 0.50043950304389 0.4741157341748476
0 0.5734089862555265 0.40159893296658994
0 0.5439065553247928 0.3999476838856936
0 0.5989326162263751 0.4119309002533555
0 0.6129145015031099 0.42704082280397415
0 0.619775447808206 0.4985224466770887
0 0.43179933708161117 0.8043817572295666
0 0.6030620716512203 0.4599382121115923
0 0.7105426609516143 0.49365070201456546
0 0.6522511679679155 0.4803529817610979
0 0.5115110211074352 0.5921472508460284
0 0.3921213548630476 0.666267690807581
0 0.3852357187308371 0.6882892563939095
0 0.417663592658937 0.682943344861269
0 0.43330860398709775 0.6976914752274752
0 0.405911114346236 0.6959112867712974
0 0.4214818149805069 0.7040432654321194
0 0.4634893245995045 0.7425833836197853
0 0.3929625836201012 0.5953990656882524
0 0.4013275418430567 0.5719237644225359
0 0.6547738721594214 0.4089496349915862
0 0.47733175456523896 0.5172343157231808
0 0.45319575145840646 0.6009613916277885
0 0.45963922776281835 0.5873793985694646
0 0.5893197104334831 0.602947049587965
0 0.4085224986076355 0.539369497820735
0 0.6034298863261938 0.3669087475165725
0 0.6355818992480635 0.38384794220328333
0 0.7059674102813005 0.32958431337028743
0 0.48981891460716726 0.36907320730388166
0 0.5168647680431604 0.40959593150764706
0 0.48516861237585546 0.7256005145609379
0 0.6301035488024354 0.7123332295566798
0 0.43156129475682975 0.6111635144799947
0 0.4118557286448777 0.6139856576919556
0 0.4499297680333257 0.7208386819809676
0 0.4442283304408193 0.7190131984651089
0 0.6534860383719205 0.3686141949146986
0 0.45247507728636266 0.6120647430419922
0 0.5574944715946912 0.35888030342757704
0 0.5661857042461633 0.3378026304766536
0 0.6126577824354171 0.25176474880427124
0 0.6817364728078246 0.3503106338903308
0 0.5869627881795167 0.2963561564683914
0 0.6737904835492372 0.3985323816537857
0 0.700759907066822 0.39186731465160846
0 0.38891536444425584 0.6782418355345726
0 0.4116736648604274 0.6900707077234983
0 0.42749336576089264 0.7010788805782795
0 0.42541311429813505 0.6144333884119988
0 0.446948036365211 0.7199527341872454
0 0.4364116827957332 0.723828324303031
0 0.44114337703213097 0.7180787984281778
0 0.42115591960027815 0.6003929723054171
0 0.41680692629888655 0.705711605399847
0 0.4013694439083338 0.6993020597845316
0 0.38260427936911584 0.6941359393298626
0 0.379684367030859 0.765068718418479
0 0.3789017701521516 0.7497117146849632
0 0.3797748561948538 0.7351561725139618
0 0.3803961335681379 0.720429553091526
0 0.38043703632429243 0.7092434834688902
0 0.4158708665519953 0.7139036968350411
0 0.4194956191815436 0.7199677623808384
0 0.4234530211426318 0.7282574318349362
0 0.42649350529536606 0.737156606093049
0 0.4652578605338931 0.6798429064452648
0 0.6907025499269366 0.5962861500680446
0 0.4278705704957247 0.7156689833849669
0 0.43197754146531225 0.7193634774535894
0 0.4029663743451238 0.6217237882316112
0 0.44247075244784356 0.6249144379049539
0 0.4072226041927934 0.6179951965808869
0 0.5004248235374689 0.5374582652002573
0 0.5377652838826179 0.5629990801215172
0 0.46184060238301755 0.5992584489285946
0 0.6722877983003854 0.28667663168162105
0 0.646771714836359 0.31757670249789954
0 0.6172119786962866 0.3470477268099785
0 0.4407584362663329 0.7530252419412136
0 0.505450452491641 0.3331622021272779
0 0.5225666191428899 0.2849245211109519
0 0.5454062081873416 0.22829437274485825
0 0.5877751231193542 0.48754079416394236
0 0.6425801644101738 0.5209658119827509
0 0.4886773589998484 0.4647234078496695
0 0.6344575041905045 0.4435656897723675
0 0.46322405971586705 0.4968364054337144
0 0.44048720998689533 0.5882971286773682
0 0.6733867282047867 0.5445477839559316
0 0.6222255814820528 0.5400562483817339
0 0.588052724301815 0.5459509205073119
0 0.5401475679129362 0.533891237154603
0 0.5072246396914124 0.5171228881925345
0 0.48404990304261447 0.5002919217571616
0 0.43392614256590606 0.45602376759052277
0 0.6542896896600723 0.5984813187271356
0 0.6560655308887362 0.4421662366017699
0 0.3842080671340227 0.6058783892542123
0 0.4664584442973137 0.5431989509612322
0 0.7231753066182136 0.48749004770070314
0 0.46777842827141286 0.482639329880476
0 0.46551988627761604 0.6004007179290056
0 0.614842995814979 0.4614357905462384
0 0.4469323230907321 0.571545660123229
0 0.6650790579617023 0.6538292717188596
0 0.4900623669847846 0.4546632530167699
0 0.4292038039304316 0.55250199213624
0 0.5513910016044974 0.7688575491309166
0 0.5487783251330256 0.7879144351929426
0 0.6821523576974868 0.6000063646584749
0 0.5916728077456355 0.7411836989223957
0 0.7075545199215412 0.4397705025970936
0 0.43288582731038333 0.8239341527223587
0 0.38199632037431 0.610381543263793
0 0.4849811902269721 0.5665141198784113
0 0.6731559567153453 0.4866986680775881
0 0.5672783281654119 0.47622852139174937
0 0.5459944911301136 0.47627284824848176
0 0.4404691018164158 0.7286571312695742
0 0.6352573305368423 0.6457472607493401
0 0.3851400951854885 0.8435182463377714
0 0.46462657283991576 0.8251750942319631
0 0.5022705130279064 0.8108219906687737
0 0.5261184394359588 0.4718709345906973
0 0.5082367330789566 0.46432448718696834
0 0.49626704286783935 0.4591465378180146
0 0.6765709061175584 0.4376448761671782
0 0.5146538138389587 0.4329672982916236
0 0.537290508672595 0.4261188620701432
0 0.5599331304430961 0.42812706232070924
0 0.5807874713093042 0.43637892976403236
0 0.5921894505620002 0.4460694625973701
0 0.7281878411769866 0.4292278248816729
0 0.5820360219106078 0.4725947504863143
0 0.4453023120760918 0.6620598807930946
0 0.43189616668969394 0.6070675950497388
0 0.4015442713163793 0.6445126757025719
0 0.5104160539805889 0.7922062262892723
0 0.47293269243091346 0.8079661287367343
0 0.38735103216022254 0.8329285897314549
0 0.5900134032592177 0.7573462896049022
0 0.4980452962219715 0.4460240833461285
0 0.44059964949265124 0.5019222492352128
0 0.4261021723970771 0.8374512761831283
0 0.6589023971930146 0.6522401560097932
0 0.39971794774755837 0.7116260625422001
0 0.4021971130743623 0.7207136996090412
0 0.40416902564466 0.7327123861759901
0 0.40506471674889327 0.7460572116076947
0 0.41264215046539904 0.7614220451563597
0 0.43391807917505504 0.7116128023713827
0 0.43921846644952894 0.7110562119632959
0 0.4441521417349577 0.7099410105496645
0 0.4788988780230284 0.7021667197346687
0 0.594974697381258 0.6565367460250855
0 0.44882487673312427 0.47454170137643814
0 0.477961939573288 0.4249292563647032
0 0.4916201176121831 0.4325570959597826
0 0.4289655893109739 0.7118107788264751
0 0.584159829467535 0.7108521737158299
0 0.45539829768240453 0.41833457350730896
0 0.42401871625334026 0.7827704150229693
0 0.42447328129783274 0.4854735335335135
0 0.44786791764199735 0.5467763766646385
0 0.38375412235036493 0.7881525710225106
0 0.48760182671248914 0.7537890277802944
0 0.4833867408335209 0.6233635872602463
0 0.458165143430233 0.7714125525206328
0 0.5434569351375103 0.628746248409152
0 0.5010167935863137 0.6517614848911762
0 0.5544899970293045 0.67086669690907
0 0.38697108794003726 0.813635841012001
0 0.4596052512526512 0.5642060924321413
0 0.5064802233129739 0.7706953667104244
0 0.46965444162487985 0.7883444014936686
0 0.5122906200587749 0.7299194995313882
0 0.6174360651522874 0.6840940751135349
0 0.5449133075773716 0.7345457836985588
0 0.6316459652036428 0.6993719387799502
0 0.5117567477747798 0.6871259815990924
0 0.45351294595748187 0.5220756251364946
0 0.4292858334258199 0.597956721112132
0 0.4429802967235446 0.6075736705213786
0 0.42232919465750457 0.5790402244776487
0 0.5038091389462351 0.39770692549645903
0 0.5483278779312968 0.38535739164799454
0 0.5851823294535279 0.38931500539183617
0 0.6135168436914682 0.40166759118437767
0 0.6301311504095792 0.41970521211624146
0 0.6305453123524785 0.47021034024655817
0 0.7003523267805576 0.5473285470157861
0 0.6037948753684759 0.509123595431447
0 0.5767429571598768 0.514128278568387
0 0.542995461076498 0.5096285343170166
0 0.5130506463348865 0.49870072230696677
0 0.4915204968303442 0.4857864314690232
0 0.4772387843579054 0.4737507216632366
0 0.7090788453817367 0.5412408657371998
0 0.4417116048745811 0.6140366356819869
0 0.43308536177501084 0.5261961705982685
0 0.41134852757677437 0.5957283809781074
0 0.3976977065205574 0.6047777108848095
0 0.4113255779258907 0.5996958661824465
0 0.4345908898860216 0.6199405267834663
0 0.392172612529248 0.606009391322732
0 0.38977483920753003 0.6106422424316407
0 0.48168384917080403 0.4534772465005517
0 0.46765396259725095 0.45573040209710597
0 0.45775901041924955 0.4582730082795024
0 0.5983564972877502 0.4533493384718895
0 0.6197059096768498 0.4429943237453699
0 0.2863601544406265 0.3911532018333673
0 0.3105908420868218 0.39651683568954466
0 0.29417112497612835 0.3647615469992161
0 0.26198771996423603 0.3856881592422724
0 0.27854117220267655 0.41735753044486046
0 0.5323521642014384 0.4468238610774279
0 0.5578953323885798 0.4515012074261904
0 0.5378430232405662 0.420784042775631
0 0.5081191591918468 0.44214100018143654
0 0.5274185061454773 0.47278376054018734
