0 0.47673013271844905 0.28582117350205133
0 0.48203890884052153 0.22570824795874997
0 0.47852401200519956 0.2399343891420226
0 0.47638433062188 0.17479412063308383
0 0.48597578793440177 0.2112663155016692
0 0.49154828302562237 0.19172078414239746
0 0.5052074419091577 0.14370344298473303
0 0.358096306009785 0.12154357804768327
0 0.5134084158293579 0.11562893312910329
0 0.5184475062010081 0.09860385587249977
0 0.5386160246056059 0.024839802496675133
0 0.4754385957899301 0.28987138081287994
0 0.4737762888164624 0.2933246674744979
0 0.47236618205257086 0.2954797494238701
0 0.4724843211310065 0.2951668094897616
0 0.4719705557369668 0.29911157618398254
0 0.47074090422171616 0.30378693687743036
0 0.4688312949045845 0.3093629643536996
0 0.45430658579520555 0.33179964535478235
0 0.4800926532758319 0.23293941003688867
0 0.457676461128437 0.22959953028222788
0 0.2916315636071174 0.05651409859242647
0 0.41206116812384647 0.13868184927581012
0 0.3910396073985359 0.13827538058377695
0 0.37100406525575597 0.13575177002644193
0 0.347253595519325 0.125431879275087
0 0.4308188139744427 0.13696940999100174
0 0.39055853166981885 0.09940603375434875
0 0.4142263120283251 0.10290155678555585
0 0.3682072880961325 0.09988230769185052
0 0.35303384308581764 0.10363806287447612
0 0.3256136433261892 0.13167890388032663
0 0.35901187190219114 0.3481248038402502
0 0.3514002851493981 0.11714710014453833
0 0.2610156738563724 0.11634035041366798
0 0.30185944036297174 0.11945969168690668
0 0.3747790435572033 0.19852417145950207
0 0.45006959674798924 0.28022027015686035
0 0.4487957846697258 0.29013086142747296
0 0.42184924204712326 0.2813818204230156
0 0.40028460850210296 0.28328498722850415
0 0.42587404341801355 0.2883675806764243
0 0.40610340083746804 0.28747117260228033
0 0.35600179028899775 0.29572049172028253
0 0.4628038885800735 0.22291909438976343
0 0.4636251825191405 0.20883282673531683
0 0.32507621820854105 0.09198099396367004
0 0.430089526526306 0.16585401391637497
0 0.40844491577666736 0.21151059002116107
0 0.4092364236712456 0.20321550231049026
0 0.31181357906240487 0.1889784387920214
0 0.4700488533176806 0.19065128461174344
0 0.3818775509362635 0.08471957626550095
0 0.3496223917311948 0.08557659128437871
0 0.31910410831155983 0.03514357278312462
0 0.47168086371991946 0.10807482315146405
0 0.43360571563243866 0.11021340886751811
0 0.3425149022723022 0.2805028480032216
0 0.23290533766798352 0.25624824952388153
0 0.4232730054013107 0.22160899034444836
0 0.44115840036260046 0.22862669091293777
0 0.37145074424536334 0.2861513236294622
0 0.37632407296610915 0.28653663655985956
0 0.3401588851828938 0.07561011072518169
0 0.4054469113116679 0.2179077466328939
0 0.4227592719151922 0.09170286897299947
0 0.42234944657463097 0.08037528006926827
0 0.41349032391672547 0.015851910563482754
0 0.32890484967957373 0.05329769633818364
0 0.418532174323564 0.04622678696245387
0 0.3132762222186379 0.08381932282793349
0 0.30168495189560496 0.069268805825192
0 0.44902978141022765 0.2859252864036007
0 0.42381454664080037 0.2851902833883313
0 0.4031708395189565 0.28542689223220385
0 0.42813449628327205 0.22518660624821982
0 0.374011131570391 0.2863556915435238
0 0.38609533141488617 0.28946622731029126
0 0.3791841075796148 0.28678384207297064
0 0.4371081205165904 0.21830851617066757
0 0.40842012332185457 0.288954080014989
0 0.4276141099955725 0.290379770424055
0 0.4490708628588397 0.29263167536776996
0 0.424343165172183 0.3273373954537986
0 0.44236421666067577 0.30614425738652545
0 0.444569054019192 0.3004343060479648
0 0.44669956187515153 0.2961307556732841
0 0.4491846145981032 0.2924576695414557
0 0.40820241557515186 0.28896860972694727
0 0.4045772928258647 0.2903234803158304
0 0.40059476945063344 0.2925514112348142
0 0.396916121163446 0.29567707794300024
0 0.37654276985837065 0.2569651154504306
0 0.2373849545484004 0.17915213237638059
0 0.4793030917644501 0.23622410193733548
0 0.39338424931401794 0.2879296852194745
0 0.38995593462301337 0.2885440665742625
0 0.44756551095001074 0.23568322088407434
0 0.41195357461338455 0.22819548413373422
0 0.44441377412041894 0.23223168780838233
0 0.40502770504225855 0.17168482490207837
0 0.36759704910218716 0.17785981470260068
0 0.40373908768853417 0.209355758584064
0 0.3579462111482154 0.020929756803789
0 0.36645128351190814 0.044767177191333496
0 0.3777708419315193 0.07323902456656746
0 0.37346411812240665 0.3069404856018398
0 0.4705003663573576 0.0900610992010089
0 0.4708401538107706 0.05175841113795405
0 0.47158858601165854 0.017579555943392326
0 0.35506449510221894 0.13155444938203562
0 0.2998673809773248 0.13826176524162292
0 0.443387838728402 0.13499484718709753
0 0.33001065059848456 0.10727601465971573
0 0.44867569920809375 0.15858530004819235
0 0.424976154513981 0.20810359802798947
0 0.26843716916830646 0.14550185808237048
0 0.31300995061578957 0.15038235075231912
0 0.33949022278513596 0.15909271266149438
0 0.37985095122586127 0.16126362698665564
0 0.41043877795986505 0.15841065541557645
0 0.43370166275164357 0.15439302722613016
0 0.48316950221424515 0.1444128561710966
0 0.2620490437940411 0.1767467761385268
0 0.3121405076235533 0.10367382350175278
0 0.46840203763998073 0.23102066136788632
0 0.4259013725525659 0.1808352491993835
0 0.2561145852441373 0.11395973226298457
0 0.45240999490994477 0.14949382128922836
0 0.40196243867925974 0.2098226383112479
0 0.3413344527716222 0.11693859877793686
0 0.42643559092412825 0.19834064616673236
0 0.2316129073176695 0.21617605547974075
0 0.4443042501807213 0.1301635175511457
0 0.44866772222778073 0.19300641313843106
0 0.26763254711809364 0.2997075699377751
0 0.26248329464832076 0.3169844496077385
0 0.24048474528219388 0.17760798723801322
0 0.24796688159846741 0.27481171013652417
0 0.282128698637952 0.09018376253653264
0 0.346738601670317 0.3647029797236125
0 0.4698561613812395 0.2345018049945002
0 0.403086778100418 0.18956299666045368
0 0.28180748159470764 0.11857962953871574
0 0.376489643169486 0.12805926454239996
0 0.39359787284680037 0.13047753468803738
0 0.3822824145950701 0.29097561387048254
0 0.2560727539593759 0.20710007090499435
0 0.3832669335053019 0.39281892430955084
0 0.3163517469783192 0.3620508062666741
0 0.29015437043879344 0.3430397303208061
0 0.5293357971569767 0.05943721360054569
0 0.4340471298150394 0.40185209633647534
0 0.41107125677492307 0.13076956937278528
0 0.42814553642402525 0.13017914951711462
0 0.4390751481380152 0.130403282849685
0 0.29636009418122145 0.09812116882075435
0 0.4273662492632866 0.11834509994672693
0 0.40997991014433943 0.11282354636468749
0 0.3922149675857762 0.11071527263392573
0 0.37425967832298385 0.11134174120598946
0 0.36303150418983854 0.11356234464092531
0 0.27220463315429894 0.08128981270651886
0 0.3654564902510332 0.12478108596110689
0 0.4753970835843812 0.2529986543931823
0 0.39944783922122873 0.2502686217211295
0 0.42419913281565125 0.21905606985092163
0 0.4433017192489427 0.2500750007836715
0 0.5094816036846327 0.12856818022935287
0 0.29127575837723585 0.32445006612418353
0 0.31693711374764855 0.3449288183364315
0 0.3868996343858864 0.3802650277165399
0 0.24429624219951424 0.28992406354434247
0 0.43918095480488695 0.12550496623135995
0 0.4616924080511798 0.16530085776163184
0 0.43817872699836025 0.3894880128943402
0 0.34622895239811874 0.3791946639185366
0 0.2361936404005341 0.21118900741356006
0 0.4274853934412417 0.290282446405162
0 0.42363672379566275 0.29286427601524023
0 0.4205818594149921 0.2964438709659853
0 0.4178264508752719 0.3014320463374041
0 0.3954786693110414 0.317960520585378
0 0.3898360884707907 0.286895796008732
0 0.38649542483946553 0.28584249209666596
0 0.3837786887003028 0.2847186188766922
0 0.3562352924567202 0.26748948684637097
0 0.28367076061018137 0.21895969777867413
0 0.46668280693499936 0.15047381278397381
0 0.4630812641395175 0.12366056960562001
0 0.44901574192487675 0.12250672259192535
0 0.39352035255211854 0.2879099448521932
0 0.2666069627132105 0.25465752162795136
0 0.48193193753452407 0.12700994377550873
0 0.3768935017287731 0.332457991613858
0 0.49633097729605175 0.1750139451545218
0 0.47929261001231876 0.15999627286109372
0 0.5007550105776476 0.15954676616019098
0 0.43801819824654126 0.18618814539218295
0 0.4432634456974009 0.37162859197975934
0 0.4491083706202714 0.35040521708087646
0 0.41141983486064104 0.3443700507067252
0 0.33065613189145276 0.2990334414053654
0 0.38168613531667256 0.22009399230929388
0 0.35049976384186227 0.3177610877631367
0 0.33573229926759784 0.21213373930557913
0 0.35907664498233277 0.23338862864867502
0 0.30879810501051985 0.23422729364339856
0 0.3967909304344136 0.3634195552356001
0 0.4209516562683427 0.19234231762264087
0 0.30581353378036746 0.3080957730611165
0 0.33119914089532004 0.32955730997997784
0 0.3185088819945636 0.27831214320832404
0 0.2525825379011424 0.2334092708601468
0 0.28867227940455725 0.2758921695792157
0 0.23637044219219167 0.2432578102402065
0 0.3360682099085787 0.25190346482871234
0 0.44424461427590123 0.17276330529779627
0 0.4306266006568204 0.21520341652027075
0 0.41436450523526774 0.21706321965093198
0 0.4433287612122038 0.20767414483471194
0 0.45039346214869747 0.11155259738797726
0 0.4179676434268122 0.09964081385861272
0 0.38769189211661403 0.09468592530575351
0 0.36135105756313907 0.09479491067105446
0 0.34180546155118424 0.09885651002759518
0 0.32376381349952327 0.11879389268764551
0 0.24764986044686774 0.14596380271773407
0 0.3363677774272535 0.13917128763337067
0 0.35656715079170204 0.14562899306200552
0 0.38466170851303183 0.1484977594320325
0 0.4117049799989099 0.14765582525211832
0 0.43336798566515033 0.14524455692457117
0 0.4487631588202456 0.14272564347239508
0 0.24604457292867743 0.14600682820098987
0 0.41345091763397923 0.2211543105650639
0 0.45709557742204354 0.17901460113732712
0 0.4468396216954874 0.21851932225020035
0 0.45718787108426506 0.22706179083257483
0 0.44640969436453737 0.22061380528021549
0 0.41915713882316713 0.22664341028185858
0 0.46142916770085046 0.22913174871085346
0 0.4624828151224748 0.2324989092522773
0 0.45165471845994826 0.13184688488642374
0 0.46183577034136525 0.1370231198227924
0 0.46800634750853415 0.14092092799103778
0 0.35655725933611393 0.11548968588096509
0 0.3427125558904979 0.10885447997977768
0 0.5150617566769538 0.17948816954225733
0 0.659785781217658 0.16037259240081345
0 0.5031434142071268 0.23484460599180582
0 0.7473989342865737 0.11247651170993196
0 0.594915222376585 0.16233389057974884
0 0.6160458284227744 0.1667053172553795
0 0.6370757649774137 0.1695160274056421
0 0.6676392140595809 0.1662522031777147
0 0.5772290764295537 0.15698367486829343
0 0.6388168526084527 0.13333104486050812
0 0.6133598196117774 0.13109558604765628
0 0.6604407551171987 0.13866530294003693
0 0.6732682499872602 0.1454351466634999
0 0.6832184161504974 0.17657444874445596
0 0.5334538334737653 0.36900958634804987
0 0.6696538163915925 0.15808448843334033
0 0.7455041142909423 0.17604432719341223
0 0.7101527220852997 0.17112495501836142
0 0.5964905802646409 0.22518668140190234
0 0.5033073251985986 0.2854417476101198
0 0.4971982345956823 0.2947217493817426
0 0.5248717513421307 0.2910046231919441
0 0.5397297705969085 0.29612278938293457
0 0.5161964661725189 0.2966994185378586
0 0.5315999194331791 0.29888235745222674
0 0.5673430770959543 0.3199685768804688
0 0.501416525601045 0.2274259605269501
0 0.5085582841673623 0.21417406158170837
0 0.704048768657705 0.14119753111963687
0 0.5616545967109825 0.18177032384319583
0 0.5587321182955867 0.22935114736142365
0 0.5622358314045097 0.22138633503430133
0 0.6593115656920101 0.23101424825364264
0 0.5122252062934897 0.19567652327426965
0 0.6543337066212426 0.12238942021908968
0 0.6847160144344621 0.13018972113512564
0 0.7350157253120256 0.0864121499268905
0 0.5535841580966244 0.12283034687456877
0 0.5899503179218458 0.1332310654114986
0 0.5883583679147388 0.30880281890648
0 0.695233439621718 0.31334345409835596
0 0.5393378775080909 0.23538145379743713
0 0.5193124980382298 0.2378215435622395
0 0.5593297855685586 0.3030226489771967
0 0.5547763018504434 0.30251428441724915
0 0.6984613406593385 0.12289664494818535
0 0.558164253021064 0.23601444821426834
0 0.6108352010664733 0.11937888895255933
0 0.6174766434275586 0.10871277771134308
0 0.6601034883895646 0.04644931701646335
0 0.7181238632487215 0.10122553572274637
0 0.6401286829748879 0.07378342531729436
0 0.717945306521395 0.13598422036654706
0 0.7335115859042043 0.12240929836812227
0 0.5005353245398273 0.29091433856798254
0 0.5205351457647656 0.2942394130471824
0 0.5358520009271477 0.2975752595542134
0 0.5330713213137959 0.2376018192457116
0 0.5569750767039217 0.3027528472568678
0 0.5461303081525408 0.3037251605503801
0 0.5521091506209063 0.30227557127026544
0 0.52808025236363 0.22910000880559286
0 0.5278019833823909 0.29973833284516266
0 0.512383501490821 0.2981481059737828
0 0.49411704617997876 0.2968320898387743
0 0.4843876987857663 0.334375162055527
0 0.4939360963585584 0.3109748605368794
0 0.49523966257338936 0.3051627753437429
0 0.49536608175739 0.3006421310314234
0 0.49420613309611444 0.29659538078999176
0 0.5279271262495414 0.29967282388521277
0 0.5313265961797341 0.3017488942630049
0 0.5338394407020963 0.30447126125943835
0 0.5354131074703258 0.30807743556257605
0 0.5673075954875221 0.27927669062130694
0 0.7312508777755758 0.24038225498752316
0 0.5396230066923992 0.3010371387868688
0 0.5430783154847829 0.3022474637929944
0 0.509955883026123 0.24314297541328098
0 0.5471643800644771 0.24417563711387524
0 0.5144692903951459 0.2405451130175936
0 0.5815511000869067 0.1930035322472669
0 0.6134986509771451 0.20761330792869348
0 0.5641634208352669 0.22840621505958447
0 0.7081955221036206 0.06420077966607135
0 0.6888785623013973 0.08469736835230952
0 0.6641013275669969 0.11237479120061017
0 0.5441188008888908 0.3267354896103126
0 0.5650513544678688 0.10618708790212437
0 0.5885135361357875 0.06642026832138283
0 0.6052790109230124 0.034182044043057205
0 0.6556060349811679 0.16974356770515442
0 0.7050380418482034 0.18883168870124264
0 0.5662120051034119 0.15272213540215424
0 0.6923212674648865 0.1537827667982682
0 0.5489021173637846 0.17071658243303714
0 0.5450097338660903 0.22245188899662183
0 0.7224953760919364 0.20136787407640097
0 0.6866798193558402 0.19632045255191083
0 0.6570047506171725 0.19824553918147433
0 0.615910060217847 0.1911291367765786
0 0.5867247461624767 0.18156178489975308
0 0.5656640503717505 0.17285827450130298
0 0.5253880215079888 0.1495658059914907
0 0.7111064817594446 0.23178898251574973
0 0.7089919438180716 0.15452339381411456
0 0.4920242694408997 0.23373448589573737
0 0.5576349325154139 0.19666129955347034
0 0.7490150385900683 0.17445237178733383
0 0.5503060658988745 0.16419395674829898
0 0.5649533333337825 0.22914086735766867
0 0.67826400940185 0.16010669867197672
0 0.5485890049325384 0.2129128074300462
0 0.7174842689672242 0.2763641597568125
0 0.5682367541543816 0.14831799182338992
0 0.53097098239738 0.2028460342814957
0 0.6424146940850693 0.3455149419065835
0 0.636838433859141 0.36311889040297357
0 0.730695520406184 0.2380337775617406
0 0.6729560947936514 0.32694827473681903
0 0.7400246946060139 0.14646825928618942
0 0.5355832085985205 0.38745139819988306
0 0.4891113314939582 0.23672860860824585
0 0.5741223297689272 0.21006584815357043
0 0.7284613596680372 0.1756554695143216
0 0.6367052821037562 0.1611988695635312
0 0.6180728748440742 0.15884298950001813
0 0.5485304538970408 0.3057782589525416
0 0.7005701670828073 0.2614893170370572
0 0.48543035392851935 0.4049934200618578
0 0.5635898440428402 0.3918040990829468
0 0.5982227017698081 0.38057866908501886
0 0.6005155092672162 0.15501052745874377
0 0.5836978969366654 0.15103454693504
0 0.5728665616201318 0.14933270431947018
0 0.7246699009252631 0.15270229482996292
0 0.5927012274446695 0.14213853037875632
0 0.6130341354595579 0.14083857208058453
0 0.631892418893783 0.14266686076703278
0 0.6496218957978747 0.14719195167223612
0 0.6599079247402109 0.15203429132268048
0 0.7515426883878915 0.13993236897648245
0 0.6499605026582013 0.1612812630508257
0 0.548873176879209 0.2677962892297385
0 0.5396891837210759 0.23282121834547623
0 0.5076037267951862 0.2577361922333206
0 0.607653662238432 0.3629603161328081
0 0.5735983059782049 0.3761033925457277
0 0.4902575916570166 0.3926830464515133
0 0.6671600208982177 0.34212055068085157
0 0.5764278047110724 0.14562984480374103
0 0.533709639278443 0.17404720575913138
0 0.5268843753830247 0.40070480021877564
0 0.7170602446017058 0.27046955582024396
0 0.5126615471166113 0.2979949928712154
0 0.5157112105061179 0.30124651694643323
0 0.516744133732889 0.3051196371299633
0 0.5167747653372909 0.3104345306106236
0 0.5169411013307779 0.3320044140884842
0 0.544021481729072 0.3007545108380525
0 0.5476800439798314 0.30036483899406763
0 0.5507580416034097 0.29983665891315625
0 0.5815703086555004 0.2936369560766911
0 0.6697933178233064 0.26581568908000336
0 0.5369120777949042 0.1590834061304728
0 0.5534780642584615 0.1382307017195052
0 0.567670292828394 0.14050976219384567
0 0.5396193691893764 0.3010665990304256
0 0.6669071825302165 0.3033360398334006
0 0.5332741280612738 0.13705252996389417
0 0.525750623125097 0.3501173534255097
0 0.5204955161265705 0.16498552543529565
0 0.5438621654782606 0.19900404024815213
0 0.487255710379585 0.3533597839051399
0 0.5869331367961739 0.32946577279464057
0 0.5790293532545152 0.24347971401352814
0 0.5583689423358958 0.3424004229946413
0 0.6260222228972808 0.24706782638162805
0 0.5940564844919287 0.2613177662310393
0 0.6395441298575505 0.2740484493366186
0 0.49043273423676903 0.374627499476723
0 0.5561006082140881 0.20850364108016525
0 0.603647495093553 0.3439498414164004
0 0.5693181136056132 0.3582402139470197
0 0.6095590118480765 0.31288291233173315
0 0.6902677055610262 0.28692407884459564
0 0.6365571655333042 0.3178557563519132
0 0.7000536416535792 0.3003428440163101
0 0.6068273747096891 0.28401513030563574
0 0.5451843021032603 0.18499578211618506
0 0.5357553837415965 0.22770575768705728
0 0.5501209361397702 0.2332101887550907
0 0.5280169151399446 0.21773421677990237
0 0.5728114885480508 0.13070628997208417
0 0.6113270935804948 0.12740795767825583
0 0.644122565570085 0.12976223446320798
0 0.6698280336416286 0.1356680989265442
0 0.6863082197049389 0.14370559739029926
0 0.6916177616171215 0.16538040793460348
0 0.7410571392139663 0.20686074400293655
0 0.6691054468569548 0.1809290159439695
0 0.6455095390910688 0.18194838796836743
0 0.6165243515177913 0.1779021638027136
0 0.5902008589195169 0.17102114273154218
0 0.5702490272081416 0.16427073876063028
0 0.5567460416451745 0.15860113242398138
0 0.7407852199090563 0.20707232667052228
0 0.548865710425636 0.2371569845987403
0 0.5303647318935912 0.1878747819126516
0 0.5187095659582511 0.2269380377686542
0 0.5045628061761027 0.23262516743894937
0 0.5180103357719339 0.22906158022258594
0 0.5410865911323092 0.24099726262299911
0 0.49964981590924057 0.23355937781541244
0 0.4970281653754089 0.23648280596387558
0 0.5600279308855534 0.14818315359129422
0 0.5472765683155992 0.15045724139697308
0 0.5396544679027536 0.15284689051517542
0 0.6654967247791912 0.15545076520546622
0 0.680515272785788 0.15248180645099585
0 0.3929160005696442 0.11900327084720999
0 0.41534021755923395 0.12152976229570914
0 0.39623777471158816 0.10718472798665364
0 0.37030442026646243 0.11653476046479266
0 0.38938701638708945 0.13091128416683362
0 0.6281421532773453 0.14936708712923355
0 0.6498576953359272 0.15236768558405447
0 0.6314346678555012 0.13745154591574185
0 0.6062958844653938 0.1463196053021196
0 0.624752479078977 0.1613911126834759
