0 0.30798867680757736 0.5220349756673502
0 0.2662003526298834 0.4546414196681672
0 0.28841233310653724 0.47300847993491174
0 0.24553397290712353 0.37317726806329843
0 0.26152072250128366 0.43178985865352254
0 0.26460915789615624 0.39868797414219037
0 0.28091696412157385 0.31224785235743174
0 0.08870477070339577 0.2996267506870599
0 0.28087819165748945 0.2420934106404789
0 0.2758856860282038 0.20881803043353292
0 0.269482462812099 0.08537987264962242
0 0.3089454236933939 0.5306211292934113
0 0.3119794744953549 0.5396251034812806
0 0.3160503253662329 0.5459259116230681
0 0.3175250151746279 0.5583835969717739
0 0.31715695806544464 0.5716601315016945
0 0.3179254217399396 0.5878834204551892
0 0.3209206766361813 0.6032841567414257
0 0.3259178002675374 0.6123524789992993
0 0.2736977375954461 0.4646456296832417
0 0.25253545008689093 0.46310855672001455
0 0.00687782941676444 0.19083541726913697
0 0.17858213200557718 0.3227597345559361
0 0.14708318527368047 0.3241895747641786
0 0.11730855831997 0.322767330910832
0 0.0831765768339308 0.30675943333881733
0 0.20232574202173906 0.3181897800760909
0 0.11569832897872376 0.24945009107026048
0 0.15456563791782735 0.2530653878522757
0 0.0834823026359796 0.2538386589041152
0 0.06694856593363005 0.26408864572025337
0 0.06527771652459527 0.32151292231136236
0 0.2360802897446447 0.632950637096795
0 0.08055943550823404 0.2915716685426121
0 0.01978144142553389 0.29281755491567496
0 0.0441027939748421 0.30087604595068546
0 0.15792967661393345 0.4242173659915741
0 0.27503222298564955 0.5174318791959233
0 0.28512609719658355 0.5392433919083958
0 0.24847547613459525 0.5255165471436497
0 0.23403195968920665 0.5356972198516797
0 0.2651476356908858 0.541272944345261
0 0.25169696624902227 0.5451728414041928
0 0.2091271917311122 0.5701066032766153
0 0.242075909813531 0.45392395341739106
0 0.23296548251053698 0.43242879416615054
0 0.028310586508515357 0.24099570579422167
0 0.21060626512522893 0.3612663098417532
0 0.19821506381320725 0.4435447654404198
0 0.19892243858721617 0.42969671567788903
0 0.08035835316427034 0.41944769681833044
0 0.237467612579858 0.40128070896806806
0 0.07268011598564167 0.21702777520536234
0 0.04114047457560075 0.22428288332189614
0 0.011681559560396116 0.15321540604003323
0 0.20461901371999325 0.2385431563321013
0 0.18851765797292586 0.2646867587162664
0 0.18705175877760927 0.5505210961015842
0 0.11772652266980362 0.49110981507804063
0 0.22289000998298042 0.4563215818648902
0 0.24433516769958058 0.46364324751753394
0 0.22543530269778317 0.5542131350063287
0 0.2329604425590387 0.5535655299695535
0 0.02928278143171498 0.20767289571487865
0 0.20522666777924095 0.4524254303770705
0 0.12380662639078191 0.2194139565141818
0 0.11447826220834856 0.19933822141668667
0 0.09266504738256513 0.10367763985079317
0 0.017599329959860237 0.1808451584543283
0 0.10640676816304524 0.15308410062576636
0 0.017972778645064906 0.22840738839234787
0 0.00816590036991403 0.21068940613978207
0 0.27847891688632737 0.5293445208202154
0 0.25615523701949083 0.5343189338525645
0 0.24200530360928543 0.540880374824658
0 0.23130989360580628 0.46025573616972365
0 0.2291970287295554 0.5539764064950303
0 0.23640322170669226 0.5604684071038097
0 0.23685515298546075 0.5532151296877632
0 0.22365484020406964 0.4508533847217743
0 0.2605989739763365 0.5478573216797825
0 0.273643446769074 0.5455998365109721
0 0.2922738501779753 0.545175787359
0 0.2906490401398364 0.6098845684871125
0 0.28573684555163487 0.6008193184392521
0 0.2852600661398981 0.5854000226377298
0 0.2882769576651301 0.5691349432110405
0 0.29284153624975995 0.5570828316691584
0 0.2607825219774132 0.5540593140803206
0 0.2532630549917976 0.5602683346873274
0 0.24514999892785966 0.5684543855654927
0 0.23930895299934368 0.5771657422708627
0 0.19885541895310654 0.5125327563514344
0 0.07200572359190284 0.3790760796290998
0 0.2806499170170699 0.46859476627252356
0 0.25101518974029763 0.5531816299730977
0 0.24349933276645286 0.5566416538942355
0 0.2545244493644586 0.4725030382601217
0 0.2206558815295176 0.46520212054633486
0 0.24944202162378984 0.46828409429556267
0 0.18383033898808687 0.3751497531470399
0 0.1373397400625032 0.3927549895006247
0 0.20105501787839747 0.4388832969787403
0 0.03636653874989608 0.12373443666738443
0 0.04736415831019267 0.16059510700238017
0 0.06120932702537921 0.19730018883848344
0 0.22974162479098753 0.5848888573936
0 0.18654844343519325 0.2057725023537779
0 0.1797479079495803 0.15112836539935762
0 0.16804378095576517 0.09192950875995258
0 0.09473925700290597 0.31705638709159706
0 0.04300926514952589 0.3373934704655656
0 0.21672068739966524 0.3131485359546856
0 0.05013240441429815 0.27315339074728967
0 0.22662707541486343 0.3464793632396113
0 0.2037132992733011 0.43675017318786524
0 0.02287088481070612 0.34746280712441513
0 0.05254715066447818 0.3569000681368307
0 0.08240926179954473 0.3681635054917381
0 0.13814449138778576 0.3655220782414031
0 0.17995731207392485 0.35623487154134925
0 0.20803077958470625 0.34624926312662924
0 0.25402148564656574 0.31794978997197015
0 0.03358523565516483 0.39896931282628456
0 0.03436931145848702 0.2681024460175548
0 0.25880311032850967 0.4640981871099137
0 0.21278629028539864 0.38762263120553747
0 0.037052089361835724 0.2810654678283789
0 0.2272129756369465 0.33488322237429147
0 0.20499625995004778 0.4381778670576053
0 0.07046778825261324 0.29121607075484035
0 0.20640125777795731 0.4198141735963547
0 0.09185258375940848 0.43293806558219006
0 0.21823032868565986 0.3045266310627849
0 0.21896513017247335 0.40807488036993594
0 0.14276584561208455 0.5677629278871579
0 0.1632373315824879 0.5814954962212437
0 0.03879994454143716 0.39005338060208405
0 0.11426313832509431 0.5323589901192881
0 0.012230257907931467 0.2485509856630819
0 0.23801579521142607 0.6504205278695201
0 0.268131286977864 0.467917407092195
0 0.1922817984930903 0.40468745319226296
0 0.032845956816090094 0.3034510208775822
0 0.11557969086461788 0.30959733473226286
0 0.14327774059286508 0.31143529489398386
0 0.23044440500456081 0.5646152172606593
0 0.055334032868309846 0.442914878217557
0 0.2934136996738059 0.6818319814273724
0 0.2228527846667978 0.6402060187662753
0 0.19608574290927366 0.6155316692571671
0 0.27154284186786315 0.14797699337188427
0 0.35371421109572304 0.6900057434654845
0 0.17103355050944596 0.3101577395067428
0 0.19550678141111377 0.30733557792898186
0 0.21088079011125815 0.30598986577302123
0 0.024318265114470924 0.2613438364987175
0 0.19037702500963097 0.284455399067638
0 0.16200671607641864 0.27555322866089427
0 0.1308978147072186 0.2731363462944762
0 0.1036811155095089 0.27640172677299085
0 0.08996586033480344 0.2824799049014862
0 0.014612326519094783 0.23150971027228018
0 0.09874041589329854 0.30511868380890866
0 0.29377742008053714 0.49197979761769595
0 0.21659049255956564 0.5001579365029503
0 0.218700052165299 0.45317193532523253
0 0.2568150721579719 0.49382985723666106
0 0.2849908858466206 0.27564411136669853
0 0.1754303338716356 0.5987686392979119
0 0.2060047190824001 0.6238005014654165
0 0.28226356883700804 0.6717456213582438
0 0.1405317640418915 0.5419911260422046
0 0.20905583539455058 0.29669636735520044
0 0.23469245119346419 0.35809557868268926
0 0.34441578188102595 0.6798377383631259
0 0.2528993345850663 0.6638032430277084
0 0.06093252820076702 0.43869063153434484
0 0.27415320856108083 0.5553898335264894
0 0.2671773062049628 0.5649827882504692
0 0.26085519104552785 0.5775222028025423
0 0.2577991988733232 0.5915164140085823
0 0.25628224379724734 0.5991345268849748
0 0.2422444082850175 0.5494250325730052
0 0.23374297121445908 0.5477493313935619
0 0.22662259806260215 0.5451606788193456
0 0.18901792590280803 0.5305184838109123
0 0.08175732649201684 0.46386777135891655
0 0.24038220481049244 0.3305383388417217
0 0.22927124494557186 0.28363751784300273
0 0.21661323094539506 0.2867105906002057
0 0.2507109173196111 0.550484945027592
0 0.10382898534230477 0.511391788054579
0 0.24534625229503898 0.28292588037423816
0 0.24560818912313997 0.6151307668929664
0 0.270535672025429 0.36961817589049906
0 0.2490538047086135 0.3472546333322129
0 0.27577982360510517 0.34223335857589404
0 0.2188723950649051 0.39633327246474
0 0.3366185080804985 0.6605709414131725
0 0.33109540104580154 0.63510631848448
0 0.2854319636484416 0.6304400102399028
0 0.18326996670638343 0.5739494329824234
0 0.18397377835189124 0.45646172514357886
0 0.2127074326256768 0.5964655759997262
0 0.12137218916730629 0.4518476865542963
0 0.1637454055767837 0.4801447187749723
0 0.11364418539783652 0.48659619146261734
0 0.2795009487252727 0.6537170512988545
0 0.21161561503970652 0.4083292425250093
0 0.16838945130364213 0.5833851158047636
0 0.2030006032481754 0.608567221667439
0 0.15726046482150216 0.5478764703860298
0 0.07800413321533935 0.4791669984595082
0 0.13167586601037773 0.543081928937199
0 0.08535367178974106 0.4851335669858768
0 0.1551131876252538 0.510671965039957
0 0.22413858178136445 0.3721858280154463
0 0.21286074091776383 0.44723204873240413
0 0.2067458732522649 0.451448425507774
0 0.21496739376077262 0.43348108922330714
0 0.1975393586879154 0.25795651453371626
0 0.14192827599797603 0.24119977629222808
0 0.09573414342866528 0.23841599629709895
0 0.06329045192800838 0.24349900984916442
0 0.04783603842024037 0.2548732571898939
0 0.05924266762584805 0.29613272203043245
0 0.024741222532533056 0.34131081178546335
0 0.07648288832008124 0.33346083122320447
0 0.10387924420747825 0.3420007544013258
0 0.1434689540085461 0.3425904293410694
0 0.18115639858108631 0.33768166901585395
0 0.20786106214820624 0.3309291618319746
0 0.22506422161770095 0.32428270902115697
0 0.057246987482340785 0.3291617362453534
0 0.21321020881049066 0.45670838573108463
0 0.22866748219771352 0.38253665065613035
0 0.22514021939796797 0.4498975486420214
0 0.24671299337483138 0.45979065407579317
0 0.23105461420200998 0.45253089555917075
0 0.2246320047538629 0.46298962431593826
0 0.2505440128792962 0.4625011008387557
0 0.2591861466423785 0.46647843442404996
0 0.22612003285250218 0.3056737437796669
0 0.2377251892638721 0.3111903387517594
0 0.2408446613833201 0.31626920692456034
0 0.08391815295322336 0.2873436762882879
0 0.062009436906956365 0.2754333072577041
0 0.30212822120538435 0.371829451653904
0 0.5647523111576657 0.28186045477565486
0 0.3142526567125206 0.46226428815731985
0 0.7396818545224856 0.16223772931784486
0 0.46582767431684535 0.30943854776815105
0 0.500300520615612 0.3099455676330164
0 0.5353960705032166 0.30764446129052403
0 0.5851106677981589 0.2893137204380462
0 0.4358727811909408 0.3058180955652231
0 0.5042187430018144 0.2353379575017923
0 0.4641683816338043 0.24060503010170908
0 0.5444105043113946 0.23720026387574192
0 0.5730332562105833 0.24530086102196202
0 0.6208276085430484 0.3041214570641137
0 0.46751903515639637 0.6380950317215234
0 0.5796306230467286 0.2732509860215476
0 0.7593949567213905 0.2724853954947414
0 0.6667739161484533 0.2811681764384809
0 0.4797391594170952 0.4183969168236461
0 0.34601572034456174 0.5171923309850236
0 0.34689939965447075 0.5386777265003314
0 0.3891610807652096 0.5264486472446698
0 0.4190957906434862 0.5354696238002838
0 0.3801085074170888 0.54081867811398
0 0.4073903978013878 0.5442053477604168
0 0.4796938701785154 0.5704942488441833
0 0.29483634905277684 0.45332066395793097
0 0.29606654260941834 0.4311773946490912
0 0.6206428415769581 0.22109618087926994
0 0.4074723497569132 0.3563001875679333
0 0.3923575117719545 0.4410872078551271
0 0.39821409950439307 0.42654315522684455
0 0.5974773960433704 0.4104164935910283
0 0.2978899970614939 0.3998531834386027
0 0.5131750884387705 0.2012042102341454
0 0.5725887559300704 0.20601680617743787
0 0.6834723772190744 0.12391698065276344
0 0.35614963286786344 0.2362116856125597
0 0.4326937204356388 0.25341576709153174
0 0.5006006673085603 0.5495850400041087
0 0.751264085014947 0.48858454261724943
0 0.3679808838476094 0.4550979164080879
0 0.34158771272471766 0.4624601520669346
0 0.45805517832438153 0.5494755767404843
0 0.4497728736566411 0.5495863867263062
0 0.593329117452498 0.1863028132877411
0 0.3979960219751445 0.4503268584275779
0 0.4414224475979519 0.2098197813232105
0 0.44133533848275386 0.1879035820024082
0 0.49479614344718076 0.0829788984391636
0 0.644094931421806 0.1554099529886398
0 0.4697345978350376 0.1353550289576046
0 0.6475205981760002 0.20575817238789396
0 0.6983812570000152 0.18594248092974336
0 0.34654700155738444 0.5287088679429441
0 0.38443166060413386 0.5341525715760911
0 0.4132027042855462 0.5399489901698055
0 0.3613881584551695 0.4592885792064971
0 0.4537478716825124 0.5496100806199704
0 0.4385999341091092 0.5571014753545815
0 0.445331105797125 0.5496059983683089
0 0.34439738019764854 0.4493777980438817
0 0.4032083632562944 0.5469245903027324
0 0.37700342846145446 0.5449340928095979
0 0.34752597111306316 0.5446497240005591
0 0.3703127639185039 0.6106996300121466
0 0.3624999014307841 0.6004861730356186
0 0.35726852554211513 0.5850707490604145
0 0.3527529165327406 0.5686427583328832
0 0.3494052869810475 0.5566465778472706
0 0.4047555580413599 0.5528119547298541
0 0.4115526476066461 0.5582388664205996
0 0.4201658543922918 0.5661188325942895
0 0.42796240150213816 0.5744490669177363
0 0.4445793325666615 0.5109377743337101
0 0.7919751723035634 0.365469598160765
0 0.42426523373281355 0.551199591578767
0 0.430858990557188 0.5538435439332224
0 0.33138987486311 0.4718204605312774
0 0.39090333339407574 0.4638746733101793
0 0.3361943551390577 0.46737021702927906
0 0.44667735888803606 0.36901884242749444
0 0.5071375078434567 0.385080145951658
0 0.40772261265084614 0.4360225644355384
0 0.6047486161156524 0.09643197983217697
0 0.5708423541318313 0.13696974887253757
0 0.5224821676167367 0.17889739834843352
0 0.4511929210141408 0.5863618768823032
0 0.3566881809874976 0.20123688928997174
0 0.3735915922718368 0.14156346037364997
0 0.3865930496645774 0.08030451858005584
0 0.5671173845835441 0.300935975088479
0 0.6667491617820246 0.3195929593933276
0 0.41531123245934504 0.30185970026083264
0 0.615462615335588 0.25367541092272383
0 0.3788552472917296 0.34229785394363893
0 0.36583262210269624 0.4342041107031484
0 0.7109285327170393 0.3322013303304252
0 0.6367688579239148 0.34205977871014287
0 0.5842742233825244 0.35616505241241697
0 0.5115844328626454 0.3556434921563243
0 0.46010585254330716 0.34720129050766696
0 0.4209466483667314 0.3380173816086766
0 0.31721567936080824 0.3157850182094513
0 0.7024426608920383 0.3873903637115186
0 0.6476939725075408 0.24776601496215064
0 0.29117038209947177 0.4637423578542642
0 0.39901549867588837 0.38334986043814273
0 0.7937089625022394 0.25823263466929475
0 0.3891820375867885 0.3271662937566495
0 0.4165181015892852 0.4352015689158211
0 0.5983900257723509 0.2724015830804746
0 0.3713682469704168 0.416714692458558
0 0.779380075651393 0.42477920165838906
0 0.4168327820958565 0.29312688017043825
0 0.3350235861268261 0.4057444617771112
0 0.6389073913903545 0.5723967043736491
0 0.6560863590926576 0.5874606338552774
0 0.7618359341609964 0.3775563457141669
0 0.6884627731012212 0.5331693381166306
0 0.7318623814937308 0.2252670005677988
0 0.4825446542790182 0.6574802139696603
0 0.29412913837021204 0.46737829736246467
0 0.4338669273778975 0.39986425181166435
0 0.7067357619031728 0.28135806426834375
0 0.5273576057214531 0.292948186968843
0 0.4973850376028523 0.2956558561172729
0 0.4462054318947186 0.5606855239731054
0 0.6969396902216995 0.43480706348205905
0 0.4251646423797242 0.6863773371845769
0 0.5413471045825693 0.6489391334521504
0 0.5942803321124839 0.6243656618526569
0 0.46957486653499464 0.29505460778364356
0 0.44297076758149145 0.2933590214092511
0 0.42534317387093745 0.2936911778137707
0 0.6808877963242199 0.2376302470223972
0 0.4469631593004405 0.2727070365089197
0 0.4758282508209741 0.2632193575842312
0 0.5051649411519369 0.2603321114477639
0 0.5358698259440543 0.26199495563872705
0 0.5560932994174729 0.2662822036697461
0 0.773844146042419 0.2046947037450041
0 0.5487632877249226 0.28778098223689264
0 0.40741782451419234 0.49863500412279804
0 0.36544473337040817 0.4517955852392763
0 0.33858905879141904 0.4933712141582379
0 0.5880823169680808 0.6063811127751019
0 0.5383846914167885 0.6323043787822175
0 0.4175544562671396 0.6758741245102197
0 0.7080254268874939 0.5437182130905005
0 0.4259679403236444 0.2855060107220476
0 0.34163492417735736 0.3552547102919021
0 0.48526932238388976 0.671115860390587
0 0.7512498325009426 0.430944790474523
0 0.3787922830604535 0.554554739508766
0 0.38515005294653437 0.5637557559881728
0 0.39247244610775 0.5762250568158329
0 0.3991672832617085 0.5899797198109733
0 0.41472744198440076 0.6004114299536513
0 0.4302571500233895 0.5470025739349877
0 0.43648043525018854 0.5450135915043255
0 0.4423125733574517 0.5427293823169063
0 0.4763226817837722 0.5289369269300954
0 0.6332887128102693 0.4571536457576691
0 0.34770279136493054 0.3272751257442438
0 0.38018298149108887 0.2752342869679387
0 0.40722077413142727 0.27628148973178557
0 0.4244980091671292 0.5486402302123488
0 0.6518202628448999 0.5088766580953384
0 0.3385336427665729 0.27864654433613006
0 0.44416469692898025 0.6185775340174715
0 0.3101885335908519 0.34553972991129844
0 0.36846326581008143 0.3932792852861813
0 0.3878010205513568 0.6323861921557222
0 0.5231894017409363 0.5760379886855713
0 0.4512518064009486 0.4527233084931541
0 0.4893549180431046 0.6000347685890076
0 0.5391564838034357 0.445680330165278
0 0.48720564830789176 0.47620311541298327
0 0.5765722398277667 0.481766466896374
0 0.4046168773294353 0.6567617797623047
0 0.39424859534064643 0.404617465723056
0 0.5644568059084226 0.5879681797835011
0 0.5180094567991846 0.6145333693431209
0 0.54532411858904 0.5476290101822192
0 0.6913524234323478 0.4741332454803272
0 0.6011897539920944 0.5434603999597958
0 0.7319940765984625 0.48167303804391487
0 0.5192947616394189 0.507379944712971
0 0.37073213476643 0.368706949983542
0 0.35365884195414665 0.44557924183032005
0 0.3805698622330773 0.4496818626650606
0 0.3320509055249697 0.43168759193664163
0 0.40116734699093753 0.250840855292238
0 0.4541345180081521 0.23105847416594386
0 0.5058266985044777 0.22383057404630863
0 0.553274958539638 0.22575836478711697
0 0.5911414972026285 0.23523716376231502
0 0.6279570536076022 0.27737685885673136
0 0.7661446473009581 0.3246327094947949
0 0.5982013206116016 0.31777865104020214
0 0.5576788916004648 0.3283061257566507
0 0.5077084054192194 0.3303738493508043
0 0.46259160350552564 0.32649943480095545
0 0.42767374121027885 0.32073636862416616
0 0.4019127440967148 0.3147976393707263
0 0.796085709862286 0.31057450794183405
0 0.3831376823589956 0.4551024615955048
0 0.3357384387823603 0.3801455453942759
0 0.3234408164767624 0.44902546184893233
0 0.31258794901182324 0.45957202214402515
0 0.3285615244071832 0.4518519371462325
0 0.3767012657879068 0.4617446638143862
0 0.303308788820994 0.46209068724903435
0 0.3057545014708448 0.4658453487359678
0 0.4020756634591009 0.2949576648279501
0 0.38015126495910206 0.3023066016050954
0 0.3630010835844264 0.309081624300716
0 0.5687060241790698 0.2699601651190188
0 0.593532028243982 0.25618119799671846
0 0.16071501166986332 0.2907249590459342
0 0.1983643167024608 0.28962729628474565
0 0.1579511257098447 0.26824042191520664
0 0.12300670404228375 0.2917702048540877
0 0.16321126448450615 0.312931860978611
0 0.5098029154953625 0.2744865194677164
0 0.5474210665952102 0.27324008598876076
0 0.5062912179411744 0.25257013076410506
0 0.472578115028729 0.2756210066639958
0 0.5135554055229937 0.296275600838585
