0 0.18243098238726024 0.3623351830503215
0 0.20835662495506846 0.3247516086568003
0 0.20804995533240878 0.3333101065262504
0 0.21345325348817784 0.27448455283175344
0 0.21296710569573485 0.313419420822807
0 0.2215715516358614 0.2956935111595237
0 0.24797974684802088 0.24585558441670044
0 0.10662891665149642 0.18918439797733141
0 0.2641853655324034 0.2114012317812961
0 0.27167732256424165 0.1950075568712276
0 0.3054208415357963 0.12469733561510625
0 0.1799221798453642 0.3672307576822198
0 0.17838118767932706 0.372539561079896
0 0.17845104873666298 0.37650426729865694
0 0.177808023341324 0.378328173575194
0 0.1749723590100589 0.3829095823609311
0 0.17225676564418752 0.38854030435499937
0 0.17057343353719814 0.3946156609317531
0 0.18118613618223564 0.39473747960899186
0 0.20734303752365318 0.3297691814277483
0 0.18940977565944195 0.32122288696143936
0 0.10001908854136 0.09979857964360196
0 0.15873419201892355 0.21968621190475382
0 0.14064496006492688 0.21533709848704546
0 0.12397179760686729 0.20828152149915696
0 0.10296680456351327 0.18947754884543627
0 0.1734174051038597 0.22034119367599486
0 0.15054847611843244 0.16638896134884462
0 0.17018210341263076 0.17636960433877033
0 0.12993065958194758 0.16156192318252896
0 0.11420484482432189 0.16297550797462462
0 0.09359686258856369 0.19271310172651124
0 0.11133918020388354 0.3840600761382476
0 0.10234501846539586 0.1802013473018356
0 0.07419219038084797 0.15493587009284807
0 0.08232963356472876 0.17511057205822156
0 0.13190316550595604 0.2682329109181529
0 0.16258229193804058 0.3538601349229398
0 0.16121843935030958 0.36675091269223586
0 0.14291065380625104 0.35160056715426236
0 0.13114473760209006 0.3521603444348211
0 0.14822174339433727 0.3628131257451099
0 0.13878995963655735 0.3606113805719044
0 0.11226339504608641 0.34700332983680393
0 0.19318590280802353 0.31885036592898164
0 0.1944574159367577 0.3068766739057458
0 0.10275607827402976 0.14129822610513024
0 0.1821278206518163 0.24758850355511125
0 0.15563573283345802 0.29360021475864495
0 0.1584614843292081 0.28516653257867564
0 0.0849372328704466 0.24437310423540032
0 0.20353586295538623 0.2903211782807889
0 0.14749020929245846 0.1393976088775241
0 0.12209859455976149 0.13646289680315102
0 0.11730770195793846 0.08641342047763907
0 0.21869723073652256 0.17862163471138995
0 0.1835175199110223 0.18919530925543412
0 0.10280413283845005 0.33367825448513033
0 0.04970614284114993 0.27115883833688237
0 0.16680578814576502 0.30554115500139156
0 0.17892436918033205 0.3156721690426702
0 0.11939187562498062 0.3561919181243233
0 0.12479998185501798 0.3580721395171207
0 0.1177081944744872 0.1251279003918171
0 0.15494567382594812 0.29726728356402854
0 0.1784309961873552 0.15140233882095502
0 0.18020762762297754 0.1403485142018484
0 0.1896857643580955 0.08980551789636197
0 0.11952267095203632 0.10821171344622321
0 0.1878470729874528 0.12231265604496003
0 0.09656259798161361 0.13201282714372095
0 0.10177188030565562 0.11702371009665986
0 0.16072841717497163 0.3604656934738159
0 0.14502173872745555 0.35747987964878913
0 0.13457059086826834 0.3564110051030698
0 0.17011681482519792 0.30923487388569376
0 0.12213079382301024 0.35723437589147816
0 0.12661581960223292 0.3615371881619744
0 0.12713401831443544 0.3586959128794463
0 0.17496202732233898 0.3079611975213756
0 0.1426842554634356 0.36355444659357483
0 0.1513898629371239 0.3666595666304879
0 0.1631141295251639 0.37106879975484763
0 0.15890599123161772 0.38544243457524674
0 0.151970269927836 0.38695526174877
0 0.154532825169356 0.38133638423422106
0 0.15831338517043902 0.37639720038227414
0 0.1628683679939612 0.3729833342458891
0 0.14211643149104455 0.3644260567167531
0 0.1374038817037059 0.3651606656934904
0 0.13225357027967338 0.3665164996748385
0 0.12786925227745718 0.3685528887354809
0 0.12774900679031145 0.32299539537533467
0 0.06251621396159349 0.2012694281080495
0 0.20769016128843246 0.3316371635250423
0 0.13560405632723932 0.36173229904278464
0 0.13095319997924176 0.3615544882805451
0 0.18345484914986984 0.32347646070563274
0 0.1583408897985583 0.3062715286793916
0 0.181054616589909 0.3197781117066093
0 0.1622777514807556 0.24774504809275918
0 0.12987106040363078 0.2460679774699004
0 0.15534470035977985 0.28851433882246846
0 0.14503413849793698 0.08229094938091609
0 0.14680749765070883 0.10884688263354095
0 0.145479840874348 0.12787962423070617
0 0.12391887388556548 0.3589762322280718
0 0.22163958021480104 0.1594389258519463
0 0.23371095311544512 0.13980338997814967
0 0.24175132730084917 0.10425714681977812
0 0.10952719938738839 0.19947342814310737
0 0.07608027140731397 0.19437866884729135
0 0.18317320594645065 0.21976494180119555
0 0.09918459533187358 0.16365118169266243
0 0.19735442466385986 0.24529002846583076
0 0.16577736636542756 0.29589960510316105
0 0.0660446249353497 0.1899615035108898
0 0.08214921297748452 0.2078137183966844
0 0.10142137081888707 0.22067838447249455
0 0.13461399442799712 0.23077960785316384
0 0.1602840149856132 0.23451496187759482
0 0.17972697726572337 0.23518264954504758
0 0.22794138615869958 0.24154954183360805
0 0.056034894943561245 0.21857408706260764
0 0.09149993138144845 0.15677420509898143
0 0.19753397264234399 0.326036950038827
0 0.17640999939454638 0.2633168238012687
0 0.08085754258639138 0.14490537261185438
0 0.19513932477844798 0.23399048473524012
0 0.15573411074507496 0.2865484423611475
0 0.09848802666301312 0.17731701913087264
0 0.1698030072628804 0.2856559967217238
0 0.0537035984756506 0.2339743870108024
0 0.18376034947679096 0.2152666417800862
0 0.18625265971312058 0.28678893913393433
0 0.055988925914077656 0.3247874651266181
0 0.056779526902929596 0.33462398233621016
0 0.051036330182915146 0.20857517486033234
0 0.046022948525522064 0.29817408614832425
0 0.08894203587070755 0.1337478011198666
0 0.10198535531273355 0.3926329668449319
0 0.19954596411274828 0.32833908614904983
0 0.15802355689684983 0.2660896702953007
0 0.07158930316243482 0.1716146918742553
0 0.12376628079168174 0.20367114757714064
0 0.13982935010900963 0.2098680536384168
0 0.12252496865213565 0.3617970488641573
0 0.04993499321458132 0.24393740685089774
0 0.12647936977041158 0.421744005576424
0 0.08566744933309763 0.3830628786398017
0 0.07123683903204359 0.3625335960284523
0 0.2894377555374218 0.15908488359140313
0 0.162640652011918 0.43815399356510326
0 0.1554959758144358 0.21305156259433083
0 0.16959139963854913 0.2143324712696283
0 0.17885717830580214 0.21529164081034452
0 0.08419556778086268 0.14993048277886017
0 0.17379180661848057 0.19862091275660887
0 0.1614853878222082 0.1880005243031875
0 0.14608896541935595 0.18037162066801735
0 0.12853216442643947 0.1761208164303199
0 0.11609697475543489 0.1764884439499482
0 0.08897788263857365 0.11851834881564845
0 0.11312257435739688 0.196523201595182
0 0.20442562720373922 0.34220466458279153
0 0.14477458102223667 0.3226660111676092
0 0.16663391912437003 0.30435972200787587
0 0.1783923570714567 0.33344240577324574
0 0.25740057063977356 0.2265678724516993
0 0.06936031134556168 0.3499118315136951
0 0.08450534389070842 0.3710693022479182
0 0.1271433028716432 0.4133512227431588
0 0.05037838317777799 0.3054429534984672
0 0.18087346301130627 0.20935219066298527
0 0.20472032463420992 0.25906250211207765
0 0.16351200421543224 0.4298943713955257
0 0.1027801273714589 0.4030747010656025
0 0.04444598742639241 0.2375104845865913
0 0.1508914637176887 0.3681631335745687
0 0.14594692216538216 0.37018337107223015
0 0.14141944396997924 0.37334293982257016
0 0.13778646828849678 0.37775640824566714
0 0.1387618703605688 0.3722317481818406
0 0.13131449491028552 0.3591159253016762
0 0.12669732998651656 0.35641007190165314
0 0.12309640522479363 0.35353215051733927
0 0.11347571039653342 0.3269429450449736
0 0.06504838496608578 0.2635751052395157
0 0.21304756022341872 0.24281747541997745
0 0.20527666507531767 0.20790784611650134
0 0.19189088159929152 0.2064390588713729
0 0.13604784769046566 0.3613098459399265
0 0.05475992628413698 0.2886129530875579
0 0.22497950769636943 0.21327452594819277
0 0.12480300980741563 0.37742382961770765
0 0.23037769236480413 0.27893800534631896
0 0.22018340562024843 0.258923760186071
0 0.23887878652338101 0.2631296630786813
0 0.1821528994275824 0.2741431805750598
0 0.16874147870618364 0.4187060760415119
0 0.17539916940681313 0.40571777872417286
0 0.14821540825473872 0.3939327369565549
0 0.09354010811480491 0.34282911989999854
0 0.1368729429036055 0.29023178835277974
0 0.10676294063096461 0.360434395333995
0 0.09974313474705686 0.27238596230745316
0 0.11655404722399038 0.29704351263201756
0 0.07989290850641935 0.285156034062738
0 0.135722443157726 0.4039355793724889
0 0.17065416729968527 0.2751039114335309
0 0.07665572198026854 0.3429071498953778
0 0.09323701618806175 0.36397417187690734
0 0.08537146044166191 0.3245492116264675
0 0.047186153454949024 0.26555801468051
0 0.06599326318372851 0.313538691142331
0 0.04150641284397115 0.2663450803445733
0 0.0991467764682096 0.3079231157251026
0 0.19038254245305838 0.26086135551981304
0 0.16954906066150768 0.303992973851121
0 0.1594035876509936 0.30017517507076263
0 0.17899941353370313 0.30080856758615243
0 0.19717690113769926 0.18757390768631646
0 0.17329932368643905 0.16764122791912245
0 0.14838534881077384 0.15676724198071854
0 0.126466053760732 0.1525990081222161
0 0.10954100405797362 0.15431281457776608
0 0.09254760291103435 0.17701537971911224
0 0.06060753936838845 0.1810634818413983
0 0.09913176759753538 0.2020924758651982
0 0.11586919769077846 0.21319324769403625
0 0.13817548599984983 0.22188553434351216
0 0.1604357267446492 0.2263752919824227
0 0.1775451586784228 0.22746571989163109
0 0.1902046698833937 0.22735974769229475
0 0.07329389201882093 0.17232923702053402
0 0.1600042566171159 0.3025343800368516
0 0.19714513817883056 0.2732109841445218
0 0.18097163149682077 0.3115314466797787
0 0.18894144653788078 0.3200071408696797
0 0.1811520869884154 0.3124478504709575
0 0.1635733835156197 0.30758576341297317
0 0.1919457512381284 0.3230729587700056
0 0.1934044563980854 0.3250873458126317
0 0.19110825625450714 0.21758241698793743
0 0.20204804756719133 0.22360319922799649
0 0.2092433525249362 0.22813042849302292
0 0.1083936107992802 0.17814369201660157
0 0.10342330983637468 0.1678261812614358
0 0.24715558532625437 0.2855434203277463
0 0.4182527842728988 0.28130883943775425
0 0.23099565643655218 0.3345700002234915
0 0.500984890629416 0.2265728794362234
0 0.349331282241189 0.27087516305239306
0 0.3677405696362257 0.2782401860408161
0 0.38730728529069736 0.2848433218572451
0 0.4209561960204788 0.28610501017259515
0 0.3358546776454086 0.264207995261835
0 0.40214386809131375 0.24381088627421338
0 0.37734474598065665 0.23881481302821117
0 0.4227937006432077 0.25281511344339536
0 0.4335742583093436 0.2629496269899866
0 0.42590605176013446 0.29787734604400135
0 0.24241327085410772 0.42843269083810886
0 0.42996158823370934 0.27900250392115633
0 0.47413164749741554 0.2843959953473962
0 0.4488661683609952 0.2941890827987505
0 0.32171782235736435 0.3298398534888807
0 0.20720851615719174 0.3677778290665668
0 0.19969601791514002 0.3789240944644679
0 0.23095736636415773 0.37982969465463057
0 0.2451856012415627 0.38889003953208096
0 0.2191099048713627 0.38550747153551684
0 0.23358578611489222 0.3911271027896715
0 0.27799909379657195 0.40027139990226085
0 0.22513971866472907 0.32936241328716276
0 0.23254582844674587 0.3194195470084315
0 0.45741724554935226 0.2602989580968152
0 0.2999927612912396 0.28599919948888863
0 0.27976846512731 0.33377979397773744
0 0.28485519827707956 0.32605381944905154
0 0.3785399756515804 0.33921877897304037
0 0.24002368412102046 0.3022291872812354
0 0.4194204395070024 0.2328198194503784
0 0.44460459150697873 0.24541617217271225
0 0.4921176149307386 0.20480872010407242
0 0.3262369933173708 0.2178375578444937
0 0.3541653253462004 0.23934725827496986
0 0.29635345919624617 0.39563403492388516
0 0.4031684503931066 0.38443748432656993
0 0.262798476073405 0.33645621564077294
0 0.2454710315670008 0.3370444196721782
0 0.26071065490174555 0.40116784754006757
0 0.2548057114219536 0.3995595466831456
0 0.4549829114390456 0.240454394078773
0 0.278769973827445 0.3372094168611195
0 0.38238922741426074 0.2231467201657917
0 0.3887885212088409 0.21466930314250615
0 0.42223034442766855 0.163925722370977
0 0.46845738686945126 0.2222587969640027
0 0.3963496761153574 0.19074980746144835
0 0.46820251530279283 0.25753284142069194
0 0.4799316335955392 0.24040383968664253
0 0.20340015484101098 0.3737541945084282
0 0.22462461771362502 0.3828437198763308
0 0.23929709771081156 0.39003798495168274
0 0.25753790180644265 0.3373723681854165
0 0.2575173955005796 0.4003872963397399
0 0.2470190569596446 0.3998513874800309
0 0.2522398053627947 0.3986805427333583
0 0.25228603617490636 0.33319216422412706
0 0.23017383350626283 0.3916724872329961
0 0.21553364003320102 0.3871069428713425
0 0.19776210747659206 0.38199547568093173
0 0.20608810396136149 0.4011931516554045
0 0.1943972408366592 0.40073441137438237
0 0.19519803389582946 0.39443045634290447
0 0.19611720505939878 0.38844845580018084
0 0.19692295453632655 0.3836742691371752
0 0.22984271338614432 0.3924976167471512
0 0.23246930065848256 0.39547323714131893
0 0.2351810894501598 0.39936565614264946
0 0.23740004626629146 0.4035132698390795
0 0.2824391714985604 0.3729451088801674
0 0.45377654728034267 0.3262933650742406
0 0.24057761616195025 0.39540091403152633
0 0.24344031391260418 0.3974020926848702
0 0.2358278496109921 0.3404070315153702
0 0.2703743606157925 0.34226212825464164
0 0.24053211834119714 0.3389800588721814
0 0.31550914122034673 0.2976680935724922
0 0.3416450999515212 0.3149244952460994
0 0.28585772102941637 0.3306557945583178
0 0.4679866667998874 0.18440843464239784
0 0.4421405188901269 0.2058620353107867
0 0.42825665033381916 0.22561830411786618
0 0.257632440239515 0.4025967942631763
0 0.3388521934495024 0.20372302998667177
0 0.3464912548661232 0.1767166475886884
0 0.3693424349893694 0.1450426519241022
0 0.40710691767542256 0.28843176844327345
0 0.43721258308252564 0.31129994094371793
0 0.3281298911441927 0.25911140545554784
0 0.4441183739058349 0.2743203991133234
0 0.28953545281420584 0.27550972842651866
0 0.26803714786048816 0.3292402356863022
0 0.4432483480676361 0.3123995752438255
0 0.42190063793374144 0.31756308635939723
0 0.3962334446285082 0.31521658728951996
0 0.3604266771479793 0.30111778028633285
0 0.3358628801677538 0.28729861067688983
0 0.3188793307737164 0.2761758727223977
0 0.26704626570901147 0.254370688420275
0 0.42618909113756986 0.33827373307684194
0 0.4553896518343169 0.2765639947808307
0 0.21799408259761074 0.33266407989937324
0 0.2908259364573852 0.30042769578487977
0 0.48672751061942265 0.2731922124391017
0 0.30681188461249287 0.2660075126782708
0 0.2888052014472044 0.3294446426889171
0 0.4337803335941356 0.28053625634183055
0 0.2739399098183798 0.3194299199011015
0 0.43227871353535546 0.3551926747612331
0 0.33199373292534246 0.25571142966332644
0 0.2577908187294784 0.3101035767275354
0 0.3392911505601976 0.41808111823123434
0 0.3390533821252377 0.42664876865304036
0 0.44544920697808266 0.3363609573115473
0 0.3706459379552499 0.4039205404727355
0 0.4795392388882844 0.2602962482234706
0 0.2420326738172899 0.44074635531591333
0 0.2166366524103543 0.33385732148004615
0 0.3034109094220659 0.31322739668514415
0 0.4601916527456563 0.29948013742332874
0 0.39210045540138433 0.278338692628819
0 0.37354683851742226 0.27239012582146604
0 0.2504481126999725 0.40244066248769345
0 0.4103491129758565 0.3605042418707972
0 0.20299264655003083 0.4479836194411568
0 0.27073857006009505 0.4450286730476048
0 0.30147989604460157 0.43866459830947546
0 0.3580989060194596 0.26614282688368923
0 0.3445275012079788 0.2604132214318151
0 0.33578588117076 0.2573060196378957
0 0.4666315402997577 0.27699908199517626
0 0.3555680264759323 0.24968691461760065
0 0.3761497606401858 0.24892700152552646
0 0.3966231167964313 0.252868898148122
0 0.41495844187295955 0.26089468157809714
0 0.4237849143860133 0.2688773941734563
0 0.49916731639076833 0.24790778406288314
0 0.40650076872628665 0.2810044183679249
0 0.2684227187672387 0.3626898713733839
0 0.2632915000228778 0.3356115247892297
0 0.2319722801608884 0.35097611183705535
0 0.30620395554148633 0.42903970246729645
0 0.2754388945987043 0.43589980965075287
0 0.20427763275802135 0.44007111230622165
0 0.37153142642067827 0.4089064561802408
0 0.33979593727575697 0.25341975617667906
0 0.2696338648219471 0.28026309751945994
0 0.2381603502789917 0.44895034432411196
0 0.42574933122681535 0.36117036822049514
0 0.2148141741104748 0.38839120748250383
0 0.21651286413164242 0.39263612537280373
0 0.21739620597952086 0.39769199529419774
0 0.2176043231688116 0.40350390193255053
0 0.23364962617178325 0.40346797367800835
0 0.24523680592360703 0.3956353270489237
0 0.2503042195154273 0.3959165437066037
0 0.255394757239391 0.395833237533984
0 0.292284798686919 0.3842889258395071
0 0.3796347156976876 0.36517757099607717
0 0.2785253990441561 0.26437952486069305
0 0.3174806436442811 0.24014999095512474
0 0.3318216893821955 0.2458956044005311
0 0.24109242042607587 0.3951046584740929
0 0.36933224291905115 0.39067227477612704
0 0.2966379471042234 0.2339340798880743
0 0.23885660480869852 0.41543466669061907
0 0.256778941611233 0.27085316103437673
0 0.27498546963476617 0.3043599014696868
0 0.20585181896129381 0.4133971649667491
0 0.2940848858460136 0.4082420167715653
0 0.3012425115574961 0.34333857608878093
0 0.2684171166189987 0.4135853127292965
0 0.34325586591401824 0.3513211092223292
0 0.3117445674117493 0.36030568532321766
0 0.34976043122942035 0.37264985830887504
0 0.2057914867916185 0.4278164907642033
0 0.2851176091834255 0.3120993356341901
0 0.3062107269854649 0.41863931624785716
0 0.2745693050648855 0.4246962959351747
0 0.31559315599177196 0.3991745652064033
0 0.3952712014965389 0.3781875831925351
0 0.3391826678391384 0.402750700712204
0 0.4027105751244918 0.38348927990249965
0 0.3178865463351426 0.3786294181709704
0 0.28060079426707135 0.2902984763617101
0 0.2589238663001553 0.3331842679044475
0 0.27175357111770176 0.3366159366524738
0 0.25155611639923375 0.3245706752590511
0 0.340396327007076 0.23246611816727597
0 0.3775760222064412 0.23317780987076137
0 0.40839502782277437 0.24004190110641976
0 0.43084676255998405 0.250234650010648
0 0.4433196227511634 0.2619298352495484
0 0.4385114437698022 0.2867216230086658
0 0.46181302963067655 0.31099051288936447
0 0.41374150169608387 0.30052505381729294
0 0.3905105971447799 0.2978201515648676
0 0.3644236441215743 0.28872149159079014
0 0.3417811222050501 0.27792880185272384
0 0.32626020471039024 0.26924128888741783
0 0.3155123175162336 0.26227759634671005
0 0.47032832985986833 0.29855203272207925
0 0.27034788566601015 0.33809649659239727
0 0.2620885739426898 0.2944369733981464
0 0.24203499495659186 0.3315106070559958
0 0.23104839691001436 0.33361350466375767
0 0.24295001250246298 0.3325738465008528
0 0.26435353469265543 0.33999541790589044
0 0.22526820157857044 0.33383955476076704
0 0.2244999393739778 0.33501187109428904
0 0.3237397964719845 0.25380922419869384
0 0.30839228379013744 0.25279415230388225
0 0.298951494709953 0.2530683878971183
0 0.42778851318618527 0.2746316217857858
0 0.4375272807057785 0.2723876671946567
0 0.1346308445031552 0.19422223198673
0 0.15513057962221943 0.20108761534742686
0 0.13903162863267504 0.18184128727601923
0 0.11441538786596578 0.1876205677571504
0 0.130635107907912 0.20671892956547114
0 0.3931626296885636 0.26376833177131154
0 0.4125305650674779 0.27072427156178847
0 0.3998466033650481 0.2525384371695311
0 0.37296369153520337 0.256553590103336
0 0.3862029814525791 0.2752833732444307
