0 0.5748051017522812 0.5193151004612446
0 0.5543289884924889 0.4508140169084072
0 0.5576320294290781 0.47338847927749156
0 0.5064181244000793 0.38333502374589445
0 0.54715604968369 0.4279785370454192
0 0.5353443941101432 0.3979777520522475
0 0.503111845254898 0.3230912022292614
0 0.33544543171301483 0.37184194223955275
0 0.47543634213507174 0.25070137856528163
0 0.4633972279727459 0.21630001477897168
0 0.4222087485715747 0.1063152015209198
0 0.5777163535356522 0.5278185814619064
0 0.5802799580618739 0.5372081492096186
0 0.5813995942473411 0.5434511845931411
0 0.5873060867190361 0.5622409131377936
0 0.5918261487036943 0.5723843727260828
0 0.5969479039311409 0.5852940464392304
0 0.6015431605279445 0.5983302813023329
0 0.6047389997169376 0.6183041699230671
0 0.5567259786650538 0.4622898995876312
0 0.536337160691619 0.46925877705216407
0 0.19691304452717304 0.30374313667416575
0 0.4037702865898609 0.375017655082047
0 0.3826870944350958 0.3830258812755346
0 0.3604857829399407 0.38803397342562673
0 0.32634918447583916 0.3839205773547292
0 0.42016733074560764 0.3640356187708676
0 0.3473052343353629 0.3075592529028654
0 0.3732807461172342 0.3024759778752923
0 0.3250596275553107 0.32062268452718856
0 0.31247569331899283 0.33744736276566983
0 0.30972093222662805 0.4055556306615472
0 0.5309093436226249 0.6703801156952978
0 0.32445720145478846 0.36788039971143005
0 0.2245117850601673 0.40916889198124407
0 0.274449750687927 0.39665001053363086
0 0.4261259242892265 0.47318772710859774
0 0.5469611436128616 0.5243675088509917
0 0.5570192921906709 0.5454724336043
0 0.5230182042345405 0.5443285033106804
0 0.508600165694952 0.5622131410986185
0 0.5370815737172961 0.5561520522460341
0 0.5222817333415151 0.5672963764518499
0 0.4942149864509702 0.6120360206812621
0 0.5365118876099586 0.4567518375813961
0 0.526247788965702 0.43627471961081027
0 0.2694529050961137 0.32547943890094755
0 0.44918190129101276 0.39836187902837994
0 0.48278295118361714 0.4704615443944931
0 0.4748780408874154 0.45938732475042343
0 0.3535505797713995 0.49534183982759716
0 0.515700364112854 0.4079195072874427
0 0.3175958976149559 0.27668319242075085
0 0.2880081641487777 0.2978237050585449
0 0.20749356728047133 0.2543737546540797
0 0.4231972713954747 0.26435452960431577
0 0.3985805971547961 0.308073967974633
0 0.4717625092715025 0.5959473213180899
0 0.3303946784697473 0.6066147599369287
0 0.5043970050290227 0.4767042623832822
0 0.5232050318270922 0.4767953149974346
0 0.49483276847749946 0.5907934259623289
0 0.500203968025744 0.58816381059587
0 0.26824411591514946 0.28702530143782495
0 0.4851599667221308 0.48087609875947235
0 0.36052377223968507 0.2629414684139192
0 0.3503603648394346 0.24412696324288846
0 0.28780253790318966 0.16624817457050084
0 0.23510722061619163 0.2703805860131979
0 0.31879798881709576 0.2056749681942165
0 0.24876670027151704 0.3199123749509454
0 0.22128121182322502 0.31198552083224057
0 0.5518910264596343 0.5358967138454318
0 0.5302974926307797 0.5508855611085892
0 0.5154329562559724 0.5650709236040712
0 0.5106673698872328 0.47903612181544303
0 0.4975818371400237 0.5895082946866751
0 0.5099524756893515 0.5929100124165416
0 0.502944446913898 0.5868184139952064
0 0.5115547753870487 0.46497089322656393
0 0.5269835781306028 0.568254829198122
0 0.541916423663497 0.5587932128459215
0 0.5603731900453568 0.550577450171113
0 0.5754219975322485 0.6278576720505953
0 0.573817141354084 0.6070960097014904
0 0.570428236760199 0.5933718217536808
0 0.5676277998834849 0.5795461071655155
0 0.5662040447816252 0.569239467009902
0 0.5304464843124151 0.5799073023721576
0 0.5278339317068458 0.5864495219662785
0 0.5249818880110979 0.5955540295690298
0 0.5233345942571759 0.605084203183651
0 0.4824296455830336 0.547456031665206
0 0.25529649676755073 0.5044235743582248
0 0.5569988062605262 0.4674406606703997
0 0.5177153138443827 0.5832918807864189
0 0.5139107936993241 0.5876506626605987
0 0.5319453317672014 0.4829993901774287
0 0.4961501399055123 0.4914731550961733
0 0.5278119459748268 0.47992808036506174
0 0.4293599402531981 0.4204042688012123
0 0.3971946779638529 0.4497518951073289
0 0.4744588462635875 0.4708536459133029
0 0.2353116197511554 0.2082240049727261
0 0.2650485494174063 0.23424600893631578
0 0.30225629899650813 0.26059729009866717
0 0.5166524656116962 0.6216377271339297
0 0.406037697289139 0.23238540133461355
0 0.37747852113097907 0.18590645380318166
0 0.3485198011621833 0.1344397472217679
0 0.34034959636628626 0.38922031559050085
0 0.2884762557223439 0.4307466158643365
0 0.430144592281431 0.35405619274824857
0 0.29114099461585285 0.3573075447231531
0 0.460413218755275 0.3776014465838671
0 0.4923903070390224 0.4569414809346199
0 0.26635750150308013 0.4521476302295923
0 0.31236394103616477 0.44158148020505905
0 0.34707450345158575 0.43969635386019945
0 0.39038305506110194 0.42153736799955366
0 0.41913718841969966 0.40214724764227866
0 0.43942144634202124 0.3833946542814374
0 0.4828138334676623 0.33626181408762934
0 0.2911917492747307 0.5004035320132971
0 0.2691861960105598 0.35930431466549634
0 0.5461219362914562 0.46546352952718734
0 0.4623270000331104 0.4207314234226942
0 0.21053535295650364 0.4060185508802533
0 0.453401287086308 0.3643439677543938
0 0.47080832850188015 0.4728616040199995
0 0.31170220458880066 0.37212368957698344
0 0.4842353047803044 0.4429506417363882
0 0.2880752461962402 0.555556183308363
0 0.42674392787739635 0.3463269961997867
0 0.49831472896039486 0.42289173100143673
0 0.4153775941580534 0.6490222670137882
0 0.4191849264316261 0.6680173102766276
0 0.26483389027416704 0.506125682964921
0 0.37271525263786315 0.6280627883970737
0 0.2205272034741938 0.3580994842574
0 0.5323016369715333 0.6888493152335287
0 0.5487944468855858 0.4695760924369097
0 0.447512945625931 0.4450051378458738
0 0.2529170099645853 0.40791510343551635
0 0.3600210318341851 0.3734075711108744
0 0.37903357706964014 0.3702664939686656
0 0.5066389020532369 0.598498897254467
0 0.31564264427870514 0.5426976101472973
0 0.5788418184965849 0.7023895729333163
0 0.5022790461778641 0.6937979355454444
0 0.4659419315867126 0.6842572085559369
0 0.4435242395848036 0.16392546007409692
0 0.6243325477465987 0.6900033228099346
0 0.3962689934298396 0.3642788423225284
0 0.4114366090856493 0.35628833072260024
0 0.4215128405019641 0.3506405493244529
0 0.2469056506641209 0.3606745870783925
0 0.40217790603637693 0.3298150906339288
0 0.3810359830036759 0.3265261075459421
0 0.3619144635275006 0.33111037854105235
0 0.34455940388143064 0.3417227094992995
0 0.3345822786912322 0.3527667964808643
0 0.19804512225091458 0.3518466493114829
0 0.34607931673526765 0.37335754176601765
0 0.5639124497771263 0.4908132517710328
0 0.49872976504266264 0.5267885562032462
0 0.5032650295644998 0.47271960955113174
0 0.5367796704173088 0.503466073796153
0 0.4887325970456004 0.2880027383565903
0 0.4566513918340206 0.6664904035627842
0 0.4933550886809826 0.6774279054254293
0 0.5764632690697908 0.6921435948461294
0 0.37567163482308386 0.6444147666916251
0 0.4185857896693051 0.33947051614522933
0 0.4819984184578061 0.3789558492600918
0 0.6233002750203014 0.6790293999016285
0 0.5393137220293284 0.701540145277977
0 0.29395010648295283 0.5525928273797035
0 0.5470897516235709 0.5749084940180182
0 0.5458243960514665 0.5839611869305372
0 0.5456862097606063 0.596025836840272
0 0.5472080655395984 0.6091729614883661
0 0.543849054723978 0.6280582655221224
0 0.5100549394264817 0.578048837184906
0 0.5042163129895926 0.5782364968210458
0 0.49883212652057407 0.5774865724146366
0 0.4734829865396023 0.5712712297216058
0 0.3558130649849772 0.5473386749625206
0 0.47111725360155104 0.35512035777792333
0 0.4372566698119044 0.31610020631924274
0 0.42418916877359153 0.3259442238137126
0 0.5148689966648817 0.5773375952616334
0 0.37515355553478 0.5978591088205576
0 0.45910620959475634 0.3042807636782527
0 0.5356701919808984 0.6490366687998176
0 0.5245877128094435 0.37301467610523104
0 0.49512611608952284 0.36158870374783875
0 0.5144586304202676 0.3495046332478523
0 0.4801598317921162 0.420891191996634
0 0.6186019752174616 0.6613866565749049
0 0.611325447820127 0.6386366352438927
0 0.5744092904031277 0.6499621521681547
0 0.47316584661602973 0.6257958758622408
0 0.45721310172230006 0.4976566392928362
0 0.5025401821359992 0.640904976055026
0 0.4011692551895976 0.513085038587451
0 0.44519454166293143 0.5275563340634107
0 0.39739423682913183 0.5546610508114099
0 0.5744998920708895 0.6741149391978979
0 0.47138970624655485 0.43878269344568255
0 0.45770774660632013 0.6452758189290762
0 0.4940217165276408 0.6585698576644063
0 0.44682908710092306 0.6046557202935219
0 0.33883503507822754 0.5767177630215883
0 0.41645513363182546 0.6147481586784125
0 0.32761295503005383 0.593614985793829
0 0.4408339699730277 0.5625761216506362
0 0.4720810467377305 0.39930299408733844
0 0.5038261599838734 0.4639469778165221
0 0.49318012315779924 0.47482786439359187
0 0.5077784106135368 0.445783469080925
0 0.4108844604343176 0.2947858010418713
0 0.3689666512422264 0.2880694705992937
0 0.3358862200751901 0.2958332631736994
0 0.3104239302687347 0.3114494808018208
0 0.29491267250850794 0.33223669342696666
0 0.29568305937573314 0.3834607120603323
0 0.24093565521761776 0.45871385280042887
0 0.32694436721503733 0.41115693356841804
0 0.35365721909329295 0.4101819762960076
0 0.38444966841489076 0.40090306028723716
0 0.4110847180709243 0.3872557612136006
0 0.43023418840020894 0.37282715532928706
0 0.442767367977649 0.3598484879359603
0 0.2305574182420969 0.45478418860584496
0 0.4953573582693934 0.48097837921231984
0 0.4915204219520092 0.39994317926466466
0 0.5199177388101817 0.45933086816221474
0 0.534035816974938 0.4659030418843031
0 0.5205756746232509 0.4627986833453178
0 0.502870786190033 0.48564316928386686
0 0.5390167271718382 0.466471535526216
0 0.5419595770537853 0.4708203988149762
0 0.43541218619793653 0.3431833600625396
0 0.4499908057972789 0.3419705749489367
0 0.4603007506579161 0.34081301651895046
0 0.32907510846853255 0.36075076181441545
0 0.30633812909945846 0.3544975697994232
0 0.5435465378686786 0.36935469824820755
0 0.6527279898524284 0.2554172890260816
0 0.5723647877573967 0.45543853752315044
0 0.677506898343563 0.1285753439180553
0 0.6000183392316103 0.3019001841545105
0 0.6219144921749831 0.29642210975289346
0 0.6413104072213173 0.2871891366317868
0 0.6616610825061798 0.2585390050895512
0 0.5799700785428286 0.3028602635487914
0 0.597659968957305 0.20943680992349983
0 0.574348377995193 0.2234552029520273
0 0.6225241957232356 0.20485470118001103
0 0.6421764064580202 0.2100845927372575
0 0.680008976906538 0.2664943652227521
0 0.6825389381498098 0.608849298208952
0 0.6562119614332914 0.24203842654824256
0 0.722565889172256 0.22642819974571465
0 0.6917920339852571 0.2359724379144609
0 0.6436166252940894 0.3906593039631844
0 0.5971432872116565 0.5061670236289502
0 0.6006954656913877 0.529693947918713
0 0.6223355274647474 0.5074602484703064
0 0.6388802509754896 0.5137890994548797
0 0.6178640045225621 0.5266391823068262
0 0.6311317291110754 0.5272593319416046
0 0.6768094904720783 0.5394197557121515
0 0.5704643683508038 0.44388251267373563
0 0.567060124874115 0.42079672738909724
0 0.6541949324309826 0.17633799444884063
0 0.5802828554064036 0.34913641568273307
0 0.6093030331656337 0.42152296621352436
0 0.6065588388592005 0.4087741719558835
0 0.7035574343055486 0.36288057966157794
0 0.5551228949800133 0.3929789040237665
0 0.596583622507751 0.17027476318180562
0 0.6278773976489902 0.1666889565065503
0 0.6480082497000694 0.09488137364387512
0 0.5154431821778417 0.2267885221168399
0 0.5591960160061717 0.24492780966684222
0 0.6836461327970028 0.5121065106242895
0 0.7530814375728369 0.4445593569427729
0 0.5969879895448684 0.44045639522373675
0 0.5840636173263192 0.453203166089952
0 0.6580038156360388 0.5302503408864141
0 0.6522272264584899 0.531678537838161
0 0.63051571957767 0.1461190997622907
0 0.6116782421246171 0.4317468060180545
0 0.5596020191907882 0.18693332495167853
0 0.5538500063121319 0.16650790264829993
0 0.5532883645966649 0.0717616667971015
0 0.6454343851655722 0.12002308331429959
0 0.5583223473280668 0.11920606959611177
0 0.6599825656041503 0.15905466098338367
0 0.6737637337297201 0.14568839510902762
0 0.6000425405800343 0.5185003085061908
0 0.6206562947481871 0.5177572477608919
0 0.6355915945023298 0.5206027312204242
0 0.5932825585827232 0.44651942811906337
0 0.6550932796671987 0.5310619588941335
0 0.6505560040473938 0.5395317960530519
0 0.6491147285327316 0.5324532190337777
0 0.5881059924140573 0.4355648266151547
0 0.6266709433868527 0.5314907591789961
0 0.6145216278731823 0.5322152523323893
0 0.5995374822989106 0.5363835576921702
0 0.6309770790860056 0.6058946706354618
0 0.6257882418110967 0.5864485697820783
0 0.6195054013282061 0.5739859862253069
0 0.6121884815394878 0.5621548594906927
0 0.6055683901533484 0.5540242776274681
0 0.6302589125931263 0.5416089858859777
0 0.6370116341859102 0.5443855550140142
0 0.6451606713235378 0.5488482439890504
0 0.652474046126008 0.5544861663132906
0 0.651937048882246 0.4810205927118659
0 0.7420097637921572 0.3235266678035259
0 0.6381020242348313 0.5375354625284672
0 0.6442362479865551 0.5382219079881907
0 0.5820112748071551 0.4638685416430235
0 0.6087402665987611 0.4475457636639476
0 0.5829023957252503 0.4587993510067463
0 0.6067158749327064 0.35374526493251324
0 0.6477858018130064 0.355448901001364
0 0.6120654977858067 0.41786519028246405
0 0.6091038662940264 0.07408737670630217
0 0.608834583684802 0.10921230129897594
0 0.5946729771792889 0.14836270362138748
0 0.667506355792284 0.5612274717539549
0 0.5070704359561204 0.1918422907590866
0 0.5057193530723453 0.13982127411291004
0 0.49327764436602595 0.0830327108502388
0 0.6564489983022213 0.27429231740534304
0 0.7066287899389863 0.27398327412083745
0 0.5661767074838281 0.3018366060219705
0 0.6629703413695097 0.21369870705530047
0 0.5611982855945825 0.3397510930895805
0 0.5970674108713865 0.41679553035646677
0 0.7284481462091208 0.28020323887467385
0 0.7014116950333118 0.2983340162783861
0 0.6798138663172721 0.31917034573853015
0 0.6396325379610062 0.3317402285523713
0 0.6073333160951734 0.3337669724598527
0 0.5821109775453805 0.33185375668108463
0 0.5250159403309226 0.32054313747212293
0 0.740833169221878 0.33150989916175605
0 0.6736598383635283 0.20272020176053046
0 0.5662626393139363 0.4577422281727195
0 0.5865116348490119 0.3736686084419489
0 0.7183242790400982 0.21977090472355484
0 0.5610939130187035 0.3266562592238188
0 0.6131513884291053 0.4182643538340926
0 0.6633165910840034 0.23802447421476244
0 0.5923621574416756 0.4017116630449891
0 0.7501794232055545 0.3813538854941726
0 0.562898788228631 0.29331064950674773
0 0.5738778492435813 0.3942288441583514
0 0.738973755761981 0.5216781836003065
0 0.7387085635215044 0.5413472145795822
0 0.7506826408207417 0.32465010629966856
0 0.752212643250823 0.4811801629140973
0 0.698098530434072 0.18295884858816863
0 0.689173754863441 0.6248145706951618
0 0.5642295897006988 0.4637885184958577
0 0.6105303823947906 0.38326360993087294
0 0.708947790414095 0.2318243664689362
0 0.6361120939254761 0.27625105949118733
0 0.6180647734552622 0.2848996692337096
0 0.6565222159028054 0.5414024412631988
0 0.7473211757838726 0.3791128009557724
0 0.6626838451251388 0.6679606156423687
0 0.7039011616259814 0.6111003806814551
0 0.7202599097043276 0.5812579756602645
0 0.5992045262828469 0.2889496061950922
0 0.5806880746036768 0.2911617483012378
0 0.5688884515315294 0.2934905726462603
0 0.6833833266049624 0.18954213112592697
0 0.574016853608191 0.2639508035033941
0 0.5883320193737746 0.24643624797463418
0 0.60634089037776 0.23655781298875808
0 0.6265213381499052 0.23281130539253353
0 0.6407677516341209 0.23536188947036862
0 0.6999883148819208 0.16832280540838837
0 0.6468154300004244 0.2658903828822076
0 0.6299657013267279 0.47571176905184986
0 0.5965136431157589 0.43630685582756995
0 0.5919238744303584 0.48207723945379255
0 0.7226995419710874 0.560037400200963
0 0.7059263713657856 0.5911925895139575
0 0.6635034868493677 0.6566902857273818
0 0.7491586375981569 0.4988617870956659
0 0.5658418085426092 0.2829911350272596
0 0.5523887902498246 0.3524206180125475
0 0.6865681558847427 0.640733503550291
0 0.7570244167000055 0.37782171852886676
0 0.6195459641516209 0.5469418125227093
0 0.6268604297190905 0.5523751739412546
0 0.6351775469258427 0.5607147602364421
0 0.6428713941946625 0.5710525844246149
0 0.6528508372604847 0.5842959590256214
0 0.6417422819882631 0.5292501110583544
0 0.6468129757791757 0.5253859492018819
0 0.6506371978670359 0.5210685476660728
0 0.6702822845429182 0.493697259016335
0 0.7288602508604527 0.4048584334552288
0 0.5423232790082693 0.3286202184855938
0 0.5377393731847405 0.2766894212923944
0 0.5523033015429973 0.27581194387748836
0 0.6366325933486223 0.5322044212371111
0 0.7401715520769357 0.45667010843753814
0 0.5168428722769022 0.28259544298052786
0 0.6686516931280494 0.5952978920191526
0 0.5351879715919494 0.34655976556241513
0 0.5787750773131848 0.3835585886612535
0 0.6437609130516648 0.6219997555017471
0 0.6968539675697685 0.5369555823504925
0 0.6371529564261437 0.42849156595766547
0 0.6854813449084759 0.5674257148057222
0 0.684347290173173 0.40483288317918775
0 0.6640989422798157 0.4430625233799219
0 0.7085925078019499 0.43445815052837133
0 0.6570589745417237 0.6407865084707737
0 0.5931137967854738 0.3923724817112088
0 0.7148041758686304 0.5427275642752647
0 0.6988913461565971 0.5759845415130258
0 0.703756907954812 0.5035627601668239
0 0.7497647620737553 0.4196504166349769
0 0.72570609934628 0.493509123288095
0 0.7588307917118072 0.4291967773810029
0 0.686390463449061 0.4668706990778446
0 0.5688071895390749 0.36276336181908847
0 0.5935388542711735 0.42933956533670425
0 0.6050016695633531 0.4313193943351507
0 0.5828842276707291 0.4171230817213655
0 0.5428446646779775 0.24307039584964513
0 0.569249153882265 0.2116141576319933
0 0.5981990795582532 0.19613392380997538
0 0.6251331351697444 0.1914511017501354
0 0.6470986198633909 0.19669083254411818
0 0.6746937472373247 0.23798446264117956
0 0.7397177938371897 0.27421344481408594
0 0.6747623290866613 0.28289276249706746
0 0.6567904759198427 0.30023838467895986
0 0.6299077544361353 0.31161539889872075
0 0.602242443151772 0.3161568216048181
0 0.5795952644199133 0.3163820131681859
0 0.5628663379698992 0.31450212383642795
0 0.730107881501317 0.2707724693231285
0 0.6054436339065432 0.4380314597859979
0 0.5615802237764 0.3734053295105696
0 0.5820005375891923 0.4355563759803772
0 0.5735730145126581 0.45066976100206374
0 0.5816394602879882 0.4394762009382248
0 0.6017905255779624 0.4468035757541656
0 0.5714368876069784 0.45405092742294073
0 0.5693570032715798 0.4602212397381663
0 0.5555002314969897 0.29682849403470757
0 0.5463870944455266 0.3055551828816533
0 0.5406536245718598 0.3130301462486386
0 0.6493623662739992 0.23862651251256467
0 0.6560242816805839 0.22014215737581252
0 0.3931018038652837 0.34056013226509096
0 0.4167671435512602 0.3334534459747374
0 0.3827837975695729 0.31565861105918885
0 0.3683392909355462 0.3482554469257593
0 0.4032964173704386 0.36541049340739845
0 0.6151462953537703 0.2565763550810516
0 0.6359652496874333 0.2483037390746176
0 0.6050216441974043 0.23505356032401323
0 0.5942237183451653 0.2647711895406246
0 0.6251708006486296 0.277961003780365
