0 0.5350949168205261 0.624935703072697
0 0.4765310827642679 0.5676834741607308
0 0.49596544075757265 0.5831405367702246
0 0.4169639772735536 0.5064145361073316
0 0.4620357397943735 0.5472796992398798
0 0.44535713735967875 0.5180377578362823
0 0.4053290910087526 0.44230310930870476
0 0.26102929888293147 0.5142709193751216
0 0.3613137905485928 0.3695592378266156
0 0.34057945059612393 0.3381604737602174
0 0.28199750767089427 0.2460645695682615
0 0.5404721722006798 0.6322128370404243
0 0.5467569138854742 0.6400443291291594
0 0.5515578929334879 0.6451250462792814
0 0.5629338137805462 0.6617498368024826
0 0.569227185100317 0.67105174632743
0 0.5774682955816388 0.6826460815034807
0 0.5861931620165706 0.693932892754674
0 0.5872011492028832 0.7033360450528562
0 0.48513242322951555 0.5765889626927674
0 0.4696148503571749 0.58658586749807
0 0.14693846041336656 0.46790128974244
0 0.32949657458812 0.5054460974410176
0 0.3106416240334511 0.5181314893066883
0 0.2913062395527959 0.5277482742443681
0 0.25829353276640177 0.5264426659792661
0 0.3442510166205466 0.4914357996545732
0 0.2595567051321268 0.44756915187463164
0 0.28483081539161503 0.43847679970785974
0 0.24081164877861738 0.46391514521092175
0 0.23328853538259864 0.48231300273910166
0 0.25265435269102454 0.551363370846957
0 0.530121230520308 0.7606568745337426
0 0.24995570164173841 0.5104126268066466
0 0.1979065928608179 0.5628419999964536
0 0.2232816144824028 0.5450485626235604
0 0.3748237513937056 0.6024222509004176
0 0.511398321017623 0.6353171626105905
0 0.52844612672925 0.6517503350041807
0 0.49791001062840223 0.6571913949213922
0 0.4927257765084505 0.6748035222291946
0 0.5158520909026265 0.6641986413858831
0 0.5082680927589536 0.6757531426846981
0 0.4801176507025957 0.7195962177589535
0 0.4601360745728016 0.5773756518028677
0 0.44333791732788086 0.5599360447376966
0 0.19936036178842187 0.47542993249371646
0 0.37984816543757915 0.5238519057631492
0 0.41929290955886245 0.5962854365818202
0 0.41069586481899023 0.5854150231927633
0 0.31573223043233156 0.6344933564774692
0 0.42833058116957545 0.5320544881746173
0 0.225568238645792 0.4218042844440788
0 0.2057081265375018 0.4462622650898993
0 0.13519942667335272 0.4239362758584321
0 0.32101604901254177 0.3928980942815542
0 0.31156961526721716 0.43958937148563565
0 0.4545458657667041 0.7099353638477623
0 0.35538295935839415 0.7212058739736676
0 0.4430491682142019 0.5979465132579207
0 0.461626710370183 0.5945155259221793
0 0.49371826089918613 0.699676881916821
0 0.4983564605936408 0.6962234006263316
0 0.1890190807171166 0.4368853024672717
0 0.4266931461170316 0.6044384364038706
0 0.26101790089160204 0.4021607492584735
0 0.2471184991300106 0.38443741071969273
0 0.17154716281220317 0.3330675906967372
0 0.15292998543009162 0.43657468212768435
0 0.2025164789520204 0.3650898927822709
0 0.1838657376356423 0.4707314527593553
0 0.15932607231661677 0.47452577939257023
0 0.5196968987584114 0.6445736447349191
0 0.5069163711741567 0.6613005170598626
0 0.5001137368381023 0.6756570539437234
0 0.4504073830321431 0.5985249634832144
0 0.49618969671428204 0.6979225132614374
0 0.5061708623543382 0.6992874927818775
0 0.500738468952477 0.694443341717124
0 0.4434017613530159 0.5879498881287872
0 0.514205357991159 0.6750778845511377
0 0.5224340204149485 0.6651853788644075
0 0.5347989127039909 0.6551572302356362
0 0.5608928669244051 0.718050207849592
0 0.5614851042628288 0.7063706113956869
0 0.5541162742301822 0.694371145311743
0 0.5482342233881354 0.6815566629171371
0 0.5452746022492647 0.6714141666889191
0 0.5201948210597038 0.6849051058292389
0 0.5184664120897651 0.6916003135964275
0 0.5172673892229795 0.70026963558048
0 0.5176581665873528 0.7090926995500922
0 0.44740079529583454 0.665357020124793
0 0.26586120715364814 0.6369630169123411
0 0.4902501404285431 0.5797779901884497
0 0.511699365451932 0.6893010558560491
0 0.5087762102484703 0.6940214302390814
0 0.47205062210559845 0.5982741339132189
0 0.4420967008918524 0.6113171516917646
0 0.46695795375853777 0.5964603140950203
0 0.36720643751323223 0.5490328293293715
0 0.34364661760628223 0.5837273772805929
0 0.41540840920060873 0.5953493604436517
0 0.1402268190868199 0.3799851259216666
0 0.16403340455144644 0.4005392867140472
0 0.20951488381251693 0.4071898062247783
0 0.5031566377729177 0.7236860422417521
0 0.2963523231446743 0.3632485448382795
0 0.2529849517159164 0.33385991328395903
0 0.21796037536114454 0.29092103126458824
0 0.2725321154575795 0.5314332474954426
0 0.24196334229782224 0.5802548780106008
0 0.3526212661527097 0.4798765039071441
0 0.22349010035395622 0.5039606973528862
0 0.3840802568010986 0.5018318023532629
0 0.42188489297404885 0.5832888050936162
0 0.23436487233266234 0.6029637439176441
0 0.26277548260986805 0.5903684077784419
0 0.29174405988305807 0.5856634155847132
0 0.3273567305877805 0.5607278479263187
0 0.35017808666452765 0.5357481313869357
0 0.36543167289346457 0.5134338086470962
0 0.38990457309409976 0.459102337853983
0 0.26774844340980053 0.645364728756249
0 0.2085010544396937 0.5084224911406636
0 0.4751175409182906 0.5821082919836045
0 0.3955328706651926 0.5449690546840429
0 0.19838633947074413 0.5541670844890177
0 0.3742474941536784 0.49203810226172207
0 0.4155363836325705 0.5960730025544763
0 0.24271268863230944 0.5153919014148414
0 0.4126637652516365 0.5691436634398996
0 0.3060928899794817 0.679804811347276
0 0.3484120089560747 0.47151886103674767
0 0.4177379715256393 0.5486669329926371
0 0.42582945711910725 0.7579304713755846
0 0.4419954363256693 0.7682498827576637
0 0.25785594154149294 0.6478112160228193
0 0.3849052842706442 0.744443447701633
0 0.17643564101308584 0.5167712642811239
0 0.5375254191458225 0.7756843545474112
0 0.48198478296399117 0.5842042251490056
0 0.38861297257244587 0.5709906448610127
0 0.21161381341516972 0.5581134750507772
0 0.2850193881895393 0.5127902338281274
0 0.30280150519683957 0.5051046927459538
0 0.5043558133766055 0.7048421811312438
0 0.3024755837395787 0.6797819977626205
0 0.587854290381074 0.7787543998099864
0 0.5175435757264495 0.7812261378392578
0 0.4846861260011792 0.7768121287226677
0 0.31284097814932466 0.2960013888310641
0 0.6307568643242121 0.7591203736141324
0 0.31895459722727537 0.4947440491057932
0 0.333892953582108 0.48352092411369085
0 0.3439914211630821 0.47632613480091096
0 0.19397501135244966 0.5110182056203485
0 0.31938260421156883 0.4637707124464214
0 0.29660903569310904 0.4647802235558629
0 0.2773096493910998 0.47157551543787124
0 0.261681504547596 0.4837270054966211
0 0.2545220195315778 0.49547608150169253
0 0.16664476646110415 0.5094910139217973
0 0.27152671525254846 0.5150213304907083
0 0.5082320086658001 0.5977882964536547
0 0.45515146758407354 0.6445245815441012
0 0.4396796394139528 0.5952661767601967
0 0.48336162976920605 0.616270336508751
0 0.3850667653605342 0.40649297307245436
0 0.4662628099322319 0.7669699247926474
0 0.5008501578122377 0.7708190679550171
0 0.5792906759306788 0.7722852502949535
0 0.40189020056277514 0.7511887574568391
0 0.33849128894507885 0.4679632579907775
0 0.3986817901022732 0.5027921304106713
0 0.6226990763098001 0.7512824889272451
0 0.5511126266792417 0.7837280009873211
0 0.29653354547917843 0.6859142573550343
0 0.531102336011827 0.6788693744689226
0 0.5311354799196124 0.6879416698589921
0 0.5332944924011827 0.6992759061977267
0 0.5379817588254809 0.7109894633293152
0 0.5302413199096918 0.7246327061206103
0 0.5030194418504834 0.6862384419888258
0 0.496901985257864 0.6878742279484868
0 0.49130058847367764 0.6885774137452245
0 0.4477704567834735 0.6881245780736208
0 0.3352816756814718 0.6804862223565579
0 0.38612845866009593 0.47883127415552734
0 0.3501295163296163 0.4410937296226621
0 0.3409288744442165 0.4524052322842181
0 0.5080930180847645 0.684270640462637
0 0.37166360579431057 0.7209818134084344
0 0.36556375212967396 0.4282882767729461
0 0.529088499955833 0.7422232983633876
0 0.43207055423408747 0.4925557029433548
0 0.4041253332979977 0.48463051933795215
0 0.41964892018586397 0.4688114758580923
0 0.40719948802143335 0.5450549951754511
0 0.6113928034901619 0.7371812564320862
0 0.5985639346763492 0.7190856888890267
0 0.5657002609223127 0.7364337219856679
0 0.46462027728557587 0.7338231846690177
0 0.4098070887848735 0.6216555810533464
0 0.4959435611963272 0.7411233719438315
0 0.3625376522541046 0.6441152155399322
0 0.4071900947019458 0.651324428152293
0 0.37262286990880966 0.6822806646116077
0 0.5714472159743309 0.7573172214441002
0 0.4061012524180114 0.5629079636186362
0 0.45723567716777325 0.751196548435837
0 0.4935624310746789 0.7561476157046855
0 0.4334063339047134 0.7204894235357642
0 0.3348332401365042 0.7063308174721896
0 0.41056817676872015 0.7318935789167881
0 0.3375895684584975 0.718652430549264
0 0.4148994325660169 0.6839944402687251
0 0.39720274321734905 0.5232589922845363
0 0.4345421427860856 0.5886994202621281
0 0.4301469284109771 0.5990757257677615
0 0.4303247523494065 0.5714626183733345
0 0.3190910676494241 0.4243788034655154
0 0.2766185053624213 0.4253117232583463
0 0.24633724987506866 0.4384203650522977
0 0.22670015273615718 0.4576362753752619
0 0.21873425506055355 0.4794516758061945
0 0.23527764715254307 0.5289793288335204
0 0.22491778945550323 0.6070574838668108
0 0.2679189359769225 0.5560890191234649
0 0.29191558342427015 0.5525356135331094
0 0.31786187924444675 0.5379159013740719
0 0.3399168588221073 0.5189123851247132
0 0.35568408016115427 0.5009691611863673
0 0.365094811655581 0.4860281410627067
0 0.23179543670266867 0.5948159780353308
0 0.43566697370260954 0.6034190167672933
0 0.40909993601962924 0.5243667496368289
0 0.44605468679219484 0.5826435122638941
0 0.46460538543760777 0.5845111497677863
0 0.45024697110056877 0.5846859473735094
0 0.44559681974351406 0.605574001558125
0 0.46871996484696865 0.5845302876085043
0 0.47550194151699543 0.5868162407539785
0 0.3555711121298373 0.4678969747386873
0 0.3679874576628208 0.4664470935240388
0 0.3755293767899275 0.4662492426112294
0 0.25152797531336546 0.5036186533980072
0 0.23282222962006927 0.499401296582073
0 0.45311972312629223 0.48296380918473003
0 0.5619724877178669 0.328872647928074
0 0.5070225615054369 0.5624121776781976
0 0.5919740246608853 0.1746924697421491
0 0.5179732628166676 0.3902971458621323
0 0.5371118076145649 0.37869312190450727
0 0.5553960185497999 0.36334007885307074
0 0.5759326405823231 0.32853433964774015
0 0.5000148015096784 0.39550775261595844
0 0.49585077352821827 0.29615121535025535
0 0.47571959160268307 0.31509733805432916
0 0.5217448715120554 0.28477656580507754
0 0.5444272179156542 0.2844965100754052
0 0.602583397179842 0.3292416806332767
0 0.6777638606727123 0.6690288885496557
0 0.5658261924982071 0.31525243846699597
0 0.666140696965158 0.25896834856830536
0 0.6174508836120367 0.2903149929828942
0 0.5858114724978805 0.46639283634722234
0 0.5557236392050982 0.6072551749646664
0 0.5671797087416053 0.6273803524672985
0 0.5861935820430517 0.6021537218242884
0 0.608216181397438 0.602514424175024
0 0.587069833651185 0.6197258554399013
0 0.6039169048890471 0.6159312890842557
0 0.6596265062689781 0.6043632434681058
0 0.4937358256429434 0.5559593292884528
0 0.4835866494104266 0.5339834546670318
0 0.5609225360676646 0.24042913471348584
0 0.5071579627692699 0.4413141943514347
0 0.5459033055230975 0.5145552301779389
0 0.5418594814836979 0.5005394587293267
0 0.6522532850503922 0.4179868445731699
0 0.46695104241371155 0.5068958587944508
0 0.4871613420546055 0.2509843930136412
0 0.5247588288038969 0.2385173483286053
0 0.5436543691903353 0.15322468681260942
0 0.4085980043746531 0.3318791667465121
0 0.4657493084669113 0.3396441358607262
0 0.6619379501789808 0.5763251082040369
0 0.765223378315568 0.4616610951256007
0 0.5370127195492387 0.5374086087569594
0 0.524032068438828 0.553975226636976
0 0.6366944732144475 0.6095646209083497
0 0.631467854604125 0.6124357764609158
0 0.5290378676727414 0.2137436732184142
0 0.5536298835650086 0.5226748286746442
0 0.4478944409638643 0.2780284992419183
0 0.438558092340827 0.25760239018127323
0 0.41957682836800814 0.16774131832644343
0 0.5385547894984484 0.1812081453856081
0 0.43073364812880754 0.2128041410818696
0 0.5708575369790196 0.21746466476470233
0 0.5825758939608932 0.19620268354192377
0 0.5622442830353975 0.6175926454365254
0 0.5870106481015682 0.6112171874381602
0 0.6063800929114223 0.608970309048891
0 0.5347503423690796 0.5441393353976309
0 0.6340013779699802 0.6111375196836889
0 0.6302037658169866 0.6215424720197916
0 0.6286904867738485 0.6138743907213211
0 0.5205191960558295 0.5382515527307987
0 0.6015560505911708 0.6202474514953792
0 0.5862923264503479 0.625172948371619
0 0.569520172663033 0.6334247138351202
0 0.6149682216346264 0.6839423006400466
0 0.6095624044537544 0.6767429166473449
0 0.5994549635797739 0.6662431940436363
0 0.5891130715608597 0.6560841569676995
0 0.580902012065053 0.6493473573587835
0 0.6087284991517663 0.6296641081571579
0 0.6158864758908749 0.6307906437665224
0 0.6249862350523472 0.6331132344901562
0 0.6338775083422661 0.6366268861107528
0 0.6126685002818704 0.5588081906549632
0 0.7275718227028847 0.3404394350014627
0 0.6180307492613792 0.6226049218326807
0 0.6238159267231822 0.6219105658121407
0 0.5229847896844149 0.5654595691710711
0 0.5557172242552042 0.5384878790937364
0 0.5233914516866207 0.5600231838412583
0 0.5389089100062847 0.43799072252586485
0 0.5847378466278315 0.4282797266729176
0 0.5523030199110508 0.5070080488920212
0 0.488467357121408 0.14817021926864982
0 0.48969593457877636 0.1838087142445147
0 0.48395062144845724 0.22681633667089046
0 0.6511816065758467 0.6291723974980414
0 0.393006831407547 0.2968787929043174
0 0.37536848755553365 0.25238087605684995
0 0.3533426998183131 0.20062480326741933
0 0.5705051347613335 0.34577709464356304
0 0.6363280955702066 0.3277461922261864
0 0.4866078235208988 0.3971484928391874
0 0.5745817590504885 0.2791831223294139
0 0.481812572106719 0.43823224287480117
0 0.526536419056356 0.5157529233954847
0 0.6752050593495369 0.31861422592774036
0 0.6290370849892497 0.35839900001883507
0 0.6035551857203245 0.3886319739278406
0 0.5595495458692312 0.41334583829157057
0 0.5262039490044117 0.4232690684031695
0 0.49919494800269604 0.4271331542637199
0 0.43015853641554713 0.4327085985802114
0 0.7000934993848205 0.36790301552973687
0 0.5902257598936558 0.26132478010840715
0 0.49548519775271416 0.5691854550503195
0 0.5170104093849659 0.4660597020760179
0 0.6716922633349895 0.24627362750470638
0 0.4756019841879606 0.4261612196452916
0 0.5564992753788829 0.5051237906329333
0 0.5762499514967203 0.30633977823890746
0 0.5202398784458637 0.4995439713820815
0 0.7505953069776297 0.39660498215816914
0 0.4823296247050166 0.38891974072903396
0 0.492398614063859 0.5003682969138026
0 0.7434324808418751 0.5581907455809414
0 0.7558661047369242 0.5718052216805518
0 0.7239631079137325 0.3487393047660589
0 0.7551108207553625 0.5100039000622928
0 0.6236094646155834 0.22476139604113995
0 0.6921805441379547 0.6807037305086852
0 0.4979180293157697 0.5738610412925482
0 0.5477589825168252 0.46809386676177384
0 0.6414627283811569 0.2774374835658818
0 0.5462097721174359 0.35334641030058267
0 0.5307206464931369 0.3673271223437041
0 0.6366379987448454 0.6217538672499359
0 0.7200990170240402 0.4128664733376354
0 0.671179449185729 0.7283349393866956
0 0.7181362714618444 0.6576419532299042
0 0.7364927269518375 0.6208071234636009
0 0.5153112495318055 0.3768687343224883
0 0.5000465326011181 0.3831109066493809
0 0.48946663830429316 0.3875663477927446
0 0.6057530697435141 0.24082010202109813
0 0.4813527576625347 0.3571522236336023
0 0.4901611329987645 0.3372567601501942
0 0.5061596361920238 0.3236242449376732
0 0.5273086186498404 0.314596358127892
0 0.5438478868454695 0.31306195477955046
0 0.6326245693489909 0.20433534691110253
0 0.5557793499901891 0.34041550271213056
0 0.584412326104939 0.5612181602045894
0 0.5340230856090784 0.5344290187582373
0 0.5384589089080691 0.5808124324306846
0 0.7284970264881849 0.6035660065710544
0 0.7109325118362904 0.6409435679204762
0 0.6646262342110276 0.7202361967414618
0 0.7658902276307344 0.5213162417523562
0 0.4809531597420573 0.37767208414152265
0 0.467059638351202 0.45830412209033966
0 0.6978949662297964 0.6940255854278803
0 0.7445490639656782 0.400073026586324
0 0.5960684809833765 0.6385337581858039
0 0.6046585952863097 0.6421976758167147
0 0.6150096897035837 0.6484941852279007
0 0.6256743147969246 0.6565753082744777
0 0.6370920855551958 0.6564921645447612
0 0.6183377122506499 0.6136550846509635
0 0.6219769362360239 0.6090634811669589
0 0.624797223135829 0.6044388758949936
0 0.6392939407378435 0.5644903713837266
0 0.695844167843461 0.4496316837146878
0 0.4547924976795912 0.43410488185472784
0 0.44841332640498877 0.37739506489597263
0 0.46616253815591335 0.37267467053607106
0 0.6147852810099721 0.6170904668979347
0 0.7268321178853512 0.49453716864809394
0 0.4217058662325144 0.39075253857299685
0 0.658476741053164 0.661045772023499
0 0.44294234784319997 0.4593521885573864
0 0.5043339338153601 0.48224284397438166
0 0.6322917938232422 0.6949176725000143
0 0.6843221541494131 0.5944727354682982
0 0.5864842785522342 0.5077115543186664
0 0.6755649456754327 0.6278425373136998
0 0.6357716368511319 0.46850746786221864
0 0.6199052128940821 0.5145223882049322
0 0.6741245985031128 0.4891124897636473
0 0.6510025607421994 0.7083326595835387
0 0.5261993668973446 0.48493924187496307
0 0.7100290348753333 0.5922159885056317
0 0.6948717683553696 0.6304314596578479
0 0.6850663647055626 0.5598265714943409
0 0.7340169763192534 0.4517938002478331
0 0.7134796287864447 0.5394844451919198
0 0.7568742446601391 0.4521969134919345
0 0.6528663709759712 0.5310339098796248
0 0.49168433994054794 0.4619040138553828
0 0.524704759940505 0.5307232296094299
0 0.5427042692899704 0.5266201404854656
0 0.5050907451659441 0.5233530034311116
0 0.4453048440627754 0.34074380258098247
0 0.46528346091508865 0.30261772791855035
0 0.49285124987363815 0.27966486453078687
0 0.5225712545216084 0.2672819224651903
0 0.5505960322916508 0.2668488638941199
0 0.5935816569253802 0.299836368393153
0 0.6984635293483734 0.30141741773113606
0 0.5956986285746098 0.349430304672569
0 0.5764240715652704 0.37300804452970626
0 0.5487713608890772 0.39289104244671763
0 0.5213892236351967 0.4050345217809081
0 0.4989653844386339 0.41041495190002025
0 0.48105568438768387 0.41190528627485035
0 0.700691120699048 0.29160943417809904
0 0.5467096418142319 0.5319378632120788
0 0.47766015212982893 0.47988425493240355
0 0.5085057895630598 0.5428535841405392
0 0.5053205378353596 0.5587438251823187
0 0.5119848307222128 0.5453850929625332
0 0.5457757320255041 0.5410810764878988
0 0.5017053317278624 0.5636333237402141
0 0.5039371233433485 0.5684443931095302
0 0.47450521867722273 0.39412271631881596
0 0.46212761104106903 0.40603402447886766
0 0.45209516398608685 0.4162832571193576
0 0.5553416442126036 0.31380411544814707
0 0.5637965863570571 0.29006857830099764
0 0.2879577884450555 0.4908525949344039
0 0.3077299240976572 0.4792226210236549
0 0.2759324780199677 0.4680715326219797
0 0.2679671053774655 0.5026355517096818
0 0.29983890568837523 0.5136326983571052
0 0.5044014053419232 0.356692695710808
0 0.5229196473956108 0.3431341348681599
0 0.4900534152984619 0.33697810280136764
0 0.48674849420785904 0.3696054043713957
0 0.5187438204884529 0.3765986070968211
