0 0.28618645016103983 0.5627639788202942
0 0.3303398244082928 0.4872999376617372
0 0.3229459440801293 0.5038027326576412
0 0.3573099578265101 0.42470408636145296
0 0.34113392923027275 0.47132394053041937
0 0.3579565675929189 0.4507088427431881
0 0.4033025010023266 0.39840833391062913
0 0.2921596416272223 0.2960846107453108
0 0.44211675114929677 0.34781262539327146
0 0.4584868150763214 0.3253722917754203
0 0.5068906770087779 0.26622580806724727
0 0.28181205978617074 0.5703272779472173
0 0.27743961331434547 0.5785200406797231
0 0.27452080908697096 0.5844791921786964
0 0.27245312167797237 0.5859209046699106
0 0.2686011848272756 0.5930164067074657
0 0.2637492873473093 0.6013083214871585
0 0.25948002832010386 0.6098526732064784
0 0.2600550094852224 0.5956312171183527
0 0.3260567129589617 0.4956696295179427
0 0.3113341491203755 0.4843199959024787
0 0.28507595751434567 0.20463880780152977
0 0.32666618572548034 0.3484962584450841
0 0.310481789894402 0.3390438547823578
0 0.29592579319141804 0.3271558207925409
0 0.2825340084731579 0.29732448714785276
0 0.34140029465779664 0.3537799206096679
0 0.3485611601732671 0.27183417580090463
0 0.36408648835495117 0.28980174190364777
0 0.32866330100223423 0.26176621690392493
0 0.3103301992639899 0.261375812580809
0 0.2638797485968098 0.3025179096031934
0 0.1929664951749146 0.5650369361042976
0 0.2914959424175322 0.2837407847866416
0 0.23069903934374453 0.2661272965371609
0 0.2562707965262234 0.27577148932032286
0 0.26691444325260816 0.41224557124078276
0 0.2675622616196051 0.5451314946636557
0 0.2591404960723594 0.565046452358365
0 0.24165060031227767 0.5383435506373644
0 0.22449594330973924 0.5373403910547495
0 0.24214283036999404 0.5559730335138738
0 0.22860861672088503 0.5513711560517549
0 0.2053545159753412 0.5158973059616982
0 0.31651137145236136 0.47669656137004496
0 0.32446472398005427 0.4594438855536282
0 0.30359996743500234 0.23414084245450795
0 0.3305985156446695 0.3975129093043506
0 0.28605784829705955 0.4457291333936155
0 0.29200139101594685 0.43640089854598046
0 0.2229362569283694 0.37451671664603053
0 0.34115157648921013 0.44075498739257457
0 0.3568972418550402 0.24296387401409447
0 0.3299315033480525 0.23197880443185567
0 0.31655412041582165 0.18747922657057642
0 0.4100243486929685 0.31513551087118685
0 0.3710532678291202 0.31176814776845274
0 0.2030399021692574 0.49477729769423606
0 0.15478690401650966 0.4222697370685637
0 0.292574115563184 0.4639606291428208
0 0.3016164763830602 0.4778159290552139
0 0.2024240736849606 0.5420921861194075
0 0.20803711907938122 0.5453253334388137
0 0.32992034703493117 0.2155065895523876
0 0.28203031783923505 0.4525130513124168
0 0.383683904632926 0.26908718096092343
0 0.3920576642267406 0.2542217489797622
0 0.40198390930891037 0.2000228206627071
0 0.3142685130238533 0.2054363796953112
0 0.3887392188888043 0.2292775059118867
0 0.29954437715932725 0.22061701929196714
0 0.2863517664372921 0.21838474399410188
0 0.2623498123837635 0.5552584360353648
0 0.24155103866942226 0.5471324334852398
0 0.22618676708079874 0.5441941436380148
0 0.29450344778597354 0.4695596270263195
0 0.20542145385406912 0.5441229913383723
0 0.21182808498851954 0.5509876876138151
0 0.21041758893989027 0.5461361914873123
0 0.3015610328875482 0.4644614769145846
0 0.23063249024562538 0.5556468090042472
0 0.24331672806292773 0.5617873549461365
0 0.25825842048507186 0.5713570464402438
0 0.23873618254438042 0.5785665605217218
0 0.23996057100594043 0.5927023703232408
0 0.24491468397900462 0.5852255959063768
0 0.25096175221260636 0.5779955486766994
0 0.25656857711728664 0.573447950463742
0 0.22996661048382522 0.5568399642594158
0 0.2250667070504278 0.5575685799121857
0 0.21914534172974526 0.5585872583091259
0 0.21371715306304395 0.5604881666600704
0 0.23804452493786812 0.4811366991139948
0 0.19227468543685972 0.33360939659178257
0 0.32476616417989135 0.4995271529071033
0 0.220516723068431 0.5522462854161858
0 0.21622291170060634 0.5516592057421803
0 0.30230789734050634 0.48741138763725755
0 0.281825717817992 0.4658065628260374
0 0.3019057798665017 0.48271910576149824
0 0.3068479420617223 0.39393725004047153
0 0.2720671216957271 0.3843599272426218
0 0.2856361396610737 0.44175708554685117
0 0.3539051355794072 0.18400059649720787
0 0.34697354920208456 0.20704515734687448
0 0.3616364774759859 0.22667631106451153
0 0.21137578100897372 0.534262944292277
0 0.42344060968607666 0.2891065063420683
0 0.4305394393391907 0.26147836851887407
0 0.4508453829213977 0.22750133369117975
0 0.28462823438458146 0.31214892603456973
0 0.23915336104109883 0.30416422155685724
0 0.35219397689215837 0.35574925448745487
0 0.28903284822590647 0.2613914045970887
0 0.3493160875979811 0.39561170814558866
0 0.298034792765975 0.44653201242908835
0 0.2157562228385359 0.3044017069973052
0 0.2417189242783934 0.32604549354873597
0 0.25837812265381216 0.34870934933423997
0 0.2905673990957439 0.36743702623061836
0 0.31676193210296333 0.3755702391732484
0 0.33782787416130305 0.3793939249590039
0 0.3849162546452135 0.39033737923018635
0 0.1952466934453696 0.3399626674130559
0 0.2797120697796345 0.25211111702956257
0 0.3177835292182863 0.48898391202092173
0 0.31903989911079406 0.4147469918243587
0 0.2340416228864342 0.2620324158109725
0 0.35633589336648586 0.379816867550835
0 0.2850731177255511 0.44153286796063185
0 0.2849807907827199 0.27955577415414157
0 0.30619463850744066 0.435613757930696
0 0.17166706500574946 0.37494833366945385
0 0.35560140227898956 0.3491621400229633
0 0.32425023540854453 0.43581689335405827
0 0.15171318762004377 0.4832123039290309
0 0.14560448075644672 0.4988084561191499
0 0.18565616887062789 0.33226958122104405
0 0.14912881078198553 0.4494725715368986
0 0.25968478047288956 0.24009572993963957
0 0.18161051785573362 0.5746633591130376
0 0.31814173138700425 0.4941216277889907
0 0.2961397915612906 0.41539753759279846
0 0.24073563050478697 0.2690932750236243
0 0.3030160020571202 0.31764957709237934
0 0.3160668768920004 0.3291320173535496
0 0.2067060018889606 0.5501839301548899
0 0.1789496864657849 0.3737728200852871
0 0.19774094079621135 0.6153826782479882
0 0.16559481900185347 0.5604438428767026
0 0.15463860956951975 0.5334792441688478
0 0.479808253608644 0.29847983359359204
0 0.22956691021099687 0.6445312938652933
0 0.32968339370563626 0.3372106582392007
0 0.3425493780057877 0.3433508198708296
0 0.3508351041469723 0.34777476168237625
0 0.27072358888108283 0.24105970817618072
0 0.35522489361464976 0.3222007256001234
0 0.3484924136195332 0.3037703767418861
0 0.3364484805613756 0.2907249283511192
0 0.3202030292712152 0.28256025686860087
0 0.30717627573758366 0.28135806117206813
0 0.25903333630412817 0.22832686873152852
0 0.29560481254011395 0.3064249541144818
0 0.3144239069428295 0.51619787318632
0 0.2581686206161976 0.48331200499087573
0 0.293759794998914 0.46139724310487507
0 0.29069764059968295 0.5002177401445806
0 0.42306538568809626 0.3742006672080606
0 0.15886768051423134 0.5164201509207487
0 0.16961761647835374 0.5447360577061773
0 0.20112125296145678 0.6062778191640973
0 0.14596848082728683 0.46434739166870714
0 0.3562206790782511 0.3398684564977884
0 0.3535569571889937 0.4083274366334081
0 0.23402520958334208 0.6349960438907146
0 0.17863722518086433 0.5873932887800037
0 0.16806557048112153 0.370452416036278
0 0.24241130873560907 0.5637415543198585
0 0.23638238641433418 0.5660034947097301
0 0.2303043763153255 0.5699886823073029
0 0.2248780470341444 0.575402918457985
0 0.221573158307001 0.5555368962697684
0 0.21670765350572765 0.5481455851346254
0 0.21330717545934022 0.5434899408370256
0 0.21081968951039015 0.5387254452332855
0 0.2188325423747301 0.48539924891665576
0 0.19107746090739966 0.39879809771664443
0 0.36814197720959785 0.3920738210901618
0 0.38165512909181415 0.3450825219042599
0 0.3691283136140555 0.3386130429804325
0 0.22047262182459235 0.5512213116511703
0 0.166612071916461 0.4339659819379449
0 0.3998008047696203 0.3567808896303177
0 0.20746241682209074 0.5593616251833737
0 0.3732100705150515 0.43311636345461013
0 0.3698593732900918 0.4084223795682192
0 0.3875117032788694 0.41672168774530294
0 0.32337152361869814 0.4251313112676144
0 0.2422092780470848 0.6217397555708886
0 0.2519494662526995 0.6074811128899456
0 0.22659177505411207 0.5863781240768731
0 0.18812259305268525 0.5072723588906228
0 0.2625345845939592 0.44277913123369217
0 0.1947231411933899 0.533319554105401
0 0.22990878359414638 0.41192637411877514
0 0.23733655544929205 0.4469182625412941
0 0.2014804017264396 0.4271531492471695
0 0.21178925763815643 0.5959336509928107
0 0.3086225565057248 0.4274627386126667
0 0.17075960035435855 0.5057815278880298
0 0.1808916456066072 0.5354326383210719
0 0.1879356402903795 0.48072244925424457
0 0.16652692896313964 0.4034234547056258
0 0.17054548365995287 0.46572483284398913
0 0.15482598491944372 0.4086193660274148
0 0.21235897336155177 0.4589029231108725
0 0.3368567002005875 0.4115498781669885
0 0.2980239069089293 0.4577709280885756
0 0.28745137322694064 0.45480888420715926
0 0.3104891091119498 0.4514780854806304
0 0.384434335725382 0.3171955419704318
0 0.3709964044392109 0.2831970589701086
0 0.35099188415333626 0.26180797861889005
0 0.32885799556970596 0.25113969049416485
0 0.3077782433480024 0.25034641921520234
0 0.2724019716726616 0.2793764842674136
0 0.20589189529418944 0.29726704191416503
0 0.26678320444189013 0.31705682426691056
0 0.2802629888057709 0.33623299123719336
0 0.30109664290212096 0.35132167087867855
0 0.3226880642119795 0.36108531095087526
0 0.34054747903719546 0.36619627140462396
0 0.3544656050857157 0.3686458467040211
0 0.21347166346386076 0.29719901899807155
0 0.28582922839559616 0.45934985764324665
0 0.3405396020039916 0.4225536325480789
0 0.30701863365247845 0.46642413111403586
0 0.31147644282318654 0.48065371261909606
0 0.30654283380135894 0.4696851683780551
0 0.2875477232038975 0.4673055924475193
0 0.3133350676856935 0.4843561210669577
0 0.31346394000574945 0.4892196223139763
0 0.3617225332185626 0.3542105128057301
0 0.36963582444004717 0.36544424942694603
0 0.3753427180927247 0.37363827489316465
0 0.2987579077947885 0.28227952737361195
0 0.29542651437222955 0.26658162446692585
0 0.38756741723045707 0.446546396613121
0 0.5431337857618928 0.48648124700412154
0 0.34531289818696675 0.5086094291880727
0 0.6614220101386309 0.472605194337666
0 0.4812291622161865 0.4662177748046815
0 0.4963844050653279 0.47884957725182176
0 0.513999243080616 0.4895095020532608
0 0.5470425521954894 0.49667904786765577
0 0.47163747129961847 0.4528911394067109
0 0.5478829944506287 0.425688616046682
0 0.526864568144083 0.4150007463991642
0 0.5642628286033868 0.4424856279976666
0 0.570933154411614 0.45992277273908255
0 0.5525047169066966 0.5164645113050937
0 0.31582444682717326 0.6577578987926245
0 0.5548731345683336 0.48567994181066754
0 0.6217187201604247 0.5463439020328223
0 0.5857173991389573 0.5183294774964452
0 0.4411349279806018 0.5391968658193946
0 0.30674611534923313 0.5752516100183129
0 0.2934830508194864 0.5917216471396387
0 0.3209164078813046 0.5979099207557738
0 0.32623861157335343 0.6145977702923119
0 0.3057937211822718 0.6049563774839044
0 0.31294212881475686 0.6163200292736292
0 0.3579847626388073 0.6286035368219018
0 0.34575539813376965 0.49764249539002775
0 0.35900652878917755 0.4843667719513178
0 0.6090184747241437 0.4601149278692901
0 0.4356436892412603 0.4734766636043787
0 0.39421193138696253 0.5252114860340953
0 0.40304507752880453 0.5177914797328412
0 0.4981375351548195 0.5746861615218222
0 0.37385838753543793 0.46430782601237297
0 0.5806371860206128 0.4061987238004804
0 0.6007457980886102 0.43202933273278177
0 0.6621820593252778 0.4333765781018883
0 0.49199169129133224 0.3663854252547026
0 0.5043372673913836 0.4133526958990842
0 0.3793609178159386 0.6245312754996121
0 0.49859372694045306 0.6725998878479004
0 0.3742751265410334 0.5242181355133653
0 0.35716857691295445 0.5188302154652774
0 0.3282983205281198 0.6397352482192218
0 0.3225431842729449 0.6345485237427055
0 0.6199471990577876 0.4291459443513304
0 0.39034959888085724 0.5325498355552554
0 0.5475712600164115 0.38305422398261724
0 0.5599036175757647 0.37118447218090295
0 0.6105880327522755 0.3479515261016786
0 0.6391798038966954 0.4367004775442183
0 0.5812679572030902 0.36541934246197344
0 0.6275909977033735 0.46231256034225227
0 0.641149028390646 0.4714543498121202
0 0.2999525122810155 0.5840797291137279
0 0.3132988941855729 0.6017384195700288
0 0.3200011676177382 0.6155254586599768
0 0.3683725917246193 0.5242072650231421
0 0.32500878018327056 0.6371251593343914
0 0.3182498800102621 0.6343144604936242
0 0.3209532913286239 0.6322681364603341
0 0.3681046542711556 0.5125781829468906
0 0.30912724444642664 0.6160704106092453
0 0.30092681339010596 0.6063318422064186
0 0.28926616730168464 0.5956029611639678
0 0.2841769784223288 0.6122517940588296
0 0.2788152374327183 0.6232264872640372
0 0.2820372651796788 0.6140988623723388
0 0.28534594029188154 0.6048644358292222
0 0.28698067823424933 0.5971880396828055
0 0.30753131695091723 0.6169709776528179
0 0.30901250345632436 0.623119099996984
0 0.3104252307675779 0.630531859304756
0 0.3120042040478438 0.6379420931451023
0 0.3775126209948212 0.5839476361870766
0 0.577504831366241 0.6113594622351229
0 0.31313452450558543 0.6241226987913251
0 0.31563117215409875 0.629242516681552
0 0.3467938987538218 0.5205252433195711
0 0.37832569647580383 0.5378066143020988
0 0.3518343886360526 0.5197833049111068
0 0.44796370724216106 0.4961092438548803
0 0.46940333507955073 0.527566758915782
0 0.40123050319962206 0.5269418338313698
0 0.6482044160366058 0.3927425758447498
0 0.6219534422270954 0.401978228520602
0 0.5973812230862677 0.3982222362421453
0 0.33698029862716794 0.6274833273142576
0 0.5139522851444781 0.34595448528416456
0 0.5332549719139934 0.3342569410800934
0 0.5640626911073923 0.3079447730910033
0 0.5322528307326138 0.4970918702892959
0 0.5615159414708615 0.5403206622228026
0 0.46637081252411006 0.44268975164741275
0 0.5832002644427121 0.48173080617561936
0 0.4300918345339596 0.4538216826505959
0 0.38695456376299264 0.5113508423790336
0 0.5798878874629736 0.5670497336424887
0 0.5375899771228433 0.5425861895084381
0 0.5081788931041956 0.5308613592758775
0 0.47676291819661853 0.5042613063007593
0 0.4586476688273251 0.4810726108029485
0 0.44700947059318424 0.4608552192337811
0 0.4185324742458761 0.4144529029726982
0 0.5504582772031427 0.5975168262608349
0 0.6005613470450044 0.4890475977212191
0 0.33565117605030537 0.501773062068969
0 0.42005101749673485 0.4883417478762567
0 0.6325885526835918 0.5467929960228503
0 0.4401057749986649 0.4420852133072913
0 0.4037138815969229 0.5288651785813272
0 0.5634767818264663 0.4908772073686123
0 0.39670793670229615 0.5017716712318361
0 0.542664747312665 0.6436948517337442
0 0.4717925440520048 0.4380511268042028
0 0.38711796994321046 0.4815004396252334
0 0.4224682186730206 0.6832672426477074
0 0.4144441249780357 0.6977109398692847
0 0.5716733926907182 0.6114223061129451
0 0.46189344599843024 0.6787863314151764
0 0.6334591507911682 0.5071101799607277
0 0.31232374790124595 0.673817529156804
0 0.33240805272944274 0.504266650043428
0 0.42833728455007075 0.5117395447567106
0 0.6018434440717101 0.5330539774149656
0 0.5190194487571717 0.4801466060802341
0 0.5030671380460262 0.47107014935463665
0 0.32117264810949564 0.6394741002470254
0 0.5230109747499228 0.6243370341137051
0 0.2680690624983981 0.6692439442500472
0 0.3376003191806376 0.6907529477030039
0 0.37161534316837785 0.696119639184326
0 0.49067835658788683 0.46071093818172815
0 0.4811291948892176 0.4498763535171747
0 0.4747217185795307 0.4427770083770156
0 0.6189601358026267 0.496446521859616
0 0.49649941651150586 0.43186995377764104
0 0.5149608158506453 0.43436174830421803
0 0.5308469662442803 0.4431292927823961
0 0.5442619932815432 0.4568310515955091
0 0.5504049973562359 0.46899070143699645
0 0.6522828260436654 0.508483668230474
0 0.5322059742175043 0.48462429642677307
0 0.36772610028274355 0.5641083327122033
0 0.37559943161904813 0.5215337466448545
0 0.3381605689413846 0.5351863503456116
0 0.38351637399755417 0.6838791743852198
0 0.3488946663215756 0.679855445958674
0 0.27276742544490845 0.6607604965567588
0 0.45469995671883223 0.6906129855662584
0 0.4802107260562479 0.43505321396514773
0 0.4105730871669948 0.4494688748382032
0 0.3033248459920287 0.6828482346609235
0 0.539617451094091 0.6403904423117638
0 0.29880576161667705 0.6076384238898754
0 0.29923205110244455 0.6151953910477459
0 0.2985717325937003 0.6234989449381828
0 0.2974105801433325 0.6330388798378408
0 0.31223001796752214 0.6228988719172776
0 0.31779782958328723 0.6261142311617732
0 0.3234132245648652 0.62799471616745
0 0.3287541404366493 0.6288661854341626
0 0.3812360066920519 0.6049321476370096
0 0.48774475334212186 0.615334877371788
0 0.4248942772857845 0.43291482017375527
0 0.46847688779234886 0.40839600856415925
0 0.4784141877666116 0.4213214789517224
0 0.3138537686318159 0.6233618742786348
0 0.4645672423765063 0.6520927629433573
0 0.44943194566294553 0.39082408072426916
0 0.3150458037853241 0.6401924676261842
0 0.402498350571841 0.43186477473936974
0 0.4038661145605147 0.4840564688667655
0 0.281081777671352 0.6274981141090393
0 0.37445983113721015 0.6452501736581325
0 0.41048343097791073 0.551253374107182
0 0.346022980613634 0.6461602203547955
0 0.4548453944735229 0.5761063892394305
0 0.41470491224899886 0.5768904919736088
0 0.4512632375583053 0.6100196102634072
0 0.2773428238462657 0.645567723736167
0 0.40888535673730075 0.5009188684634864
0 0.3856537545565516 0.6652505580335856
0 0.35094288089312614 0.6627635216340423
0 0.4006640667561442 0.6374527380801738
0 0.4985434559173882 0.645744726061821
0 0.42652103677392006 0.6540561491623521
0 0.5050223326310516 0.6640403101220727
0 0.4120304228272289 0.6055657837539912
0 0.4153309166431427 0.46861495580524204
0 0.37531421878375115 0.5139424477703869
0 0.38423450249247254 0.5260209532454609
0 0.3744979147333652 0.4978028076700866
0 0.4967118935659528 0.39738755095750095
0 0.5335645088925958 0.40308619500137866
0 0.5596728509292006 0.41838026102632286
0 0.5775689970701933 0.4382189056836069
0 0.586008747946471 0.45954596567898987
0 0.5723548743873834 0.5027316416613757
0 0.5996829057112336 0.5806160688400268
0 0.5360332995653152 0.5163345046341419
0 0.5124173116870224 0.5074356724508107
0 0.48882306171581147 0.491074413433671
0 0.4708367522805929 0.47264743186533453
0 0.45954740857705473 0.45613189972937107
0 0.452557944599539 0.4423780577257276
0 0.6063965044915676 0.5790241459384561
0 0.3813554299529642 0.5299264605157077
0 0.3975840115454048 0.4639894341118634
0 0.3610718835145235 0.5053042511455714
0 0.3474598292261362 0.5065536621026695
0 0.3599849881604314 0.508169009629637
0 0.37368821995332835 0.5313619142398238
0 0.34219937403686346 0.5051566028036177
0 0.3391410060226917 0.5076732127927244
0 0.46482742112129927 0.43265943685546515
0 0.4508209742605686 0.42605693168006836
0 0.4398678750731051 0.4209833408240229
0 0.5530603351071477 0.4778328753076494
0 0.5720937490463257 0.4766620100475848
0 0.31995698185637594 0.3096295709721744
0 0.33704612087458374 0.3216791067738086
0 0.3335774540901184 0.2918595403432846
0 0.30271959910169244 0.2974772596266121
0 0.3063175776973367 0.3272575898095965
0 0.5049900131300091 0.4494932510890067
0 0.5208290027454495 0.4603984756395221
0 0.5164212786592544 0.43430772526189687
0 0.49004122968763114 0.4391802303493023
0 0.4937751124612987 0.46479641245678066
