0 0.4618501619881262 0.4129918278127477
0 0.49541587795576325 0.3718293525170589
0 0.48854085746342724 0.38205025517854135
0 0.5147776016560586 0.32843918040178827
0 0.504859851187338 0.3605226288023202
0 0.5186838942944355 0.34539495116990543
0 0.5535669537342113 0.3082752710991148
0 0.4461761510566525 0.2616067788415197
0 0.5740966528816067 0.28482587128013803
0 0.5854011291395063 0.2712516740396403
0 0.6339860028870727 0.21556897758357768
0 0.4582591753291047 0.41663945995379187
0 0.4549760109056597 0.42006302419779956
0 0.4530802712087398 0.422302872914335
0 0.45252303062411753 0.4224350090692009
0 0.4482658373434906 0.4270103618070699
0 0.4430864047583031 0.43248832625323447
0 0.4378437268669191 0.438119661224925
0 0.43203103999890713 0.4513974075300106
0 0.49149083333980775 0.3772463058863861
0 0.4755806497743596 0.36983807676512265
0 0.424403911780404 0.19719632833764172
0 0.48147449861078156 0.2868596786714118
0 0.4644721487294073 0.28183412708450056
0 0.4495469724516506 0.27557425222535065
0 0.435693693306783 0.26262397815783817
0 0.4977583409003589 0.2897062668225903
0 0.4823165305930635 0.2515076970600564
0 0.4996566547323828 0.2593290529389312
0 0.46433938472815184 0.24709230655993242
0 0.4506117608803122 0.24681137885520424
0 0.4145261371184302 0.2633022326382174
0 0.35327684255721775 0.4430653826482054
0 0.44298418943324813 0.25689131448018376
0 0.37360703771043086 0.2393592091790144
0 0.40137612532176403 0.24945368682560715
0 0.4252321013937826 0.32697833620983624
0 0.44416464346906415 0.4022380279890005
0 0.43770745113168075 0.4118737023377764
0 0.42233543227548187 0.3971514401660449
0 0.4061332378010063 0.39435305705536966
0 0.42223461482511915 0.40537284001492074
0 0.40905408844675706 0.4003876689551533
0 0.37025769585338625 0.39944268914236536
0 0.48117187578717 0.36564730766458786
0 0.4878738837154663 0.3539295579860176
0 0.432907456289167 0.23141414547959963
0 0.4845561815587723 0.31221595768263377
0 0.44555165906153293 0.3452465873265612
0 0.4504620007684697 0.33868833685266797
0 0.3792022186857851 0.3064242201870766
0 0.5018178712900566 0.3402380433635435
0 0.48126672669921233 0.23709613851447037
0 0.45536110833611176 0.23110981971241426
0 0.4527434515969261 0.18408319872358572
0 0.5423702161111261 0.2750073649745057
0 0.5120877157086912 0.26924993205761566
0 0.3658481683258129 0.38398459564516507
0 0.2992939563549083 0.3481850065830825
0 0.45321910403182974 0.356657847546149
0 0.4643809970711236 0.36555316191220627
0 0.38361788322420226 0.39100507106901944
0 0.3876085597616823 0.39281756549641705
0 0.4522544341161847 0.22095887222583743
0 0.44131587712985015 0.34953842096138693
0 0.510630175633275 0.25153083095084067
0 0.5155247486317935 0.24197945252492808
0 0.5339318432480745 0.18410660936564638
0 0.4505504930553877 0.20008585067546886
0 0.5239464492820527 0.20973366434159485
0 0.42698312696555385 0.22256571529568106
0 0.4242610387585085 0.20861663329212563
0 0.4399864301085472 0.40748128219359164
0 0.4219892707693836 0.40146808077891666
0 0.40741664871735417 0.3973678093457568
0 0.4557329941459972 0.3602137743778851
0 0.3856390906983744 0.39192277830148087
0 0.39123761293518805 0.3977235605319341
0 0.38968268190713035 0.39382141785345215
0 0.46390335010769573 0.35705297289119253
0 0.4104431497095072 0.4026641494769981
0 0.4229411552457706 0.40811136937227804
0 0.4371092630469281 0.41472393857396167
0 0.40969172387343383 0.4415219156206518
0 0.41773458343485126 0.4284073519318
0 0.4236950699806861 0.4230371946873872
0 0.43028095202601474 0.4182542281738226
0 0.4363796747411075 0.41485557154468866
0 0.4097066913609919 0.40270103287437686
0 0.4044155822256985 0.403210682929426
0 0.3982167580448415 0.40434189119200775
0 0.3924380804452559 0.40626357657753903
0 0.4009947868104538 0.37307131160860474
0 0.333546403835973 0.2867733071139757
0 0.49016310809099156 0.37960686847783515
0 0.4002570413943866 0.39855343697295675
0 0.3958545117639005 0.3980471079332241
0 0.4663208721043623 0.3721636680589206
0 0.4424738969815814 0.35854451131561527
0 0.4653677431785542 0.3689203443734542
0 0.4619098444185827 0.3117791057928749
0 0.42851475439965725 0.30876397611438366
0 0.4439992169323175 0.34234522758186725
0 0.48786488276622864 0.17871838781064836
0 0.4827680611659003 0.19950101233046988
0 0.4833759150427321 0.2267566982494748
0 0.37862223706653586 0.412915897326193
0 0.5494383990197725 0.2599811795828999
0 0.5647320175624412 0.22406621039777563
0 0.580782210211391 0.196283388774896
0 0.4389135101405175 0.2689823261529639
0 0.3900498285808641 0.26350437428640283
0 0.5091039351309123 0.2909566668280657
0 0.43009619390510995 0.24488043488151784
0 0.5022458084656493 0.30985993632803793
0 0.4588107221314441 0.3459123251014862
0 0.364963177267624 0.2636500460946042
0 0.3949866105761865 0.2752990859790125
0 0.41230261285343894 0.2872406016441359
0 0.4442099891602993 0.2972753010150315
0 0.4705478406065832 0.30148198331395787
0 0.4916309447068235 0.30323759277445683
0 0.5353330080599888 0.3045419466992219
0 0.3471155564260224 0.2875910190784413
0 0.4171672679240937 0.23869527028738588
0 0.4828102190209472 0.37326923908962717
0 0.47457521987836 0.3237690277721571
0 0.3743834889129452 0.2374846847268982
0 0.5091520936187842 0.3031715624358343
0 0.44325936618058576 0.34227042925962503
0 0.43521706917849573 0.2549328085952911
0 0.46524868516818335 0.3381808001710021
0 0.314406822880973 0.31559977037967113
0 0.5124273992588987 0.28764594162719836
0 0.48423646034105966 0.3379337115996126
0 0.30423249421722215 0.38767794206522516
0 0.2960315895793231 0.40126323451598483
0 0.33279806355257396 0.2851326878088108
0 0.2994657415167793 0.3646614441405172
0 0.40089887044514005 0.22210942791855853
0 0.3385695642589227 0.45338483392328455
0 0.4832003794853454 0.3762912623908209
0 0.4526137390538402 0.32593307179817255
0 0.38566791760208813 0.24526822631773743
0 0.457466307622583 0.27047526091337204
0 0.470005021997444 0.27612194300129794
0 0.38675713474335877 0.39790863165820856
0 0.3305815798028008 0.3111092670672182
0 0.3568741196523542 0.4823016187419062
0 0.3184407312503975 0.445727528653283
0 0.30620341229697934 0.42622944518275885
0 0.6106782494031865 0.2420737618121548
0 0.3924935522043835 0.4996086623573649
0 0.4842073095395513 0.28035336938025296
0 0.49871070269981155 0.2838707019885381
0 0.5078128444273835 0.28660331893226376
0 0.40718367244319426 0.23152938722700311
0 0.5032346684323705 0.27439244879760605
0 0.491633297227647 0.266148556617723
0 0.4784178751237366 0.2605216748256614
0 0.4638350247203008 0.25708257477136626
0 0.453933912369868 0.2564318822021934
0 0.4000349583144745 0.21399169658189235
0 0.45035642713470303 0.26561472856480145
0 0.48092532137651806 0.3913694015447644
0 0.4220709271081116 0.3729907266687656
0 0.45447669688450254 0.35497092272060504
0 0.456357349763098 0.38219117189663043
0 0.5649526771967825 0.2959015705771204
0 0.31252465279691893 0.4114488891285399
0 0.32404310616624094 0.43217255304688995
0 0.36282354253141774 0.47370693173961365
0 0.29378633006759314 0.3770499131169872
0 0.5101020517556564 0.28273656267834746
0 0.508454929186922 0.31786711810939555
0 0.398982316053108 0.49104555015978607
0 0.3340534061679374 0.46449843556552695
0 0.3161517796309098 0.3115848767152731
0 0.4220903268812791 0.4081982944322669
0 0.41556402498289297 0.41001853789540305
0 0.4089857289648574 0.4131107805431753
0 0.4024959763754969 0.4173752661200537
0 0.3908195802132073 0.42718954567891965
0 0.39798673946896324 0.39637205825335736
0 0.3953591100871563 0.39417196108379227
0 0.3935052554892457 0.3921534630699434
0 0.3810172566901083 0.37671028898246045
0 0.3455979929751028 0.3253854061814322
0 0.5198036601119067 0.3065397764245669
0 0.5298756370725839 0.28565100521065184
0 0.5194160567353601 0.28226267643596814
0 0.4006647349578207 0.39853285674167716
0 0.3195221237028423 0.3512725696183633
0 0.5428071883304612 0.291644632762325
0 0.3722168172345213 0.4345457455602245
0 0.530773072624984 0.3325919087814248
0 0.5244355179045511 0.31683117518390436
0 0.5419896021080406 0.32069228319586185
0 0.4806575942784548 0.3304884984441426
0 0.40913707447116787 0.4785331720891206
0 0.4213947478438849 0.46398380398750305
0 0.39394882499523787 0.45152737999307935
0 0.3503382712926554 0.39772959874160047
0 0.4222864725667497 0.3458622582796691
0 0.3580356512380683 0.41692738191805023
0 0.3879990100293704 0.32984334090049716
0 0.3979903279155817 0.3513965793493865
0 0.35851205375207507 0.34218866183705954
0 0.3759655421194823 0.4629185380063195
0 0.46549740457988303 0.33234036703040637
0 0.3286724068710338 0.4007374322500782
0 0.339592416446818 0.42254289174857346
0 0.348802382045466 0.37848441561926965
0 0.3178311385538267 0.3317718444311101
0 0.3274994365789968 0.3717922930052315
0 0.30363072620947723 0.33754475026027014
0 0.37240720094869967 0.3608707819080007
0 0.49206813854043896 0.32074945749364037
0 0.4599262943248386 0.35314773563025653
0 0.44760629619755177 0.35113648346800735
0 0.4727026303501233 0.34912178449440695
0 0.5246477391489822 0.27355182937521866
0 0.503791772638974 0.25727090401493985
0 0.48185379997543665 0.2468291664145131
0 0.46082182058497617 0.24132087254437848
0 0.4434121777505978 0.24047715853953708
0 0.4197948802586483 0.25290293861990387
0 0.3510902767353084 0.2608724570684675
0 0.41974196558737237 0.2712700654199158
0 0.43309231669358583 0.28041317281515704
0 0.4544459947830309 0.28853842675469926
0 0.4768887706829802 0.2936931205508502
0 0.4958905246027786 0.29648386784221814
0 0.5096996172695704 0.2976794836745746
0 0.35357401026007923 0.2615334271736767
0 0.4458656183079533 0.35398214072852896
0 0.49804338800680376 0.32819186539753625
0 0.4706059546898241 0.35891626375740854
0 0.47570349227475084 0.36771104193252063
0 0.4698221220270447 0.360564820792364
0 0.4483323898166418 0.3591205061993737
0 0.4780223618221024 0.3702763249908668
0 0.4781828617029216 0.37315687807141873
0 0.5174277334109597 0.2902603606167047
0 0.5229428604893063 0.29582541365770326
0 0.5256252967873993 0.29963917204219365
0 0.4479534293970336 0.256613758109186
0 0.4399080127477646 0.24874176932633787
0 0.5446549229647802 0.3399967665689579
0 0.6777430265817953 0.3497391159551731
0 0.5110891047136291 0.38361732154220773
0 0.7812563294301862 0.3342814753236978
0 0.6238937567433586 0.33923129769770993
0 0.6392702760741763 0.3472795518844024
0 0.6555237060655719 0.3537153524981029
0 0.6818271050148684 0.35622342351986014
0 0.6121233108898868 0.3307964722963347
0 0.6752405581266984 0.3235729872316554
0 0.6555878378288902 0.3164748201767604
0 0.6902201833284419 0.33237533832805743
0 0.6972099659235581 0.3403239872144616
0 0.6912693394267041 0.36865338002857956
0 0.4836657524270856 0.49554039343543677
0 0.6867984588379445 0.34943131821742957
0 0.7510150492839192 0.3857338901447213
0 0.7186497496845929 0.369059625743092
0 0.5973923369108335 0.3942431364802347
0 0.48414547915529943 0.4192389595335808
0 0.4738462964153808 0.4273147630518761
0 0.5002734072749382 0.4306564340772836
0 0.5104441901102014 0.43909893303677655
0 0.48906483885872626 0.4341331094071485
0 0.5009887952195562 0.4399101665054542
0 0.5307045085760562 0.4631100750487784
0 0.5109521982300541 0.3771911569047665
0 0.5223486955561067 0.3673269111609113
0 0.7278654943017856 0.34264683615470276
0 0.5869594184762758 0.3518059448055599
0 0.5596580733747586 0.3898814860461415
0 0.5663256629005723 0.384000144035056
0 0.6499633696740088 0.41206267314112704
0 0.534235403670565 0.3527876822196919
0 0.6960815060073915 0.31735984559940256
0 0.7171594447901716 0.3298326733967532
0 0.7798291334639424 0.3092459887806056
0 0.6114181683439276 0.29729818331374636
0 0.6350418415082537 0.3133255290272443
0 0.5528528784280238 0.457910824297131
0 0.6485318778001744 0.4857892383267914
0 0.5412951140947964 0.3911148406889128
0 0.5238441316734838 0.3889961838722229
0 0.5233105526751151 0.45091462750797684
0 0.5192591708720379 0.44931792359853134
0 0.7330158101799695 0.3263236181675524
0 0.5569878599565962 0.3950328588269759
0 0.6616756503024827 0.3061314424958782
0 0.672252686208357 0.29870853297736333
0 0.7295958586037159 0.2586744732722856
0 0.7567143548765908 0.3169236855878346
0 0.6997004331130049 0.2764423580813235
0 0.7432921666489996 0.3411126025560973
0 0.7623908853401309 0.3383588770377463
0 0.47876350816501223 0.4239782999823059
0 0.49450442956193635 0.43267062986674515
0 0.5058262940172268 0.43961094805727835
0 0.5355174422830992 0.39156136629374133
0 0.5212190934740331 0.45011129403027933
0 0.5115657970309258 0.44902688189261203
0 0.5170010236375358 0.4484345586835474
0 0.5338071766916824 0.38409529615571536
0 0.4973421663288837 0.4399318537418393
0 0.4851723204002432 0.4347833994290103
0 0.4704953862111206 0.42897280510784924
0 0.45601452951845917 0.4600084480168163
0 0.46048593857204134 0.44630636652742606
0 0.4647513145337934 0.44019134580225183
0 0.46828602821282717 0.43421875134758325
0 0.47016006675751315 0.42915035363124765
0 0.49735210487700027 0.4401274917350299
0 0.49939849114288454 0.4435710323893506
0 0.5006458726914033 0.44767842387807544
0 0.5008170782466945 0.45195518714794214
0 0.5474708051542225 0.4308061061993889
0 0.71356162218296 0.4356997983827107
0 0.5065045359989871 0.4439908892348193
0 0.5091746471336355 0.4464448931208555
0 0.5137738253435363 0.3910805235306422
0 0.5453805904025617 0.399290400462738
0 0.518662755701529 0.39009267242922296
0 0.5993634084158618 0.36509617007728934
0 0.6206423343037781 0.3835652671430422
0 0.5655157479417064 0.3900591100471607
0 0.7646149380699448 0.28425787702418753
0 0.7375031243199888 0.2963723622370457
0 0.7095139566808939 0.3109862511248692
0 0.5088237976331426 0.46468285255242087
0 0.6287249480576619 0.2859234794218471
0 0.6583082383579534 0.25964390783422236
0 0.6871996488746094 0.23685941553634146
0 0.6705056837881389 0.35719980202291324
0 0.704157914561422 0.38313071732071863
0 0.6050851140981135 0.3247937119525412
0 0.7101820725947618 0.350755019572334
0 0.5806354674632135 0.3400227057113164
0 0.55069958884269 0.38167495528856915
0 0.7182995309324368 0.4011854170889094
0 0.6841857287546863 0.3864829803722492
0 0.6577354506791934 0.38239782962246216
0 0.6268210427268691 0.3680758001147837
0 0.6074502157938221 0.3540323333463807
0 0.5943633470198383 0.3423917217962984
0 0.5684364536858123 0.3172246274416861
0 0.6951318376738093 0.42353252915368567
0 0.7258376895409563 0.35487166964921396
0 0.5011926121685816 0.3804176490807879
0 0.575745906356884 0.3630877105870109
0 0.757873363468958 0.38629403472810553
0 0.5856251641298118 0.3320123664494874
0 0.5669210211414358 0.3908818664326184
0 0.6937592611040758 0.35284957386877225
0 0.558296884369591 0.3744415574963542
0 0.6849879724499972 0.46120174920213397
0 0.609045190817636 0.3212658376365468
0 0.5474082928798769 0.3625134516885315
0 0.5853643752634525 0.4995290334673895
0 0.5752554910014505 0.5128470093443773
0 0.7111138413133828 0.4329934979694477
0 0.6201216771226862 0.49135943642560986
0 0.7587690261071143 0.36015585788350174
0 0.4784389455276339 0.5100901389251584
0 0.4981637245611004 0.38209934079128766
0 0.5845072394155938 0.3774000789592232
0 0.7327940595214781 0.375910905500253
0 0.6587029504387275 0.34661253098992334
0 0.6445487191009781 0.3412220451063004
0 0.5134358465185632 0.4517526555320491
0 0.67297763766154 0.4451477095700692
0 0.4324177228238272 0.5130477043381636
0 0.5017497163751851 0.5198926942935889
0 0.5350985571985012 0.518426491190558
0 0.6319547204867654 0.3343472918090613
0 0.62026555593247 0.327169898411502
0 0.6123222182302371 0.3232444583073906
0 0.7414138321967229 0.3563875621859578
0 0.6324720705009025 0.32122158259153366
0 0.6497414826374986 0.32470988147500635
0 0.6641940749857737 0.33044869657875836
0 0.675955383511989 0.3376525826212289
0 0.6817217870898868 0.3432187552469364
0 0.7742242696492568 0.3583266074242799
0 0.6694623578501784 0.34891998249551526
0 0.5363163447169506 0.41810146146926325
0 0.5423283821538739 0.3892465179813081
0 0.5057827894292448 0.4017917539762414
0 0.5484925492707154 0.5060645400182061
0 0.5144213140820679 0.5091537132427313
0 0.43922264501452446 0.50469854603643
0 0.6109376403948535 0.5027028925824857
0 0.6171392944195996 0.3206439523593239
0 0.5643269066577372 0.3394389366326125
0 0.4678628301733862 0.5188554305097332
0 0.6846147740016812 0.45601140480974445
0 0.48511839994107897 0.4350113921623299
0 0.48577030391796777 0.439669594168663
0 0.4847544240562812 0.44494190725727356
0 0.4822925280617631 0.4507711445507796
0 0.48403913839517726 0.46429743866125744
0 0.5105750618664466 0.44466646425965906
0 0.5145913263296952 0.44527194573395495
0 0.518225237970119 0.44557705143655557
0 0.5535504519939423 0.44478607112946716
0 0.6435804010733314 0.44200882175262424
0 0.5748720642017282 0.3277331627365472
0 0.6019710243234168 0.31015656337789865
0 0.6126541623278804 0.3147585597159206
0 0.5065659913436874 0.44395835838024167
0 0.6245299261063337 0.47116051808647486
0 0.5853324287125597 0.30559210457663605
0 0.4846511177070763 0.4796248803968015
0 0.5563894673048154 0.3291449967933738
0 0.5617556695866844 0.36209970853035
0 0.4512768423832629 0.4745426199574401
0 0.5438888705861957 0.47465729562268744
0 0.5733642688264018 0.4052557490658069
0 0.5149130591231844 0.47958651260621304
0 0.6131750581705052 0.4179089935361475
0 0.5788177530402723 0.42246756508298544
0 0.6129330894707338 0.44199591507946234
0 0.445772403932136 0.49106079663919366
0 0.5682038609748301 0.3723960636534553
0 0.5524907947882362 0.48989964892034943
0 0.5178414702253498 0.4940697119935699
0 0.5697303401387256 0.4658511706452439
0 0.6527209332131821 0.46316406670687854
0 0.5912912275804125 0.47595455465109454
0 0.6560627060901859 0.4760925529011782
0 0.5798776830020158 0.4425996857276861
0 0.5699295543296181 0.35092990121979645
0 0.5406292825127426 0.3844246050153953
0 0.550783478371475 0.3914624906104544
0 0.5377817435756974 0.37439144035612326
0 0.6225174979671187 0.30769703704593837
0 0.6562904914760072 0.3129753380258014
0 0.6819634148446114 0.3217541023656942
0 0.7000753703810598 0.3318063880222431
0 0.7097004195270331 0.3413455013347709
0 0.7041870653629303 0.3603519990608312
0 0.7338687524037517 0.4099554134451825
0 0.6768252025155918 0.36967974987582886
0 0.6567019780530877 0.3661619140834048
0 0.6343836811897547 0.35694463734609494
0 0.6158883329480886 0.34568938936876215
0 0.6027425829645084 0.33571748737839685
0 0.5942291851438906 0.32815037786528684
0 0.7368661025943963 0.41105929880902387
0 0.5485365823235201 0.3942615027013032
0 0.5545462842868722 0.3500905145985493
0 0.5261386406972356 0.38039475420246954
0 0.5128797821943527 0.3822043050026548
0 0.5254123595583698 0.38208359112774115
0 0.5410832678899169 0.3956972380047259
0 0.5079048654955366 0.3818777133373247
0 0.5050911994488991 0.3836208689903867
0 0.6023056959814351 0.3196701023565686
0 0.5902710518111354 0.3193635499995688
0 0.5822591500599748 0.32024242399611336
0 0.684583543435387 0.34676889546107553
0 0.6997355163583289 0.34722231468860654
0 0.473529984648137 0.26726781425700674
0 0.49034282022520254 0.273454375187124
0 0.4812698974881483 0.25806796027050505
0 0.45661322902078216 0.261078334858884
0 0.46565793855520693 0.27651364669419715
0 0.6560192355967086 0.33493782871443295
0 0.6730433718665786 0.3418989787283151
0 0.6640974511594876 0.3257694614754207
0 0.6392043373021095 0.3278621288313382
0 0.6480636579672927 0.3440982204848442
