0 0.23598290275898484 0.40432466104769477
0 0.2542124887307485 0.3297198588094011
0 0.2584688521260552 0.35156852216385426
0 0.3021122077100283 0.2611378488449243
0 0.2682719189200184 0.31089188572697746
0 0.2969936948600147 0.2873053329821212
0 0.3795051104444966 0.2283301650525663
0 0.2440762504113378 0.14633960007859495
0 0.43705784559821625 0.1733849200958642
0 0.45989139960538283 0.14674691270334653
0 0.551386543029218 0.05864404794126273
0 0.22986526640770819 0.4114203346423067
0 0.22437000160308765 0.41931563672928
0 0.22163741337023765 0.4252570856112642
0 0.21083393985990712 0.4370249498385591
0 0.20048027601745202 0.44681064922588704
0 0.18876933722759037 0.4588782734002549
0 0.1790338653168804 0.4706572800779495
0 0.1705891122635034 0.48078079193163986
0 0.2523734826121113 0.340116115423818
0 0.23697523133074352 0.33145538305703065
0 0.25674964941376976 0.042521027330392466
0 0.29651589888177043 0.19442251467476257
0 0.27082009081074376 0.1846923173045198
0 0.24796010257242967 0.1739827756302806
0 0.232415845854391 0.1497663415658969
0 0.3187777011228694 0.2001224386806305
0 0.3064353960595257 0.11769737069980024
0 0.3335204250235066 0.13389994770574112
0 0.277671579548495 0.10998810899143402
0 0.25579414300495484 0.11208585047493347
0 0.20426896250219367 0.15536736756467973
0 0.0839447419134547 0.45898093811620155
0 0.24319265293274567 0.13720114391070967
0 0.1879367383835699 0.12209210380578574
0 0.20164225784708842 0.1315290409916887
0 0.19341726454613592 0.2672897253554469
0 0.21234894027527002 0.3892082802403849
0 0.20245640283580021 0.4094404123080805
0 0.18344111036625413 0.3858470444481213
0 0.16300252458746198 0.387841578108815
0 0.18391352906215677 0.40371144084503857
0 0.16915249795936566 0.4013219108215917
0 0.11155139170676398 0.39885925408750295
0 0.23515695219131397 0.3203981478755086
0 0.2445970524272187 0.3010871600800048
0 0.2453108744369708 0.08056401597044338
0 0.28541427950779025 0.23957351069099986
0 0.207514861218935 0.2952719572633981
0 0.21895267072913172 0.2850129314885734
0 0.13868862919384342 0.23629363581014518
0 0.27296679969028315 0.2793463822751761
0 0.30149841537292627 0.07820992804944706
0 0.27065712249250434 0.07250099898146364
0 0.2892786390203938 0.01580325330789097
0 0.38578008118865015 0.14109164609695776
0 0.3505071132874889 0.15479449494578207
0 0.11125419908862035 0.3740963844445567
0 0.10576421379757156 0.3059339508081016
0 0.2173202866844708 0.3139469143681633
0 0.22947472905655272 0.32785654677369724
0 0.13773377050312874 0.3967900519934706
0 0.1444673012200591 0.39945502479236344
0 0.27501930836007465 0.05576806936782008
0 0.20551915620442487 0.30423907197702427
0 0.3389563197426373 0.09820374132345279
0 0.34844113696965096 0.07993222501712105
0 0.39303909460131786 0.007912436232399254
0 0.27205092629654515 0.036327717022393076
0 0.36452823034007487 0.047124856577132834
0 0.246427968180151 0.0671083858599678
0 0.24301230621566589 0.056073891088223686
0 0.2055599013392588 0.399654782999057
0 0.1826859199457603 0.3951541090163941
0 0.1652267152171055 0.3945174476209159
0 0.22116422474527245 0.3201584099961546
0 0.1410711319040623 0.3982184580720652
0 0.1430570600415877 0.4060827154701891
0 0.1479651500566972 0.4007825531517736
0 0.22273743424198325 0.3109869819860489
0 0.17333815009188022 0.4062803713277506
0 0.18648795186758613 0.409725385732925
0 0.2026659213095832 0.4161066460533264
0 0.1427624827380375 0.4645265496957797
0 0.1520635191199305 0.45460980387922295
0 0.16344270403150746 0.44410145701691744
0 0.17833963372438646 0.43362783395444243
0 0.19153238043224782 0.4266795700731369
0 0.1674625647725533 0.4117247547966223
0 0.15684035456151985 0.41301615779011397
0 0.14450095811907906 0.4153255182333267
0 0.13364684038596758 0.41864442672973246
0 0.15131478143824661 0.3474694319045582
0 0.16070967583919316 0.2059789351381052
0 0.25506780659266226 0.34582203112471216
0 0.1599017147251742 0.4069055398813071
0 0.15144051207627038 0.4063681794431644
0 0.23022152358393588 0.33809495200745215
0 0.20768370788446147 0.3195199966430664
0 0.22966174849217458 0.33313869896788184
0 0.2535430904057958 0.2401891135560057
0 0.2036607918693579 0.23668190465567593
0 0.21301762977664132 0.2926021315419255
0 0.33164302022051184 0.002400707512998733
0 0.3106655574245133 0.0313865658574211
0 0.3086605643768676 0.05946872942744733
0 0.11443989668532813 0.41924759069570716
0 0.3986617276708571 0.11042895408484121
0 0.42582766029188673 0.07284623974809251
0 0.4636534196581486 0.026815252943922535
0 0.2340243865403054 0.16182956832666368
0 0.17148980705572262 0.15972191076309156
0 0.3342653741653589 0.20203857223827618
0 0.23378946040745832 0.11289753243565179
0 0.3096733510637169 0.2343905192975419
0 0.21806693455869916 0.29294570794882485
0 0.14953490098317465 0.16372373233587978
0 0.16573846140067927 0.17856528355290716
0 0.18206017537654448 0.19769795710286395
0 0.22906939195786163 0.2144600743302903
0 0.2698558340970275 0.22164042003619405
0 0.3001575411366616 0.2240603990829029
0 0.3534642275002935 0.222791701460037
0 0.11870305501013922 0.20560634631318406
0 0.22407506988774673 0.10335794805337827
0 0.24080308642890527 0.3343529807873808
0 0.26519723776147236 0.2593940553573755
0 0.2103627188314351 0.12024592591550784
0 0.32476752924976304 0.2224875090602107
0 0.2169334156621846 0.2934309476480697
0 0.2349197773767604 0.13338655404770336
0 0.23361978270738817 0.28095241933584975
0 0.13231415428417764 0.2527888072565341
0 0.3414461970043411 0.1957866063894936
0 0.25300796526513225 0.27750826338990425
0 0.0650271693293711 0.37256734592084306
0 0.06906888139047783 0.39139412767209186
0 0.1285119512670046 0.20184606713608813
0 0.07219472005784655 0.3353410498402751
0 0.21696468944743955 0.08632874488830566
0 0.0701099721361979 0.4736166518336287
0 0.2454808821066392 0.3408177744466276
0 0.23542978816466936 0.2647039060013744
0 0.1886677554757189 0.1293307021022224
0 0.2586383953940668 0.1628440919394691
0 0.2787608702977498 0.1732317990007492
0 0.1351623540873722 0.4063176179465394
0 0.10004791824651851 0.24584506342586238
0 0.08831104629045482 0.5201347704512623
0 0.06719594950870358 0.459505299028878
0 0.06671231184646094 0.42968161951619593
0 0.5029497924182627 0.10408530829432673
0 0.13158761011324913 0.5492453681775176
0 0.30096684657126593 0.18176784454443204
0 0.32206009203295627 0.18887776155441333
0 0.33501506509254875 0.19398058336763718
0 0.22007875919913789 0.0943762220132846
0 0.33446980866310977 0.17003347774664054
0 0.3187668976738013 0.15288841762481786
0 0.2965995645065673 0.14058794076450334
0 0.27319958713128983 0.1339718655656321
0 0.2578059065399124 0.13384060890149005
0 0.2316488742971306 0.07578733858589928
0 0.24834716913225555 0.15398417951199955
0 0.24797807980498535 0.3670666194952334
0 0.17551900471428888 0.34423037763601677
0 0.21658568881112608 0.31010791973564955
0 0.21498155994095106 0.3543007701349715
0 0.41256002270632225 0.20177520045076316
0 0.0640364539423149 0.4087665042938135
0 0.06724774251453025 0.4400477074205685
0 0.08792735275318868 0.5074534004869552
0 0.08341727940012797 0.3529856806745925
0 0.3401750563431701 0.18651340716182233
0 0.3061927095305719 0.24594623897784054
0 0.13230056442516885 0.5371700353896656
0 0.07099543944251337 0.4900082825852659
0 0.10636133655941457 0.24585259684358543
0 0.17739103223494201 0.41819165080500104
0 0.1644152588695645 0.42210198515139447
0 0.1501253265842831 0.4282688058603305
0 0.13732583031094045 0.43633282146514796
0 0.12330608202113236 0.44185877608034174
0 0.15712662151963305 0.40058440674608126
0 0.15181748401060952 0.39600839858618786
0 0.14828480504971328 0.3914924825723179
0 0.12924164848076067 0.35829747599153855
0 0.10462479211157746 0.2702841362633263
0 0.3328414209169164 0.22735392171353958
0 0.36766812326810916 0.18420807622111263
0 0.3548800170564537 0.18198825833134757
0 0.16257236644232587 0.40436341435002826
0 0.08184547532948373 0.31458248954992324
0 0.38150066880585193 0.18957882491163552
0 0.10530892907858466 0.44913584736589424
0 0.3249644844366206 0.26752441759688406
0 0.32581702810969 0.2430579791815517
0 0.35110540927457007 0.2489783344939113
0 0.2627863821079977 0.26830074505303236
0 0.1421092651444945 0.519186050366289
0 0.15781408262481506 0.49860976374568267
0 0.12458267329122237 0.47723297265391
0 0.09037775587406661 0.3918947670787287
0 0.1862847394794583 0.3002239355263999
0 0.09440878669706752 0.42106924117944494
0 0.1436836112031548 0.27511398556133426
0 0.1519176236731257 0.3111735304323629
0 0.11085344490101583 0.2987225078546201
0 0.10143767686770688 0.4922149082342276
0 0.24685161248099605 0.2738349338689932
0 0.07147059566397175 0.3939102891915903
0 0.07770650778457129 0.4267968461155511
0 0.09225423187374783 0.3614479162441656
0 0.087530558200763 0.28095511735056916
0 0.07708550500069306 0.34886605747210714
0 0.08777832870574878 0.2893405120593671
0 0.12143060815134209 0.3311595474950041
0 0.28665701834132057 0.25248200443986885
0 0.21700415136716922 0.3042412794436129
0 0.20824578054231419 0.30440659416369353
0 0.2295609488904619 0.2950885973799343
0 0.3637462268344504 0.1534273548248096
0 0.3343719910088775 0.12106179505491409
0 0.3010192995162891 0.10274579654486415
0 0.2712279454552584 0.09527665814652611
0 0.2490268576202347 0.09843757510566102
0 0.2200316590942639 0.13317321816953226
0 0.15533119583015534 0.16056791357339
0 0.20482296923653398 0.16845802986583772
0 0.22060598951163624 0.1845847471072651
0 0.25215753584171086 0.1981817251577164
0 0.2860203969964592 0.2072894695086982
0 0.3125768635484526 0.2120664096868838
0 0.3315245000292643 0.21342627918377471
0 0.1887338227219433 0.16349072197374825
0 0.2088941585817497 0.310604459561479
0 0.2815861433244152 0.26204573079800836
0 0.22473223489537228 0.3111211118606714
0 0.23463859439467927 0.32675502094597864
0 0.2276103397210439 0.3153394403549048
0 0.21318989834911245 0.31956835067310274
0 0.23544909749671425 0.3301564116066637
0 0.23958658628898272 0.3364701164416231
0 0.34731359418919333 0.19983364598819622
0 0.35218726959731655 0.20815213343586786
0 0.35080521026675365 0.21341596015345174
0 0.2491064536199867 0.13531910344815481
0 0.24193196130885208 0.1188647526140792
0 0.34937917943195185 0.2807445145262697
0 0.6401769134352248 0.3089100712785325
0 0.28784803749560167 0.35316536144707533
0 0.8709920161633754 0.2829117211290061
0 0.533547506629706 0.2930002989479528
0 0.5620796600405833 0.30644702911376953
0 0.5932712217600797 0.31760724436360804
0 0.6495111423144809 0.32114567314854825
0 0.5119104957123168 0.27877300158857155
0 0.629352737387879 0.25110752361651045
0 0.5918673599938409 0.24000496529161738
0 0.660722091615343 0.26749736737138546
0 0.6769743408802316 0.2840116526752996
0 0.6646461389619384 0.3451982290980915
0 0.26911137379902444 0.5476386828925282
0 0.6595376229686417 0.30708807040327274
0 0.798488065207319 0.3711160592758617
0 0.720177138166176 0.34434330882355807
0 0.46055678941077177 0.38135309798268086
0 0.26954540603166577 0.4146007333700649
0 0.2516156157715429 0.43119236760246105
0 0.2950243874133634 0.4367808320651801
0 0.3100612975424714 0.4542422431726425
0 0.2748541769078024 0.44436032627337274
0 0.29235185364739213 0.4563575918301226
0 0.33319382844783135 0.49991672412275123
0 0.27891077426411837 0.3392484759370359
0 0.29725129112637017 0.32321757325730005
0 0.7367741689979316 0.28284381525204205
0 0.4504081466786867 0.3079967407372813
0 0.3718938850384536 0.3671266065238002
0 0.3887758629499294 0.358391170684522
0 0.562471957229596 0.4174189323815294
0 0.32356426455705856 0.3003248833238888
0 0.6702048312559974 0.2287121443702771
0 0.7126163858875668 0.25444398672816854
0 0.8573293194210501 0.2348337295337226
0 0.5124471973743941 0.19316914668098426
0 0.5545422744979676 0.23780059966797265
0 0.3671117700832925 0.49016196430681613
0 0.6205994505390561 0.5335872820771921
0 0.34029628961778086 0.3685615649238562
0 0.3115775933940348 0.3638687712696794
0 0.32636076912319634 0.48001476598623843
0 0.3197142770536226 0.4769624703989242
0 0.745203596796635 0.2476054129128258
0 0.3693280658847708 0.37651737962667936
0 0.6062648379259544 0.2069227847809228
0 0.6246400382593096 0.19116940970618884
0 0.7381248934377583 0.137615411807173
0 0.8009437233995762 0.2430551410102235
0 0.6770668790208921 0.16596853314116358
0 0.769964710985728 0.2812171226111464
0 0.8187304535072198 0.28461175071545686
0 0.2603144698577533 0.42369567091091753
0 0.28448909363872427 0.44093654559443174
0 0.30129263655458993 0.45544976243576685
0 0.3311257256592492 0.3693054811642193
0 0.32282958113604027 0.4785003037498401
0 0.30556882256798323 0.47865626301628333
0 0.3163015848155216 0.4752785237833334
0 0.32397330464790763 0.35473220721601295
0 0.2863911361717206 0.45666856430589964
0 0.26839467983165805 0.4461956420264686
0 0.24665771256819619 0.43563995726954063
0 0.21023601050571286 0.49574692485431515
0 0.2148707757036177 0.4838599975878438
0 0.22249442996452753 0.4713398077236578
0 0.23100554357043845 0.45767975919924603
0 0.2368006040866998 0.44721202271434063
0 0.28155622608084185 0.46300378318030994
0 0.2835097683133553 0.46993344127179715
0 0.2850889050417381 0.47883976305635595
0 0.28562208702810093 0.4875505313324852
0 0.35529164801970375 0.43912183286282963
0 0.7507015746846187 0.4536909021127719
0 0.29769452584447337 0.4685775311991049
0 0.3014411228737957 0.4733594294173268
0 0.29605421030835855 0.3670185107392625
0 0.3522992392809843 0.3842605417147993
0 0.3033858903592153 0.36548922694148345
0 0.4731031134545946 0.33183972751751495
0 0.5095669782990746 0.36562160485849593
0 0.38897340474940606 0.36937629529081595
0 0.8165663906710325 0.18661025537850376
0 0.757810635246533 0.20341999081377024
0 0.6963938094443268 0.21619093837067724
0 0.29742707937455576 0.5036064169277399
0 0.5431007375534204 0.16749900827011743
0 0.5927384797331813 0.13634529509864296
0 0.6513733440737645 0.09713762255903251
0 0.6249323668811533 0.32385384922210403
0 0.6884116737676753 0.37357706916979705
0 0.4984613259633382 0.26799264578773574
0 0.703542661895569 0.3052639321397288
0 0.43746544359971007 0.28688589681070836
0 0.353981888694443 0.35143446236753617
0 0.7141842058808398 0.3989291922352946
0 0.6460021233958878 0.37952934514981107
0 0.59223956570065 0.37095018392934587
0 0.5336476218500298 0.3437499207810472
0 0.49848034198907354 0.31827263786389043
0 0.4739860143307016 0.2967176026048752
0 0.40674148546420125 0.2443217362839574
0 0.6642657206784621 0.4376402723903473
0 0.7339440075327738 0.3123729906904812
0 0.2675861198839238 0.34584953685918934
0 0.4228983368519113 0.32565223370878077
0 0.8374723844962726 0.373267498260108
0 0.45708484929814325 0.2766870858189397
0 0.39704988728896035 0.37197413307409316
0 0.674483632583984 0.31298649120635497
0 0.37288895113576803 0.34042961071855343
0 0.6940129443610029 0.4944903157389583
0 0.5066394391391489 0.26191324776353925
0 0.3501801745211192 0.3185009179404749
0 0.46236360516193675 0.5560600628106358
0 0.4654333489976055 0.5752829621775082
0 0.7173985497271128 0.4512489535176335
0 0.5334801439472812 0.5437120553403617
0 0.8135165427800277 0.3258482076870367
0 0.2660750668826435 0.5685947588838327
0 0.26713231391758085 0.3498247637154576
0 0.4391004796222531 0.3510301806294499
0 0.7518744577320932 0.3590859970726525
0 0.5996314224293477 0.30434734295732296
0 0.5718405029470686 0.2952714316761151
0 0.30939045712816343 0.4839451777668426
0 0.6216298844888628 0.4720983703296405
0 0.19484019122249502 0.5722066647709368
0 0.32258611245692775 0.5829072714613649
0 0.38603591761714834 0.581817413671329
0 0.5485784773060458 0.28415533071889665
0 0.5277898060046226 0.2724602428107216
0 0.5131760146692217 0.2657764894893756
0 0.7679247656028619 0.3168945480078554
0 0.5487678554132402 0.2576166768424427
0 0.5813315040487751 0.2613989080483921
0 0.6089937598299351 0.27030501959803765
0 0.633476233024963 0.2829370018773186
0 0.646517755888063 0.29350652709936564
0 0.8643124538074008 0.32654948127917205
0 0.6220070275185491 0.3080323755550689
0 0.3362268356682299 0.415856501545769
0 0.3405679890291868 0.3648482557302847
0 0.28442779262002993 0.38508378659574366
0 0.39431177512061394 0.5647003673516904
0 0.3325553006119579 0.5676458285639461
0 0.19695236328408586 0.560276954699629
0 0.541744000334248 0.560490623449746
0 0.5205863496954206 0.25954635303241375
0 0.3958033843577909 0.2829332702076092
0 0.2581204653358002 0.5812370251542844
0 0.6663310859414885 0.4882932212025213
0 0.2606506722150661 0.4556895003151208
0 0.2595383569205122 0.4651651732837811
0 0.2565472069547045 0.47691874153697833
0 0.25188428435108356 0.4890137663283668
0 0.2558888442796483 0.5030174087792539
0 0.3069786971135677 0.46703724510753497
0 0.3141030096035781 0.46803722747217735
0 0.3210555423649667 0.468415685355092
0 0.36486377275819115 0.4648624350087711
0 0.5524906946314896 0.4661532423366754
0 0.4231200275375403 0.26415387890971126
0 0.49326677345257586 0.23398869030010966
0 0.5135779420820643 0.24557925641727144
0 0.3010120646273204 0.4659268894134619
0 0.5245044820314403 0.5124759125633361
0 0.45743373715334373 0.2203815508955203
0 0.2656995248165634 0.5250076653477483
0 0.37693115204072397 0.26396580626027655
0 0.3887751296841555 0.3216376578845917
0 0.20728077834172787 0.516476262491732
0 0.3653814583945332 0.5182930425333139
0 0.4097692864976055 0.3974625584416496
0 0.31852843964414346 0.5257272994556366
0 0.48578071651413 0.42349426586407063
0 0.41812829633982634 0.4279336563695353
0 0.4856384140696171 0.46426820602660746
0 0.20171304243645793 0.5402899915798784
0 0.4025440033105352 0.34012851928369686
0 0.39011703049250357 0.5421213128696234
0 0.3302758217429657 0.5465052363971552
0 0.40615572832185304 0.5037713812562985
0 0.5849364341305886 0.5000733140939341
0 0.45574111532536055 0.5208454345361874
0 0.610009332926725 0.5200653228516015
0 0.4175681546151781 0.46307526305079844
0 0.4100429901687933 0.30399344752010066
0 0.3346234034005401 0.3553755961287136
0 0.35499364880920886 0.3690356796922775
0 0.32709193286850013 0.33681598791299155
0 0.5334313084467424 0.22292138136233003
0 0.5946643778460203 0.2284378578868537
0 0.6427686168707246 0.243068876357886
0 0.6791565887076105 0.26233483884281245
0 0.7007517545915051 0.28302740288999517
0 0.6930716266449121 0.32731284424900625
0 0.7628269064054787 0.4127342678106631
0 0.6355307948389214 0.3474295923885065
0 0.5939273968589106 0.3407420898778751
0 0.5512547996118486 0.323913871289823
0 0.5172205131402691 0.30408090524399245
0 0.4931902205057853 0.286530775003159
0 0.47709880086729567 0.2723404614689251
0 0.7974441880516583 0.41356669294948395
0 0.35294250890219525 0.3744258575926954
0 0.3709392463274711 0.29941677361631547
0 0.30611363903795785 0.3464361973844778
0 0.2883355859086382 0.35032838145003153
0 0.30803743512224524 0.35045133383510213
0 0.3420120582020254 0.37715750989822533
0 0.2788146920055508 0.34897509931375426
0 0.2779150482276075 0.3528598200398893
0 0.49341816839268454 0.2577493175530967
0 0.4697990667619865 0.2546381561900861
0 0.45087357490754526 0.253218930369368
0 0.6536858687869651 0.3008006449324635
0 0.6841874274132634 0.29925696004313024
0 0.31090672853753437 0.16462267930515276
0 0.34022941577920524 0.1760566028924034
0 0.3248791078583514 0.1472919467158211
0 0.28140761755067384 0.1531508433552215
0 0.29671263408889587 0.18170063945051199
0 0.5989333534126373 0.2828650664978515
0 0.6305253271290439 0.29595427467419316
0 0.6148119304391692 0.26592323345879015
0 0.5678190779057052 0.26982556135890584
0 0.5831209169589072 0.2999138740685801
