0 0.6577294239693362 0.6327147286871205
0 0.7075603147563727 0.5977002423742543
0 0.6891235344759796 0.6032070439794789
0 0.7167841749994651 0.5388550734390383
0 0.7175399320928947 0.5850787230159925
0 0.7275483010579711 0.56427139153947
0 0.7526738463860491 0.5056155751904715
0 0.597227187746245 0.4094562270719072
0 0.7793424213710038 0.46090437918901445
0 0.7943236704753793 0.44225237972062564
0 0.8434257324299087 0.3709929380727851
0 0.6545378396530515 0.63825635832289
0 0.6511579494437446 0.6437402171285256
0 0.6489548607041007 0.6476927682109501
0 0.6484907272717227 0.6501320546088012
0 0.644998498422944 0.6564617512018784
0 0.640510998747271 0.6636304325383643
0 0.6363923183601835 0.6701504914656929
0 0.6252435960847399 0.680892687647239
0 0.7000609380395516 0.6021580647515214
0 0.6775549386182557 0.5911906119921934
0 0.5524490022141001 0.309971182760985
0 0.660834139212966 0.4566894591502521
0 0.6370445657521486 0.4501777430591376
0 0.6142035849068476 0.4406012927060542
0 0.5905089801096398 0.4113959530449432
0 0.679670083458009 0.4588988375080668
0 0.6486265201769446 0.38415713906288146
0 0.6746800828563131 0.39893205369944157
0 0.6228742929904357 0.3766023201463015
0 0.6042970750156952 0.377498214951028
0 0.5723526145776977 0.4191284710622352
0 0.5411713390570619 0.6572202209545218
0 0.5932193489178367 0.3963575769377791
0 0.5099222342605176 0.3744650311768055
0 0.5596987503054349 0.39366572110549264
0 0.603793672002528 0.5258538226070611
0 0.6371961355857227 0.6218242154173229
0 0.631991706950509 0.6361098988548569
0 0.614709559828043 0.6175674487715183
0 0.5999087281525135 0.6165243624992992
0 0.6161797891330459 0.6300310501585836
0 0.6041479235434014 0.6258803567160731
0 0.5542437717642473 0.6187624607397162
0 0.6912268178294534 0.5904816695529481
0 0.6974894906515661 0.5769315792814546
0 0.5859334021806717 0.3541880822700003
0 0.6661082012983768 0.5045260405086953
0 0.6409617544192335 0.5595646745484808
0 0.6434269474576348 0.5493289083890293
0 0.5440236618337424 0.4938627867595009
0 0.7076418864662233 0.5574545660096666
0 0.6380349422764519 0.3595259745483813
0 0.6078692441401274 0.35095698788114216
0 0.5908075133743493 0.2978633768532587
0 0.7258219749707243 0.4207827031936335
0 0.6930830444654693 0.4175332512544549
0 0.5499313345745854 0.6020229571539423
0 0.4475877822741218 0.505010256074045
0 0.6501706822410874 0.573376471646454
0 0.6622161559112694 0.5845307112387989
0 0.5818071596162475 0.618926702051059
0 0.5863145819824674 0.6209947322373804
0 0.604272718662801 0.3353630186099073
0 0.6355427442037541 0.5635671502222186
0 0.6762880244008873 0.38087131964123766
0 0.6785541824672533 0.3662443413682606
0 0.708390311702438 0.3171250986016315
0 0.6000204142183065 0.32342874038478603
0 0.7025347296958384 0.3525969511140948
0 0.5803461239227782 0.3406712640238845
0 0.56509735799678 0.331198883931274
0 0.6337689337847026 0.6292754937773165
0 0.6149477876074936 0.6240973403272422
0 0.6016651110156722 0.6212595510741938
0 0.6524565326778785 0.5775974501734195
0 0.584113259030425 0.6200908587678619
0 0.5890680206534655 0.6261623909292013
0 0.5885484184583892 0.6219743202561917
0 0.665343154626696 0.5767637624688771
0 0.6066279722296674 0.6293913002895273
0 0.6178196300145077 0.6343630347562873
0 0.6319984054273885 0.6406892220611158
0 0.5994233093022004 0.6685867062729338
0 0.6151930401506631 0.6599543868847515
0 0.6201685689713644 0.6539649919323299
0 0.6261341096428426 0.6475915947686071
0 0.6313534898926383 0.6427632114161616
0 0.6061462768879922 0.6305091079162515
0 0.6011273519176504 0.6316486334023268
0 0.5950911989354569 0.6331694794737774
0 0.5897962736856678 0.635059131876282
0 0.5913082868994578 0.5901288536579713
0 0.46732556414992915 0.4228842868105225
0 0.6947349771533323 0.6026613496567892
0 0.5980137885426697 0.6263202757939048
0 0.5935702032369116 0.6262577376287917
0 0.6648817658424377 0.592709902058477
0 0.6354085059593553 0.5734530469645625
0 0.6635735859365567 0.5888344891045405
0 0.6398366406236006 0.5033236788990705
0 0.6011470826747625 0.4994620382461859
0 0.6355705169717902 0.5526597526410352
0 0.6414819324146146 0.29939979952962503
0 0.6443265010805234 0.32869374871901846
0 0.637245385705129 0.34351627049238787
0 0.5638399828711281 0.6339046422554099
0 0.7293748547849448 0.3962422835762086
0 0.7576644995614238 0.38014949877624926
0 0.7739176915391631 0.34136244482968164
0 0.5964450589988542 0.4266686569089475
0 0.5471629442890054 0.4239465251888918
0 0.691708532364472 0.45881628646798756
0 0.5847895172951014 0.3788147608547107
0 0.6870052035412063 0.5025722111696782
0 0.6579698205966017 0.5624324582841085
0 0.511184254175295 0.42147183139687
0 0.5506429469779782 0.4452502719734026
0 0.572680417691236 0.46607202132758885
0 0.6176269096524819 0.4805315966191499
0 0.6520620518890412 0.48465640078420225
0 0.675876960563271 0.4856794410749622
0 0.7299142645105071 0.49968926466029623
0 0.49820525466423965 0.4565675279368525
0 0.5722002578170403 0.37059268057346345
0 0.6902457308834014 0.5977646676094636
0 0.6606841048468715 0.5229510122019312
0 0.4997932351315799 0.35800838946648267
0 0.6948602712996628 0.48496725419941156
0 0.6321136230683845 0.5498927781763284
0 0.5875548174523789 0.3934035673413588
0 0.6617937871943349 0.5501913656359133
0 0.45459143331517343 0.4609650964970174
0 0.6935651428673578 0.4514375775404598
0 0.6853681648878948 0.5523197489588157
0 0.4737430120939794 0.5796743197933487
0 0.45949206970956014 0.5836937128849652
0 0.4750433803090583 0.4376892455894014
0 0.462199482742859 0.545723313352336
0 0.5379141135060269 0.3504109293870304
0 0.5267519366967938 0.6643758583327998
0 0.6870548759141694 0.5989314728456995
0 0.6353119826349227 0.5247460131411967
0 0.546588353164818 0.3892029162010421
0 0.617896806448698 0.43114409194044445
0 0.6392207262308701 0.44062393754720686
0 0.5847968875390032 0.6260890600473984
0 0.4863138267689425 0.4857436180114746
0 0.5490521642824878 0.6943979186208352
0 0.49818302877247334 0.6447240096719369
0 0.47859301644822827 0.6186619163207386
0 0.8187054353563682 0.4073696572495543
0 0.5880597559330256 0.7145248454550038
0 0.6598159131472525 0.44572705513109334
0 0.6781629453534666 0.44861650706633277
0 0.6889313707209151 0.4508452030627624
0 0.5632979628508505 0.36022030047100523
0 0.6836477119637572 0.42651133485462356
0 0.6676240723742091 0.4099308417543121
0 0.6464558298011189 0.3987546691104122
0 0.6236939831110446 0.3927851215004921
0 0.6086010863275632 0.39300019783170326
0 0.5245172173270712 0.32948006103220195
0 0.6046223062212053 0.42042018709623297
0 0.6820507106249747 0.6126044544188872
0 0.6144935195536717 0.5905955227820769
0 0.652409912046531 0.5722202273814575
0 0.6555381775226282 0.6029652672617332
0 0.7644847006253574 0.48109720449732696
0 0.4877018125970726 0.6108915244755537
0 0.5060714545619228 0.6369686812810276
0 0.5553341456081556 0.6910443964211838
0 0.4494081749378339 0.546925972920397
0 0.6907404585053092 0.44276468614521236
0 0.7018370516598225 0.5193318435031434
0 0.5956146781859191 0.7112965651180433
0 0.5210642964457688 0.6703951484483222
0 0.4637113999899315 0.47165170687696206
0 0.6171093035651289 0.6359979326958242
0 0.6114584569535826 0.6389011403788691
0 0.6051351907460586 0.6428015156284622
0 0.5994818681932014 0.647584377553152
0 0.5780477402326853 0.6511082326588423
0 0.5949048699568147 0.6231130511864372
0 0.5916474908590317 0.6200849327056305
0 0.5892434861996899 0.6168560233453045
0 0.5694317715647428 0.5943843622570453
0 0.5116224957872992 0.5133334601378959
0 0.7091900983258433 0.5002659466603528
0 0.7157562179086001 0.4481289477451988
0 0.7025139624981777 0.4415603712525057
0 0.5982385042083004 0.625805171870667
0 0.4857945316673621 0.5396083454722943
0 0.7327464726632056 0.4596471435673859
0 0.559030783565148 0.6526215304499087
0 0.7356442836639674 0.5446302362758181
0 0.7226374538048453 0.520335764794246
0 0.7436783101571642 0.5260929176988809
0 0.6730778801214435 0.5363615586057954
0 0.6061189455668563 0.7016958808121474
0 0.6163412243451761 0.6899240064880122
0 0.5851285677079273 0.6744823767439179
0 0.5296039523799783 0.6102650172036627
0 0.606789196315019 0.5527540399328522
0 0.5403893254697323 0.6312595658976099
0 0.5634565766414871 0.5289066054250883
0 0.580279983661097 0.5592926716027052
0 0.532508749757772 0.5418211503521256
0 0.5686447485147611 0.6830342804608138
0 0.6550774605053923 0.5369367508136708
0 0.5044615169096253 0.6065276583251746
0 0.5218038735506327 0.6319880742741668
0 0.5270168624170448 0.5887541396462399
0 0.4768640800662663 0.5100599728848623
0 0.49953738786280155 0.5721586824111317
0 0.4572360841152461 0.5058341939164245
0 0.5540638725556757 0.571089508222497
0 0.6811024442962978 0.5207283084807188
0 0.6608921606903491 0.5721598080318907
0 0.6446187005418799 0.5674325650152953
0 0.6774847293677537 0.5690266095425771
0 0.7061021964511146 0.4226171836256981
0 0.6750965784101383 0.39349333559689315
0 0.6431777794723925 0.3759757632146711
0 0.6158074190759141 0.3676980640253295
0 0.596282261059336 0.36826868753718295
0 0.5763376325206913 0.3949577019914337
0 0.4894128032028675 0.40502038740593455
0 0.5778872071076995 0.43337035460964496
0 0.5975782339987548 0.451101149359475
0 0.6281339792615693 0.46318106304692186
0 0.6580861898382073 0.4692835994388746
0 0.6795681284173675 0.4714834431267303
0 0.6946220051335252 0.47266248121209764
0 0.4825750018429497 0.38920652480876966
0 0.6418719795411048 0.5699575641232988
0 0.6952857109515563 0.536195628863314
0 0.676908026975782 0.5815220262693322
0 0.679940364121095 0.5902876323979834
0 0.6736570200680391 0.5821273453857587
0 0.6435173672988362 0.5755003524863201
0 0.6839130407442218 0.5939632145606953
0 0.6810943447053432 0.5953580904266108
0 0.7008685939337896 0.45647718031769213
0 0.7094789197587449 0.46856608241796494
0 0.7133120991613554 0.47768880828567173
0 0.5996980044342901 0.3946124840365804
0 0.5925258166440155 0.3825026751860328
0 0.750785106226154 0.5524298611542453
0 0.8914762294810751 0.5571556805916454
0 0.7153897785946078 0.6054395803290865
0 0.9807803232384764 0.48911183949397957
0 0.8222986595786136 0.5473150735316069
0 0.8416636683370756 0.5568851012250652
0 0.8620650408708531 0.5622136574724447
0 0.8925234183021213 0.5595781488910966
0 0.809540959318047 0.5365991639054339
0 0.8924286031852597 0.5109891728214596
0 0.8659946476311787 0.5039902615806331
0 0.9118637060341628 0.5219363313006318
0 0.9192347176696943 0.5333697248412215
0 0.8968523617671884 0.5681308802703152
0 0.6755881199370259 0.71017001737719
0 0.9014267497088598 0.5523382223818614
0 0.9322668443555417 0.5480956253150235
0 0.9194201253678488 0.5576791935640832
0 0.7957642460646837 0.6026030491227689
0 0.6802967077364093 0.6380593746900558
0 0.6695742696199728 0.6500150893693385
0 0.6978081385402576 0.6489899137097856
0 0.7081774575230868 0.6568853818851969
0 0.6853387606856616 0.6556378299127454
0 0.6970840120769065 0.6600926727056503
0 0.7170468167118405 0.6832845324407453
0 0.7229578674811384 0.6026784657136254
0 0.7351960039333157 0.5918205954458402
0 0.9537684177250966 0.522585317881211
0 0.7866305561493272 0.552519281791604
0 0.7604671883518281 0.6065149785383888
0 0.7660197074646535 0.5976768691902575
0 0.845079891545617 0.614826992607635
0 0.7440039060362007 0.5718367548740428
0 0.9318174130242803 0.49629775276002674
0 0.9503582979997863 0.5085956064903218
0 0.9905615581766419 0.4664695309879987
0 0.8374271984009639 0.4764901380500068
0 0.8392570533830187 0.503694604045671
0 0.7362249590780424 0.6761423031920972
0 0.8016410942958749 0.6483164614309436
0 0.7410954619231431 0.6084475369557091
0 0.7237023005019063 0.6082004631990972
0 0.7192488306242487 0.6688792021378227
0 0.7144970578020033 0.667550439938255
0 0.9648467772032904 0.5000386705865031
0 0.7540170733371506 0.6103618868019269
0 0.8978690331720788 0.48489743260585744
0 0.9103617885190508 0.473809654298036
0 0.9515444850144179 0.4207861131624035
0 0.974657186023567 0.4813724353261616
0 0.924342296693636 0.4466698783895244
0 0.9653894114105598 0.5155970338246096
0 0.969681119789248 0.5009232595238997
0 0.6750965208301077 0.6446793821194897
0 0.6913879651414312 0.6526673167296078
0 0.7027073546272257 0.658670252237631
0 0.7342372580390909 0.6091414821536645
0 0.7167299729974373 0.6682352808506592
0 0.7079284046979054 0.6697032889594202
0 0.7121004233865634 0.6668290825641674
0 0.7393727057977862 0.6049961188565129
0 0.6924549614929635 0.6608537909777268
0 0.6804551295936108 0.6573907193930253
0 0.665695448446533 0.6531049183529356
0 0.649572675237837 0.6881374808109325
0 0.658766459511674 0.6766660479099854
0 0.6618952624013891 0.6696985547309336
0 0.6644667481760616 0.6618197722279507
0 0.665496471054528 0.6553023287135622
0 0.692479797679445 0.6619299506363662
0 0.6950135109541209 0.6661494062646576
0 0.6972386720387832 0.6711768258524977
0 0.698587426672811 0.6760439769081448
0 0.7398487007164437 0.648821401660857
0 0.8706170573182728 0.5882613494992256
0 0.7015937184510024 0.6640135739808497
0 0.7047786234837511 0.6668650031089782
0 0.7133117152944856 0.6114403308085773
0 0.7407638777209364 0.6151378956825837
0 0.7183324252457722 0.610052639051624
0 0.798370011150837 0.5665622946360837
0 0.8201062807246394 0.5872277316839799
0 0.7622870627952658 0.6029412319478782
0 0.9828472543993721 0.4442666780689488
0 0.9612997705521791 0.46322325727213987
0 0.9466194730737935 0.4859262334263843
0 0.6986671174349992 0.6872271846817888
0 0.859682225662729 0.4595241363929666
0 0.8767465667232223 0.4302201890427133
0 0.9059939209533774 0.3977551344296207
0 0.8796325546243916 0.564004917378011
0 0.9042080955012984 0.5796032401530639
0 0.8025683247200821 0.5287689486275549
0 0.9267367814546046 0.5415551727880602
0 0.780870441833268 0.5400015843951184
0 0.7568647897113925 0.6011680150809495
0 0.9053373166724391 0.5820102477203245
0 0.8910179692118064 0.5898038141105486
0 0.8686533863453761 0.5893332715267721
0 0.8346062375475531 0.5753840493767158
0 0.8108278729993365 0.560309471319551
0 0.7956903516922308 0.5471567251760027
0 0.7692031154166097 0.5155370283062043
0 0.8799493599521078 0.611109431411909
0 0.9388432515704114 0.5392131532663884
0 0.709858794413183 0.6052234280368556
0 0.7748603534115397 0.5683671613102373
0 0.9300205322063487 0.5352268335611924
0 0.7869739250644393 0.5355000614472057
0 0.7614993679782619 0.6012881916502247
0 0.90767084337447 0.5525246119369631
0 0.7625497428943282 0.5900550923917605
0 0.8390137585608856 0.6173976124628731
0 0.8050233836731185 0.5233527925999268
0 0.7554617179152758 0.5801509208653284
0 0.7563331724832887 0.6931926105333411
0 0.7407162014556967 0.6972708669693574
0 0.8817599448172943 0.6037280077519624
0 0.78519600726988 0.675985444628674
0 0.9530902401260708 0.5224571295406507
0 0.6697470672914515 0.7211966645458471
0 0.7027639366038467 0.6049675479531288
0 0.7820179350674152 0.5832806100663932
0 0.9255718990512516 0.5594171851225521
0 0.8670613752759021 0.5586239535523497
0 0.8478756707323634 0.5527654616729073
0 0.7106850678506105 0.6723387313277825
0 0.8518841237477635 0.6336566415169965
0 0.626938560248717 0.725191790578158
0 0.6856125345372636 0.7202155205218689
0 0.7104965892174969 0.7120570874732474
0 0.831058463162702 0.543702459918416
0 0.8172429025821064 0.5336339808676553
0 0.8087242825523667 0.5272761106491088
0 0.9481825789679652 0.5352248140651247
0 0.8317293472912001 0.5166989999944749
0 0.8538305590982023 0.5177006369375664
0 0.8747240873458593 0.5238862706267315
0 0.8914809126568877 0.5332430593993353
0 0.8983469858117725 0.5416400578358899
0 0.9611995045257651 0.5105841479871585
0 0.8811069872716198 0.5593287576799807
0 0.7328962575158348 0.6370665109675864
0 0.744266470975202 0.607615603895291
0 0.7063741277417411 0.6228747506504474
0 0.7265521281439326 0.706182108560334
0 0.6993818775467251 0.71446445921193
0 0.6349694390335808 0.722068325397761
0 0.76807082331051 0.6759866695689118
0 0.8141525823460973 0.5203136827634729
0 0.7671836685875187 0.5455276539792185
0 0.6584858720231316 0.7255750644466151
0 0.8507615434734718 0.6291521389847217
0 0.6804286427795887 0.6590796140225037
0 0.6817266502134178 0.664858749638433
0 0.6817090691107771 0.671657035532205
0 0.680223849804505 0.6786241314333418
0 0.6761142862555773 0.6897231162890144
0 0.7062997727290444 0.6637363402091938
0 0.7109029506859572 0.6637279973729797
0 0.7154774921743766 0.6633002283780471
0 0.7407575055308964 0.6624667393124621
0 0.8277933299541473 0.640744112626366
0 0.7755416019455247 0.5269298498397288
0 0.8051200029642686 0.5043707545036855
0 0.812284187130306 0.5113082697534043
0 0.7015624333011068 0.6635376350387283
0 0.7987686952818995 0.665438709181288
0 0.7927278207372064 0.4973192370456198
0 0.6762077194517073 0.6988324340270913
0 0.7596175758087117 0.5351844241437704
0 0.7645516086207784 0.5728108141085376
0 0.6455685023380362 0.6980960794117139
0 0.729427636479554 0.6889979516682417
0 0.7684098161433054 0.6169048885288446
0 0.7041041310066762 0.6957347256981808
0 0.8076533707587615 0.626869611830815
0 0.7724968083202839 0.6357087474802267
0 0.7997864799007125 0.6490654296201208
0 0.6416400087916333 0.7113283473512401
0 0.7674161767506081 0.5814725982754126
0 0.7353285915501739 0.6977544204048488
0 0.7054510046930417 0.7048328865481459
0 0.7533286848793859 0.6785264010662618
0 0.8262053494868071 0.6510993270122487
0 0.7707360493748084 0.6802615454663401
0 0.8196357751022214 0.6525915028608363
0 0.7672587529472683 0.6560413980613584
0 0.771338336493658 0.5567725722556529
0 0.7472125724281954 0.6053490671774615
0 0.7522476773871027 0.6093185025712718
0 0.7482877835307432 0.5965323777302451
0 0.8358433253091314 0.4948454536821531
0 0.8781333241773688 0.4973761967666771
0 0.9087548450283383 0.5068886357157126
0 0.9279329873945402 0.5181878155340319
0 0.9343704731891984 0.5298945362801137
0 0.9122965543166451 0.55475089115941
0 0.9091922997132592 0.576825241226217
0 0.8853104830436085 0.5735239941788757
0 0.86433169796415 0.5721270326039065
0 0.8385562660253566 0.5642117667457331
0 0.8160208240151405 0.5520823091916416
0 0.8015935331906962 0.5403343046488969
0 0.7930941832778247 0.5312117774201476
0 0.899430334891962 0.5604627543817395
0 0.7469619457488474 0.6109622399444166
0 0.7600662777929202 0.5620871244565301
0 0.7364045703864616 0.6040792014287866
0 0.7197237123289834 0.6052222693096037
0 0.7328336872160435 0.6044290708458941
0 0.7379745858842912 0.6125280115267505
0 0.7158152950198754 0.6060806213513664
0 0.7094003422104794 0.6060801247539728
0 0.79932100293429 0.5211029084480328
0 0.7893605789412623 0.5197764968094618
0 0.7842000646759635 0.5207212899042213
0 0.9008100291957026 0.5473813527304193
0 0.9185538913892664 0.5428713545203209
0 0.6372096285061992 0.4157533137694649
0 0.6622089776008026 0.4252108456000038
0 0.6474555534837039 0.39857235165393873
0 0.6120541799489571 0.4062820261911206
0 0.6268609423676262 0.43277602684886557
0 0.8521964378331018 0.5345484153084133
0 0.8762032031689001 0.5445910050817158
0 0.8635047335663567 0.5190671239858088
0 0.8278488754902197 0.5243292355019114
0 0.8409168937284014 0.5498796017921489
