0 0.35149066483421165 0.49438664780251357
0 0.30724828146429506 0.4476916773039251
0 0.32222825188174026 0.4608609331318775
0 0.22633184656060698 0.40540716797997234
0 0.2909708527950295 0.4331830294531011
0 0.2683428227272718 0.4131002593012184
0 0.21055511237448277 0.3616513549786587
0 0.003320976840292854 0.4026732467388909
0 0.1610528364903313 0.3169242860583648
0 0.13717705184271567 0.29596779411515023
0 0.04974755940306539 0.21892463948803015
0 0.35748120513646414 0.5001414639528394
0 0.3639254224199786 0.5061631901267019
0 0.3686479761379178 0.5101876001482474
0 0.3803677552611516 0.5216669100176539
0 0.38906526917646705 0.5301125544528803
0 0.39972951681302066 0.5405310936811273
0 0.41031660850038004 0.5505413997781375
0 0.4242269688517735 0.5559228142526792
0 0.31494111061599184 0.4545321091214109
0 0.28906071915405207 0.46183848352760326
0 -0.17686016826187004 0.3730980122499477
0 0.11211871415502411 0.39629609446225783
0 0.0813903191170109 0.4065746421067316
0 0.05006182225193152 0.4137723157414338
0 0.0031044639112577156 0.4082166834658151
0 0.1324152343195199 0.38585395094621505
0 -0.005526257718162697 0.36095946185812267
0 0.03649801594295582 0.3542047317624799
0 -0.03500729824420269 0.3713996837430436
0 -0.04433629073925662 0.38200938744052876
0 -0.005042937611728781 0.4253021629962491
0 0.34057570798990594 0.6011823414342118
0 -0.011913589158641638 0.39783001002609236
0 -0.11198992279008471 0.4420468934490163
0 -0.04443398350653266 0.4149064715081121
0 0.14583679744462927 0.47336669663941733
0 0.317449117134392 0.501481551999582
0 0.3370061499157032 0.5144830963365548
0 0.29360775737571315 0.5172941854415839
0 0.28167946668113836 0.5303061096128054
0 0.3163306987864056 0.5235359762062806
0 0.30240605029627243 0.5319383763757889
0 0.26815437170272133 0.5642090994833768
0 0.28379125358686164 0.4541115291319425
0 0.26323587997553216 0.44179163425984047
0 -0.11266756158337815 0.372496163434971
0 0.15870889590636586 0.417486178068928
0 0.21518824139476325 0.4684810024704939
0 0.20253819013446694 0.4609883660240671
0 0.06037321001417023 0.495255981617268
0 0.2432415539453804 0.422603557401139
0 -0.0822257104050761 0.3465770818160522
0 -0.11104309546293589 0.3580409883745766
0 -0.1815801310639844 0.3415673743504788
0 0.07604350709210972 0.3351910694072538
0 0.07904464490554504 0.3535691257897645
0 0.23213170688866563 0.5558907668927103
0 0.0818712197652849 0.5624424395894948
0 0.2467558836006414 0.47036283918405625
0 0.27303491413341796 0.46828287776254673
0 0.27486152884074905 0.5487314048328151
0 0.28205745462878345 0.5461678278686596
0 -0.13912241242605924 0.34775939940840606
0 0.22186977513731784 0.4749454603500638
0 -0.023376600903297778 0.33950796076411455
0 -0.048946806398625115 0.32685123573135794
0 -0.11013208373689451 0.2776566468099682
0 -0.1468330922257548 0.3525738873091457
0 -0.05956655124571756 0.3040514607446474
0 -0.13498491036238047 0.36642701685216506
0 -0.15005760127482032 0.3792214789565913
0 0.32704049700926124 0.5088349534099212
0 0.30523416827499616 0.5209424702156764
0 0.2918059468772341 0.531433184093145
0 0.2561459912277978 0.471179396232252
0 0.2785665575210555 0.5474730239361347
0 0.29285797300721017 0.5492409245682215
0 0.2857375266934246 0.5448376052037394
0 0.2530100495880666 0.4619296021308763
0 0.3101759210920535 0.531813455221916
0 0.3245328715078941 0.5246064911816326
0 0.34429713945348556 0.5172920368461563
0 0.3866450870841867 0.5656060193922737
0 0.3738561741661925 0.5595942493859559
0 0.36562814943901095 0.5489544350905775
0 0.3584995874624212 0.5373969284523707
0 0.35476984982752097 0.5285484980292451
0 0.3155645878380361 0.5378598145884268
0 0.31247301563180446 0.543701966603597
0 0.30968949569680015 0.5512783982716987
0 0.3087738736646588 0.5587902510293438
0 0.23501034772597285 0.5214662130475751
0 -0.03739757049938797 0.4986027367457235
0 0.3183359723805375 0.4574915118347566
0 0.3023026041717972 0.5407536397483708
0 0.2975664290949262 0.544760528125514
0 0.2871015867226234 0.47131896414932123
0 0.2398980723277426 0.4807898820082912
0 0.280332285706504 0.4698340123517092
0 0.13909141477276002 0.43450078421215993
0 0.10434150878135665 0.45905732344902284
0 0.20579102779994032 0.4684693818980406
0 -0.16214643349627403 0.3101654403433115
0 -0.11977269101243482 0.327339466214887
0 -0.11081216103919951 0.3345969222477181
0 0.3031260962853452 0.5683207545840443
0 0.03419166268930154 0.3172445326937475
0 0.010962559201043366 0.28321660653834946
0 -0.04087164570510639 0.24878766471663685
0 0.022924703259005325 0.4143610308885857
0 -0.016863514791058087 0.44340631885460685
0 0.14247834185759226 0.37807939457016626
0 -0.05798152038819679 0.3917234294637949
0 0.1677316364356737 0.4025902685887166
0 0.2238635991696064 0.4587412378259118
0 -0.055393424089447856 0.4704473909534169
0 0.00837253876627749 0.4560949550687489
0 0.046877586703260234 0.4572466930036443
0 0.09987090257652702 0.4394965106765005
0 0.13433876070920928 0.42048900661943645
0 0.1547618928337902 0.4056758634560473
0 0.18574090182529723 0.3733024314346404
0 -0.011829727309665599 0.501568312888185
0 -0.08046278269482061 0.392390825570266
0 0.3007853752953091 0.4582018193259641
0 0.18043836397963736 0.432826513921663
0 -0.12243866719274078 0.437091324535836
0 0.1663413433837488 0.39293859635666456
0 0.20337461777628726 0.46931653373464854
0 -0.02232644175678366 0.39909577482818565
0 0.21020053792351912 0.4492412685358086
0 0.016729213894671024 0.5304876810573881
0 0.13628065211989204 0.3719544147681511
0 0.22334941668349478 0.43453150004820185
0 0.18774063162159818 0.5926722693980659
0 0.2051185898891481 0.6017797417487962
0 -0.034900061000248554 0.5037627248435965
0 0.13018129335299825 0.5798611329826454
0 -0.13465247300103747 0.40900984805956714
0 0.35084076408092485 0.6140080035651989
0 0.3070423608087789 0.46027019043692774
0 0.16781869882772743 0.4510277197171502
0 -0.05470976522703211 0.41937573156888514
0 0.03997694911584573 0.404686813535498
0 0.06940744773245058 0.39878211015766907
0 0.2889696560831513 0.5538556838799201
0 0.03150179674102284 0.5278799519702916
0 0.4218100635059775 0.6190445533426631
0 0.31758498780838046 0.6168031749069196
0 0.26847495943433625 0.6113816331431252
0 0.0934303811582332 0.2582385038000267
0 0.48225441512176254 0.6062588974532991
0 0.09577468370838005 0.38979293160308437
0 0.11755515091152634 0.3801773920885043
0 0.13097448508699233 0.37464976720821247
0 -0.0977371805327854 0.39011652217923815
0 0.09360042906008692 0.36710553420961684
0 0.05875733582782343 0.36918669097646983
0 0.026845273274912613 0.3756409808551431
0 0.0027811900095597603 0.3838733998906146
0 -0.007288556750313642 0.3906229249381793
0 -0.1577988005388638 0.4035161013846437
0 0.01888051226672241 0.405087541713692
0 0.3347351740935684 0.4727079251765639
0 0.25198162746328845 0.505620321769307
0 0.24382839637969617 0.46796827497289983
0 0.2982621280955866 0.4854059728439168
0 0.18550227085749307 0.33897843790789656
0 0.2454850203377285 0.6022774290783974
0 0.2961634481758005 0.6082814217745056
0 0.4114651462448297 0.6130430118610568
0 0.14620313579648858 0.5865041663779624
0 0.12127528691719353 0.36962064672902245
0 0.1947200063788941 0.4034159042091415
0 0.4742553816314488 0.5997034420180858
0 0.3681425951452698 0.6206952193453643
0 0.01417626641722168 0.5325914888619528
0 0.33308251271267986 0.5338240866135023
0 0.3325091582813343 0.5417448685262551
0 0.3341950824492088 0.5517327808117668
0 0.33879792061536124 0.562045100744933
0 0.3430256856141714 0.5695805577903739
0 0.292010781634206 0.5392773731181912
0 0.28339236685495334 0.5402902694217958
0 0.2754096599445061 0.5405451049442676
0 0.22885299816664764 0.538895044179715
0 0.07928870536607026 0.529756311278609
0 0.1756321389212387 0.3868815847987382
0 0.134381806108519 0.35628632732699067
0 0.1235528924357036 0.3608873174708085
0 0.2992400654634846 0.5380658981780282
0 0.11979936981251471 0.5614967549822932
0 0.15018280155422314 0.35383582397994906
0 0.33925582688569017 0.5854537150472368
0 0.24906593271951635 0.3958845930450186
0 0.2070789987276375 0.3905873671969485
0 0.23087461739149778 0.379691083236097
0 0.20178048061167642 0.43287048447315946
0 0.46010338027769 0.5874703685584017
0 0.4414695136657747 0.5709856181523695
0 0.3926177195858855 0.582450583877654
0 0.246921054484472 0.5750635917500669
0 0.19105311750359677 0.4880230225985019
0 0.29162410649820725 0.5828490121508832
0 0.12347121190924182 0.5038838027352257
0 0.18231395842656808 0.5102861631807484
0 0.1305761984569111 0.5326221744360873
0 0.4009759759349662 0.6002625307578633
0 0.19545030172615616 0.4454870065618947
0 0.23605949717734936 0.5890301883149968
0 0.2878962548976206 0.595943702638927
0 0.20486319417188942 0.5631753224636453
0 0.07085481713592755 0.5488056675536493
0 0.17312161769042037 0.5714426334783841
0 0.06652227245302643 0.5582354897423288
0 0.1855492502576691 0.5352536893824241
0 0.18724805280126097 0.4176974667066074
0 0.24147329199666212 0.46234367581024716
0 0.23031930411666757 0.4705578166536306
0 0.24092331296029473 0.4500385184870637
0 0.08380150920731105 0.34752651889977504
0 0.014374300020153512 0.3490542761654475
0 -0.03578832600941638 0.3576395641725117
0 -0.06593380308855434 0.3686594075014017
0 -0.07384310706758299 0.37920976759841574
0 -0.031584641287095434 0.40616114340360193
0 -0.07756423371753612 0.47393047597484655
0 0.016075636327015197 0.4316020263613048
0 0.04976430510166828 0.43189308538697085
0 0.08988143610551891 0.42119792206290213
0 0.1240247534548683 0.4064295362606026
0 0.14554936772031624 0.39397903099603077
0 0.1578991680331371 0.38486414447798
0 -0.08166988275725127 0.46732657122583715
0 0.23540397642282493 0.47423836062104396
0 0.21087465230925675 0.4180347961887346
0 0.26170826838489325 0.4577337886656448
0 0.28432926868839103 0.4599071685953921
0 0.26472297040470544 0.4594822914150686
0 0.24730016643236458 0.4763926755491101
0 0.2911804693157663 0.4598726094971065
0 0.297563533365475 0.4620589717851415
0 0.14611845476089147 0.37057491058698044
0 0.1617364000984888 0.3726775684390628
0 0.16786297300696876 0.37678932945640625
0 -0.010875813065701899 0.3948732703606005
0 -0.041680259103513466 0.39044619539878545
0 0.2759783850189 0.39004573957775834
0 0.40702290675811126 0.27883737565218203
0 0.33968820501480423 0.44626785455932255
0 0.4172157982230689 0.18631637506496299
0 0.34310950936144413 0.3204329575225269
0 0.3714548143153452 0.31292202775305844
0 0.3975448032471701 0.30396100790333774
0 0.4225624197394536 0.2811677543576785
0 0.31702173032841097 0.3249489117064651
0 0.33285470262861455 0.2594727508255313
0 0.3030130104299336 0.27325691348151665
0 0.36569875189523654 0.25147962782306604
0 0.39176286977051683 0.25121516901403135
0 0.45302652231248625 0.28566871376648495
0 0.546171470281947 0.5383531139414506
0 0.41120952191735116 0.26979775049791077
0 0.5078288118044535 0.24948735027833624
0 0.46687012847968795 0.262471206530416
0 0.4294639717677475 0.38568179095484323
0 0.3812952269230211 0.482019120688116
0 0.39213695229357304 0.49747581357492104
0 0.4203406713179898 0.47874732430436573
0 0.447602325728171 0.4792129945359055
0 0.4184321569994029 0.49204361961971116
0 0.4400448909791713 0.48915869146055174
0 0.5136301009463862 0.4881471569427816
0 0.32948552141209697 0.44030622853361695
0 0.31822482971199456 0.42492461543914684
0 0.40703749971047737 0.22632773095037023
0 0.3318453504063409 0.36416239727151495
0 0.3873811357886479 0.4148277602868855
0 0.3811353902776533 0.40538846612118035
0 0.5092846778877677 0.3566951808273297
0 0.296235098428867 0.406187017334455
0 0.3281868248549192 0.2328429683106084
0 0.370486383322422 0.2241417166742707
0 0.36567829128056134 0.16917610635112612
0 0.2244106253239676 0.29064493643148653
0 0.28442442769239723 0.2904391857228669
0 0.5167734914691137 0.46776022435931547
0 0.627238787930726 0.39582530996836235
0 0.3743855211302198 0.43058489339066003
0 0.3574879872396525 0.4416064313863661
0 0.48233473351233114 0.4833960980000162
0 0.4748288122662009 0.4854827170411604
0 0.3703818322485509 0.20945499262917225
0 0.39397596910533017 0.4211241132706793
0 0.28001874679000066 0.2529934040875056
0 0.26921622807215034 0.23912033194748958
0 0.2239241427761593 0.1726033732843003
0 0.3683175200651467 0.1899813341500496
0 0.24324239218285315 0.2087035592057668
0 0.41168525978482723 0.21403637305697512
0 0.4164424860527747 0.2011228152158563
0 0.3879250376033381 0.49009414754304176
0 0.4199661315744939 0.48575477158896013
0 0.44432676039667574 0.4841440513040672
0 0.3702412369633526 0.4353619473119082
0 0.47851168480603506 0.48454396241076053
0 0.4726028726573735 0.49250015075520687
0 0.47081674100980475 0.4865504479210289
0 0.3582127578399352 0.42988535913849785
0 0.43599205090023796 0.4925278101385983
0 0.41622553495415154 0.49616865048346287
0 0.3937093714872996 0.5020197600232325
0 0.4603123681203222 0.5428441625755736
0 0.44411499112970215 0.5374590864102329
0 0.4311732903814517 0.528339479034623
0 0.4169568209456995 0.5190366963333365
0 0.4053575575100219 0.5127413722543954
0 0.44230912279982104 0.49791551908988546
0 0.4528781161781102 0.49930696159353744
0 0.465868206089559 0.5018315006971077
0 0.478027602665535 0.5050707957922776
0 0.4599880083200801 0.4513382068873866
0 0.5759907015265292 0.30990863779685673
0 0.45460294218505987 0.49275416920617804
0 0.46328456769009685 0.4924942194213505
0 0.3560309781052392 0.4495889173283696
0 0.3933110943826442 0.43276108767779836
0 0.3567043495077624 0.44574377884644206
0 0.3695815821740195 0.36348648243810217
0 0.42683590678223077 0.35960558951254556
0 0.3917857688942036 0.41049425514284543
0 0.3040599118808151 0.16324291138745145
0 0.31229984339027966 0.1909459173184414
0 0.32188358387363614 0.21761408706293978
0 0.5044254152583674 0.5058466808368869
0 0.20862318455921447 0.26709501415243636
0 0.17392567793528238 0.23202235616681696
0 0.14215205792133315 0.19118631791106888
0 0.4170752791412772 0.292702852053433
0 0.4923000435034434 0.2877407768301551
0 0.29853577452872876 0.3269091267602724
0 0.42204153135356015 0.2500874136407746
0 0.3021435486113472 0.3611409122550756
0 0.3665760436138523 0.41483030228710965
0 0.5296392174209723 0.28988291134048044
0 0.48897250744863907 0.3069772727407453
0 0.4619552373634612 0.3261667265162349
0 0.40663449799461204 0.3411478535277705
0 0.3612176486711462 0.34695381230165384
0 0.32542094600854543 0.34947664160745423
0 0.2423378005938188 0.35587391805252855
0 0.5606921056151893 0.3251370348540065
0 0.43713700708457687 0.24158163879548386
0 0.3282078950968473 0.44991989180993636
0 0.3459374939842063 0.38152722446943943
0 0.5051008060511657 0.2420823977086892
0 0.2952091148131004 0.34898762431433195
0 0.3945039825097418 0.40964779933010836
0 0.4222069689493139 0.2666160740744884
0 0.35751919253465997 0.40366747144561077
0 0.6051294744517732 0.3498922737750577
0 0.29276852925869984 0.32098652346419837
0 0.32604253719627607 0.40283094153851096
0 0.6154185346158748 0.46179766021447954
0 0.6269001399917442 0.4734690424103471
0 0.5801570465796104 0.31399649190733014
0 0.6248043939031126 0.42802222428372744
0 0.46040781288710325 0.22308527348587381
0 0.5638443357330837 0.5489962873085538
0 0.3283970700537605 0.45364834037681206
0 0.38233406986365337 0.38458273900078427
0 0.48928532243277956 0.25717243732506695
0 0.3861869141019346 0.29439355455966465
0 0.3632184453151397 0.30300952814086335
0 0.48168624252206665 0.49284271554731957
0 0.5839285055796305 0.35740079772288547
0 0.5356864530577439 0.5846773458121086
0 0.5894037965480788 0.5340384619657397
0 0.6082137311309702 0.508078829390864
0 0.3390413904994852 0.3093662384990271
0 0.3155241047782737 0.3148324317072351
0 0.30061666095307105 0.31944256094709694
0 0.4484622430700793 0.23163498862075352
0 0.30515287829099325 0.3001386717686591
0 0.32295881394092546 0.28636973085211126
0 0.34627332239714353 0.27641677106968165
0 0.3728092536644594 0.2700979637505745
0 0.3913947692148796 0.268903087466637
0 0.4610138585798851 0.20996440644790268
0 0.3995749763044124 0.28617653883507527
0 0.42725346334875886 0.4509286119703155
0 0.37223452757179487 0.42810517217199434
0 0.3729083561947577 0.4622465350873954
0 0.6011781373104466 0.49374013241216946
0 0.5835422305115164 0.5204620926971254
0 0.5300464103242013 0.5770333695666221
0 0.6339701777520562 0.4378908441301484
0 0.2958403838334707 0.31361449584983564
0 0.2889692179135632 0.3742349369811559
0 0.5677124968560939 0.5600372837107377
0 0.6051347705885328 0.3505646177033937
0 0.4256710234070629 0.5046893747110243
0 0.4381292897437695 0.5083859574893757
0 0.45266188901184984 0.5142369157196082
0 0.4667913722589549 0.521380571849547
0 0.4876286603730439 0.5244261604752546
0 0.4581079940755659 0.48717405504744815
0 0.4636682137406828 0.4838696968513027
0 0.468016342020236 0.4804748858138477
0 0.4905196652130739 0.4574463913307778
0 0.5590755265473314 0.38138236071856985
0 0.271098356961198 0.3575506092956199
0 0.2570115476217954 0.3170112285184125
0 0.2770345261328331 0.3121102974790978
0 0.4526195961211804 0.4898913625013503
0 0.5947931681755726 0.41489709031680866
0 0.22995358491748696 0.3267721764981959
0 0.5186799482957221 0.5302444358454622
0 0.2606526987965097 0.3739633968857825
0 0.3351228970264081 0.3916819403887078
0 0.48649662066612565 0.5535950683331291
0 0.5468121885247371 0.48323891765282245
0 0.4303148590059723 0.41365492980251106
0 0.538064875683201 0.5072643906761884
0 0.4907279672250466 0.3902562111439371
0 0.47051322284127084 0.4209755273051958
0 0.5360146611300198 0.4071553983722293
0 0.5131649553524291 0.5661468602018707
0 0.35946466550545353 0.39452946483028317
0 0.5802315735112765 0.48393354947598094
0 0.5647169790438962 0.5114215899475387
0 0.5472223914625273 0.4580097167375956
0 0.5999737043672473 0.38543718395708293
0 0.581744668352956 0.4458739655722079
0 0.6220561561453695 0.38749998687707937
0 0.5089317037083428 0.4350869876209951
0 0.31721223884493993 0.3775246332831513
0 0.3643250330842497 0.42477902540249896
0 0.38325997935568734 0.42298367722037283
0 0.34320712592531355 0.4187718552061106
0 0.2618925663237833 0.2938399583560858
0 0.2947257375541116 0.2669207812204056
0 0.33242876368735913 0.25012533181078495
0 0.36838038787560123 0.24135942560922208
0 0.3984834387081082 0.24075739522280076
0 0.44120444011587634 0.2655545468856431
0 0.5482738079652505 0.2803060768055039
0 0.44766191679214123 0.29832322967999914
0 0.4248862045223703 0.31372284860939037
0 0.38813977880316947 0.3255167007446289
0 0.35008257828684297 0.3328911644425398
0 0.31900911517284086 0.3370150756157166
0 0.2956630204045823 0.33877907246174477
0 0.5411422740558028 0.27488883223256466
0 0.3860275727787098 0.4271665083273167
0 0.3052531619740941 0.3889000237624416
0 0.34641452730959477 0.4321776078406319
0 0.33934620412593147 0.4433870420195737
0 0.34862164467698914 0.4342719134062635
0 0.38268353868637406 0.43381423231828536
0 0.3356765909788478 0.44639102052256446
0 0.3358340272169073 0.4501571451641911
0 0.2837299669970943 0.3254808101224164
0 0.2717441808322311 0.33539281041313884
0 0.264989129853148 0.342644047623993
0 0.4025419178391308 0.2692196572802669
0 0.4111741635366834 0.2553104978156401
0 0.05814151704814364 0.38250919310365
0 0.08957125013890649 0.37195199381555666
0 0.041526697796105336 0.3684304761716904
0 0.026758991967776657 0.393017368101706
0 0.07434420922637489 0.39652938350663913
0 0.34970689549224787 0.28879540430410616
0 0.37986908016828547 0.2789660946754374
0 0.33382858216511047 0.2748557862296506
0 0.3193763584401537 0.2985990669662276
0 0.36558536122619856 0.3027715485008303
