0 0.6072141098070748 0.44262994504442404
0 0.627011172001875 0.3970022148110953
0 0.6216035745566404 0.4121713357813218
0 0.6366285530826713 0.3537988609292594
0 0.6340006748332253 0.38415542704050615
0 0.644189598439615 0.36842872448662084
0 0.6696531931056252 0.3312718247165199
0 0.5532586706590049 0.3021056825707273
0 0.690389992315558 0.29775473650764017
0 0.7000309153448178 0.2805984988599932
0 0.7319011152545108 0.22739944604932427
0 0.6043133667752713 0.44823986609108973
0 0.6013113392304771 0.45430741457044244
0 0.5995090268080747 0.4586188853287897
0 0.5995732621301578 0.4586528088866162
0 0.5964904816090306 0.4641768992448053
0 0.5927593798577031 0.4710286404906201
0 0.5888886240464223 0.47861838941814516
0 0.5784307175044772 0.4927377193247905
0 0.6241566546355621 0.4042455756029829
0 0.6093210151678399 0.4011738814559637
0 0.5271783508831942 0.2431838686058835
0 0.592484587355505 0.324238158741585
0 0.5756071096734156 0.32075697500832606
0 0.5605443821677679 0.31604262226435986
0 0.5441745747871036 0.3049952816896412
0 0.6081141833263107 0.3253092712380973
0 0.5885406178009661 0.2803698554426348
0 0.6073616067819958 0.28677909180563704
0 0.5691314498080483 0.27848759752695634
0 0.5548559449896028 0.2813434433870289
0 0.5263695931887324 0.3088184484914571
0 0.505014603273778 0.4942475220068496
0 0.5494572665495209 0.2976846755051813
0 0.48712330339830134 0.2927040205616243
0 0.5138652667969088 0.2951683717615464
0 0.5487640070009835 0.36992753720751
0 0.5883294532570658 0.43574237289215
0 0.583708827631383 0.45014219658047544
0 0.5653163998187343 0.43667608816750575
0 0.5495339726345448 0.4395729420231838
0 0.5680272360391254 0.44793752862625763
0 0.5552621129192884 0.4471097620261483
0 0.513362131918533 0.45346877154181986
0 0.6127213809309127 0.39311244975285037
0 0.6164691323720957 0.3802224968661781
0 0.5371912512220914 0.26390425965231673
0 0.6022476301163058 0.34719768625681474
0 0.575346048874191 0.3829734158449146
0 0.5776952263675158 0.37633146024217795
0 0.4997358461724052 0.35703317925375716
0 0.6269565488718734 0.36575691506308333
0 0.5814068528670299 0.2587754218852153
0 0.5567491375192811 0.25780150469611673
0 0.5520660590521896 0.22330767233498625
0 0.6494408261172379 0.28695976767553333
0 0.6210559304756454 0.29695571637621115
0 0.5071085031273999 0.43885857184060145
0 0.44380630307559726 0.4132795507500486
0 0.5856020993824247 0.39343747104249416
0 0.5976463873175126 0.40065392459474025
0 0.531659164006197 0.44585216078771595
0 0.5358305120769935 0.44654925129994627
0 0.5526139540008351 0.24790193386772433
0 0.5720985803423049 0.38935499565274106
0 0.6118455227417282 0.26681382916554686
0 0.6141509568389458 0.2558377416861825
0 0.6300323711165899 0.20892401569697702
0 0.552825824935225 0.23289077088278548
0 0.6245646182494827 0.23037102709965213
0 0.531487293258498 0.2560631721293559
0 0.529150104598154 0.24838048536904386
0 0.5852295741250243 0.44327998762371157
0 0.5664170354227477 0.44257667552189334
0 0.5521784741667253 0.4433393424966422
0 0.5886681906030148 0.3971071643989627
0 0.5337957377675213 0.4462297022843561
0 0.5401474954206732 0.44986331496252063
0 0.5381294764295409 0.44695558467832935
0 0.5953702519211588 0.3896223877658363
0 0.5576101020921634 0.44970993234329865
0 0.569531755356849 0.45152954293900177
0 0.5835838163200813 0.4544728543578076
0 0.5561676791197137 0.4861531885398202
0 0.5689001234271859 0.47247745342949193
0 0.5735823040521597 0.46521570034721654
0 0.5786747721177113 0.4589482662724514
0 0.583605166477493 0.454527032141592
0 0.5575011727176135 0.44986111242898036
0 0.5527634447133993 0.4513915099349676
0 0.5472876442761361 0.4536884799390948
0 0.5421198366940776 0.4569799051899202
0 0.5374543849803224 0.4198245948770133
0 0.46162596043152143 0.3488181378661084
0 0.6230766429931303 0.40797503254994627
0 0.5484494321708437 0.44865196692843395
0 0.5444449110876156 0.44913475319784896
0 0.5997442614428604 0.406782644469531
0 0.5746715581869777 0.39900640680008576
0 0.5988026891328111 0.40381144943023595
0 0.5794639489318751 0.35026924416464583
0 0.5464017513809325 0.35178460994688404
0 0.5722810535491267 0.38199928294376834
0 0.5848086446146422 0.2108967137269947
0 0.5833328562446788 0.22572718948877157
0 0.5809412953219836 0.2475426257157526
0 0.5229047412359262 0.464232484833533
0 0.6527927084059655 0.2686344161420977
0 0.6666137334666674 0.24111320324638644
0 0.6773183089268359 0.21498673903841933
0 0.5490453814781164 0.31075377157088424
0 0.5044230837610704 0.31275035687187475
0 0.6192891488346872 0.32474553618444446
0 0.5363396083629584 0.28334211768890294
0 0.6192629001563108 0.34168572118636276
0 0.5877788647820678 0.37939423072237927
0 0.4803448990930485 0.3169727158479664
0 0.5094406876382949 0.32386136656047915
0 0.5271820214730275 0.33332549423730673
0 0.5598012725763684 0.33963250579620274
0 0.5861597385587571 0.3409649250554104
0 0.6070672862137421 0.33984531140794944
0 0.6511787183677094 0.33010604869083865
0 0.46751307158530514 0.3437104852927499
0 0.5251866069775594 0.27807947033259717
0 0.615793677824962 0.40163834355458494
0 0.5960877069944068 0.359360712249072
0 0.4893337114702297 0.2940042533126532
0 0.6237489154821709 0.33641106207497645
0 0.5711737765541559 0.38326181149950217
0 0.5414646694177314 0.29607453266111744
0 0.5916869074483461 0.3717271887621626
0 0.4502607844298399 0.3796137347608721
0 0.6229514336284203 0.32057484592042385
0 0.6096127214311045 0.36699330840124134
0 0.4543131552165068 0.449283503684677
0 0.4513035224208349 0.4639604151749811
0 0.45676963804643367 0.34433015788636623
0 0.4455331835565688 0.4278074619816799
0 0.5090104100070422 0.2692349584830575
0 0.4952660712260234 0.5055069869973746
0 0.6166100275667408 0.4058508592493394
0 0.5752648733839204 0.3652892513435428
0 0.4999192964427079 0.2941665482454273
0 0.5659418656856199 0.3092794137842515
0 0.5789316605918015 0.3136673374336307
0 0.5357978530699694 0.45112300520183657
0 0.4587216920490506 0.369793023715834
0 0.517360592567468 0.5314238131547174
0 0.4782202877575838 0.5018058678015274
0 0.4647128208528591 0.4856993303913362
0 0.7152748485154743 0.2542375215963155
0 0.5529491065800944 0.5438426736356163
0 0.5931881522830529 0.3168194013483384
0 0.6074356919602503 0.31892639715798426
0 0.6171843560436104 0.3204309659845689
0 0.5161651289915736 0.2728083307335691
0 0.6138668690301194 0.30660629873516176
0 0.6017830100240587 0.2986556408452053
0 0.5872358551508263 0.2939964763256682
0 0.5714243009120603 0.29269813957000645
0 0.5607344078112252 0.2942186256750625
0 0.5075770710842519 0.2657487906661688
0 0.5581049847451947 0.30542553639879416
0 0.6157502645178686 0.4229577101913153
0 0.5571106906178631 0.415733036874723
0 0.5864787629888027 0.3907326690289153
0 0.5915336933317064 0.41809830812512994
0 0.6801212399820739 0.3156161595459412
0 0.46592774647700635 0.47041136343606044
0 0.47961678874643543 0.4876907386031805
0 0.519838385944125 0.5220187905789757
0 0.44478069943717763 0.4416363526459168
0 0.6204748681828945 0.31529657647055404
0 0.6278326315215871 0.3463601785547593
0 0.5564741205565537 0.5344359026569612
0 0.49443936989277226 0.5172270312696612
0 0.44774235049380534 0.3729705302989116
0 0.5694356862502762 0.4516110593865232
0 0.5638128707680521 0.45459231341920314
0 0.5583384765099876 0.45896556864933474
0 0.5531024791394608 0.464939747871805
0 0.5365171632434749 0.47544971567576005
0 0.5451063764623448 0.446738828130129
0 0.5414935984188998 0.4446738053436707
0 0.5386672244419025 0.4425446593126997
0 0.5199964061568055 0.42794504085508717
0 0.4746648857865152 0.3813156801111558
0 0.6360672565200661 0.33497675860963283
0 0.6394086023674735 0.3118999178002195
0 0.6291637880892693 0.311777518243015
0 0.5486826070501835 0.44854149965345025
0 0.45922955380210395 0.4116288994540687
0 0.6535128041913237 0.3135672470434707
0 0.5203493109232262 0.484521905915076
0 0.6529917256741584 0.35568066471431103
0 0.6432699308365206 0.3424691419307591
0 0.6610180513013767 0.3439061928863953
0 0.6038560746591303 0.362973571157589
0 0.5626091681703737 0.5216794641745859
0 0.5709109200706964 0.5064066878887785
0 0.542847069003914 0.49768120367653895
0 0.49448074985154067 0.4534457244125067
0 0.5512391266566289 0.3899367369857489
0 0.5046493267711205 0.4702286439783433
0 0.5143027667757831 0.3783558383375323
0 0.5289267663714252 0.3988220978851746
0 0.4902984296219258 0.39590508062966395
0 0.5286192158354989 0.5104600307988185
0 0.5897290174719654 0.3684997959297244
0 0.4763455273984354 0.45835585286971237
0 0.4899582002736345 0.4769350634235628
0 0.4895402415643764 0.43478361231272294
0 0.4531393322763564 0.39250711633377716
0 0.4697529500043845 0.4305763872397714
0 0.4428117976912969 0.4005066500324495
0 0.5076014052463483 0.4132823663599351
0 0.61249986479554 0.3527123988175592
0 0.5907633579984496 0.38610015062390923
0 0.5789827715746964 0.3881862223649225
0 0.6015416225300559 0.37872416098244716
0 0.632416749302345 0.29520731346279966
0 0.6089680311800558 0.27951657805456165
0 0.5849498170840589 0.27211176247155966
0 0.563472958305214 0.2703428782668768
0 0.5469971395368818 0.273956872501961
0 0.5293018795266936 0.29593596605359673
0 0.46932631655584406 0.3175768798806754
0 0.5317472449586361 0.31606939326481326
0 0.5461043543830703 0.32351496707157595
0 0.5677753121038026 0.3292458344574402
0 0.5901739114447485 0.3321522477628136
0 0.608784818573843 0.3325676637537339
0 0.6223167648798302 0.3313466881503578
0 0.47529816816124737 0.3211298389595096
0 0.5777968673766414 0.39243402400938404
0 0.620262594539908 0.3566709192527108
0 0.6019468530069424 0.38878501630296897
0 0.6089931311486643 0.398028141310235
0 0.6019028587431847 0.391549672733168
0 0.5809540499614764 0.3979218066239557
0 0.6111353956445863 0.39966030948970166
0 0.611885331476791 0.4038423076063311
0 0.6280436640298819 0.32217833575080423
0 0.6348379390149177 0.32638049726726626
0 0.6385816897772536 0.32883696930081235
0 0.5544420133663129 0.29594444694305333
0 0.5448191528078876 0.28657826388917385
0 0.667702472662624 0.36178181886005134
0 0.8059896472134168 0.3636904617651504
0 0.6410618597948099 0.4093909210183707
0 0.8927984630005269 0.3354903576420803
0 0.7501258842552765 0.36232269978990744
0 0.7665279281290271 0.3675204632329006
0 0.7834192959568168 0.371473079969903
0 0.8106892697418793 0.37056270700876787
0 0.7372873229316518 0.3560936170465806
0 0.7963091135025024 0.32906845103458865
0 0.7750333185437359 0.3258025252184614
0 0.8142512206789814 0.33634068318107885
0 0.8237112021144433 0.34534926107283737
0 0.8198483684394933 0.3829788881189683
0 0.6378017422519152 0.5296897380625835
0 0.8148790763903268 0.3617113377867627
0 0.8750542771967151 0.3927325467769505
0 0.8450652941872802 0.3786600831509972
0 0.7274009457117394 0.4162265179204006
0 0.6288415551940097 0.4460995938597607
0 0.6198165914680385 0.459397265223228
0 0.6476266436938998 0.45789377495688216
0 0.6588745852814445 0.46765517654205235
0 0.6356794019288654 0.4652468991212818
0 0.6480843715275391 0.4707900175527364
0 0.6717679017706762 0.49505017518329353
0 0.6422253839577301 0.40073121762743186
0 0.6515104050123239 0.38920481465443846
0 0.8527743514580063 0.3400655193489139
0 0.7103427905070631 0.3748837145102792
0 0.6881436705589294 0.41203879775787267
0 0.6942056364650968 0.40625053961403895
0 0.7825509505935863 0.43049820865235744
0 0.660358586266071 0.37432238634894877
0 0.8177342143239854 0.3134885916188985
0 0.8406598205807843 0.3250061163381368
0 0.8875007719933232 0.3078090296406038
0 0.732638850996766 0.3052869130249451
0 0.7546022345748129 0.328002016083533
0 0.6914008040971393 0.4871225076563218
0 0.7983818084378785 0.50648025705033
0 0.669975861718383 0.41530229397514623
0 0.6529257870927642 0.4151105600244859
0 0.6709879938560196 0.4811059580463655
0 0.6671227835401704 0.47975312561548056
0 0.8542991250376158 0.31925055559943705
0 0.6857064253167261 0.4188204212349002
0 0.7834199561348444 0.30596528200208306
0 0.7914323520056809 0.2959663246860023
0 0.832326789445515 0.2597039600714248
0 0.8711400816712198 0.31390069245624275
0 0.8105165671698654 0.27780725308159154
0 0.8662164739415615 0.33754264206445517
0 0.8793189480334898 0.3375967744351769
0 0.6245064565652534 0.4533062381904666
0 0.6415049976940397 0.46187911180554986
0 0.6535851993138277 0.4692803511098653
0 0.6640837200080292 0.4167754256090864
0 0.6689420493343209 0.4804252389432335
0 0.6591735402994519 0.48010180711078376
0 0.6648528538172758 0.47898923248803915
0 0.6634249679649933 0.40711570387127016
0 0.6442649775668036 0.47162196215461283
0 0.6315750751314284 0.46727329809792567
0 0.6166643602184102 0.4629150972980745
0 0.6025845189637775 0.49844461996682216
0 0.6106219487854198 0.48342443113567446
0 0.6135485443887831 0.47558565967891064
0 0.6157815305492546 0.4684706816152364
0 0.6167103086091295 0.4629516321070054
0 0.6442434293559834 0.4717433966842352
0 0.6463587057741382 0.475188227260814
0 0.648271730051765 0.4795563054017994
0 0.6492403960680659 0.48451722836961936
0 0.6829026228264917 0.4577138029894575
0 0.8516729368439203 0.4504398110867882
0 0.6537612555902216 0.47523239146427615
0 0.6564410370361956 0.4775181444419198
0 0.6446295146700702 0.41863797425555915
0 0.6748342966731591 0.42531394424224767
0 0.6485644133785103 0.41692751395602184
0 0.7252968263022507 0.3877714194503485
0 0.7493220778960216 0.40429101137220025
0 0.6939776637886144 0.41344991785471513
0 0.8698382106008409 0.28258538847210024
0 0.8504838505877724 0.2938696376415862
0 0.8290087346789203 0.3048658771675174
0 0.6524243422701389 0.498311150975588
0 0.746830698055557 0.2887352367743057
0 0.7658385174183906 0.2663934858573251
0 0.7872592346577705 0.24248576765300847
0 0.7993471999711628 0.3731313379538827
0 0.8333479000043266 0.39736084176712677
0 0.729081072384798 0.35085566304311033
0 0.8368836550772945 0.35644381987948376
0 0.7019388826587533 0.362807609120003
0 0.6795170186441156 0.40298281998193564
0 0.8476796255836004 0.4121726981732024
0 0.8157948225359374 0.4033078866846421
0 0.7898471589329876 0.4016449965682684
0 0.7567839381061022 0.3902942513217445
0 0.7351646657231488 0.3784658968949518
0 0.7199647004091287 0.36769078492450447
0 0.6855894681773608 0.3389293526401039
0 0.8298852398425718 0.4380941337564078
0 0.8510219220873676 0.35846480334840236
0 0.6331549471692194 0.4061832374551383
0 0.7008627396595629 0.38617476428590236
0 0.8816701324680184 0.3946481605871719
0 0.7095680055739004 0.35701991863945287
0 0.695558341243599 0.41543092647520435
0 0.8223705653902851 0.3642914128236744
0 0.6859169428861593 0.3958888454597537
0 0.8294517141354235 0.4789299003216399
0 0.7316819097422347 0.3465236769336946
0 0.6741967759554899 0.3836071324281666
0 0.7354674761808371 0.5236505727474096
0 0.729945641529711 0.5377922458808964
0 0.848230372501325 0.4463860821657154
0 0.7688555838186529 0.5129062508334633
0 0.8782373387602311 0.3637093081861651
0 0.6357834063753297 0.5432319360620835
0 0.6301941807511486 0.4093529784044966
0 0.7117812392077868 0.40049105064541685
0 0.858962041667745 0.38530174356882646
0 0.7862500337105763 0.363293574303806
0 0.7712164860737475 0.36026633954515647
0 0.6614508640162552 0.48307683955387576
0 0.8121530164646197 0.46213458298969
0 0.5929892274397838 0.5518989055430522
0 0.6601851046839847 0.5505267725605256
0 0.6915969297855715 0.5461755426657968
0 0.7574624162686022 0.3560756448270226
0 0.7449039552785173 0.3514304902373242
0 0.7360142092161541 0.3486931838241278
0 0.8649881731105756 0.3593929101105164
0 0.7531738998014715 0.33982278652885717
0 0.7704996383642848 0.3386982682706261
0 0.7863451785679105 0.34136813628573376
0 0.8007096489773521 0.3473324722268668
0 0.8082189363769338 0.35342159191099537
0 0.8905957922150817 0.3630167589802034
0 0.7974890893018698 0.364094978621026
0 0.6706043512006349 0.4452616320270784
0 0.6711069579365887 0.41259263276385993
0 0.6393132198460495 0.43056258166871486
0 0.7012143240699286 0.5330627251739929
0 0.6696969497052929 0.5386269379730652
0 0.5973765197434003 0.5428977640403085
0 0.7640167957619776 0.5256961587430382
0 0.7388462937330897 0.343709894922935
0 0.6861825457102135 0.361274679835771
0 0.6277601307705988 0.5530900901773063
0 0.8273559657833244 0.47238022406228114
0 0.6316996903359136 0.467357652861865
0 0.6328990489621705 0.47223004306397853
0 0.632801382224771 0.47816807348855067
0 0.6314179791679865 0.4852755583968817
0 0.6292801114577281 0.4998196139722979
0 0.6581826262836215 0.47539369866293685
0 0.6625192829325229 0.47543899819296614
0 0.6666015333767179 0.47512271891788943
0 0.6900591374952582 0.4722901245459121
0 0.7815343292453621 0.461416988479657
0 0.6940812325175805 0.34984856025845396
0 0.722929216638396 0.33097292729118627
0 0.7338577508926392 0.33627028158064987
0 0.6539309477504296 0.4751228551570775
0 0.7675350165065331 0.4923215540183358
0 0.7052235324171525 0.32488959777255016
0 0.6346569181997564 0.5148586265179289
0 0.6764864846120907 0.35097316934281036
0 0.6875953266892252 0.3845075599285735
0 0.601918808644331 0.5134127654281317
0 0.6885772754874411 0.5046460688615045
0 0.7045043872881539 0.4297409004190055
0 0.6628790799575516 0.5121261906557056
0 0.7466203125217293 0.4387751707509786
0 0.7129472720472119 0.4467191188609233
0 0.7503250731697565 0.463785711122828
0 0.6004824461061743 0.5297620810714423
0 0.694980817505076 0.3954577619622068
0 0.7010976045946532 0.5178609976247579
0 0.6695778799962394 0.5247635106746557
0 0.7112011803856378 0.4930404655071868
0 0.7950893685787539 0.4819861994404085
0 0.7353756058065197 0.5003687714328285
0 0.8027982938138745 0.4950454068117115
0 0.7165155078791365 0.4677969334172268
0 0.6934123401400409 0.37344334840106697
0 0.6701334858242469 0.40649565661988674
0 0.6796150682847711 0.41417543694418685
0 0.6667234550548505 0.3955309678192566
0 0.743624556668197 0.3209885135084307
0 0.7772797195217277 0.3187611844359326
0 0.8042574192904219 0.32346308264745716
0 0.8244391408147691 0.33194218964135946
0 0.8358696744411807 0.3429402116300011
0 0.8315008275116547 0.37073566265800756
0 0.8645053981225702 0.4200291353113511
0 0.8071225655229786 0.38597808031140923
0 0.7863355135615868 0.3846211834114139
0 0.7629093867314013 0.37818776459253134
0 0.7427282725708394 0.36962122609969283
0 0.728110346613051 0.36140963610480814
0 0.7183534435079068 0.35415521723215654
0 0.8679368978814234 0.4226605725221607
0 0.6773512650139725 0.41826199950958165
0 0.6790174487270887 0.37177580344576794
0 0.6562710543976554 0.40287705295893994
0 0.64324454038958 0.40706668047010064
0 0.6552681647524049 0.40544329971826376
0 0.6700422756279572 0.4211739532086028
0 0.6391572197781333 0.40698981886150454
0 0.6360759576664695 0.4101141240416455
0 0.7248751045782355 0.34500285023066846
0 0.7127524667148348 0.34434531449603767
0 0.7043702655200716 0.3439506522747649
0 0.8120269488684738 0.35784741276118603
0 0.8275220665750624 0.35466018778269365
0 0.5910700503029401 0.30535664478269947
0 0.6098047276086445 0.3103588709310323
0 0.5970066484016708 0.2938770626773353
0 0.5721492556077016 0.3003072685220328
0 0.5850084408929076 0.3166345361234093
0 0.7779906520360633 0.34943635724171873
0 0.7959378821940362 0.35437914904426127
0 0.7840901952755602 0.33856025797312334
0 0.7601427126534378 0.3444486519201797
0 0.7719959186602242 0.36024848085825517
