0 0.3280709507847637 0.36296786246847373
0 0.31311489371307794 0.31508830248140823
0 0.31503675607689324 0.3316543249189019
0 0.27413539318092767 0.27015563920766367
0 0.3077565255547375 0.29957100289876387
0 0.2992430749321789 0.28030204272069853
0 0.2775012078667492 0.23457967834312374
0 0.11399204758652152 0.25655239403080876
0 0.26063579050548974 0.19334006008981658
0 0.2529861452961773 0.17217669834275873
0 0.22658170489319265 0.10406128498686462
0 0.3304062905693859 0.3695994682338725
0 0.33246589926727715 0.3769214293536018
0 0.3334992053891033 0.38201544465137127
0 0.3332616808796734 0.38163784638840276
0 0.3358203294659466 0.3877141342109659
0 0.33851442960747186 0.39526401547824636
0 0.3410361233139843 0.40380186727400924
0 0.3466736200238079 0.42282942730505596
0 0.3149886253262371 0.3234899297815745
0 0.29376287487991753 0.3271993565626171
0 0.015251231470188512 0.21460923059981743
0 0.17974374917992056 0.2591629238689647
0 0.15944693712242544 0.2643575775189226
0 0.1391688111210674 0.26760478013035965
0 0.10814790157326164 0.2634079498069293
0 0.19696923820026815 0.2528356864672749
0 0.13057285276897848 0.21682285227361514
0 0.1569181802655071 0.21497632976339645
0 0.10812055794247093 0.2237746673805707
0 0.095581528821072 0.23349215102796794
0 0.09547480670460166 0.27668663300052077
0 0.2749447348500103 0.4605994889048301
0 0.10430049625881614 0.252812380049409
0 0.028280672707638156 0.2824540942990813
0 0.06724966792114677 0.2694498517600094
0 0.1920785429859966 0.3245323742805075
0 0.30114643005379144 0.36502766442232104
0 0.3088197532082409 0.3811626434326172
0 0.2763369503403515 0.377332134073188
0 0.26050016013630334 0.38759650736629797
0 0.2883858504677624 0.3865702072111498
0 0.2720620754147381 0.39192279580594447
0 0.23682395843513906 0.4157188990536858
0 0.29513512281425897 0.31782822448666354
0 0.2869805219555706 0.3035305614898853
0 0.06295200912006797 0.2260234663132526
0 0.22240014103897512 0.2797939443454689
0 0.23976483670719564 0.3243700866939641
0 0.2341519120121807 0.31709109801872104
0 0.12454664436825218 0.3348141581404443
0 0.28000862626083795 0.28541927210757045
0 0.10581950572975578 0.19992684683545964
0 0.0784102949286312 0.2104320399233607
0 0.02762204138287009 0.18285345146302082
0 0.20635460046776236 0.19696516433015926
0 0.18167583374031485 0.21943575627997475
0 0.21460237828739584 0.4044728599676565
0 0.09925669161327781 0.4199701637780967
0 0.25925427404888574 0.3298889462019549
0 0.2786214175606579 0.33128168602951436
0 0.24300019172676504 0.40159560552164286
0 0.24775075642116964 0.4005409208666377
0 0.06385878948219718 0.2037735005386737
0 0.24047562209614218 0.3315395998353718
0 0.14629703489788473 0.19426424463256067
0 0.1387638869667858 0.1835824793794242
0 0.10434898463734092 0.13154949677758523
0 0.04816420105942191 0.19274674226589897
0 0.12695060400017202 0.15605752074084028
0 0.047949132599911105 0.222550045041477
0 0.03314630416878165 0.21937452911996708
0 0.3047863068962902 0.3736980739427882
0 0.28243402866371575 0.3822013684013644
0 0.2661716463948101 0.38974840066680055
0 0.26518897441872064 0.33187222080070433
0 0.24547290531643332 0.40105144616936433
0 0.2569266083622784 0.40139538400313435
0 0.25042955307014886 0.39996703165252
0 0.2690093490267605 0.3224209737377006
0 0.27596403388031426 0.39346647997196316
0 0.29244623807915154 0.3894154631457075
0 0.31167588857658807 0.3855890953908114
0 0.31760509041794244 0.4272331136281417
0 0.3141034665490002 0.4075118480276327
0 0.3123680177117199 0.39886818746892677
0 0.3114142837906689 0.39126388499048914
0 0.3115501525784344 0.38521946378114846
0 0.275942874231419 0.3935816535094873
0 0.2729617777253002 0.3969094987009086
0 0.2699488672400326 0.40126670408649606
0 0.2680008384371609 0.4064964690462214
0 0.23105306653030813 0.37414618500140534
0 0.047259000220379245 0.3500761818819019
0 0.31505582956322137 0.3275039887227932
0 0.26362040368565026 0.3969227676632024
0 0.26039285687454644 0.3989465350196475
0 0.28729723123558465 0.3359280651023074
0 0.25061462549217645 0.33917468736151685
0 0.2831980410004467 0.33363965713009447
0 0.20173074034698904 0.29260701358485286
0 0.1696079197312206 0.3085385791393889
0 0.23242674497612417 0.3247266867581536
0 0.05517828194149436 0.1548670468544092
0 0.07723866132744255 0.17121245630648957
0 0.09427332607754173 0.19051491863587322
0 0.2593854191685528 0.42215220901478573
0 0.19232161072739065 0.1789229104832775
0 0.1801309111500591 0.1471024880222246
0 0.16001362828262747 0.11589938886359293
0 0.12041401592739524 0.2677009339426078
0 0.07737669078358116 0.2919858520438357
0 0.20839024809845388 0.24731176206711628
0 0.0795481773997158 0.24513987299440956
0 0.23494770852573812 0.2671099507174238
0 0.25180282918461266 0.3157796602623135
0 0.056658295073589694 0.3075322219971515
0 0.09645789591320457 0.30018177085897835
0 0.1270187023068279 0.30061418602780465
0 0.16730139879234732 0.2899334891503598
0 0.19458207217701376 0.2780935123187153
0 0.21450991658218801 0.26733214648163955
0 0.2581581446314663 0.24172531790426133
0 0.07114514438160362 0.3386267557197592
0 0.06283643571384849 0.24633708688057437
0 0.30410028723724786 0.32477419650187345
0 0.23041377691276968 0.29372110520424294
0 0.01966272024162711 0.2833465705064832
0 0.2288718941593975 0.25643790636409897
0 0.22975088385590017 0.32641590743505655
0 0.09544196454533042 0.25491930924209893
0 0.24611086873062551 0.30683310860011426
0 0.06882767108925285 0.3850555934158026
0 0.20691238073357046 0.2420058390673469
0 0.2622891637469143 0.29440119887600424
0 0.1656675162697643 0.4456278259346799
0 0.1718776348019451 0.4620532448552236
0 0.05063788322456778 0.34657631501430225
0 0.12855122713097036 0.4310705608346549
0 0.0292953970814556 0.24916663373551784
0 0.2761674049282879 0.47557371070071097
0 0.3065054836655468 0.32834360011819363
0 0.21414367584236563 0.30833057562510174
0 0.050960374155125034 0.27610211278878005
0 0.13682077554710806 0.25862484502525224
0 0.15519766239174307 0.2562294939652878
0 0.25388067690380517 0.40438936838582784
0 0.08620893684872093 0.36829351744398015
0 0.3222966018105358 0.4874439713667755
0 0.2493149760151714 0.4812046573275611
0 0.21488456157692373 0.4741942925947387
0 0.23999754814155996 0.13833638633332668
0 0.3668951812172741 0.4819274596473416
0 0.1724969270611614 0.252021979884941
0 0.18903109160908163 0.24721893209035323
0 0.2009034874821514 0.24436399482545398
0 0.04672236470230521 0.2469443991070702
0 0.18142159012802542 0.23250209650739567
0 0.1600038531208843 0.22962096425331607
0 0.1403071853304714 0.2315174234347517
0 0.1224445077563137 0.23731485201197178
0 0.11271916059502067 0.2437968851805401
0 0.0130903246785015 0.24642933650510987
0 0.12366033820160331 0.2582903906744735
0 0.31905419854172173 0.343444312320036
0 0.24968173829563559 0.361709263144421
0 0.2587752762223095 0.32713343382549553
0 0.29000819949158135 0.3492659837925801
0 0.26867419210918847 0.21494513583116504
0 0.20432331887730062 0.4586945354771547
0 0.23918442157753408 0.46752396150797354
0 0.31861962107666436 0.4783085678137985
0 0.13473717597969473 0.44559113184611004
0 0.1985834064865917 0.23823705808121284
0 0.2531680884743542 0.26741086334741415
0 0.36473504928596917 0.4722577627299547
0 0.2844410362625927 0.48628160499391104
0 0.06987949935444297 0.3787095209463638
0 0.2922896268750042 0.3892477941112358
0 0.2898528995896191 0.39435067297029897
0 0.2888680520439953 0.40056693119829107
0 0.2892272892380566 0.40825337989657534
0 0.2862007143879742 0.4265187791749543
0 0.25903992084511224 0.39639652009103815
0 0.2540815892601818 0.39600823807115315
0 0.2496969672823757 0.3953592987621532
0 0.21843917397507132 0.3888490657512547
0 0.11892503229626121 0.3707039049025677
0 0.2465151521349758 0.2532118338496745
0 0.21826477078445852 0.2263380567900607
0 0.20545208183773458 0.23068989391754322
0 0.26365212825783196 0.396647364151578
0 0.13055379418381155 0.4075527101003823
0 0.23871808973797262 0.2212792187511754
0 0.27931157974251214 0.44384450905797196
0 0.2918006005669445 0.2646912668599468
0 0.26629844037540856 0.25679685421684545
0 0.28492121128090325 0.25030280511920194
0 0.24623957005985678 0.2935167420812014
0 0.36009736088760796 0.4579382837653494
0 0.35314331678398553 0.43970314194174376
0 0.3167787912274212 0.4451692685359666
0 0.21938885478027761 0.42606758169767234
0 0.21571521190651358 0.34148694253435324
0 0.24793402580269278 0.43759319227950577
0 0.1635429385090679 0.3483215396811648
0 0.20097560910232962 0.3598307157430996
0 0.15382413295753897 0.37605195619812865
0 0.3166154745007366 0.46388491562434603
0 0.23526979712494314 0.30486336676012565
0 0.20535479215629995 0.44089824545617196
0 0.2401866140747875 0.451845798839708
0 0.19405756620415152 0.4106501818371086
0 0.10204891590126457 0.39304614668132876
0 0.16653226045616568 0.41846847600963605
0 0.09381071952827873 0.4073702948434012
0 0.19106779722221792 0.38220353153239445
0 0.24208202687748373 0.2802826009210752
0 0.2616409781361431 0.3210168906620571
0 0.24885633317478598 0.32780263270316673
0 0.2682684930945248 0.30909112721932036
0 0.193912548103413 0.21313797175383367
0 0.15348903564461172 0.20775570605649335
0 0.12102338401325645 0.21094180021633288
0 0.09663788703926506 0.2188594797078301
0 0.08213458684929313 0.23025999800497746
0 0.08388793198116722 0.26153252839374275
0 0.03624476222046317 0.3148285948595747
0 0.10945969549663963 0.2811393590868354
0 0.13373206285484732 0.2817444290433611
0 0.1619293513680309 0.27611292844393004
0 0.18710125712402761 0.2677445131189683
0 0.20641444353111685 0.2595087610372976
0 0.2196485373164028 0.2523215471529493
0 0.03220586208351554 0.31661845388866605
0 0.2500525983954281 0.3321122755857409
0 0.25911137191303674 0.2802767446395062
0 0.2784602764035076 0.3187557328648928
0 0.2919508340741009 0.3245895125952755
0 0.2787235501194805 0.3215487043396765
0 0.25718822804935876 0.3356739499655758
0 0.2968706908608288 0.32506737989537854
0 0.29939017919548455 0.32859043447243397
0 0.2149103405857891 0.24093253038176635
0 0.22823184458263815 0.24198817789387636
0 0.23734502223976553 0.24254691200096065
0 0.10780916837700309 0.24851050597279012
0 0.09029975263126792 0.2436140478492117
0 0.3101653876686901 0.2640231759274373
0 0.4182189526940197 0.20583318378411086
0 0.33211524514206353 0.32081920158963245
0 0.45517180589683953 0.14307841800508045
0 0.3666992607498974 0.22818327350776738
0 0.3874589624787182 0.2259660905816642
0 0.4062928977394909 0.2223984280220267
0 0.427965921440205 0.21068111654757118
0 0.3477858724976391 0.2277679787296541
0 0.3761674585724682 0.17577223099914252
0 0.35259027508743707 0.1818347222664777
0 0.3996874812031597 0.17535118545804704
0 0.4166330519104809 0.18048713120425783
0 0.44699136642464105 0.21839766442274847
0 0.43076108125694695 0.4320900022816591
0 0.42326293615349236 0.20039177491885274
0 0.4901837530518383 0.2053161954679409
0 0.46267227558144036 0.2046849437120582
0 0.4068463864708752 0.2881783193566886
0 0.35180748728760186 0.35606481013845664
0 0.3543989482308239 0.3733483325867426
0 0.3788556578541607 0.3589781519411659
0 0.3963623466873974 0.36373387464956075
0 0.37326113609322015 0.37179071996726243
0 0.3882848146344036 0.3717393060358299
0 0.43205199865349236 0.38166256411736754
0 0.32992328433044854 0.3119306323908958
0 0.3275594237233013 0.2966059569885083
0 0.4360354366684765 0.1643078343874934
0 0.34962327507980767 0.2584085451120756
0 0.3732676031971783 0.30162848344370097
0 0.3715067925835461 0.2937233210945664
0 0.4663170698071331 0.2767938135050926
0 0.31872723726280633 0.278770598710752
0 0.38360707191475335 0.1519463451302686
0 0.4132285538102001 0.15417500320268945
0 0.43089358238228265 0.11807138345488648
0 0.3001874509240002 0.1794034553175213
0 0.3351048949147076 0.19314863618348493
0 0.4430050077820629 0.36496559311361876
0 0.5176861706162303 0.34673728361851025
0 0.3600751879597515 0.3128157750565131
0 0.3451822224045605 0.32019761797426793
0 0.41567890075691644 0.37265008971804664
0 0.41096369651802483 0.37297218520434294
0 0.41839085248955193 0.144121442856241
0 0.37563518909462396 0.3085254948346221
0 0.34646649388321343 0.15844743759358296
0 0.344640326776585 0.14599900102081084
0 0.34594545988090936 0.09356044454067028
0 0.42724071172722283 0.13053654472367102
0 0.34668470648773614 0.12063501028119683
0 0.44296060232170525 0.15750299348216765
0 0.45148081807144586 0.1502561352166141
0 0.3541243198300213 0.36515568484779165
0 0.37637854842194024 0.3657528672899519
0 0.3926135423565716 0.36771659457049116
0 0.35578541187294427 0.3165452503690533
0 0.413221162834248 0.37283904712741117
0 0.40524302152641717 0.37629462256818924
0 0.4081842127228588 0.37322099803208636
0 0.35014115003593865 0.30877412300483853
0 0.3846880915547222 0.37444216463746144
0 0.3704070868874401 0.37577093382175564
0 0.35343537954338494 0.3783580649132822
0 0.3742722096825451 0.41728672059644173
0 0.36586476592071954 0.39871544931449143
0 0.36211280254372064 0.39033956854951146
0 0.35795221952446404 0.38328420013940634
0 0.35329831866272393 0.37807474750764564
0 0.38497845558174554 0.3748091055231602
0 0.3903961005593151 0.3769149399605118
0 0.39602796463020745 0.3798797748335937
0 0.4011121216202587 0.38393327134663985
0 0.4112818065071911 0.3432928140089959
0 0.50782642988213 0.27196984665066587
0 0.39580319551475945 0.37426655532933084
0 0.4005858424092144 0.3751261624969354
0 0.34150658277519647 0.32696463046621543
0 0.3709857883835644 0.318792215916289
0 0.34324802187927667 0.3237390327854317
0 0.3749072971726269 0.2634687812722364
0 0.4129497828865856 0.26750485402863233
0 0.3768058839226574 0.3002019249090627
0 0.39671097425468865 0.10060024895921808
0 0.3940618756199688 0.11964405885263651
0 0.3849785151863903 0.13985045934591642
0 0.4185125055695385 0.39408595321559103
0 0.29797114161499444 0.15781249268716122
0 0.29728732732780877 0.12833819686531686
0 0.2911672416115612 0.09535038270870176
0 0.4212145629311413 0.21751984210909248
0 0.47191624073036614 0.2261709549179932
0 0.33433155445106927 0.22612955206248606
0 0.43723152307518426 0.1863936264307893
0 0.331541520633778 0.2508776571904244
0 0.36000631479271356 0.2974562785204719
0 0.49301816252716485 0.23396701104834633
0 0.4645027938271374 0.238102838438766
0 0.44230274585731927 0.2469090240008357
0 0.4031190100098461 0.2506792162980686
0 0.37192998556145135 0.24914877471469699
0 0.3474527719403118 0.24560056714450612
0 0.29809467224129144 0.23506367891108623
0 0.504096907653889 0.2650451893899955
0 0.4499100270653576 0.18282087259933727
0 0.3249834003830761 0.3212644372667585
0 0.3542534532929272 0.27281716090290486
0 0.4874381842995495 0.2056801686433851
0 0.3278685632134289 0.23976056181750044
0 0.37809912590034905 0.30128056228327815
0 0.4315932217026562 0.20011403680849477
0 0.3567555668736309 0.288062644605877
0 0.5153741958523601 0.3082863105779268
0 0.33101556924827996 0.22095617359759762
0 0.3375864448929638 0.28159770544837504
0 0.4996865811730236 0.3857760479470261
0 0.4990514936829418 0.4027585786263816
0 0.5150809111977428 0.2673702650711316
0 0.5156228366280406 0.3626104446352363
0 0.4702611389542431 0.17606116726952775
0 0.438014966526112 0.4456046909845176
0 0.32286010412224236 0.32566928429429937
0 0.37690652636536065 0.28085619995907907
0 0.4792347970391125 0.20591273160875678
0 0.40124813941963616 0.2135150292340447
0 0.38451920179375115 0.21715979950100767
0 0.40976910022743646 0.3780894409708616
0 0.5113771977806896 0.29543528102693106
0 0.40734295276649896 0.4715602057320731
0 0.45714761046417657 0.4422897190606895
0 0.47715310482033196 0.4256877675443804
0 0.36685149101265374 0.2192245872080827
0 0.34941328791626397 0.22029383342807032
0 0.33768810061462823 0.22139284907936715
0 0.4601968946839184 0.1793422281575136
0 0.3444673838997692 0.20532346306060875
0 0.36006225375183526 0.19665243361844403
0 0.3780137720490307 0.19218655727824577
0 0.3972183289910168 0.19189569529365091
0 0.4099958959008068 0.19483386034391173
0 0.47275350717552606 0.17104069842677824
0 0.4117102446938366 0.2096610683686927
0 0.38850323585518304 0.3380944408288523
0 0.3595956983948559 0.310063929450946
0 0.348456484356007 0.33950638503921465
0 0.4795715930844158 0.4086305297055498
0 0.45967910913475457 0.42688134103929964
0 0.407147091903767 0.46191886693489653
0 0.5119848671341747 0.37834012675352124
0 0.3348396840477795 0.21507129649154277
0 0.3211878064061016 0.25591801628679123
0 0.4354349794770092 0.4579047288547377
0 0.5211668434525341 0.3008996138051778
0 0.3705775859738201 0.3757823562087799
0 0.376519662418446 0.37954818267448276
0 0.3816462877178997 0.3847231307283503
0 0.38646913794525567 0.3917012595328964
0 0.39974648980148736 0.4063716405580024
0 0.4000113430405468 0.37216380731064397
0 0.40441886810310784 0.37023822499924347
0 0.4081483903313488 0.36813297091411945
0 0.43065495518692437 0.35240930335528375
0 0.49231724170692864 0.30667050445781036
0 0.31396116045959893 0.24196852505707941
0 0.3111921074772686 0.2095537691557107
0 0.32388587025650445 0.2101395951599634
0 0.39540837434776727 0.37386822266405034
0 0.5043305578614086 0.3423415375690834
0 0.2938152375603527 0.21048627647699095
0 0.4163736524964184 0.41903284217129233
0 0.3046908798600048 0.25029197627422856
0 0.3448547544861645 0.27687192363899293
0 0.38740454343803826 0.4323621874763852
0 0.45178650049217645 0.38487046105521067
0 0.3995068195248455 0.31016134948623614
0 0.436678958215794 0.40365271675152603
0 0.4463181617642254 0.3001016558719282
0 0.4246972027207226 0.3215617095055032
0 0.47127578882225457 0.3214234010178168
0 0.40050480989464227 0.4485659118460006
0 0.35958368805893365 0.2838240157322389
0 0.47065995363243524 0.3932156359114233
0 0.45121828941353265 0.4134162460722509
0 0.4625779810334057 0.3637316059999439
0 0.5145414891625255 0.32168163137943473
0 0.4865463796044201 0.36212424136677374
0 0.5230045738602489 0.33250277349594926
0 0.44769321111687127 0.33806352388291133
0 0.3370698216343731 0.26428677454716015
0 0.35579783944137994 0.3050395036611904
0 0.3683663132572979 0.30750317800612675
0 0.34467027811058465 0.2960957482415421
0 0.32081205872543755 0.19047827730659678
0 0.3504064801121563 0.17359052869786068
0 0.38002799180992547 0.1669210549496135
0 0.4057596149826855 0.16713786926590093
0 0.4250424924279064 0.17343548232433842
0 0.4448825540924877 0.2026558080975081
0 0.5051399889374584 0.2357008660874781
0 0.44004113701828423 0.22607242693754137
0 0.42172066596992913 0.23316336830123133
0 0.3952183547402233 0.23722248367902612
0 0.36820511249550286 0.23802145722867393
0 0.3461742821122021 0.2365912319231434
0 0.3300857069874615 0.23382584036899215
0 0.4973924281979412 0.23860860221526203
0 0.36874620346077386 0.31191100593374554
0 0.32781122354515496 0.26859599535538703
0 0.3428103151703686 0.30781181987260237
0 0.33347202567108575 0.3176207749449572
0 0.3427206101799816 0.3107933003027566
0 0.36426470903404656 0.31747653103676166
0 0.3306992175961346 0.3193729374589038
0 0.32856793431290093 0.32370571529164033
0 0.32421482829101983 0.22229623327068254
0 0.3153594556237072 0.22680731113551378
0 0.3104945543194622 0.2294734096994587
0 0.4174770834828228 0.19767240265838237
0 0.42802689699181024 0.18833533989615134
0 0.1505628052140087 0.2425444850734636
0 0.17242844132431448 0.23859568937819878
0 0.1449105265522808 0.22926257037315048
0 0.12842823294647635 0.24665678181902034
0 0.1560932519818157 0.2559999778491108
0 0.3719799938584179 0.20442333675566174
0 0.3946487131501049 0.2006031418380951
0 0.3665684285546154 0.19102800276433052
0 0.3493443849469036 0.2082349582880485
0 0.3776858272934765 0.2178258592007207
