0 0.5952923430696778 0.4225000233213971
0 0.6257310355811015 0.3817689613695594
0 0.6195229405294294 0.3923762036298496
0 0.6416468813043573 0.33754335036096367
0 0.6343103935537131 0.37003854683775833
0 0.6469015030433303 0.35433438123352284
0 0.6785760256259338 0.3157334562013115
0 0.5655992058632167 0.27286550019314326
0 0.6967833903820618 0.29190551038777485
0 0.7071324120397153 0.2776761276890402
0 0.7524301435636438 0.21734863811213037
0 0.5923661427653354 0.42587902029787283
0 0.5896996773131515 0.42911316745955014
0 0.588160353348307 0.431266979570838
0 0.5880344147267549 0.4312411108310672
0 0.585078919387382 0.4346927722403105
0 0.5813284875906032 0.4389814613521963
0 0.5773380734026432 0.4437678589661052
0 0.5683897247780925 0.46230490370721056
0 0.6221253272631894 0.38738736925997597
0 0.6057981999348039 0.38062450916006946
0 0.5388609800973664 0.20815429296614468
0 0.604101573643477 0.2968509150264056
0 0.5865844105896743 0.2925852077432733
0 0.5709341053405533 0.28698088142319
0 0.5556072132742923 0.27446416814042174
0 0.620566434348407 0.29899254916370777
0 0.6003404982064081 0.2612177597331828
0 0.6187304397640021 0.26849397312363854
0 0.5817486778225588 0.25735156815769017
0 0.5680294091934743 0.2575476890078921
0 0.5352964116179425 0.2761261212113111
0 0.48679823088257207 0.4599816337011863
0 0.5619161893492159 0.26825589751419815
0 0.491495362766411 0.2536460602844971
0 0.5211566691489323 0.26269432016904803
0 0.5514755122687506 0.3400311112619828
0 0.5773546728103057 0.41288058367976244
0 0.5724012427355932 0.4220009533067544
0 0.5555303721972134 0.40923072133159294
0 0.5393950139050898 0.40783892766289087
0 0.5567612141046835 0.41678454462384834
0 0.543317195352005 0.41314912943736365
0 0.5013898943105469 0.41506064272877097
0 0.6110809655941051 0.37615536919970444
0 0.6169106775651807 0.364148391113765
0 0.548848134667977 0.24281318512731703
0 0.6101029018021148 0.32266342936866527
0 0.5740430993230446 0.3572980916478496
0 0.5783278318526952 0.3505120858334113
0 0.5033012618837149 0.32138118703944096
0 0.6297177795482718 0.3498842268102411
0 0.5969352006264355 0.24698671296346877
0 0.5705804128361784 0.24168732765036216
0 0.5671732134145239 0.19379980238559452
0 0.6626445147330347 0.2829157703326664
0 0.6323959396585174 0.277944963398403
0 0.49504733571539755 0.3999503235454145
0 0.4211804387362107 0.36739875036089314
0 0.5825534571448098 0.3684275244241175
0 0.594283299277658 0.3767965407907099
0 0.5181888285214487 0.4069892681487229
0 0.5221657463065956 0.4082216387749582
0 0.5667799993053727 0.2316084909590258
0 0.5699796310585478 0.3617513220811236
0 0.6279066757339499 0.2605736886245617
0 0.6317969262599945 0.2506426264788362
0 0.6499970673542955 0.19026561818369056
0 0.566958972617336 0.210882764255655
0 0.6422019187846909 0.21741460844118526
0 0.5425906918295051 0.23426399525740874
0 0.5404614299211813 0.22045044120455135
0 0.5739893806369408 0.4178627113393251
0 0.5558637283418489 0.41326266446191334
0 0.5411855144345242 0.4105064082296862
0 0.5852862201307131 0.3718656715599523
0 0.5202401316036349 0.40762070744581846
0 0.5272895413572374 0.4120026097457478
0 0.5242649457700874 0.408923851515072
0 0.5933232195675373 0.3682835318580054
0 0.5451082797802013 0.41507801462126814
0 0.5578955959366716 0.4191865554430347
0 0.572187535788702 0.42468336008597113
0 0.5457333684291529 0.45375346986279974
0 0.5584593418499698 0.435996950050627
0 0.5628167280684346 0.4312252013039762
0 0.5674346332316813 0.42746939310345095
0 0.5720145015612893 0.42475244424481323
0 0.5447105279435283 0.41514571205429407
0 0.5405298795389093 0.41573933155640314
0 0.5357639310152634 0.416929016240697
0 0.5310434598637663 0.41898326143838355
0 0.5300888354363649 0.3874447040691756
0 0.45232026019821997 0.3037023364795723
0 0.6209698583444824 0.3898173415142557
0 0.5348313612782437 0.4121721937064675
0 0.5311935385284217 0.4119867506450501
0 0.5966465878097907 0.3833816982805729
0 0.5716637285507243 0.3708110539701538
0 0.5954940884333589 0.3801437439262003
0 0.587305075124554 0.3231901582600414
0 0.5534379793250043 0.32161529157040775
0 0.5720142012704974 0.35443465411663055
0 0.6029481567118479 0.18691173355108587
0 0.5999803160843642 0.20903273334429748
0 0.5981344119038271 0.23637726454847102
0 0.5113924971741178 0.4276347664603289
0 0.6679156357827394 0.26745352535036165
0 0.6839412544732508 0.22985302214173303
0 0.6979177888968716 0.2003627974755954
0 0.5595265419586845 0.2807606849549473
0 0.5113956168617891 0.27741481811887975
0 0.6319493405196978 0.2997399943786255
0 0.5478920421522596 0.25650482076773606
0 0.6276152435204257 0.3195417834904747
0 0.5873963301596434 0.3574293263364529
0 0.48561600271774374 0.27895393249565276
0 0.5171358088112396 0.2891500357646441
0 0.5353930385216422 0.30050048742281354
0 0.5683260130817476 0.3092150884693947
0 0.5950930333979751 0.3122709026911121
0 0.616235106697549 0.31309416398837947
0 0.6601472631420778 0.3127384436033342
0 0.4689878505533156 0.30392738947293896
0 0.5348443571964036 0.2510073857948832
0 0.6132252253592014 0.383730245511169
0 0.6009388776577037 0.33463215903527493
0 0.4909339190825172 0.251473186996536
0 0.633552242718313 0.31222686784314935
0 0.5710655326104682 0.35444567228357
0 0.5540553771931193 0.26657596743409184
0 0.5930846051677413 0.3494283470014731
0 0.43458461891049927 0.333937106843012
0 0.6349557518311169 0.29622391325192177
0 0.6120028583251912 0.34837077946766565
0 0.4305461081473724 0.4067292444515919
0 0.42252490734276565 0.4211376282399979
0 0.453037621534389 0.30212559140678763
0 0.4234210251142149 0.3836662292048551
0 0.5178118968463462 0.2349824200829734
0 0.472396234455316 0.4713254542886347
0 0.6138315291508384 0.38676281316556793
0 0.5790417898932229 0.3377678486640039
0 0.5057684677126615 0.2591443146862414
0 0.577978109859902 0.2813437149144601
0 0.591292569818704 0.2864488325473191
0 0.5233684943422027 0.4125797398172427
0 0.45307802732871927 0.3284368479921334
0 0.49313443332262663 0.4995588389211807
0 0.45079114612029947 0.46505931937608164
0 0.4359427340652632 0.4460278438485187
0 0.7308858807968057 0.24587856775716596
0 0.5300494639769845 0.5151604624546092
0 0.6059943065047264 0.29004578500230244
0 0.6208039810476096 0.29295403899058053
0 0.6301904372546984 0.295351914845515
0 0.524923967278522 0.2443254852694446
0 0.6244685630435529 0.2835279845673105
0 0.6119187602206416 0.2758388420485932
0 0.5978373575793661 0.27068241556053574
0 0.5827045868272367 0.26774101882525114
0 0.5727054706734159 0.2674094778958006
0 0.5152629785563635 0.2262996254839759
0 0.5702262365299723 0.27674089458541595
0 0.6120884912493436 0.40234414007568703
0 0.5519436989789424 0.38641406422939856
0 0.5837962773183117 0.3666719799672348
0 0.5871245002617007 0.39417899761726893
0 0.6887255541008451 0.30309883340437344
0 0.44174950715640315 0.4304535514202671
0 0.45544230014733644 0.4508245536598606
0 0.49880555838994356 0.49037720122631046
0 0.41781512988002406 0.3966774741268676
0 0.6321392243970996 0.2914517610941244
0 0.634481292379939 0.3272488021656223
0 0.536289056196161 0.506022216671187
0 0.46859119978287944 0.48301265340136446
0 0.43735076422276703 0.32958137584121333
0 0.5575592535669389 0.41927210381929425
0 0.5524873254091843 0.4208482815951541
0 0.5477175398365312 0.4235480602668679
0 0.5428237675324731 0.42748530263054196
0 0.5254466734502626 0.4408024592676025
0 0.5321152060414138 0.4104240619294021
0 0.529336223297793 0.4086729802083278
0 0.5272664690147275 0.406998244046733
0 0.5098019903120787 0.39191792856739915
0 0.4695276899830155 0.34197154408995656
0 0.6448685510650926 0.31541719446903554
0 0.6519721966722737 0.2936991519848074
0 0.6412394367482351 0.29061957432524016
0 0.535108479630688 0.412145568570797
0 0.4439131189947543 0.36921490734254103
0 0.6653869203899218 0.2992863837575567
0 0.5059254030170648 0.45004390266494476
0 0.6579068936407566 0.3410098371298417
0 0.6503519109733726 0.3254960185537736
0 0.6681067875545957 0.3286016288388898
0 0.6076669929468114 0.3411257674080738
0 0.5458977776377097 0.4926506751689358
0 0.557814350594645 0.476583540385616
0 0.5294751912031485 0.46560021808397944
0 0.4803312017541865 0.4145966442706792
0 0.5499242100378742 0.3590397940597672
0 0.49003189559216087 0.4334480723609095
0 0.5135409109618353 0.34442224159188894
0 0.5251708563579165 0.3656764116840086
0 0.4837867479933345 0.35816202183132584
0 0.5115307477181372 0.4786046554428944
0 0.5925598470089228 0.3435709684331348
0 0.4581007244794265 0.4187492829734001
0 0.47103164636570477 0.4402279261553633
0 0.4768123108407725 0.3953219370349594
0 0.4408963142853716 0.34983279188905936
0 0.454132748686749 0.38951006828658824
0 0.4258967725479085 0.35625282815401105
0 0.49926874025360396 0.37636052898090816
0 0.6183173230484776 0.33085991183052893
0 0.5891043508182401 0.3645675605081994
0 0.5765734496323959 0.36311328853817953
0 0.6014452346641085 0.36000780431904655
0 0.645132006186506 0.2818723852219789
0 0.6222766404566558 0.2663327987589266
0 0.5988676386035007 0.2565026902526185
0 0.5772450333056243 0.2516115318065968
0 0.5600035371987716 0.2514032329824092
0 0.5390689147879248 0.26527733652704005
0 0.47017987153452373 0.27664437846861023
0 0.5410285290816556 0.2839596723138854
0 0.5552942435378614 0.2926639611630336
0 0.5774809951367585 0.2998828775640847
0 0.6004593132630639 0.3040563927936381
0 0.6196298774169839 0.3060173491636912
0 0.6334577011673347 0.30660721189949824
0 0.47127791818069376 0.2769940350798593
0 0.574924469480048 0.36602707682312396
0 0.6249147451118283 0.3380534385425457
0 0.6001326636127804 0.36985998697902844
0 0.6057905091539674 0.37844664365917013
0 0.599479397677857 0.37155350697213324
0 0.5777030434945355 0.3711023168179436
0 0.6082696432004804 0.3809083089016486
0 0.6086319774065329 0.3838264086432215
0 0.6401487972749316 0.29867751027146977
0 0.646364616473084 0.3041821814317634
0 0.6494123678168525 0.30795765592568164
0 0.566789308319921 0.26779893353797385
0 0.5577778819462528 0.25998044732040254
0 0.6722231904125732 0.3478735752295757
0 0.8093835620776467 0.35380084477904916
0 0.6419044307068639 0.39297244530441106
0 0.9082944108092267 0.33171175228620786
0 0.7526413814529128 0.3461856021397356
0 0.7693488938005074 0.35345512142647867
0 0.786496265426926 0.3590646290584751
0 0.813354540778243 0.36012121327761293
0 0.739754068462745 0.3382705998053585
0 0.8027747623298479 0.3264501867680878
0 0.7813345002739326 0.3203332131269617
0 0.81958811049876 0.3347288264312606
0 0.827819815148478 0.34262759146699007
0 0.8229153992041297 0.37237064146261284
0 0.6216036053779332 0.5072898101331531
0 0.8182000997273818 0.352741260189509
0 0.8817186757274296 0.3858717283692913
0 0.8490480385396791 0.3715180824308292
0 0.7284476530292759 0.4005195366731588
0 0.6172024267523185 0.427767564367125
0 0.6084684357047081 0.43552637094820756
0 0.6338299116038758 0.4387877231490785
0 0.6443674491475457 0.4473688077127588
0 0.6237480653368909 0.44208641609419946
0 0.6357526902271353 0.44800879428352136
0 0.6656497582469297 0.47205313235737273
0 0.6415155708141949 0.38656241867853247
0 0.6521524712443352 0.3761574366818304
0 0.8566327166298161 0.3439584952657637
0 0.7148052087944486 0.35807135517614475
0 0.6906881212540295 0.39734065683855524
0 0.6969913584382638 0.3911984700007715
0 0.7826536109913951 0.41676944191905035
0 0.6628833793751572 0.3611075535308624
0 0.8231135911267736 0.3196148513343887
0 0.8452222671197809 0.3313140393221292
0 0.9052147285445876 0.30627860830745834
0 0.7363822032576022 0.30303704846596374
0 0.7599007111528645 0.31848170724359975
0 0.6875298295332037 0.46658103664716083
0 0.7881556389772374 0.4935473825080671
0 0.6723227034444395 0.39930073074672534
0 0.6548705366642579 0.3977881658660329
0 0.6569300143291121 0.4592280364662841
0 0.6532756755857364 0.4576227374482846
0 0.8594264886949373 0.3274829319097858
0 0.688480683642885 0.4026452360701734
0 0.787982804943686 0.30979733681981114
0 0.7976604431219723 0.3022009914713925
0 0.851019247394541 0.2568011514680541
0 0.8820703829760137 0.31529351113283116
0 0.8218444955089818 0.2765727351703074
0 0.8704994447205378 0.34220963230599527
0 0.8893804951854374 0.33689569897841715
0 0.612662513780853 0.432308965349111
0 0.6285558877431828 0.4407263406268928
0 0.6401154483142106 0.4477857583458873
0 0.6666017467884914 0.3999387506881486
0 0.6550304248281147 0.45840686786433926
0 0.645703793219898 0.45642581657654996
0 0.6512209358422653 0.4567297112358653
0 0.6644566361994847 0.39255841940209485
0 0.632411437999943 0.44793320511994156
0 0.6202417365882708 0.4426567890289901
0 0.6054823273873847 0.43716850644652394
0 0.5923894987158154 0.46997266543516214
0 0.5981276553610096 0.45064014433950617
0 0.6015508369259213 0.4454987701298534
0 0.6041162878922794 0.44102373028147046
0 0.6053955933969953 0.43719245898334874
0 0.6324189619525619 0.448091392715772
0 0.6341234792185866 0.45073882879122446
0 0.6350957540714223 0.45396634488218074
0 0.6351026774424574 0.45763809228504915
0 0.6806487994997398 0.4394460901402045
0 0.8483936048072317 0.4391872514633165
0 0.6415725593333659 0.45226773182335106
0 0.643697133368772 0.45421706490974495
0 0.6449997948239679 0.4002839697767859
0 0.6769914578484453 0.4073841320215792
0 0.6498045809566975 0.39907494657065556
0 0.7281911713273629 0.37101159973636916
0 0.7508176821081535 0.38884882699104323
0 0.6966265384917674 0.3973602222791616
0 0.8880373945702678 0.2813789755699859
0 0.8611842908936999 0.29516296714976215
0 0.8353172087151072 0.31309464303911594
0 0.6442909917753675 0.473807390941226
0 0.7527541239624438 0.29120230172639305
0 0.7794072006059729 0.26140287502304366
0 0.806997651639192 0.23648628641081892
0 0.8021025447093922 0.3617705345369767
0 0.8363605857543324 0.3863900108397871
0 0.7318534177282582 0.33232474812994833
0 0.840767753512963 0.3530290436161601
0 0.7076599562297696 0.3464443147506403
0 0.6811125485793404 0.3894684917252997
0 0.8501841387023097 0.40307678514416667
0 0.8178155273199081 0.39062918123343715
0 0.7913377871331961 0.3874436703281126
0 0.7586772597354391 0.37414391079674597
0 0.737442830334539 0.36081949275904807
0 0.7227716565780018 0.34944854277199594
0 0.6940464066422504 0.32408678995958273
0 0.8290377946003623 0.42703635645085486
0 0.855452006601769 0.3567151121147301
0 0.6319891123668008 0.3901726963079494
0 0.704642567621625 0.3698935961701732
0 0.8883046533750452 0.3859361732999484
0 0.7129954229230466 0.33915765049016994
0 0.6980188534311627 0.39819609017475793
0 0.8250607099869977 0.3559547829563203
0 0.6882198310416677 0.38193292278742447
0 0.8222151878087417 0.4669001096508641
0 0.7349067077688549 0.3283985617530087
0 0.676562409038129 0.3703560314100722
0 0.7251706129830816 0.5090562971173853
0 0.7157779841319375 0.5229836887531523
0 0.8458970872604329 0.43640099152706674
0 0.7601929274590119 0.49992435463312745
0 0.8873557344726895 0.35925912365749263
0 0.6172380612596221 0.5224577918972658
0 0.6290717039095319 0.39197622147807176
0 0.7144064893541129 0.3840054475526879
0 0.862454020458719 0.3780002187991488
0 0.7897602261408515 0.3519080648927585
0 0.7744414252431496 0.3472787959204204
0 0.6472109860700109 0.4589230324263158
0 0.8090051289485849 0.4503768177136131
0 0.5708631699823815 0.5270687308756338
0 0.6409531094781731 0.5318630202200966
0 0.6748675344430882 0.5296390145693136
0 0.7604931515196095 0.3411281626617563
0 0.7476543188095093 0.33452737298996554
0 0.7388523285803588 0.33067095152817777
0 0.869512589081474 0.3579729732827864
0 0.7580013051629066 0.3265451774864957
0 0.7760786773717921 0.328796337750079
0 0.7921771332621574 0.3337134405754615
0 0.8058507743736972 0.3405859528676323
0 0.8125836609498315 0.3462140174123688
0 0.9026402021231859 0.3565282571142998
0 0.8010117884563364 0.35356457191316976
0 0.668715627135142 0.42682486815729004
0 0.6731912778771442 0.39735593603572983
0 0.6372139886345553 0.4116199994864671
0 0.6878093335291614 0.516597362532132
0 0.6534615889515566 0.5205813501624094
0 0.5776372798111128 0.5182489781923916
0 0.7516061122650686 0.5118391784852829
0 0.7428183358000673 0.3271499286149291
0 0.6915570627088132 0.34649274930141977
0 0.606723963080541 0.5317233391106129
0 0.8217234115885652 0.46138434468404105
0 0.6202972403363042 0.442772517601649
0 0.620930770493072 0.44629961689529213
0 0.6200703706430353 0.45034638538524724
0 0.6180033857083839 0.45522927390276524
0 0.6200097285858963 0.47358009397335676
0 0.6453071591322836 0.4529984354756881
0 0.6488697924043821 0.4536202937580537
0 0.6521855199142642 0.45396521028833114
0 0.6875932909872221 0.45340010691164195
0 0.7793106737992038 0.44808670306119364
0 0.7011044080490652 0.3343255917771139
0 0.7268976520584978 0.31704139077793
0 0.7378024452406428 0.32135352816270746
0 0.6415528402380322 0.45219539516214013
0 0.7626184762819953 0.4788091092545917
0 0.7104144235667975 0.3126502352348272
0 0.6215662525399871 0.4904104322195053
0 0.6830069163571233 0.33647519328455994
0 0.6906603944042454 0.3694304801739644
0 0.5882671734561091 0.4861116830421531
0 0.6801196203931518 0.4841368342007416
0 0.7052456516286602 0.4125061424961988
0 0.6513853784164657 0.48976305818212207
0 0.7464797814255175 0.42412493820639624
0 0.7119800062931102 0.42996121332913206
0 0.7484185255092123 0.4490192383527756
0 0.5835417308237242 0.5039199907602607
0 0.6978878932802574 0.3795512590179409
0 0.6903089540808097 0.4996881826200347
0 0.6555905338862668 0.5048843703192213
0 0.7056548812467119 0.47463012276136357
0 0.790320969146231 0.4697912816984066
0 0.7288923169607702 0.4844318033884401
0 0.7951011647996695 0.48319403713812
0 0.7145849288157795 0.4506770816726097
0 0.6979197241041971 0.3578405031475468
0 0.6712659968306189 0.39261903192686
0 0.6818881329634915 0.3992809636005457
0 0.6678537091483241 0.38266637467819714
0 0.7476774078348408 0.31319626482824486
0 0.7826923818691917 0.3167018446585406
0 0.8100121374363485 0.3243648663055206
0 0.8295257337715315 0.33376853141015855
0 0.8399898001681203 0.3432280941717867
0 0.8349898250206657 0.36311548208628874
0 0.8665377750344898 0.41158089381845103
0 0.8092583741830743 0.37405682441549026
0 0.788629164190396 0.37137638426561287
0 0.7651146268067153 0.36309347096560657
0 0.7450097912679547 0.3526160514549069
0 0.7304922329342883 0.34307863034199976
0 0.7210677732592043 0.33560301838577655
0 0.8693993460872899 0.4124901825427145
0 0.6799012756218081 0.40218955796697864
0 0.6826975834758385 0.35761275234213774
0 0.6566863283514977 0.38914583844767103
0 0.6436394608539083 0.39148660641217575
0 0.6560022992932278 0.39087445521052333
0 0.6725068817967954 0.4038869103659754
0 0.6387449878713359 0.3913541867033295
0 0.6360091385634049 0.3932038772365321
0 0.7280990154198979 0.3269540851098904
0 0.7160690660062043 0.3267620361909486
0 0.7085200891546581 0.32745171797232353
0 0.8158183266287264 0.3498520799845025
0 0.8308261263629665 0.3497920473632605
0 0.5949577857618746 0.2779417235026325
0 0.6121607278676137 0.28349563603599864
0 0.6015758945242219 0.26868227788287663
0 0.5776297558584939 0.27237448579483275
0 0.5882085166547609 0.28721740642103594
0 0.7811253977858502 0.33854809624777327
0 0.7991242606354796 0.3447199842312198
0 0.7881391897149708 0.32967477812823176
0 0.763307043067787 0.3322959294461686
0 0.774190382141134 0.34755142621588014
