0 0.5270592940505594 0.7151581529527903
0 0.5558967576362193 0.6538225613534451
0 0.54588712756522 0.6704563384875655
0 0.552011318039149 0.5653624450787902
0 0.5620865168049931 0.6306118177250027
0 0.5687987633049488 0.5967418525367976
0 0.5839847705326975 0.5092531617730855
0 0.4140160581562668 0.45122524350881577
0 0.5996846104972064 0.42932270728051664
0 0.6075890273787081 0.395365971326828
0 0.629735120292753 0.3006116931326687
0 0.525443572551012 0.7231492877006531
0 0.5229411439038814 0.7321538418531418
0 0.5208812659140676 0.738437058776617
0 0.5167452487628907 0.7593420842662454
0 0.515311679430306 0.7678709983825683
0 0.5130614510737359 0.778737323358655
0 0.510259154252708 0.7899689245969057
0 0.5077512150630354 0.7921492841094733
0 0.5518323437310755 0.6637713342905045
0 0.5261041953228414 0.6558391405269504
0 0.33481245548464356 0.3298028282821178
0 0.4736857510171831 0.4933975385501981
0 0.45069003724493084 0.48866630960255864
0 0.42850384921766815 0.4806151123717427
0 0.4012386482208967 0.45585686676204207
0 0.49378604656085373 0.49292198158800604
0 0.4600815399549901 0.40273770652711394
0 0.4861137993168086 0.4128682660870254
0 0.43353936946950855 0.4015988869592547
0 0.4137927459552884 0.40889679016545416
0 0.3769345693755895 0.4662483824416995
0 0.41327974149025976 0.7986567176878452
0 0.40697561320848763 0.4402577344328165
0 0.30614537922665475 0.42881535375490787
0 0.35266848960891367 0.43840632708743216
0 0.43354417006485163 0.5891126295551657
0 0.5015357963740825 0.7070569451898336
0 0.49998315875418486 0.7274175038561225
0 0.47307326942682265 0.7112965423613786
0 0.4546287735924125 0.7177925948053598
0 0.4798193905502558 0.7265618003904819
0 0.46452056933194397 0.7281667480245233
0 0.408827594993636 0.7295722350478172
0 0.5356946353800595 0.6486100018024444
0 0.5380541279911994 0.6251910332590341
0 0.38612902793101966 0.3763926857151091
0 0.4957843112759292 0.5409939617849886
0 0.4785643560346216 0.6229653568938375
0 0.4794731391593814 0.608400578610599
0 0.36352581353858116 0.5656390398740768
0 0.545564642501995 0.5936936192214489
0 0.4514553434215486 0.36107598412781955
0 0.41549677136354146 0.3629974643699825
0 0.3668659798800945 0.2965977041050792
0 0.5488468129187822 0.40913357175886633
0 0.5053130535408854 0.4316052893176675
0 0.3966031663119793 0.707405523583293
0 0.2835035741329193 0.6379201674833894
0 0.49252166440710426 0.6398524265736342
0 0.5092778212856501 0.6509400190785527
0 0.43554786080494523 0.7316303096711636
0 0.4416485216002911 0.7327899808064103
0 0.40540575091727077 0.3425126478075981
0 0.474714532122016 0.6311118815094232
0 0.49510282957926394 0.3730829978361726
0 0.4966682969592512 0.35140638127923013
0 0.480200057476759 0.2738433896563947
0 0.37887309710495176 0.32248288970440625
0 0.4834515649359673 0.3173738818615675
0 0.3726453219540417 0.3596533423289657
0 0.34912624186836183 0.3489263324066997
0 0.5001976473256946 0.7174471732228994
0 0.4762364391703159 0.719156046397984
0 0.4592580350115895 0.7229462549090385
0 0.49675335539504883 0.644774891808629
0 0.43874147376045586 0.7322952752932906
0 0.445427655056119 0.7403508339077234
0 0.4446533224079758 0.7333747800439596
0 0.506879873201251 0.6384474379941821
0 0.4685858960263431 0.7314481284469366
0 0.48300610687583684 0.7313046181574464
0 0.5006650123279541 0.7335676778107881
0 0.47715431638062 0.7838504433631897
0 0.48288666671141983 0.7813436031341553
0 0.4871365796774626 0.7706037998199463
0 0.49191308752633633 0.7604060541838408
0 0.4961222461424768 0.7534360647201538
0 0.4659883175510913 0.7430665636435151
0 0.46043216935358944 0.7452500384300947
0 0.45341530479490755 0.7489174220710992
0 0.4472337945364416 0.7536084432154894
0 0.43453797781839965 0.6803651943802833
0 0.28352201585657894 0.5182321291416884
0 0.5491236585192383 0.6671578863635659
0 0.45622152322903275 0.7389254091307521
0 0.4511348529718816 0.7393613813444972
0 0.5147535088006407 0.6613788038492203
0 0.47858227374963463 0.6450113203376532
0 0.5120916632004082 0.6563616758212447
0 0.4671524788253009 0.5482275657355785
0 0.42435114830732346 0.5541867110878229
0 0.47269513802602886 0.6163387952372432
0 0.41261303345672784 0.2763632101938128
0 0.4210422534495592 0.3100679204799235
0 0.4473755473271012 0.33870671754702925
0 0.4254138716496527 0.7483030484989286
0 0.5515643893741071 0.3721221019513905
0 0.5470569853205234 0.33497378854081034
0 0.5506130770314485 0.28303604405373334
0 0.41011204160749914 0.46961956582963466
0 0.3452204673551023 0.4764979454688728
0 0.5075382309034466 0.48989281374961136
0 0.3865070748142898 0.41412606835365295
0 0.5168532114475965 0.5303169208578765
0 0.49548726598732173 0.6200355870649219
0 0.31660344237461685 0.4851497675292194
0 0.3595821920782328 0.5003953370265662
0 0.3898486948572099 0.5189623078331351
0 0.43635669350624084 0.5272251152433455
0 0.47124234940856696 0.525978299509734
0 0.4983394112437963 0.5210984719917178
0 0.5590503092855215 0.5089345523156226
0 0.31139712911099193 0.5360093364492059
0 0.3678083671722561 0.4040989358909428
0 0.5393484462518245 0.6602494131773711
0 0.49387066550552844 0.5675391493365168
0 0.29819716536439955 0.41762080350890757
0 0.5201816298533231 0.5129743773490191
0 0.46933776391670107 0.6147083438932895
0 0.3952927390113473 0.4369227297604084
0 0.49768634433858094 0.602299252152443
0 0.27990130204707386 0.5752026403322816
0 0.508916255319491 0.4811909396201372
0 0.5215854490175843 0.595277632214129
0 0.3203546005301178 0.7190142806619406
0 0.3134487581904978 0.7376225184649229
0 0.28853263724595307 0.5263084977865219
0 0.3008992413058877 0.6783948874101042
0 0.32736122156493364 0.3856243641115725
0 0.40131033598445354 0.8177869092673064
0 0.5392792094964534 0.6641056654974818
0 0.46735630128532646 0.5785769389942288
0 0.32880780659615993 0.4354175955057144
0 0.43468875708058474 0.46827771347016095
0 0.453633867111057 0.4761883495375514
0 0.43994615273550153 0.7419478479772806
0 0.3070988721214235 0.581277341581881
0 0.4367607886902988 0.857207503542304
0 0.369089771155268 0.8073715928941965
0 0.3418489281088114 0.7782073944807053
0 0.6180977672338486 0.3529903319664299
0 0.48603939008899033 0.8720733834430575
0 0.47248516269028185 0.4802475723437965
0 0.4905323923565447 0.4815502345561981
0 0.5024416382890194 0.482109322398901
0 0.34947095504030584 0.39236378176137804
0 0.49602388464845715 0.45241066757589576
0 0.4787653894163668 0.43733872268348933
0 0.45859470767900345 0.43020192068070173
0 0.43716457961127164 0.4291946902871132
0 0.42284183437004685 0.4328902567736804
0 0.31335886535234747 0.3682485702447593
0 0.42223449144512415 0.4596606994047761
0 0.5403166959062219 0.6866768226027489
0 0.4606413164176047 0.675101668946445
0 0.49390075374394654 0.6372071020305157
0 0.5070231473073363 0.6802964506670832
0 0.5910601043142378 0.4697302618995309
0 0.34452064535580573 0.7565712764859199
0 0.37116587650962174 0.7870055928826332
0 0.44070364949293434 0.843887921050191
0 0.2952206948306412 0.6929433001205325
0 0.5054904220160097 0.4705424761399627
0 0.5339380231685936 0.5455364674329758
0 0.4904197812080383 0.8585657630115747
0 0.3997695477213711 0.8346502613276243
0 0.2858364775311202 0.5775864064693451
0 0.47929940493777395 0.7478601396083832
0 0.47340457811951636 0.7524400493130088
0 0.46692539714276793 0.759578886628151
0 0.46146554821170865 0.7683272406458854
0 0.4476207326631993 0.7674313293769955
0 0.4522439933381975 0.7304289769381285
0 0.44689514972269534 0.7275031946599484
0 0.44235551068559287 0.7243599247187376
0 0.4123015525750816 0.6918137017637491
0 0.33615268366411327 0.6064117046073079
0 0.5385488259606064 0.5180611629039049
0 0.5335972316097468 0.4606623638421297
0 0.5174957812763751 0.4614796871319413
0 0.45681409249082205 0.732422835379839
0 0.3192434317432344 0.6551845176145434
0 0.5574061053805053 0.46361979730427266
0 0.43002318693324926 0.7815954834222794
0 0.5739170431159437 0.5671476216986775
0 0.5547813629731536 0.5388353468850255
0 0.5786479960195721 0.5396669173613191
0 0.508394410321489 0.5798022385686636
0 0.49642667826265097 0.8376415889710188
0 0.5025658959522843 0.8129016196355223
0 0.46512270597741007 0.8023881098255515
0 0.3831670775078237 0.7299487262964248
0 0.44351096665486694 0.6261121159419417
0 0.4026561592239887 0.7575172398239374
0 0.3907666058745235 0.605833800509572
0 0.41626118165440856 0.641974551230669
0 0.3625897988677025 0.6348681127652526
0 0.4510745412670076 0.8243509577587247
0 0.4905129195190966 0.5883863553404808
0 0.3582399016711861 0.7382670063525438
0 0.3844971973914653 0.7694885317236185
0 0.37149578221142293 0.6997817419469357
0 0.3043449193239212 0.6194877557456493
0 0.340858889836818 0.6913587056100369
0 0.28782514105550944 0.6271204678341746
0 0.3914081276860088 0.6652765516191721
0 0.5141610409598798 0.5560965817421675
0 0.5007133732549847 0.633141627907753
0 0.4842803944833577 0.6328974319621921
0 0.5155926494859159 0.6216728089377284
0 0.5226053219754249 0.4276424115523696
0 0.48953224578872323 0.39906270084902645
0 0.4563675018958747 0.3876728852279484
0 0.4263136790134013 0.3869767876341939
0 0.4025948502123356 0.3955611951649189
0 0.3768651635851711 0.43859708569943906
0 0.2941710717044771 0.47665032390505074
0 0.388222019886598 0.48154176101088525
0 0.41168362805619835 0.49642404802143575
0 0.44301439239643514 0.5054423509165644
0 0.4731857791543007 0.5080505413934588
0 0.4971500468440354 0.5061265689320862
0 0.514592401497066 0.5021684056147933
0 0.2901551539544016 0.4668182283639908
0 0.4827740893699229 0.6377246944233775
0 0.5298795085866004 0.570088523440063
0 0.5180663590785116 0.6405993031337858
0 0.5263469972647726 0.6529876263812184
0 0.5162256857380271 0.6429773787036538
0 0.4871299535036087 0.6449454011395573
0 0.5315044932067394 0.6568830480799079
0 0.5313164248131216 0.6606755826622248
0 0.5176146974321455 0.4833598556928337
0 0.5301798838656395 0.4907387144863605
0 0.5387267860583961 0.49645362235605717
0 0.41427116584964097 0.43666387125849726
0 0.399808138422668 0.4195706950500607
0 0.5930555292405189 0.5742001036182046
0 0.7510952861979604 0.5277649714611471
0 0.5734350565820933 0.6656301144510508
0 0.8358070649206638 0.44187140483409165
0 0.6838029747828841 0.5388425327837467
0 0.7046471597626806 0.5450824266299605
0 0.725531237013638 0.5476299731060863
0 0.7575711540877819 0.5364023801870644
0 0.6667473385110497 0.5297264102846384
0 0.7279500271193683 0.46545635517686607
0 0.701849021203816 0.4653095634654164
0 0.7512512041255832 0.4736403876915574
0 0.7652722556143999 0.487213678099215
0 0.7689599918201566 0.5539469595998525
0 0.5813992104493082 0.832387077063322
0 0.7607481001876295 0.520391367096454
0 0.8207123366184532 0.5415591555647552
0 0.7944535871967673 0.537106909789145
0 0.6676981268450618 0.6401510775089264
0 0.5531086597591639 0.719205018505454
0 0.5451395024545491 0.7382557913661003
0 0.576137217041105 0.7352635499089957
0 0.5882793087512255 0.7492814106866718
0 0.5624865889549255 0.7463512254878879
0 0.5742813136428595 0.754435403086245
0 0.613329051900655 0.7734021881595254
0 0.5753808190114796 0.656864190287888
0 0.5848411696963012 0.6352117067202926
0 0.7937134503386915 0.46530734123662115
0 0.6371494369581342 0.5715871779248118
0 0.6251354738138616 0.654981235601008
0 0.6290396763011813 0.6412071969360114
0 0.732772427983582 0.6458421431481838
0 0.5898075208067894 0.6032194625586271
0 0.7475697222165764 0.42896611224859954
0 0.7763979395851492 0.4427846370264888
0 0.8306858438998461 0.4018490642309189
0 0.6481502378359437 0.4358567660674453
0 0.6785202576778829 0.4745171919465065
0 0.6342495393007994 0.7586929857730865
0 0.7348767114803195 0.732417767867446
0 0.6045729350298643 0.6641905255615711
0 0.5856747491285205 0.6678685842081904
0 0.5965527967549861 0.7706784002482892
0 0.5907399857416749 0.7688742412254215
0 0.7892000455409288 0.42705059256404637
0 0.6217229266650974 0.6634895473718643
0 0.7067724036052823 0.42441278621554374
0 0.7127948518842459 0.4034566702321172
0 0.7637735232710838 0.33952819453552363
0 0.818898624368012 0.419800456892699
0 0.7468915874138474 0.3765126237645745
0 0.8068307728506625 0.4549248183146119
0 0.8259953241795301 0.45367968482896687
0 0.5500938013661653 0.7292898666113615
0 0.5697261571884156 0.7413333497941494
0 0.5818655443377793 0.7520081892609596
0 0.5980600822716952 0.6669014785438776
0 0.5935703423805535 0.7698213260620832
0 0.5853869838640093 0.7742293972522021
0 0.5880139237269759 0.7679976031184197
0 0.5982388199307025 0.6578080767765642
0 0.5681837123818696 0.7552653536200523
0 0.556531754694879 0.7490175262093544
0 0.5407800885848701 0.7432401882484555
0 0.5363655861932785 0.7963814046233892
0 0.5380393036175519 0.7942578677088022
0 0.5390713132917881 0.7828017175197601
0 0.5388104245997966 0.7715873125940561
0 0.5371399864554405 0.7634208917617797
0 0.5661071168258787 0.7674412151798606
0 0.5707041939720512 0.7719915505498648
0 0.5756630737334489 0.7782936252653598
0 0.5792272453196347 0.7850007686764002
0 0.622659076564014 0.7214414114132524
0 0.786221039481461 0.6268482759594918
0 0.5754208465106785 0.7678543420508503
0 0.5804673202335835 0.7707543298602104
0 0.575819228310138 0.6752287305891513
0 0.609902948141098 0.6742822272703052
0 0.5806696551851929 0.671789052709937
0 0.6568119317293167 0.5892796497792006
0 0.6897404998540878 0.611899945139885
0 0.6286074536852538 0.6507616592571139
0 0.8107035348191858 0.3675779555924237
0 0.7959501558914781 0.39354872815310954
0 0.7573571895249188 0.40924696773290636
0 0.5924474087543785 0.7836580440402031
0 0.6596892463043332 0.40134744280949236
0 0.6877722219564021 0.3666368936188519
0 0.7048469591885805 0.31903660744428636
0 0.7449469406157732 0.5454533934593201
0 0.7868637107312679 0.5747634282335639
0 0.6557736846618354 0.5217955664731562
0 0.7818740665912628 0.5013888602145016
0 0.6257685100659728 0.5537550587207078
0 0.6163650227710604 0.6461535044014454
0 0.7981577536091209 0.5898581769317388
0 0.7700253183022141 0.5910265708342195
0 0.7410190056078136 0.5961961396038532
0 0.7006318336352706 0.5857343433424831
0 0.6721131194382906 0.5706693766638636
0 0.6512515576556325 0.5555831430479884
0 0.6043670165352524 0.5187180911190807
0 0.7815424198284745 0.6379315070807934
0 0.7963469149544835 0.49904320426285265
0 0.5640501969493925 0.6653195839375258
0 0.6291458303108811 0.5970813343301415
0 0.8201572931371629 0.5321916304528713
0 0.6361540233716368 0.5395342274568975
0 0.6288668210618198 0.6500007431954146
0 0.7694642571732402 0.5213285245932638
0 0.6199617505073547 0.6290168389678001
0 0.7645654862746596 0.6783704221248626
0 0.6575917918235064 0.5130407326854766
0 0.6067247173748911 0.6137642497196794
0 0.6840464190579951 0.7932564940303564
0 0.6743192296475172 0.8101029405370355
0 0.7933908976614475 0.6351517273113132
0 0.7155291290022433 0.7647907815873622
0 0.8245596757158637 0.49485415760427715
0 0.5817926564253867 0.8532790599390865
0 0.5592166059650481 0.6683216281235218
0 0.6446439100429415 0.6173547899350524
0 0.8104501850903034 0.543807365745306
0 0.7270932222716511 0.5340155195444822
0 0.7079783672466874 0.5318689711391926
0 0.589487740304321 0.7779836762696505
0 0.7624423384666443 0.67934899199754
0 0.534623054601252 0.8762354725971818
0 0.6064240378327668 0.8535544501617551
0 0.6376630330458284 0.8362137965857983
0 0.690292872581631 0.5263688302598893
0 0.6739728430286049 0.5197910122573376
0 0.6629010474309325 0.5161597657948732
0 0.8106388282030821 0.4945744890719652
0 0.6809314412064851 0.4985567230731249
0 0.7009136826731265 0.49342268919572235
0 0.7202217785641551 0.49419820550829174
0 0.7389031263068319 0.5001769770868123
0 0.7500531175173819 0.5082016529515385
0 0.8328845841810107 0.4832674566656351
0 0.7409598095342517 0.5318940594792366
0 0.6076758437789976 0.7075250670313835
0 0.6062955711968243 0.661431721970439
0 0.5710273889824748 0.6943995453417301
0 0.6494108336046338 0.8176689442247153
0 0.616868104878813 0.8356454044580459
0 0.5394512871745973 0.8632976565510034
0 0.704316527210176 0.7770421158522367
0 0.665209626685828 0.5072709752246738
0 0.6109691197983921 0.5621388426050544
0 0.5731436063535511 0.8683797068893909
0 0.7714414939284324 0.681388084217906
0 0.553526412975043 0.765917430818081
0 0.5575190545991063 0.7726462980732322
0 0.5605456271208823 0.7816623579710722
0 0.5619837434962391 0.7918519623577595
0 0.5670000613667071 0.7925614971667528
0 0.5833802335895598 0.7618711883202195
0 0.589632096234709 0.7617043757811188
0 0.5952409157529474 0.7607871145009995
0 0.6315785489045084 0.7396023374050855
0 0.7322972028516233 0.6918427776545286
0 0.6151983428746461 0.534605261683464
0 0.6430749943479895 0.48677666746079923
0 0.6568329934962094 0.49412578577175736
0 0.5778555259108543 0.7613429624587298
0 0.7171220476739109 0.7393490863963962
0 0.6209183536469937 0.4807284252718091
0 0.5747482222504914 0.8112471599131823
0 0.5988910585641861 0.5483244299888611
0 0.6168888623826205 0.6036244897171855
0 0.538179027987644 0.8173407189548015
0 0.634076616447419 0.78244948387146
0 0.6430063661187887 0.6696131376549601
0 0.606419338658452 0.7995087243616581
0 0.693772797100246 0.6714697578921914
0 0.6556244943290949 0.6938683703541756
0 0.6995996380224824 0.7072876831516623
0 0.5405572158750147 0.8422968052327633
0 0.6249131927266717 0.6179714895784855
0 0.6495403482578694 0.79776716157794
0 0.6156895249150693 0.8161501858383418
0 0.6584509631618858 0.7608911231160164
0 0.7441972025670112 0.7133523739874363
0 0.6854848058894276 0.7634539552032947
0 0.7471612659282982 0.7243114925920964
0 0.6614376772195101 0.7238409200683236
0 0.6197610382921994 0.579118830524385
0 0.6065037885680795 0.6556301679462194
0 0.6162714787758887 0.6615750245749951
0 0.6027066528797149 0.6402706209570169
0 0.6646702020429075 0.4633020808920264
0 0.7030648902989924 0.45096663422882555
0 0.7354800313711166 0.4523842500522733
0 0.760980523377657 0.4622122749686241
0 0.7772259746678174 0.47806901969015597
0 0.7793903332203627 0.5285563341341912
0 0.810274388641119 0.5887660034000873
0 0.7560227254405618 0.5637963760644198
0 0.7317595699802041 0.5680905528366565
0 0.7033679701387883 0.5634567696601153
0 0.677618354279548 0.5531303839758038
0 0.6581398372538387 0.5415245137177408
0 0.6448347844183445 0.5308666836470366
0 0.8031788382679224 0.5786018611863255
0 0.6130170132033527 0.6662009987980128
0 0.6071045391261578 0.5868104420602321
0 0.5920415217988193 0.6559400338679552
0 0.5764566256664694 0.66322470754385
0 0.5899420050904155 0.6583134157583117
0 0.6046897382475436 0.6709288217127323
0 0.5716494041495025 0.6651286384090781
0 0.5671062153764069 0.6680422503501177
0 0.6492694188840687 0.5120396913029254
0 0.6354714598506689 0.5144969779066741
0 0.6259796348400414 0.5171907553449273
0 0.7562290158122777 0.5145746728405356
0 0.7724192940630019 0.5024953432381153
0 0.4779250316787511 0.4605146790854633
0 0.4998074130155146 0.46643669037148355
0 0.48240062333643435 0.43704027943313123
0 0.45479495194740593 0.4544177347794175
0 0.4731450248043984 0.48384087476879356
0 0.7192805914208293 0.5138527184724808
0 0.7410271530970931 0.5179282237775624
0 0.7220198043622077 0.4917774299159646
0 0.697423480823636 0.5096351774409413
0 0.7164946233853697 0.5358448499813676
