0 0.46304649422350136 0.5004237316872763
0 0.4689205914087918 0.4536704025298789
0 0.46498579094591347 0.464918650470782
0 0.4617894654688628 0.4081384142779786
0 0.47207616982252704 0.44039293961680454
0 0.47564741936714755 0.4225893233889255
0 0.48364919618419977 0.37968388917869417
0 0.3511823754271735 0.36163260145247844
0 0.4886394275919251 0.3544389560170796
0 0.49229937694642856 0.33822267953360424
0 0.5077655425538188 0.2630705817508093
0 0.4620667767265569 0.5043730537636556
0 0.46068429380007414 0.50787311727586
0 0.45964866504073143 0.5100328530846299
0 0.45969066234386485 0.5098701610729315
0 0.4590485095977783 0.5143809270491635
0 0.45769853290656337 0.5198863616240197
0 0.4557818346049475 0.5259367148729338
0 0.4479974381949591 0.5416536528239215
0 0.46695607479499734 0.4601483427636001
0 0.44754396411387815 0.4571502944049628
0 0.2843042378840239 0.3008006721249093
0 0.3995187036369158 0.37613673265213554
0 0.3811415495431941 0.37573759284788283
0 0.3634239977792553 0.3738735137588304
0 0.3415252542042214 0.3654187142956948
0 0.415789351515148 0.3748585749687492
0 0.37964603418241377 0.34207415623941284
0 0.4004311770524668 0.3452498184490031
0 0.35971843483655347 0.34233015500333
0 0.3460449786937755 0.3456275711456935
0 0.3225092678938223 0.3713669680274915
0 0.36822462292469066 0.5616400470768196
0 0.3449307864774828 0.3581456495044024
0 0.26239096195153566 0.3588541136055753
0 0.30094646241353906 0.36070501647781633
0 0.37242714947332506 0.4303275513044302
0 0.43999109060867975 0.4959845491617486
0 0.4391377817677415 0.5055738351159338
0 0.41596122588152473 0.4977345938483874
0 0.3982915596469589 0.5000057650217111
0 0.4199155327742514 0.5044572315570237
0 0.4037696265656015 0.5040778237516466
0 0.3625427131419596 0.5111253541232883
0 0.4527669552227725 0.45166337635854015
0 0.4536451747559983 0.43871331463257474
0 0.32028116577345395 0.33465253251294297
0 0.41933559626340866 0.40122399085025856
0 0.40692636111508246 0.4417016392276771
0 0.40738425808756246 0.43434323289472127
0 0.31305089447161427 0.42271136179350427
0 0.4579024564312852 0.42227037877276324
0 0.37071632399507193 0.3274376551364211
0 0.3420306468463462 0.32853579388904397
0 0.30860133128969564 0.2799215277629918
0 0.4525328377342742 0.3477542177112638
0 0.41754889601598616 0.3516378655921722
0 0.34886656831140106 0.497528869010832
0 0.24436365991182948 0.487547580908606
0 0.41928007486073865 0.45042993247077084
0 0.4343390655906304 0.45580647545664205
0 0.3750179286884225 0.5036453490239986
0 0.37935651628219563 0.5039798361451729
0 0.33280932158231735 0.3197174006668122
0 0.40425289130729175 0.4466886885896109
0 0.40759581748558127 0.33326487904549507
0 0.4067390671242838 0.32322332171210344
0 0.39459793447800307 0.25844393230542756
0 0.3207840579359428 0.298240037958907
0 0.40229925043557 0.28907453741176403
0 0.3090927561988001 0.3277852408911871
0 0.295914139598608 0.31370426150227804
0 0.4392005626274192 0.5014449854691824
0 0.417922569843738 0.5014074610519237
0 0.4010146895180578 0.502106253111708
0 0.4232945949163126 0.4530326167418473
0 0.37727787831555243 0.5038301522533098
0 0.3870886849320453 0.5066541038669538
0 0.3818789624973484 0.5041938106650892
0 0.4304490317792996 0.44811606466554216
0 0.40604716021081677 0.5055252938814785
0 0.42165518098551297 0.5064157940771269
0 0.4396345437220905 0.5079617173127506
0 0.4228872049437917 0.5387742809303429
0 0.43251799046993256 0.5233063592534998
0 0.4349147136444631 0.5172095077949158
0 0.4372908683574718 0.5119650631711103
0 0.4397500363057074 0.5078714104450267
0 0.4057992900843206 0.5055356124496978
0 0.40241294159837393 0.5071408351262411
0 0.3986233571625274 0.509597921555025
0 0.39518349034630734 0.5127416194781013
0 0.3774933228674142 0.4788747338065203
0 0.24261903762817383 0.4175416556713374
0 0.465827403995006 0.4625344146852908
0 0.39390863559168315 0.5049217998765517
0 0.3906511962413788 0.5056469185088855
0 0.4398301592015702 0.4614894204381583
0 0.4093766160633253 0.4547029058786406
0 0.4371789920589198 0.45870754479066184
0 0.3971094242904497 0.4065625956416994
0 0.3634180020055045 0.4121281054896721
0 0.40235758151697076 0.4393577208553535
0 0.3440466921614564 0.26523631732856884
0 0.3550898453787617 0.28930188210654084
0 0.36637666092618654 0.3172711758887854
0 0.37825336112924246 0.5215841928038044
0 0.45061765854125435 0.3316515489224938
0 0.4489388284475907 0.29232002451907896
0 0.4472938623765241 0.258070123422405
0 0.3490110315058542 0.37044694741674955
0 0.29993613420621207 0.37769841821189376
0 0.4268060077143752 0.37317160543972167
0 0.32529769254767377 0.34896041695838387
0 0.43522455802430277 0.39441429183858895
0 0.42055639495020325 0.43894777112249017
0 0.2725061414682347 0.38557431755074556
0 0.31207389254932816 0.3881451151185278
0 0.33627736584647844 0.395524805114753
0 0.3726974298124728 0.3970111961597982
0 0.39982764730634895 0.39425437989226286
0 0.42053110784162645 0.3905568670859371
0 0.4647490250999513 0.3809846753011579
0 0.2676506133183189 0.4137797229315924
0 0.30926343409911444 0.3459584635776886
0 0.4570642983459908 0.45864516788202786
0 0.4178504592374615 0.4144920403326767
0 0.25581956703377806 0.35614874794323376
0 0.4371472252127917 0.38592423080210236
0 0.4001898942110331 0.43950225839364354
0 0.3356536171682503 0.3578589795076329
0 0.4215721005330915 0.4300978791130626
0 0.2401655159242775 0.45153422615882277
0 0.4273542714831622 0.3689293937784606
0 0.4399258899299995 0.42491583725896437
0 0.28230534639695415 0.5237650053872578
0 0.27831990449972777 0.5401975450956303
0 0.2470804444797661 0.4160993318950784
0 0.26042844841013785 0.5029894087625586
0 0.2794659979965376 0.3337661442279384
0 0.3594727559905985 0.5766417970475943
0 0.4579874592954698 0.4612166119766408
0 0.3980141005114369 0.4221144623622514
0 0.2830675356090069 0.36062979954632296
0 0.36784925522363704 0.3666141165447408
0 0.3828587068811707 0.3685419431793085
0 0.38373063488498976 0.5081077289322148
0 0.2627412845259127 0.44158037665529526
0 0.39163634488764015 0.5983800979844038
0 0.33249949064591655 0.57624560540569
0 0.30696896172088123 0.5614591230084931
0 0.5009498534643132 0.29774419067130575
0 0.43247226933422295 0.6040097432939903
0 0.3980668525656928 0.3689579314727714
0 0.41279444908318313 0.36871072547375294
0 0.42249504638754803 0.3690762976049513
0 0.2947988046900086 0.3415353149175644
0 0.41178244044599327 0.3594415349534888
0 0.3963687849109587 0.35488966280135553
0 0.3810523792129496 0.35303206191114755
0 0.36549188099477603 0.3534427874762079
0 0.35555086122906726 0.35521217624562373
0 0.2684123723403267 0.32484990563513577
0 0.35797519722710486 0.36411249734785245
0 0.46287931161730184 0.4754823816643245
0 0.3986839870719806 0.47339466894450394
0 0.41996765298687894 0.4485655042572298
0 0.4363172138514726 0.4732599068918954
0 0.4860929982817691 0.36599948934778787
0 0.30742918440829153 0.5443755049204481
0 0.33203905286348384 0.5610034508981566
0 0.39433432208455127 0.5881020282057748
0 0.25805998334418173 0.5172051631346128
0 0.4225449215458787 0.36516124145060347
0 0.44800554458861763 0.40003770462952665
0 0.4360833921186302 0.5937400007809418
0 0.35997808141552884 0.5889174795669058
0 0.244637166676314 0.44686004406084184
0 0.4215922791348851 0.5063629599045152
0 0.4179410949025465 0.509320147767447
0 0.4147746676336164 0.5133631903732169
0 0.4119504968757215 0.5185803257036901
0 0.3979354295069757 0.5311535657316014
0 0.3905630476124909 0.5039334931019424
0 0.3874614446059517 0.5029265663546064
0 0.3848886930424234 0.5018348928702914
0 0.35934059354274167 0.48695616402487824
0 0.2879157908584761 0.45069956002028094
0 0.45059799079013907 0.3867224974800711
0 0.4448366840572461 0.3629505463970312
0 0.4317028609954793 0.362254676638522
0 0.39403636170470197 0.5049177655491276
0 0.2754090638912242 0.4833986113468806
0 0.4628713127711545 0.3655019481598899
0 0.38233195261462877 0.5462753628043161
0 0.4784098309667214 0.4077617477463639
0 0.4630570473230403 0.39499718749868695
0 0.4810094156343004 0.3939727269437002
0 0.42942038016474765 0.4190748552589313
0 0.43987362183954404 0.5784259783508985
0 0.44413431814831233 0.5591888311116592
0 0.41231723388899927 0.5554989214608634
0 0.3411106988787651 0.5172940993654556
0 0.3820269478727942 0.44861254554943764
0 0.35953061655163765 0.5338046877928402
0 0.33638188858395035 0.4428160187342893
0 0.3605723620756813 0.4603285427218762
0 0.31272393659405084 0.4627680177597896
0 0.4012854672644449 0.5733765779414038
0 0.415529516728028 0.4247537917740967
0 0.3197113521721052 0.5279720847805341
0 0.3434948927682379 0.5461476091025532
0 0.32779946275379346 0.4990762663276299
0 0.26085682359078655 0.4654621209247389
0 0.29966030172679736 0.5001588367141675
0 0.24695669762466266 0.4757437078093273
0 0.33986746309244115 0.4756801154302514
0 0.43328823230188823 0.40703021556786867
0 0.4251724820098151 0.445411022266616
0 0.411856177708377 0.4467096101978551
0 0.4362192111818687 0.4382893999201664
0 0.4328512398769026 0.351942457312691
0 0.4036687201131945 0.3414334610806427
0 0.37667225139296573 0.33708979642909503
0 0.3531070994618146 0.33719767589607963
0 0.335599386335715 0.3410011285888976
0 0.32031763782319816 0.35959385667482147
0 0.2521496964213641 0.38685164767978847
0 0.3323930589401204 0.3777692387609378
0 0.35099608969429263 0.3831998313898626
0 0.3761510895970075 0.3853567483416502
0 0.40002535996229754 0.3845082335983929
0 0.41911203187444934 0.38241393923543504
0 0.4328517910578977 0.38008072734742926
0 0.24851937640620314 0.38647853704574314
0 0.4110595195189766 0.4497328472418198
0 0.44543359963142354 0.41232501170125563
0 0.4390634261071682 0.44810962525830755
0 0.44710841013685515 0.45521438618501026
0 0.4380833187504955 0.449900659746018
0 0.41556936308093695 0.4537998113403286
0 0.45091297056363977 0.45702685950242955
0 0.4516995596173017 0.4596017431197823
0 0.43418533986677293 0.3703419514594303
0 0.4444063058042008 0.37485852324660274
0 0.4507704028940719 0.37814626734757767
0 0.34966900717952976 0.35679042582278664
0 0.33674447157460713 0.35037892268619675
0 0.49383383794971136 0.4111512810315775
0 0.6163253716152647 0.3874507711633392
0 0.4848563363370688 0.4607187604558641
0 0.6920674002688864 0.3406584047158991
0 0.5627693190522816 0.3926821818062361
0 0.5807441647933878 0.39551561150321923
0 0.5984860357383023 0.39693594043669495
0 0.6231926297364028 0.39266560485829477
0 0.5476413903676945 0.38861601940099744
0 0.5964083522558212 0.36464082614343235
0 0.5749166222370189 0.3637338136525258
0 0.6151239314804906 0.36836191131800844
0 0.6263969540596008 0.3736926284821137
0 0.6372608659060105 0.4014682616174653
0 0.5132637208570605 0.5743590918356094
0 0.6239781567583913 0.38499464159426483
0 0.6902131198540978 0.4003891695452773
0 0.6594676524400711 0.39532679980755714
0 0.5644326757477678 0.44842339765982353
0 0.4863014522454013 0.49949705185017723
0 0.4815203200863755 0.508688568636991
0 0.5064211717766264 0.5041441315434118
0 0.5200625787610593 0.508445784881495
0 0.4988102226153664 0.5100147761944411
0 0.512616284839485 0.5115430621781211
0 0.5419240302365759 0.5273860211389653
0 0.4847802195859992 0.45474262848712393
0 0.4902339538802271 0.44217355209200276
0 0.6529213967530624 0.3684405031195585
0 0.5316550712222639 0.41182690156974655
0 0.5293940192331439 0.45338670655653096
0 0.5317201643534328 0.4460736346849497
0 0.6215566707694012 0.451908047972382
0 0.4923790427653686 0.42547971209970076
0 0.6096233602451242 0.3540852799795676
0 0.6359136182328929 0.3596034899246002
0 0.6809987717348597 0.31650174430746963
0 0.5245285967121953 0.35888121601032175
0 0.5555669428861659 0.36656626062872616
0 0.5609102796601213 0.5169470179016176
0 0.6485959433990977 0.5259326288233632
0 0.5131894324136816 0.45947960127091064
0 0.4970372750059418 0.4618375363449256
0 0.5375425715161406 0.5143883491771809
0 0.5333210359448972 0.5141404449291851
0 0.6469934317080871 0.35235481212536496
0 0.5289383673149607 0.4585107420233713
0 0.5726764882388322 0.35335760110098385
0 0.5774641270222871 0.3435356430709362
0 0.6149286789738614 0.2803361324890368
0 0.6661423198554827 0.3316310798830312
0 0.597108217685119 0.30800688604189863
0 0.6642218977212906 0.3631949076779943
0 0.6802881784413172 0.35102671670956886
0 0.4842755260026973 0.5048250794626664
0 0.5026465230014013 0.5074483750091083
0 0.516495738664399 0.5100633432899696
0 0.5081223851960638 0.46115591603776684
0 0.5353506456898607 0.5142616816404937
0 0.5257072636614675 0.5159238245392191
0 0.530874437612036 0.5140372851080652
0 0.5050332980311435 0.4553883794857108
0 0.5092831992584727 0.5124943358958631
0 0.4955044272153274 0.5115471482276917
0 0.4789610926223838 0.510808193921179
0 0.4729040705639383 0.5433024255477864
0 0.47835245436948276 0.5268009143571059
0 0.4796030437168868 0.5205364314218363
0 0.47987269221440604 0.515088020513455
0 0.47890065092107525 0.5106886381796305
0 0.5092637600458186 0.5125266622374023
0 0.5122993692107822 0.5147091557906158
0 0.5147184622676476 0.5176171300311884
0 0.5162295854609945 0.521233361484348
0 0.5424224322904712 0.49417192067788995
0 0.6779145242079444 0.4596263887225718
0 0.5196366368428521 0.5133537252204142
0 0.5228535173379857 0.5145170080165068
0 0.4899616973555606 0.46634194049714267
0 0.5203097767156103 0.4651522018231343
0 0.4933120711990025 0.46414496474291966
0 0.5496808407099351 0.4209964105832404
0 0.5793664274008378 0.4325997827817564
0 0.5337499623065409 0.4517529073940671
0 0.6570253828945367 0.29613638188743935
0 0.6398881709446078 0.3168713636966287
0 0.6171973399494005 0.3446344283503899
0 0.5226051363608112 0.534524660071601
0 0.5327164844974227 0.34363332034453103
0 0.5523630487530128 0.30247723257196124
0 0.5667173881893572 0.2699976253822662
0 0.6136516598255738 0.39631012832556944
0 0.6566446647047997 0.41152921475578047
0 0.5379875224569569 0.38516449712324835
0 0.6432573118287584 0.38027043125011784
0 0.5204921235208926 0.402448616112056
0 0.5188026596670565 0.44839453670209733
0 0.671911491000134 0.4240486637513707
0 0.6420251937664073 0.41935710301217827
0 0.6173049143475035 0.4224702848688416
0 0.5821205578420473 0.417775465634422
0 0.5570259593103243 0.41032051991509355
0 0.5386711482120596 0.4032010957598686
0 0.5007156687586204 0.384395789651983
0 0.6645806762187377 0.4517754582499248
0 0.6575775587040446 0.38026723740757373
0 0.4767906762983488 0.46053936219085817
0 0.5282037371526593 0.4248770973712638
0 0.6922805056623791 0.3985207845875319
0 0.5250518153543058 0.3958886316235083
0 0.5345241430660953 0.4521482456205548
0 0.6314694862002912 0.38661238103025203
0 0.5209598745340887 0.4395259729977967
0 0.6665404069682827 0.4925236393144165
0 0.5389766906914504 0.3809726240410321
0 0.507277760816657 0.43126713581707166
0 0.6053725717508275 0.5533487542491892
0 0.599050848380379 0.5693549483042696
0 0.6793500683877779 0.457632551698581
0 0.6327095627784729 0.5377495617646239
0 0.6857886690160503 0.373235249540944
0 0.5140711606844611 0.590019575063733
0 0.4737202755135039 0.4627268469312053
0 0.5430851669415183 0.4357933149929496
0 0.674888325450213 0.3984407316353442
0 0.5977255403995514 0.38938217955654947
0 0.5821577155071757 0.3883394222922515
0 0.5280060379401498 0.5177948214653609
0 0.6573291239531144 0.4791208277793898
0 0.47313997602981067 0.605220093243364
0 0.535841949608015 0.5934953550281732
0 0.5651248515300129 0.5841046821164049
0 0.5670845016189243 0.38587159058753995
0 0.5527354320106299 0.38307461207327637
0 0.5433227931675704 0.38192837172444316
0 0.6704054494266924 0.37806816690641903
0 0.5584164679698322 0.3739284426783738
0 0.5750376131871472 0.37184131183270097
0 0.5911208326401918 0.3726317555360172
0 0.6064090877771378 0.3759566361381524
0 0.6153162802043168 0.3798249871942444
0 0.6950275379678478 0.3663494284602179
0 0.6085132010605024 0.38873104945473047
0 0.524675076422484 0.48516445714926376
0 0.5136362385490666 0.4576950579125812
0 0.48955973853235657 0.47838414924732153
0 0.5740560808259508 0.5683050663142964
0 0.5450496835553128 0.579687507364197
0 0.4777172518813092 0.595335603138243
0 0.6254420665943105 0.5514296815879103
0 0.5454550570119983 0.3779661708335946
0 0.5083575647162355 0.4057548767414646
0 0.5060241063651831 0.6010483917982682
0 0.6685966078353964 0.4873620794303175
0 0.4955133536587591 0.5115078911185265
0 0.4981839465706245 0.5150298589597577
0 0.49927625286838284 0.5194012078901996
0 0.49926060470549954 0.5250001302447872
0 0.4998558264063752 0.5401708564680555
0 0.5237126875182857 0.5128305298478707
0 0.5271209756965223 0.5122797407101893
0 0.530104666300442 0.511591008607892
0 0.5560099579717802 0.505136239895786
0 0.6327037552128667 0.4832577978031359
0 0.5103245818096659 0.3924451650700707
0 0.5254527255892754 0.37255836181018664
0 0.5377060168463251 0.37395069613188936
0 0.5197330531866654 0.5132983049404793
0 0.6294965808806212 0.5165853766535503
0 0.508520579856375 0.37239016138988995
0 0.507233908318955 0.5572645603746608
0 0.4973844921459322 0.39823141210860963
0 0.5171067967363026 0.42742296486445097
0 0.4756761345526446 0.561077930789063
0 0.5577406662961711 0.5369905134042104
0 0.5480415208832078 0.4641234741910644
0 0.5334732694470364 0.549300746317359
0 0.5932242737516112 0.46694520175241044
0 0.5643514236030371 0.4793470863090909
0 0.6063559861934703 0.4902611316006253
0 0.4783021221342294 0.5801865226332692
0 0.5266586827195209 0.4351960276455983
0 0.5713373604028121 0.5507136660533539
0 0.5422249750598617 0.5637769475579262
0 0.5783272226867469 0.5222331247143988
0 0.6490276391091554 0.5021760262872862
0 0.6017823669573535 0.5280758911284847
0 0.6549935684255932 0.514390935284504
0 0.5777521661442259 0.49782378868996235
0 0.5177676761927812 0.4150357952584391
0 0.5115062332023745 0.45375103735621425
0 0.5224373622433 0.45735097633323807
0 0.5055066146280455 0.44488580973036046
0 0.5410700492236925 0.3650080921749274
0 0.5732019922655561 0.36053425581126974
0 0.6011161101253136 0.3611973466594582
0 0.6231934363427369 0.36516728001120297
0 0.6375525347564531 0.3714997646385345
0 0.6434334477652675 0.39100007415897603
0 0.6871887494040572 0.4288927789615548
0 0.6259267563405244 0.40609929451475973
0 0.6065071711073751 0.4080487797981587
0 0.5820321000140646 0.4057297656393569
0 0.5593366444758747 0.4006967352892178
0 0.5420339706799259 0.395411119836828
0 0.5301127861375394 0.39075588097498903
0 0.6853485577132391 0.4287938603564449
0 0.5212695307057836 0.46023371016633685
0 0.5064014368083166 0.4180697387867216
0 0.4983221988963044 0.4537891048560108
0 0.48676850419977435 0.4590948143623013
0 0.49755718656208203 0.4557341678958872
0 0.5151123819143876 0.4631813811543195
0 0.48301049840191135 0.46010815465579863
0 0.4799927152369333 0.46227732975629793
0 0.5322005521991978 0.3812197783179041
0 0.5213039459093757 0.3837665509486544
0 0.5151334612265878 0.38605394994543085
0 0.6202395901731823 0.38268460122787434
0 0.633026559067809 0.37962699481758516
0 0.3812594216154969 0.35988527217852895
0 0.4001590146318726 0.3617267357590406
0 0.38334846480385115 0.3493958657094534
0 0.3621220007214857 0.3580220594354298
0 0.37896911670332367 0.37042681457123894
0 0.5870339196661244 0.3792152865317421
0 0.6061253236687701 0.38091828992617305
0 0.5887334929860156 0.3683675619625095
0 0.5677081427496412 0.37739461525410845
0 0.58526844660873 0.3900979494109102
