0 0.5773542895913124 0.3553322884051696
0 0.5490113076470469 0.3079371048056561
0 0.5521474406933007 0.3277285236379375
0 0.4705756645163764 0.28472278843755305
0 0.5330501708971418 0.2948516791281493
0 0.505958449581395 0.28116919916609057
0 0.43240757578093075 0.250363304109677
0 0.29791881617806526 0.35451012266718823
0 0.3727165599070165 0.21450637591921765
0 0.34832638121493487 0.19627660804468652
0 0.2610084585764486 0.14249163049718608
0 0.5833414623756772 0.35974693039189215
0 0.5888367700997902 0.365123174501502
0 0.5916864944055028 0.36939731162527334
0 0.6077983014933441 0.3806414684523707
0 0.616280636223762 0.38509097656478053
0 0.6262873793425767 0.39143939510635706
0 0.635479976463577 0.39866669307584346
0 0.6477406241161667 0.41056712036547455
0 0.5535737604874632 0.3163916060458059
0 0.5355854357552269 0.33251600822676786
0 0.14034080497272636 0.3687598801177481
0 0.35602628253400326 0.3266840863486995
0 0.3429700471460819 0.34131585281828175
0 0.3274699161234109 0.3542464616505996
0 0.2959825885684594 0.3656694198432176
0 0.36486275299735693 0.31206089582132257
0 0.2800849836481654 0.30429148583308513
0 0.299941737893159 0.290327518141788
0 0.26633754186332226 0.3222957064276156
0 0.2623401383423935 0.33896219250948534
0 0.2927586059693409 0.386833242488944
0 0.6073648487420186 0.47644604625909226
0 0.2863313854955461 0.3562690905902697
0 0.2138112951879916 0.42858326292556265
0 0.25776589993873367 0.3938300584969313
0 0.43210140000218933 0.38105356356372005
0 0.559458578410356 0.36894978803137074
0 0.5749441685721927 0.3793251878541449
0 0.5504488974971615 0.39238592606523764
0 0.5464865662481474 0.41052539348602296
0 0.5644039642875609 0.395062604157821
0 0.5576237279759801 0.40908345424610637
0 0.5482635376570018 0.4514698658300483
0 0.5370280740215726 0.318970771457838
0 0.5191422108074893 0.30844153891439025
0 0.22197831721733446 0.3450718062079471
0 0.41540433215382305 0.3234117879815724
0 0.4871746082182812 0.35460338955340176
0 0.4731345005009485 0.35071508547534114
0 0.3776774643312978 0.4262603916551756
0 0.4939906456224296 0.2951506420969963
0 0.24130610765322394 0.2911395755151044
0 0.22518578580702128 0.31791798316914105
0 0.13234877100457315 0.32711965985920116
0 0.32667487944759754 0.24040718350721443
0 0.3230707902137352 0.2837468040378197
0 0.5225423902435147 0.4493324598540431
0 0.38033078035906603 0.5288333279931027
0 0.5080313577276209 0.35159421796384066
0 0.5241285172979468 0.3437973649605461
0 0.54540556523463 0.43603817483653196
0 0.5486047679315442 0.4323400036148403
0 0.2033076741449211 0.31772740042727926
0 0.4912299440930719 0.36161718873874
0 0.27236695069333783 0.26464437077874725
0 0.2558816319088573 0.25526600156141366
0 0.17249830978234176 0.23104595211536988
0 0.16851253183963505 0.3224089651004128
0 0.21916290081065634 0.2426314595600833
0 0.20123188626830993 0.34941064248914305
0 0.17135635447566924 0.3594306608904963
0 0.567712454530208 0.3746068731598232
0 0.5578679362230975 0.3938904837421749
0 0.5521808242344338 0.4098899021096852
0 0.5135285852719909 0.350857642940853
0 0.5470953981351593 0.43414859953133955
0 0.5589807564797609 0.43049412343813026
0 0.5501638041890186 0.4304841697216034
0 0.5141469096036061 0.33885008666826333
0 0.5609118823447953 0.408316343245299
0 0.5683485549753127 0.3953887711400571
0 0.5788572955390682 0.38209637001804686
0 0.6272554309309825 0.4285426888776862
0 0.6182087757017302 0.4140154645494793
0 0.6095681269045757 0.4061397409957388
0 0.6009570220080407 0.39861180704572924
0 0.5947118467124908 0.3931025093016417
0 0.569941188087282 0.41469195174134293
0 0.5708742207321136 0.419121833599132
0 0.5729362854491109 0.4254033316736636
0 0.5759775651537854 0.43192113210325656
0 0.515208427996739 0.408910754452581
0 0.27067859321022814 0.48857816457748415
0 0.5532313925416573 0.3219480574131012
0 0.560556857806185 0.4223635116349096
0 0.5596452631542216 0.426001004550768
0 0.5345093409490326 0.34402804374694823
0 0.5034484268044648 0.36527717592923536
0 0.5296224384852077 0.3438254265681557
0 0.40843522463641735 0.34549284279346465
0 0.395581921360091 0.3770687028117802
0 0.4760820645353068 0.35932243531164915
0 0.14097758091014365 0.2819434099223303
0 0.18154272522129442 0.28402057341907333
0 0.2212554693384015 0.2857555005861365
0 0.5732230852641489 0.4486341813336248
0 0.2984908337340407 0.22489284011332886
0 0.2622945959396336 0.20756128268397372
0 0.2123971342554559 0.1865678260507791
0 0.3106419094230818 0.3636960252471592
0 0.28748612182781746 0.41226538186487943
0 0.36970827266897843 0.30088486852853197
0 0.25404427504247945 0.3598410689312479
0 0.4166784173120623 0.3050012364335682
0 0.49325240362921485 0.3399316676284956
0 0.27606722647729126 0.43662302597709324
0 0.3139516617697866 0.41074159158312756
0 0.34330285154283047 0.3956727051216623
0 0.37123429868370295 0.3653647067754165
0 0.38553406209077523 0.3402430165073146
0 0.39380123474351736 0.31947259060714556
0 0.4209994705312926 0.2668579761100852
0 0.319194833100166 0.45953403516956
0 0.23656431160381305 0.3695582862781442
0 0.5459568025139363 0.3231204590071803
0 0.439250775086491 0.3321632698826168
0 0.19134449197546297 0.4378702772700268
0 0.39754996821284294 0.30079385106978207
0 0.47136627493993094 0.36323053435139036
0 0.27739456887154473 0.36319929542748824
0 0.4769442771439967 0.3344175054975178
0 0.3201555787059276 0.5112428333448327
0 0.3633310919546563 0.2965850316959879
0 0.48339060693979263 0.31345441613508307
0 0.4888886521853831 0.5167050618192424
0 0.4939677144360283 0.5321072290772977
0 0.2891533257358748 0.4807125915651736
0 0.43847701641852443 0.5210965347030888
0 0.18908818766636692 0.393648248522178
0 0.6165609299812628 0.4902670347172281
0 0.5471515351015589 0.3268301023089367
0 0.436800764468701 0.35426091422205386
0 0.24448140147749498 0.4103755816169407
0 0.3196326232231829 0.34492061656454337
0 0.33337439442782296 0.33409398159255155
0 0.5589658956488838 0.43527924612812374
0 0.35688739302365674 0.4802025338877802
0 0.6602024973734565 0.4816626934901528
0 0.5860051418776098 0.5111091048821159
0 0.5467393781341936 0.5218602434448574
0 0.3071708921748011 0.16985702624787455
0 0.6914017807854258 0.4551645785570145
0 0.3440760769273924 0.32214395442734595
0 0.3532536354563806 0.3097113125998041
0 0.3603411496657392 0.30143572519654815
0 0.21736385146884815 0.3792259599851525
0 0.3357467412057778 0.2995690378157989
0 0.31672628199600655 0.3074974823257198
0 0.303075951119156 0.31846917725127677
0 0.29280464610327844 0.33228614485782126
0 0.28877145926589554 0.34299490983071534
0 0.15934279480058214 0.40390476610349574
0 0.30791149839111 0.3510621721329896
0 0.5628975453260152 0.3371933271055636
0 0.5215557448403991 0.3875953485136447
0 0.5069071963105513 0.3488632443158523
0 0.5461000779886609 0.35588325754455896
0 0.4001360905316213 0.23415138514145561
0 0.5357126060711301 0.510066382781319
0 0.5751746892119232 0.5010051828363667
0 0.6565236951345983 0.4728221061437026
0 0.44010950357693696 0.53517108987207
0 0.3538831231872673 0.2968213902867359
0 0.44187918677926064 0.29446649279283443
0 0.6882380592110364 0.44579593811346135
0 0.6246496660067983 0.49860673080319945
0 0.33347810027392016 0.5019170444944631
0 0.5817333284927451 0.4044596998587899
0 0.585035312677855 0.4099518457184667
0 0.5905419260101474 0.4172482011110886
0 0.5975753297300442 0.42500310229218524
0 0.6002037769750409 0.44162074768024945
0 0.5523001019559477 0.4216202445652174
0 0.5483137374014958 0.4236274649267611
0 0.5442205028527457 0.4250918984413147
0 0.5157731395700703 0.43012324908505317
0 0.3987779776849177 0.4637616653805194
0 0.4176798524416011 0.2849800807626351
0 0.3599838853368293 0.27235635007205217
0 0.35225678656412207 0.284495062024697
0 0.5552553097191064 0.41971121171246406
0 0.43282247026977333 0.49492675182612045
0 0.37595725205281505 0.25565160966437794
0 0.6013894081925568 0.45978487444960553
0 0.4812437146092239 0.2709880092869634
0 0.447286787159417 0.27674891955178715
0 0.4581761143129805 0.26145721324112103
0 0.45949023127879784 0.32304088551065196
0 0.6772257924565802 0.4344762286414271
0 0.6611892849854801 0.4218809813261032
0 0.6356742338317892 0.4437695695006329
0 0.5360597024631241 0.47031500676403876
0 0.47025174817637255 0.3852537507596223
0 0.568403376509314 0.4685412207375402
0 0.4285397067989992 0.41818475023559903
0 0.47316553759510105 0.4104630843452785
0 0.4410592102162216 0.45023625169111336
0 0.6470978043001631 0.45980607530345086
0 0.4574611945806638 0.3396960682195166
0 0.5299503366746332 0.4921489900868872
0 0.5687916068279225 0.4854027602983558
0 0.5043437029842449 0.4660306066274643
0 0.3899592833350534 0.4960523934467979
0 0.4797798161111448 0.4880953812080881
0 0.3809343505164851 0.5168078325364901
0 0.48333638979364996 0.43735586132692256
0 0.439948380884269 0.31323014821695244
0 0.5075290758648644 0.340595501790876
0 0.4989125670298286 0.3537864537342735
0 0.5054191222981267 0.32416050991286405
0 0.3285186712670585 0.2683422045863193
0 0.2909890827520386 0.2809447063052136
0 0.2664028868565093 0.299298755047114
0 0.2511421645303135 0.32012157854826556
0 0.24614295258146265 0.34071770193784134
0 0.26936383630432514 0.3764821083649345
0 0.24894613902206006 0.456775477917298
0 0.3106015931976878 0.3840942271377729
0 0.3334688211426787 0.3724630000798599
0 0.35450966008331464 0.35309202735838685
0 0.3694529010225897 0.3327296194822892
0 0.37885401195482066 0.315006689792094
0 0.38412941137895634 0.30110317546388377
0 0.22877643629908562 0.46398404940314913
0 0.5014082622592864 0.35771257631156755
0 0.463238040390222 0.30272585620050846
0 0.5225446300338144 0.3291557853636534
0 0.5343820284242216 0.33014646133650905
0 0.5224156465543353 0.3331085074207057
0 0.5084180948526963 0.3583187688951907
0 0.5398960721719525 0.32745150664578315
0 0.5415745994643025 0.33086397246174193
0 0.3695292494300267 0.2912247866392136
0 0.3825836894304856 0.2856450818155123
0 0.39311525452396145 0.2812516969183217
0 0.2872503394584941 0.3500562562890675
0 0.26453090212105407 0.3530001101286515
0 0.49318663200930407 0.2628123526987822
0 0.4870484689169604 0.1663463729231254
0 0.5591834041735401 0.30833913372910543
0 0.4359431736495184 0.09664475593877875
0 0.4731005836764108 0.21196493059396743
0 0.4860169210511705 0.20140159110660139
0 0.49619232393477275 0.18992035868375198
0 0.493596015902965 0.16784284672011499
0 0.4607945358299691 0.218118380010128
0 0.43624355441526225 0.1521746003109476
0 0.42532962512062944 0.16836610572493593
0 0.45100249260987924 0.14215612839097563
0 0.46481474610450474 0.14101517660462337
0 0.5131397505655236 0.16954623972592148
0 0.6927284832395937 0.38304697806420535
0 0.48213742649101693 0.1581160974243413
0 0.5130728768265765 0.1454599468604378
0 0.5022538364257502 0.15048674241356227
0 0.564055090284218 0.2517326149603595
0 0.5873320576451395 0.3410403260718221
0 0.5993005726486444 0.35473363140354985
0 0.6048467200573372 0.33557233343953674
0 0.6185380604280077 0.3357500100913255
0 0.6093113331691079 0.3489081203937531
0 0.618197327884643 0.34662278644416644
0 0.6552636531060156 0.3406991722791091
0 0.5573050378133422 0.2983185951476512
0 0.5436463699392651 0.2842451084567153
0 0.46000307215296704 0.11614168253929719
0 0.49647119560319447 0.24511745649835337
0 0.5640413315723771 0.27651167524897535
0 0.5531913251818522 0.2704070665266203
0 0.5892862924577101 0.21900309389052183
0 0.5178783291383929 0.271795103860938
0 0.42643238409705786 0.12207073750703232
0 0.442599688211213 0.11335091629753942
0 0.40566927915358025 0.07960753609304842
0 0.3958060248228519 0.1813565071510232
0 0.42285177710911503 0.18680625130300937
0 0.6467758077804161 0.32150537008824553
0 0.6319994845468065 0.2752755445630654
0 0.5648121038532775 0.2927146808608719
0 0.5620718093022056 0.30524977005046344
0 0.6370543001786523 0.34269840717315675
0 0.6333550198570542 0.345598903298378
0 0.43327632999938465 0.10101508420446645
0 0.5681231538562671 0.2834993248400481
0 0.4104494005036743 0.142009128306223
0 0.3981864064041039 0.12947680872419606
0 0.34060481081352284 0.08333244738371476
0 0.4240035270543202 0.08960570693016053
0 0.3721765749075491 0.10756419385256974
0 0.4536126304579818 0.10612567093061365
0 0.4506084672782732 0.1013640266397725
0 0.5946223617571852 0.34774674099424613
0 0.6079987449490506 0.34239779931047687
0 0.618958714377621 0.3409848495669987
0 0.5643508848126816 0.2981044215352639
0 0.6352372258577658 0.34419202700905177
0 0.6366687007248402 0.34975390512010324
0 0.6315348880446475 0.34703620309415073
0 0.5614642217431379 0.29023998729560685
0 0.6162898086983225 0.3511100005844365
0 0.6088612419755562 0.3538338041823843
0 0.6007899620934672 0.3598492512236471
0 0.6597336346040601 0.3945602788873341
0 0.6461351210980312 0.38375925927058513
0 0.6361246449953836 0.37745605422102885
0 0.6251497436314821 0.3726349688094595
0 0.6160997464928938 0.37024680790693865
0 0.6244538087883721 0.35683864562407785
0 0.6306366254778012 0.3559282179759896
0 0.6383831713186658 0.3559568138226219
0 0.6462005016434452 0.3573219913503398
0 0.6148357581671166 0.3071359712144603
0 0.5612580543788879 0.20758176653281502
0 0.6268781862505104 0.35283041894435885
0 0.6316323366987965 0.3509703673746275
0 0.5650962372512921 0.31338485259076826
0 0.5721744012249552 0.29532836092555004
0 0.5638115219771862 0.3095196332620538
0 0.5168422661397768 0.24059333768875701
0 0.5475580037126074 0.22954601982365483
0 0.5595283674319154 0.27559224989103237
0 0.3754559834285275 0.07307902276515961
0 0.39848230758924846 0.08995605525763138
0 0.4148835631330376 0.10851842910051346
0 0.6609963786018931 0.35670764459216076
0 0.3768848807591459 0.15986771253140075
0 0.34440280189332756 0.13505701966907668
0 0.30448092180101766 0.10601662993431091
0 0.4993121029566164 0.17825409679309182
0 0.5340699865280286 0.16956765146359154
0 0.4516230567317942 0.2207971950588019
0 0.4777394738048315 0.13934933497853902
0 0.4793425948237595 0.24467257598172062
0 0.5572692011685475 0.27549618527941083
0 0.5548187283718068 0.16847656667232513
0 0.5482123424501523 0.18383186148560565
0 0.5469837285902189 0.2008824091890584
0 0.5232638515855955 0.21928750587546308
0 0.4997183227020761 0.22918990733830824
0 0.4816607066794582 0.23450682279856308
0 0.44699394346579263 0.2423353646112525
0 0.5915659368038177 0.19395691409059193
0 0.4794669565137314 0.13120306153660236
0 0.5585771320468705 0.31020646782025046
0 0.5157138384554697 0.2575273228728253
0 0.49585621318091516 0.15052950965321582
0 0.4660447465012903 0.2364345258992651
0 0.5575627559067114 0.27713036621394366
0 0.48454249909390573 0.15467670877342637
0 0.5431208013678375 0.26867422007996106
0 0.5967144325537526 0.2386024537941684
0 0.4443110302090645 0.2166949282521787
0 0.5296167501288912 0.2680335550204567
0 0.6780706911307314 0.3179261935793835
0 0.681963588880456 0.33485338830429573
0 0.583445665952952 0.19478045760289484
0 0.6633760669147191 0.2900410113775212
0 0.4803266449143057 0.12156107347944509
0 0.7046403635455214 0.3923739759818367
0 0.5573629879433176 0.31669651593851006
0 0.5362844280898571 0.25705082384140593
0 0.5078522456081017 0.14665236835894377
0 0.48669899052575877 0.182821770141954
0 0.4779435080354628 0.19409358086793319
0 0.6418119702974091 0.3492120742797852
0 0.6182854974075503 0.22183976251146068
0 0.7076689155529374 0.42858604659204896
0 0.7020399314553841 0.3837496148503345
0 0.6940566788872947 0.36275036594142085
0 0.466504685661715 0.20319940383019655
0 0.4548420264669087 0.2103671903843465
0 0.44806648304928903 0.21496905503065689
0 0.4771596880872612 0.1235944715530976
0 0.43694254674989247 0.19673418376756752
0 0.4395644879373519 0.18138226309548253
0 0.44925342969920323 0.16834065907675286
0 0.4617097568090843 0.15959432274103164
0 0.4714947251360054 0.15738421808118405
0 0.46501280756100366 0.11902703720590342
0 0.48878515965264774 0.1738418869998144
0 0.599148764639445 0.3085786415183026
0 0.5642894505644622 0.2894949066250221
0 0.578939776705659 0.3224671971538792
0 0.6883632386022288 0.3454842668512593
0 0.6959684287886256 0.3685173356014749
0 0.7047754620080409 0.4187297302743663
0 0.6614470386310763 0.3078898949467618
0 0.44107652415076026 0.20977220276127692
0 0.48542920718698396 0.25249361033025
0 0.7087261321266061 0.4051660482002341
0 0.6137305460870266 0.2251449025195578
0 0.6211591128097929 0.3623539605866308
0 0.6291259758012451 0.3627931612989177
0 0.6389389948352523 0.3651546383681505
0 0.6492170369981424 0.36942323627679247
0 0.6635481041410695 0.3749984703634096
0 0.6257540959378948 0.34605840509352476
0 0.6279997879072375 0.3419497414775517
0 0.6290687722680361 0.33801194999528966
0 0.6312902887230334 0.311784806717997
0 0.6233486322605092 0.24030673251203868
0 0.4620894545932179 0.2428265833336374
0 0.423807669835894 0.2118110556965289
0 0.43084526871857437 0.2080061772595281
0 0.6230358437675497 0.34973467251528867
0 0.6505038498536401 0.273335989791414
0 0.41749217223538004 0.21891519751237787
0 0.6770740199996077 0.37839701784693675
0 0.471829058278514 0.25319020178007046
0 0.5205190419016973 0.26332468792148256
0 0.6747707334225592 0.40158543768136395
0 0.6656737362399049 0.3342012792825699
0 0.5788649037156416 0.2771007159481878
0 0.6735567670801411 0.3565342699703963
0 0.5987170894994683 0.2496087758437447
0 0.6039689711254576 0.2794750991074935
0 0.6271077114278856 0.26322101743324944
0 0.6929377791998179 0.409475163921066
0 0.5322080808489219 0.26596817290005476
0 0.6783377594597961 0.3340380833200786
0 0.685527130799449 0.35918437670106473
0 0.6550059350126464 0.3104701007189958
0 0.6373793186376924 0.24802068005437436
0 0.6620467691479818 0.29931817041791003
0 0.6398392483268095 0.25654958110788595
0 0.6286605615978655 0.29012928734654964
0 0.4999891951194276 0.25494796063589015
0 0.5624748293472372 0.2841186906332555
0 0.5671498760904955 0.28374909564204837
0 0.5510612135024174 0.2782240940824799
0 0.41429520932876546 0.18723600441994875
0 0.42064227730683657 0.1587598695055298
0 0.4347245144131391 0.14033334702253342
0 0.44988448172807693 0.13057936559552732
0 0.4639438587524321 0.13013090005387432
0 0.49273661192020646 0.15351653844118118
0 0.5494899117266354 0.16868957339421561
0 0.519506727790703 0.17991936200338862
0 0.5172598981500968 0.19472232396187988
0 0.5024407700352047 0.20928652325402136
0 0.48393665359396004 0.22021072714225107
0 0.4689970034296098 0.2264730207298113
0 0.4577617175553156 0.22964943725129833
0 0.5262604065887306 0.180149112900962
0 0.5684518341946861 0.2888724619279737
0 0.5065132420833992 0.2606333885503852
0 0.5604988365717556 0.2900884742970052
0 0.5595847532639037 0.3038477019123409
0 0.5603851049976505 0.2938617623370627
0 0.5688585161190965 0.2961965836908506
0 0.560350619337481 0.30631746079610744
0 0.5592981312100006 0.3125727249228436
0 0.4424481290676024 0.22054352993550508
0 0.44293768323310045 0.22826667201259862
0 0.44626757591638877 0.2330045989026194
0 0.47761447217477404 0.15733418237903843
0 0.47514704096576443 0.14452823400497436
0 0.3141612243717131 0.32514744621256125
0 0.32988736090128834 0.31091796172701797
0 0.2978617370776508 0.3138437357933625
0 0.2980428756741078 0.33980589651543164
0 0.3301619485263591 0.33658027376817623
0 0.452562488777482 0.18871982518745506
0 0.468218551867682 0.17515718347352485
0 0.4349232513619506 0.17655205344376357
0 0.436948377315117 0.20229310950507287
0 0.47025448569784994 0.20069150309199874
