0 0.41167519128193025 0.51408590586937
0 0.3831065838103709 0.47038879699033237
0 0.3878961437908204 0.4814605020202588
0 0.34152128677005356 0.4283162341385648
0 0.3763786534090405 0.45681117507426633
0 0.36658672559196537 0.43818995475337125
0 0.3422054602238147 0.3925523003698259
0 0.1947088503562238 0.4172757913129053
0 0.32892876053633896 0.36512281443329825
0 0.32112977103046747 0.3486320993768564
0 0.28551291480012564 0.2776472591187643
0 0.41399854543092457 0.5186547374595767
0 0.4158536807998367 0.5232644332167895
0 0.416786591157965 0.526381861148537
0 0.41658063022338826 0.5261471713150757
0 0.41923329363698547 0.5303267605494761
0 0.421982505561217 0.5355379466993221
0 0.42471314780414104 0.541697661621847
0 0.42827410032243834 0.5616978242777396
0 0.38595763504829095 0.47681371030816133
0 0.3640656060660663 0.48035485275845596
0 0.09223559126257896 0.38395938109876454
0 0.2566047103913582 0.4149468129203803
0 0.2373846925633109 0.420749357159155
0 0.21767977090633434 0.42509650622589
0 0.18863737720834173 0.4242553017169669
0 0.2719520332858614 0.40855405501265457
0 0.20772526328168486 0.38822753727436066
0 0.23203658976632616 0.383809462081695
0 0.18785340468520703 0.3958249507282955
0 0.17709528286333964 0.40398642366779025
0 0.17544142278316227 0.4365364911871544
0 0.3603300224665714 0.6061678074192309
0 0.18552890938261282 0.415885879293732
0 0.1110941919133715 0.44460976005032443
0 0.14683325532013955 0.43366849098516547
0 0.26919604360085464 0.4780979728245217
0 0.3844934312383766 0.5181735507280066
0 0.3918791156586098 0.5288636614770993
0 0.3607449874119914 0.5289348946425362
0 0.3446299966586673 0.5378401010040788
0 0.37117523505635885 0.5347137689266516
0 0.35435421602881473 0.5402041098129922
0 0.318863647463529 0.5609392133959825
0 0.3652671024851177 0.4740259032426537
0 0.35618310486492905 0.46153319146538124
0 0.14419072396729304 0.4027230119251687
0 0.29450022558803146 0.43418747148867964
0 0.3107086180344872 0.4795526980921842
0 0.30542495583548496 0.47202654571636865
0 0.20656308479121196 0.48947495886165165
0 0.3482609745115042 0.44390144782221835
0 0.1871132455442263 0.37844396066730435
0 0.16006823374039453 0.3894856176946474
0 0.10200829237051633 0.3569548657514911
0 0.2840916598620622 0.3695903508991435
0 0.2549578009740166 0.3843100760402023
0 0.29573360514705593 0.552248320609763
0 0.18407073985461309 0.5713482713461786
0 0.32989841258234304 0.48363702134161757
0 0.3490662139880916 0.4835579726251139
0 0.3249314723779326 0.5500206931669643
0 0.32932251039892435 0.5488443410806898
0 0.1447610414141546 0.38412318667531875
0 0.31162555224221683 0.4851830489933491
0 0.2280660841371054 0.37099327022830647
0 0.21928635956314596 0.36168450230489607
0 0.17164829737790252 0.309851265201966
0 0.1262018379714826 0.3698478872631339
0 0.19902863543804572 0.33477140099242114
0 0.1290553617088691 0.3996479414889346
0 0.11301074209420578 0.39211769990515016
0 0.38817925362483313 0.5241841281885686
0 0.3661504936930926 0.5320903954730518
0 0.34952056602291437 0.5390613645963047
0 0.3357993524278636 0.4847791524792927
0 0.3272123444906395 0.5494047719175401
0 0.3398281260515037 0.5485692615958228
0 0.3318874951775955 0.5482009816644848
0 0.3400821537589249 0.47778945394616196
0 0.3579484003231577 0.5409791333519894
0 0.37484155409038067 0.5363155940304631
0 0.3945875918573659 0.5315209767524747
0 0.3995856371424768 0.567578691503276
0 0.39951467813681 0.5473011605225612
0 0.3970294530786898 0.5410065436060878
0 0.3953969464029955 0.5357582335886748
0 0.39476965772716893 0.5313476389948872
0 0.3580094347505466 0.5411058569300002
0 0.35596915585515293 0.5436265396251194
0 0.3542157906391051 0.5470598553833754
0 0.353464150801301 0.55117384981418
0 0.3094665933724331 0.5245051240359527
0 0.13259883382884058 0.5051175331075987
0 0.38685966509839764 0.4791693453123604
0 0.34518231500102126 0.5447136548658212
0 0.34251326047208 0.5464391331525816
0 0.3591567090833965 0.4870934488008852
0 0.3228278248773321 0.49103480329116184
0 0.35423010692972207 0.48535189280907315
0 0.2768313640161701 0.44656568544282427
0 0.24811437199621098 0.4629845113857933
0 0.30411537833835767 0.47841760095046915
0 0.12658903484597153 0.33214409185060556
0 0.15313557000911754 0.3504667999897746
0 0.17511678187419538 0.3702068583148977
0 0.3415698722490798 0.5658572605554608
0 0.26951909381086414 0.3545549054076706
0 0.24723720526241738 0.32285452785267343
0 0.22293412620606629 0.2927652144993561
0 0.2001750625507987 0.4266861893128658
0 0.15834782365709543 0.4503489425000937
0 0.28145230990713055 0.40351266170973366
0 0.16052865463754404 0.4143474438916082
0 0.3051384744112906 0.4224926716499571
0 0.3227812104817966 0.47241162908250006
0 0.14015698805451393 0.4668309348432914
0 0.17782607071263634 0.4563716619774915
0 0.20691144786289203 0.45553188101536984
0 0.2444706339713024 0.4447934813257577
0 0.26951027580577397 0.4330853392248568
0 0.2869678337693862 0.42277551086052606
0 0.32438764352675364 0.4000256559069174
0 0.1555977472225609 0.4950183338445166
0 0.1431467413254406 0.41685238383386447
0 0.37481530755758286 0.47882710791368416
0 0.3021026946118344 0.4480052820366362
0 0.10225096041255671 0.44374893292568734
0 0.29959758581674617 0.4129513073442639
0 0.30210210674482846 0.4789382003895614
0 0.17690745935491894 0.41900869437317917
0 0.3169962360483149 0.4632445180221744
0 0.15420585105438595 0.5380082749154257
0 0.2786223873010148 0.3992127967269524
0 0.3318632715989066 0.4522396359538686
0 0.24762511103535476 0.5955965488717176
0 0.25489247857552505 0.61225958287284
0 0.13670548254057116 0.5029628973292268
0 0.21161294882388218 0.5820681370146896
0 0.11039475120766007 0.4158952858676945
0 0.3624835522116526 0.6235043744462124
0 0.37775208363714424 0.4806614456617314
0 0.2881304790954227 0.46187774561669515
0 0.1307603143479513 0.43919679311954457
0 0.21606936111398364 0.41655782129669533
0 0.23342022121600484 0.4132225069662799
0 0.33772449584110925 0.5511688813567162
0 0.17045063938459623 0.5227092220515445
0 0.4123286919101425 0.6341726016523181
0 0.33471368309920246 0.6308347751804884
0 0.2982542578373914 0.6241415093342463
0 0.30227599434716546 0.31096926582572254
0 0.4594931234808072 0.6254908642259197
0 0.24961550768626772 0.40845535576775455
0 0.26451172910468734 0.4034740724263416
0 0.27434461741991667 0.40082324684961984
0 0.12702620041597149 0.4172307681562244
0 0.25514678292624327 0.39320073989422427
0 0.23538324747072614 0.3930862699837788
0 0.21726316339133875 0.39659363808839215
0 0.20121914893388748 0.40293051480599074
0 0.19283372750910727 0.40872566218393436
0 0.09267764996089366 0.4111084841407727
0 0.20371727248572785 0.41749847869294276
0 0.39381250650014565 0.4920861902984156
0 0.3261870871419492 0.5123771751920382
0 0.32946278584068234 0.48167138233564905
0 0.3645360725729362 0.4994226759974507
0 0.3346619335124674 0.3778117663240519
0 0.2866951845100392 0.6079619788173316
0 0.32335161437968846 0.6165885607833448
0 0.40668786592457606 0.6235005224960438
0 0.21860113140681517 0.5959671176430108
0 0.2707126367351283 0.396488044410944
0 0.32164903049883636 0.42445345384919125
0 0.45461752743500733 0.6147353819746902
0 0.3721390948833331 0.6350110428056855
0 0.15595148754832538 0.5328323145707449
0 0.3749691212306852 0.5363130260636841
0 0.3736807242359804 0.5401114676201689
0 0.37382264224731404 0.5446446547149748
0 0.37523373054421466 0.5503282071887583
0 0.3683170256731303 0.5686805446402751
0 0.34069716638844944 0.544806994875704
0 0.33654120600903814 0.5448759112885033
0 0.33287633935232525 0.5446623513556045
0 0.29807954030516354 0.5383702744932278
0 0.20205928004630233 0.5238564612100953
0 0.31468090455493203 0.4101831508071526
0 0.2902504658407491 0.3872279003802417
0 0.2773070175848577 0.3907524347845195
0 0.34498112616331683 0.5445940490218176
0 0.2126105245526718 0.5590598245785721
0 0.3084663030812922 0.38424783075849217
0 0.36341061848013295 0.587178893333328
0 0.3581049458488174 0.42239394449237466
0 0.3328960847676448 0.4147391704761464
0 0.3502582353742226 0.40773889303639316
0 0.31699570005192707 0.44920619728340616
0 0.4468262493610382 0.5987091199967308
0 0.4369396403755831 0.5791086948652199
0 0.40100575092694035 0.5863670808789523
0 0.3009104830334368 0.5726169027604054
0 0.2909468807604002 0.4934275063375632
0 0.33113773997225193 0.5825499099125897
0 0.2435155229885941 0.5015806333850259
0 0.27911277212526486 0.5112783924501011
0 0.2349098762092383 0.5280653029356314
0 0.4027641303027454 0.6069462921308435
0 0.30696663705875044 0.459204045596762
0 0.287112708405956 0.5889946970602741
0 0.32399242399665323 0.599018029652644
0 0.2750684027357594 0.5593107595931792
0 0.18550107215085757 0.5459984756358292
0 0.24795609744994537 0.5683060960061308
0 0.1787787437762903 0.559723839379739
0 0.270548310616742 0.532682590942452
0 0.31216571556971123 0.4358698525938435
0 0.3326184213485407 0.47711276678719383
0 0.3196324564759498 0.4827226018668085
0 0.33830269762193377 0.46679545782398485
0 0.2696252210956553 0.37998515942498395
0 0.2315909174149451 0.3798485826700926
0 0.20071740444425656 0.38548168297047203
0 0.17754368706727805 0.3939470412830512
0 0.16382166083254243 0.40346649413307506
0 0.16426639951279629 0.4261631614704063
0 0.12104045210973076 0.4739010777270448
0 0.1899728554341456 0.4393538298706214
0 0.2127936624152505 0.43836608377919684
0 0.239746845934702 0.43196034647416376
0 0.26312223627515463 0.42311317057929176
0 0.28030019431658415 0.41493536872060405
0 0.2918207277746304 0.40833209336235904
0 0.1165196338020589 0.47415142657532205
0 0.32092616156391474 0.485838047998107
0 0.32820094660248444 0.43762597900585853
0 0.3487806143644063 0.4752118014663026
0 0.3622823979543603 0.47886096599741257
0 0.3492799900958072 0.4769724776455458
0 0.32846496804900793 0.4881465943071289
0 0.36748062924522423 0.47935035905760265
0 0.37017582656572695 0.4812857686285523
0 0.28632883962405764 0.3983899308503538
0 0.299022997688988 0.39945414373516175
0 0.30692289283742075 0.4008099185437828
0 0.18860646231990794 0.41267301790092303
0 0.17213204276302588 0.4116911613854809
0 0.3761713784188032 0.4201733789582183
0 0.4776077265648738 0.3534194314447434
0 0.4053800347382608 0.4703754268154718
0 0.526546721144215 0.2849981617182493
0 0.4264614988604318 0.3763582273453906
0 0.4469412983921559 0.37315929438108986
0 0.4662821228899386 0.3686764059399349
0 0.4881256355539612 0.3556691517756469
0 0.4081470901551454 0.37745126007475716
0 0.4427970089018345 0.3384210819081552
0 0.4200749117071214 0.344575228250545
0 0.4641747579950353 0.3359515631598407
0 0.4790562308676865 0.33732326215376024
0 0.509755856236038 0.35928923129171564
0 0.51774552213433 0.567848132626302
0 0.48400292424080166 0.34826134917312773
0 0.5641591092166693 0.3398130315531423
0 0.5283135727209889 0.3454346318283807
0 0.47386771667262784 0.42979423858333327
0 0.43483189509614656 0.5051200731616953
0 0.4378644589172757 0.5168209300524946
0 0.45950377424773964 0.5029933779783871
0 0.4766867810293384 0.5029133244053178
0 0.4563275288142588 0.5121944587731707
0 0.4712953489759694 0.5090884471285171
0 0.5122705092248709 0.5135866317196168
0 0.4000543746287408 0.4656828862169515
0 0.39622646132889 0.4519818344193956
0 0.5023707596828109 0.3238654972958392
0 0.41420934762319794 0.40608385240362177
0 0.4454421337855899 0.44716117460874544
0 0.44225385436869186 0.439224649976561
0 0.5312472019830475 0.41318194983878
0 0.38582481168534444 0.43497547442498413
0 0.4490656076889971 0.32483558861565764
0 0.4790955833766771 0.3214578190953403
0 0.4973462258020173 0.2673180872655433
0 0.3661009053821149 0.3568416519117528
0 0.40201297459071095 0.353640081198967
0 0.5225788954969334 0.4967031991784123
0 0.6104972072593544 0.47016898461658024
0 0.43397246811376966 0.45843837280636246
0 0.4193937467492145 0.46662117103519646
0 0.4977588392794132 0.5037948348275993
0 0.4934704532117947 0.5049021588503451
0 0.48520397111449554 0.31091602238408034
0 0.44920873601475486 0.4519681851177112
0 0.4113552878894236 0.335933573436046
0 0.4095683796736209 0.3253238372558701
0 0.40418756380677223 0.2573158147920301
0 0.4917453747728597 0.2866342217270015
0 0.4058252921246964 0.2880062975421332
0 0.5103095577948767 0.31457893391126307
0 0.519654706687383 0.299251117028188
0 0.4372466452743696 0.5114363224070141
0 0.4582315608859062 0.5078972734078981
0 0.4741874471630739 0.506005323883416
0 0.4303151399868986 0.46185633658930875
0 0.49553957217089506 0.5043631091281988
0 0.4870678553276736 0.5091636997202168
0 0.49109170124258683 0.5055878059803576
0 0.42167615769026073 0.4581473551798558
0 0.46852123915501265 0.5114124012382134
0 0.4541457122920648 0.515226641372926
0 0.4371315270824277 0.5203020044103048
0 0.45497792449010455 0.5542892401201137
0 0.44797501065160916 0.5346735467513403
0 0.44450604202954663 0.5285392044570999
0 0.44085182613976626 0.5237849489178347
0 0.4367806742210751 0.5202060126955959
0 0.4683772463189519 0.5115511551823305
0 0.4728497385006884 0.51246956617072
0 0.47731732026390405 0.5142643516478331
0 0.4814856777210598 0.5171575011766475
0 0.4871422723745522 0.48143345463103143
0 0.5937687945754632 0.3979440676183372
0 0.4791918552440146 0.5088544830247976
0 0.4832003474559473 0.5088043518472409
0 0.41528234323081764 0.47369167678382085
0 0.4457256931649602 0.4613094992287781
0 0.417247720953563 0.4702890091508195
0 0.4386850520968437 0.40851874546944233
0 0.47605793623496656 0.4095252209707447
0 0.44856564409059024 0.44376168902153557
0 0.45802601491627487 0.25716022950043715
0 0.45502675203201565 0.2820607008061547
0 0.4501799960499224 0.3135539941705655
0 0.49832090929798456 0.52763497311136
0 0.3639882842645697 0.33975677354180295
0 0.3570566060750381 0.2979715159297853
0 0.3488178228878457 0.26428007091517036
0 0.4811745231728191 0.36265879448341287
0 0.5372025713972424 0.36231890175005665
0 0.39610861128439073 0.3772800436810307
0 0.5005481990621142 0.3376103161793688
0 0.3961284604409467 0.40116167416715104
0 0.4303551841041316 0.44672157777392346
0 0.5617169713520486 0.3687747144072816
0 0.5281903627126113 0.3752478050149005
0 0.5055383945936742 0.38711439345733845
0 0.46617813959069876 0.39442917704582214
0 0.4350206695659005 0.3956715426259283
0 0.41152144676965213 0.39517401301882404
0 0.3626166867983082 0.3910848190063152
0 0.5735519099170747 0.39723427601806494
0 0.5155637401925481 0.3325191824764445
0 0.3963286464466997 0.47364034536092176
0 0.42137869698521885 0.41982902019568114
0 0.5671469259845174 0.33658406454259937
0 0.39275175235841586 0.39304063274808554
0 0.4496876055617695 0.44356733301411505
0 0.49242685095447564 0.3470401134935842
0 0.42601530780286895 0.43725487989360007
0 0.6049753378914751 0.43244027713502664
0 0.39451047753834206 0.3726645141732002
0 0.40541146833287633 0.43481385999399685
0 0.589229769680811 0.5128206239770288
0 0.5946703750802123 0.5296071715976881
0 0.5923162789448447 0.39652675930140674
0 0.6030299822273462 0.4880377906712069
0 0.5409362876544828 0.31693751370345336
0 0.5307173263281584 0.5823676121839578
0 0.39524465426802635 0.4764552277283392
0 0.4442901219362798 0.42495635664765385
0 0.5465034573622372 0.34265540791270527
0 0.4595363489959551 0.3618364031224147
0 0.44278293467410235 0.3660137453858835
0 0.49080579039519245 0.5102260843243288
0 0.58509903571204 0.4251132538353187
0 0.5020990959652092 0.6120065264943717
0 0.5545443368508763 0.5766120170769484
0 0.5746252513288156 0.556287955654704
0 0.4257876303694818 0.36844168819379114
0 0.4090957000203755 0.3703363173357818
0 0.3989724918552067 0.37215126972591533
0 0.5275497259977071 0.32524443963083666
0 0.4095992254012305 0.35987603961341624
0 0.42553550458472705 0.35255794837207033
0 0.44280050152345846 0.34819483325101325
0 0.4605455437432165 0.34624700253640395
0 0.472139802639899 0.34676776945159055
0 0.5480652125147374 0.30671113030310126
0 0.47024341283932974 0.3574897564839626
0 0.4635614743861167 0.47910760245893314
0 0.4328079035748606 0.4567175001121949
0 0.423333493101856 0.48528881014689157
0 0.5716214238301568 0.5385381413650685
0 0.5529101011545762 0.560459450211214
0 0.4981649516393309 0.6011925113481887
0 0.6061163531697314 0.5027811299415602
0 0.3990437620845826 0.3678828204671542
0 0.3866989007624595 0.4092298210531041
0 0.5318377316807923 0.5955210171531939
0 0.6022586315546347 0.42781441993471503
0 0.45397775523040607 0.5152163415931273
0 0.45904734738818975 0.5174483792397423
0 0.46317835800025775 0.5209497182049613
0 0.46734384528320766 0.5260788131559241
0 0.4799497195559999 0.541577218397372
0 0.48309466971651366 0.506726224731276
0 0.4862874445869871 0.5049066527922085
0 0.48891126793687756 0.5030747434475283
0 0.508479078259805 0.48717447931783786
0 0.5638493378849133 0.43831246351634245
0 0.37838874360465485 0.3953519144999808
0 0.37556369683664775 0.36959788732338644
0 0.3886027945124585 0.36664092940264853
0 0.4793384761913963 0.5086474825722583
0 0.5846738695450451 0.47014218844149425
0 0.35908471266536607 0.3756413877928171
0 0.49901901865782944 0.5541382883337961
0 0.36991228924497316 0.40604194151102635
0 0.4122475662633129 0.4267848885577658
0 0.47024728584548703 0.5695546582017256
0 0.5336587016025315 0.5159442764369474
0 0.4711855215870816 0.4503073526033457
0 0.5192907478498376 0.5366039320394613
0 0.5145470760762691 0.43750204669608583
0 0.4967486071197883 0.4593162824926169
0 0.5438850285566371 0.4545946847917377
0 0.4869848969190017 0.5865274113265501
0 0.42825089686590695 0.4303631827883098
0 0.5565041817076828 0.5234696472576563
0 0.5383312760487847 0.5467126216145529
0 0.5420817292254904 0.49461359994998877
0 0.5930862464010715 0.4493915095817352
0 0.567816886888898 0.4911687562539094
0 0.6077067409034657 0.4578699031169864
0 0.5227840610820315 0.47211100949325424
0 0.40332595825843187 0.4144766516983509
0 0.42694178620434325 0.45446539324694785
0 0.4414099885717682 0.45337914329939993
0 0.4140865871601779 0.4486898684847182
0 0.3864037915254417 0.3570751694125542
0 0.4163253576211307 0.34240144437205966
0 0.4451209509178348 0.33410950755511504
0 0.4702056164488844 0.33073027261897275
0 0.48872159437640855 0.3317946250671926
0 0.5081683040960975 0.34701105639122537
0 0.5804497338831425 0.3671680604094181
0 0.5014359819824281 0.36778232085424056
0 0.4833333437209544 0.37664575588659965
0 0.456377843313891 0.3826499832119199
0 0.42949523841557297 0.3853322384690029
0 0.4081906268940024 0.3860630064500847
0 0.3931167140279127 0.3857198479328898
0 0.58063660643023 0.36681820284845174
0 0.44274493080118427 0.45636535371127335
0 0.3941189926927504 0.4221125288286071
0 0.41342523677841475 0.45965913397030556
0 0.40568316663089005 0.4684408267123112
0 0.41415962099057174 0.4613960006314775
0 0.4389586177371118 0.4613628961901734
0 0.4024570908235467 0.4709409656731979
0 0.4014893579904152 0.4736802046713622
0 0.38790385522272275 0.37544230058573297
0 0.3794696581266496 0.38204318940963433
0 0.3756981108985517 0.38702570090907207
0 0.4789937094825765 0.34759578521808854
0 0.4894650040761284 0.3404359728421854
0 0.22571596474913153 0.4034375347251046
0 0.24645012050219203 0.39847459001601604
0 0.2198390755802393 0.3920711555072795
0 0.2049938602696942 0.4084135704822298
0 0.23158623176910306 0.41498591858839645
0 0.4445526564250822 0.354937057942152
0 0.46463052782675496 0.350159313880663
0 0.4387254420181979 0.34440490506265475
0 0.424113765520894 0.3596506726158702
0 0.45027374354717525 0.3655152946602607
