0 0.23529053712263703 0.6340811373665929
0 0.2636185588315129 0.5462252034805715
0 0.25653594033792615 0.5677220284938812
0 0.2952151027042419 0.47069493965245784
0 0.2759681860450655 0.5265453145839274
0 0.29540597680024805 0.500966994650662
0 0.3476066564675421 0.4357516380958259
0 0.22038661921396852 0.33249857341870664
0 0.3949545040726662 0.3692540191113949
0 0.4141566577367485 0.3398241000249982
0 0.46844948586076496 0.2608350601512939
0 0.2311751232482493 0.6406286531127989
0 0.2266712266020477 0.6473194113001227
0 0.22344022043980657 0.6519330347888171
0 0.21445802953094245 0.6663641341030597
0 0.2103970870608464 0.6735976785421371
0 0.2045153283281252 0.6829715481959283
0 0.19808202031999828 0.6927286967635155
0 0.18554185756947844 0.6875927275046706
0 0.25906261559575794 0.5567970682866872
0 0.24482015054672956 0.5462343499995768
0 0.22134468639269472 0.21237473455257713
0 0.2570418756455183 0.38996744477190076
0 0.23870685403235256 0.37907825540751217
0 0.2228643040638417 0.36558308359235525
0 0.20963491746224464 0.33414230230264363
0 0.27456012815237046 0.39657196719199417
0 0.28121892563067374 0.3044587661512196
0 0.29878865741193295 0.3236779289785773
0 0.25906825214624407 0.2937398213427514
0 0.23920998936519028 0.29372409330680965
0 0.1888293024385348 0.338657660363242
0 0.11155923181213438 0.658781789150089
0 0.21943177292123436 0.32017761580646037
0 0.157187382504344 0.29070951994508504
0 0.18220045370981097 0.30876856613904236
0 0.19496602357830853 0.46613921760581434
0 0.21600365219637752 0.6167297136038542
0 0.20779516019392757 0.634178726747632
0 0.19000629836227745 0.6104010382667184
0 0.1704172815196216 0.6093103755265474
0 0.1897653266787529 0.6257148164324462
0 0.17437101057730614 0.6210982501506805
0 0.12906436286866665 0.600559463351965
0 0.24894001143984495 0.5353878907859325
0 0.2576512087136507 0.5145278225652874
0 0.23281993456184863 0.26065205023624005
0 0.26665880070067943 0.442141714412719
0 0.21733596436679364 0.5050917963497341
0 0.22362522007897495 0.49336770875379443
0 0.14457272761501372 0.424582068156451
0 0.2768252345267683 0.4910304550081491
0 0.2906292747706175 0.2665518532507122
0 0.26109468354843557 0.25661193337291477
0 0.2560231606476009 0.18775399550795555
0 0.3539962903596461 0.34180972976610063
0 0.30738869751803577 0.34803823083639146
0 0.1271248953882605 0.5754055816680193
0 0.07184201083146036 0.48841124987229706
0 0.2251399515196681 0.5262244308367372
0 0.23475231975317 0.5412082980386913
0 0.14466238170862197 0.6142289757728576
0 0.1494659305550158 0.6168721209280192
0 0.2621962814591825 0.23774119326844811
0 0.2130008805776015 0.5142266634851694
0 0.3219540380872786 0.29166387966834006
0 0.3319615138694644 0.2733983209822327
0 0.3505170929711312 0.19239923413842916
0 0.25240731351077555 0.2077988305129111
0 0.3349019997753203 0.22862125881947576
0 0.23023927286267282 0.24444487588480115
0 0.22139182845130562 0.22660536603070797
0 0.21112954581622034 0.6258590530604125
0 0.18967463860753925 0.6183632818982006
0 0.17220108504407108 0.6151273230090737
0 0.22731670313514768 0.5327998235821724
0 0.14715344421565532 0.6156644622795284
0 0.15214733644388617 0.6258134000003338
0 0.1518716944847256 0.6182077910751105
0 0.23415748067200184 0.5240032185800374
0 0.17630711076781153 0.6248826820403337
0 0.19054807517677547 0.6304120311513544
0 0.20637104362249375 0.6394001960754394
0 0.16276908642612398 0.6698226715438068
0 0.17716829515993596 0.6755686738528311
0 0.18433235997799785 0.6665978077799082
0 0.19164606789126992 0.6585391280241311
0 0.19750219678971917 0.6535386863164604
0 0.17067767917178572 0.6341547867283225
0 0.1655266406480223 0.6347062820568681
0 0.15870705507695676 0.6364236006513238
0 0.15198729867115618 0.6394065588712692
0 0.16466785361990333 0.5537486925721169
0 0.11624229024164379 0.3776025242172182
0 0.25801108782179655 0.5620374669320881
0 0.16149496980942785 0.6271610003896058
0 0.15721909725107253 0.6263007901608943
0 0.23486322071403265 0.5518941761925816
0 0.21261490497272462 0.53007877394557
0 0.23483690461143852 0.5467044810764492
0 0.23996982565149666 0.4401161581277847
0 0.2004083326784894 0.4315572035498917
0 0.216653941757977 0.5008218036033213
0 0.2971511113923043 0.17857053251937033
0 0.2886607644148171 0.20562587608583272
0 0.29678330817259846 0.24692702242173253
0 0.13446589848026633 0.6214719451032579
0 0.37013929774984716 0.30969224525615574
0 0.3816563442349434 0.26395728406496344
0 0.4051481324248016 0.2202276971656829
0 0.2115600556600839 0.3495300479698926
0 0.1616596742067486 0.339817379321903
0 0.28755470118485393 0.3990860271267593
0 0.2165061836130917 0.29311897153966127
0 0.2874808953143656 0.4380156600382179
0 0.22976320395246147 0.5033981394022703
0 0.13895996776409447 0.3398375016637146
0 0.16244306322187185 0.3631092285737395
0 0.17865129355341197 0.38775460356846453
0 0.21341576180420815 0.4098140588030219
0 0.24314785189926624 0.4204369651619345
0 0.2679307761602104 0.425308102928102
0 0.3271172464359552 0.4280554189812392
0 0.11484374860301613 0.38528015203773974
0 0.20764470272697508 0.2813189479522407
0 0.2504624107852578 0.5499438599683344
0 0.2536918065045029 0.4640469513833523
0 0.16470352127216756 0.2870181240607053
0 0.28960087881423535 0.4250691401772201
0 0.21628247844055296 0.5008067317306996
0 0.21241581395734102 0.3151949302759022
0 0.2388747244141996 0.4899257145822048
0 0.09163733823224902 0.42930650371126833
0 0.2926323913503438 0.39179468066431583
0 0.25839322032406925 0.4874042777810246
0 0.0683775270357728 0.5639244733378291
0 0.0626537198200822 0.5826164586469531
0 0.10563831003382802 0.37603495004586873
0 0.0648050520569086 0.5230210017412901
0 0.19052006627898663 0.2559821358881891
0 0.09873102852143348 0.6713685525581241
0 0.25129718757234515 0.5564743154682219
0 0.22810151958838104 0.46716855890117587
0 0.16617144006304443 0.30183592229150236
0 0.2315255044028163 0.35470964214764533
0 0.2457540061790496 0.36747808326035736
0 0.14689965303987265 0.626040949486196
0 0.09654587698169052 0.42826588833704593
0 0.11565398443490267 0.7186253155581653
0 0.0835761743132025 0.6554969560354948
0 0.07270537298172712 0.6239099696278572
0 0.43808740144595504 0.304076541075483
0 0.15061337118968368 0.7503958686254919
0 0.26132810628041625 0.3768332224339247
0 0.27655996894463897 0.38447223603725433
0 0.28666760330088437 0.3900422473903745
0 0.1996026079170406 0.2683665623888373
0 0.2892814986873418 0.3630799994803965
0 0.2803784024901688 0.3437678006477654
0 0.26695711696520447 0.3296654391568154
0 0.24954936280846596 0.32042264309711754
0 0.23573880759067833 0.3184449469670653
0 0.19229573523625731 0.24369893749244512
0 0.22391240964643658 0.3428543020039797
0 0.24774837512522935 0.5832033867947757
0 0.1864148457767442 0.5533167780376971
0 0.22635180987417697 0.5226006595417857
0 0.22220266819931567 0.5679172470234335
0 0.3714948515407741 0.4044984598644078
0 0.07631109994836152 0.6034090016968549
0 0.08726650443859399 0.6363600124605
0 0.11886595808900893 0.7076692571863532
0 0.06222940469160676 0.540673425514251
0 0.2923348803073168 0.3816490635275841
0 0.29175071041099726 0.4521970196161419
0 0.15502902287989856 0.7390465099364519
0 0.0960843569599092 0.6869226853363216
0 0.08541306755505503 0.42427381058223546
0 0.1829350353218615 0.6427402662113308
0 0.17670524704735727 0.6452040202915669
0 0.16936370409093798 0.6501603201031685
0 0.16209407290443778 0.6570437119342387
0 0.14478889298625292 0.6453574432060123
0 0.16108344672247768 0.6183624865487218
0 0.15789780747145415 0.6142935979180038
0 0.1554418819025159 0.6102383495308459
0 0.14424622859805822 0.5619479901157319
0 0.10961132780648768 0.4576809343881905
0 0.3084745570085943 0.43179380013607443
0 0.3209691789932549 0.3834335493855178
0 0.3067979943472892 0.37855853429064157
0 0.16429044264368714 0.6214198099449277
0 0.08408999713137746 0.503309974912554
0 0.34090829333290457 0.394117677770555
0 0.128424376482144 0.650871760211885
0 0.3130163173656911 0.47904366347938776
0 0.3097462762612849 0.4505255529191345
0 0.3294589220546186 0.45857347557321193
0 0.25809792364016176 0.47560850931331516
0 0.16442584795877338 0.7221733298152685
0 0.17600286514498292 0.7033581448718905
0 0.1484703107737005 0.6809130246751011
0 0.1092278593685478 0.5908822871744632
0 0.19106273066718132 0.5046019803732633
0 0.11538937767036259 0.6210074212402106
0 0.15303328139707445 0.4697493884246796
0 0.16295673963613808 0.5124213792383671
0 0.12210697461850942 0.49168284041807053
0 0.13114326177164912 0.6941608030349016
0 0.24206570740789174 0.4805984524078667
0 0.08931588465347887 0.5899947169236839
0 0.09965708814561366 0.6244000639766455
0 0.10926901716738939 0.5590275065973401
0 0.08340651048347354 0.46583267003297807
0 0.0890034404117614 0.5417811087332666
0 0.07047315258532763 0.4722280354239047
0 0.13605710766278206 0.5302727199159563
0 0.2733962353784591 0.4580560410860926
0 0.2300850729458034 0.5165933849290013
0 0.2191235560923815 0.5156526057980955
0 0.24296696987003089 0.5070076739415527
0 0.3236358895897865 0.3499851071741432
0 0.3071996717713773 0.31237670881673696
0 0.2841063584201038 0.290020210435614
0 0.2593702834099531 0.27940374640747906
0 0.23647712250240147 0.2798170895315707
0 0.19914818848483265 0.3138046395033598
0 0.1289790276903659 0.33131131548434495
0 0.1910773253068328 0.3545174260623753
0 0.2044070260366425 0.3751336799003184
0 0.22683655321598054 0.39263445041142403
0 0.25136220920830965 0.40443105399608614
0 0.2725717800669372 0.4108192612417042
0 0.2889770334586501 0.41327905845828355
0 0.14114855979569257 0.3315394813660532
0 0.2174218302592635 0.5217834379523992
0 0.2767700219526887 0.47019810471683743
0 0.23935452662408352 0.5248055273666978
0 0.24470855416730047 0.5414180714637041
0 0.2394699295051396 0.5291422499343753
0 0.21920940368436276 0.5311838325113059
0 0.24610003181733192 0.5452313745394349
0 0.24674689918756484 0.5516116680577398
0 0.2989163216203451 0.39694757098332045
0 0.3066899299621582 0.40854110196232796
0 0.31180226295255126 0.41656361320056023
0 0.22690141014754772 0.3189367314334959
0 0.22329092505387962 0.2998877932783216
0 0.3287770458497107 0.49345730487257244
0 0.5093376819044352 0.5297805576585233
0 0.2796117950230837 0.5700973794795573
0 0.6477539763785899 0.4976500294171274
0 0.4379399361088872 0.514675479196012
0 0.4559053793549538 0.5269662135280668
0 0.47630841108039024 0.5371118505485356
0 0.5138340021483601 0.5420238493941725
0 0.4259924621321261 0.5009042813442648
0 0.5114825357683003 0.45974092930555344
0 0.48676000311970713 0.4496746482793242
0 0.5312981950119138 0.47765903957188127
0 0.5398082882165909 0.4971564355306327
0 0.5214599255472422 0.565316891670227
0 0.24805933702737093 0.7558365760371089
0 0.522214637696743 0.527700241561979
0 0.6013385935686528 0.5925785687752068
0 0.5584545828402042 0.5639086856506765
0 0.3895554573275149 0.5994431903585792
0 0.25721737733110783 0.6452949287369847
0 0.2447799992747605 0.6598870465531945
0 0.27185659697279335 0.6668001844547689
0 0.2792565459385514 0.6843344192951918
0 0.25785244088619946 0.6729575415141881
0 0.26687578959390523 0.6852670460939407
0 0.2951603293418884 0.715244722366333
0 0.28033007089979944 0.556876126024872
0 0.29526240946725013 0.5401582378894091
0 0.5808697532862425 0.49625120852142574
0 0.38402523268014194 0.5219005133956671
0 0.33390376302413644 0.5845434711314738
0 0.34415913722477853 0.5753219904378056
0 0.45590190226212146 0.6379640335217118
0 0.3128254432696849 0.5153962646611034
0 0.5459958298131824 0.43794724009931085
0 0.5701645164750516 0.4650253107771277
0 0.6487075416371226 0.4494424658827484
0 0.4452502858825028 0.40006532105617226
0 0.46081891413778064 0.45036308290436866
0 0.31926824008114635 0.7077355893328786
0 0.46355143329128623 0.7603164615109563
0 0.3117017200682312 0.585408692061901
0 0.29255853057838976 0.5809064175002276
0 0.28308786302804945 0.711010361276567
0 0.2790053168311715 0.7075342068448662
0 0.5910337714478373 0.4598755223210901
0 0.32962320554070174 0.5940647190436721
0 0.5080085540190339 0.4144263301976025
0 0.521810270100832 0.39943613996729255
0 0.5884545005857944 0.35011492809280753
0 0.6226720587350428 0.45548632657155397
0 0.554987665079534 0.37554242988117037
0 0.6018009005114436 0.4964409789070487
0 0.6250759377144277 0.49763368498533966
0 0.25112834726460276 0.6535554681904614
0 0.26472162078134714 0.6703829952515662
0 0.2733879452571273 0.684990622382611
0 0.3049265680834651 0.5860361830331385
0 0.2809632495045662 0.7092823849990963
0 0.2707054047379643 0.7092734373174607
0 0.2770191648043692 0.7057322630658746
0 0.3050597773399204 0.572128264605999
0 0.262275046762079 0.6845979185774922
0 0.2528438350651413 0.673862808290869
0 0.2400599372573197 0.6629590839147568
0 0.2121186689240858 0.7044050633907318
0 0.21988547863438726 0.7062308676540852
0 0.2254267933778465 0.6956544693559408
0 0.22957853372208775 0.6853025186806917
0 0.23119324073195457 0.6773104494437575
0 0.25643481183797123 0.6941890777088702
0 0.25829077418893576 0.7002405339851976
0 0.25961421062238516 0.7079723251052201
0 0.2595642868895084 0.7158770252019167
0 0.31715114805847405 0.6583554022945464
0 0.5532427500933409 0.6774690421298146
0 0.2652850196231157 0.6996372216381133
0 0.26814860687591136 0.7042564523406327
0 0.28176157171837984 0.5844590050168336
0 0.31634418801404535 0.6019086146727204
0 0.2869293551892042 0.5827628824859857
0 0.3978997115045786 0.547642158344388
0 0.42256598845124244 0.5834497065283358
0 0.34223172976635396 0.5866233100183308
0 0.6323649125173688 0.40118185253813865
0 0.6027209026739001 0.41529862973839043
0 0.564413221925497 0.42669411869719626
0 0.2715835353825241 0.7167882173322141
0 0.4697159162722528 0.3743790125474334
0 0.49917461536824703 0.3425891126040369
0 0.5343780940398574 0.30586705170571804
0 0.49723190870136025 0.5438288950361312
0 0.5338863233104348 0.593285197019577
0 0.41925740651786325 0.4898119398392737
0 0.5540938692167401 0.5218962582759559
0 0.37781573049724104 0.4991412301547825
0 0.32594647267833354 0.5688559582456947
0 0.5516396272927523 0.6219284757040441
0 0.5068362979218364 0.5989720253273845
0 0.47255714032799007 0.5885432438924909
0 0.43462546141818165 0.5600900139659644
0 0.4125014883466065 0.5347526451572776
0 0.3981251369230449 0.5123751296661794
0 0.36464155646972357 0.4533885724376887
0 0.517549111135304 0.6616770600900054
0 0.5735366743057966 0.5291631278581918
0 0.26925543872639535 0.5629396318458021
0 0.36541391029022635 0.5400337259285152
0 0.615101585816592 0.5923580978997052
0 0.3897923754528165 0.49121549306437373
0 0.3454650783911347 0.5891309276223182
0 0.5323476914316416 0.5336964608170092
0 0.33725242302753033 0.5568666215986013
0 0.5138898918405175 0.720818611048162
0 0.42445752695202826 0.48268978409469127
0 0.3270785592030734 0.5342181703075767
0 0.3709809372201562 0.7763708293437958
0 0.36448583761230113 0.7956476748920978
0 0.5440397271886468 0.6768876416608691
0 0.4171711508184671 0.7682627186179161
0 0.6154503931291402 0.5429955676198006
0 0.2437316923867911 0.7753479303792119
0 0.2660145869012922 0.5665882180444897
0 0.3746669850312173 0.5671694594435394
0 0.5766748420894146 0.5796302394941449
0 0.4823733028024435 0.5252034407109022
0 0.4638522201217711 0.5168302002362907
0 0.27253607581369577 0.7144704496487975
0 0.48635655054822563 0.6968062944710255
0 0.19376523701939732 0.7753492029383778
0 0.2742429257836193 0.79244221765548
0 0.31399982222355904 0.7960344135761261
0 0.448953609354794 0.5069446822628378
0 0.4369313595816493 0.49602485205978153
0 0.4286026608198881 0.4885001301765442
0 0.5941336546093225 0.5355429043993354
0 0.45227353759109973 0.4701462678145617
0 0.4736087962053716 0.4699062114581466
0 0.4926134509965777 0.47834872687235475
0 0.508976430259645 0.49346271324902774
0 0.5165847119875252 0.5076398574747145
0 0.6372896105982363 0.5430602692998946
0 0.49727652529254557 0.5287790535949171
0 0.30569806178100406 0.6350824028253556
0 0.3132412486709654 0.5818235349841416
0 0.2730140479747206 0.6028923029080033
0 0.3256848488934338 0.7799837441183627
0 0.285927330236882 0.7780867958441376
0 0.19849353425670416 0.7649469861760736
0 0.412241108994931 0.7850744977593422
0 0.4339497341774404 0.4773436238523573
0 0.3549864565953612 0.4950000840239227
0 0.23432249617762863 0.7869979709386825
0 0.5077594477683306 0.7154057806357741
0 0.2451326130889356 0.6864765340462327
0 0.24581090239807962 0.6941557127982378
0 0.24445856949314476 0.703606134839356
0 0.24130195481702685 0.7139199882745743
0 0.2433761321939528 0.7141361244954169
0 0.2738233138807118 0.6968556061387062
0 0.2788046153727919 0.6983577826991677
0 0.2835159114561975 0.6989585101604462
0 0.321284368308261 0.6835059435106814
0 0.4445274531841278 0.6883869237266481
0 0.3719360031187534 0.474737581750378
0 0.4204474872909486 0.4495678527280688
0 0.4317514794878662 0.4629661310929805
0 0.26959088668227194 0.6947474528104067
0 0.41874579805880785 0.7350200929678976
0 0.39907152839004995 0.4314677267335355
0 0.2473301540594548 0.7347601329907775
0 0.34593770680949093 0.47498207218013705
0 0.34661575821228324 0.5359977647662163
0 0.20873021450825036 0.7235763262957334
0 0.31462152642197905 0.7341384878382087
0 0.3537036106456071 0.61614751778543
0 0.2826684707310051 0.7383537605404854
0 0.4055087618529797 0.6431874514557421
0 0.35930892219766974 0.6474270220845938
0 0.40182428788393737 0.6845554866828024
0 0.2040418672375381 0.7462149947881699
0 0.35193212334997953 0.5553502878174186
0 0.32764243385754527 0.7573711233213544
0 0.28839022829197347 0.7577567087486387
0 0.34422952090390024 0.7220606287941337
0 0.458601114526391 0.7250029048882425
0 0.3742657285183668 0.7403758570551873
0 0.4678125190548599 0.7471971320919693
0 0.356684833439067 0.6822933934628963
0 0.3603146438486874 0.5171366483904422
0 0.31298592025414107 0.5729609955102205
0 0.3227463211398572 0.5863361888565123
0 0.31215458395890894 0.5541899524629116
0 0.45172796342521904 0.43385297982022164
0 0.49369775494560597 0.43667742488905786
0 0.5245347004383802 0.451788826379925
0 0.5462120317853987 0.472747319098562
0 0.556435526534915 0.49663802674040197
0 0.5428649090230465 0.5467228934168815
0 0.5758139871060848 0.6365941235795617
0 0.5027074880897999 0.5670241888612508
0 0.4754445182159543 0.5592329453676939
0 0.44765504328534006 0.5428084616549314
0 0.42602975852787495 0.5234779697842896
0 0.41210692981258035 0.5058293636888266
0 0.4036022535525262 0.4905467234551907
0 0.5858010395430029 0.6347523327916861
0 0.31947443168610334 0.5916457431390881
0 0.33982453839853405 0.5130623911507428
0 0.29699991275556387 0.5642856017686426
0 0.2819672875106335 0.5673304381780326
0 0.29589326390996573 0.5678257022984325
0 0.31090114689432086 0.5942976371385157
0 0.2762948497664183 0.5662002465687692
0 0.2730414804071188 0.5697550610639155
0 0.41679807705804706 0.4780075617134571
0 0.40109731927514075 0.47183316429145633
0 0.3889887277968228 0.46692878091707823
0 0.5199738160707057 0.5181230408139527
0 0.5417506288737058 0.5164192033931613
0 0.25404432881623507 0.34872845499776306
0 0.27199245980009434 0.36263038842007517
0 0.26889433348551395 0.3306933090556413
0 0.23576406226493418 0.3348129608668387
0 0.2391575401648879 0.3666250311769545
0 0.4608845396898687 0.4897226618602872
0 0.4804190302267671 0.5019152102991938
0 0.4731507715769112 0.47135669030249117
0 0.44236828833818437 0.4779047230258584
0 0.44883092287927867 0.5081543690524996
