0 0.4774309170397022 0.3983984389224974
0 0.4384163714913879 0.35533999169574065
0 0.45126631667342365 0.3674095042613374
0 0.40001846585847156 0.3197109628291357
0 0.4298228473728719 0.3431379327587053
0 0.42048761412061214 0.3269647549347383
0 0.39925603317057534 0.2869914216237242
0 0.2853536134907968 0.31725263462013226
0 0.37760481452137107 0.25206044641863395
0 0.36655853217161155 0.23508481038551704
0 0.33487183251712893 0.18031270476449437
0 0.4812692846426984 0.4034604986174768
0 0.485460637742457 0.4084375547427757
0 0.488698992799606 0.41158213184661224
0 0.4887319335454627 0.41148390138850494
0 0.4921794081036049 0.41665621598561603
0 0.4965105167421108 0.4227560545716967
0 0.5016564663955431 0.42930116756957454
0 0.5104097988032088 0.4454750853593276
0 0.4440313985076132 0.3615162317492381
0 0.43095171017737327 0.3661289703445274
0 0.2059093976574105 0.288138287658451
0 0.33636539847538943 0.31501467747180734
0 0.3216817898337851 0.32088401671551187
0 0.30662923912961776 0.3250539551596014
0 0.28271043262904205 0.32342161375935335
0 0.347794352955959 0.3082993029713297
0 0.28551670443659594 0.284646735972717
0 0.3053751072928875 0.2803846717882557
0 0.2704168834766758 0.29251777516359706
0 0.26407126554205446 0.3013102336257112
0 0.2756454133534733 0.3356370383284005
0 0.45802781866069586 0.47923983979959783
0 0.277558731190263 0.3149923628785697
0 0.23021134727866338 0.3426971212655556
0 0.2520977754130142 0.33074376020444873
0 0.35714589958452475 0.37093114018106327
0 0.457164537051559 0.4012153036788064
0 0.46936774178396296 0.41285713914395716
0 0.44356650296394334 0.4110576348478387
0 0.4362515307931457 0.41956740325572445
0 0.45657128963289384 0.41752669323726194
0 0.44692070725597915 0.42219139130509536
0 0.4256645206534913 0.44624948267843206
0 0.4245287928148664 0.35936071141427306
0 0.41375215930023274 0.3485996664739123
0 0.23474633743994347 0.29652403086340395
0 0.3698706470964327 0.32957327307439316
0 0.39014079500351273 0.3685901427970213
0 0.38488526170766807 0.36265110802583667
0 0.30933160771800494 0.3847034065162434
0 0.40579181683214405 0.3331954980931696
0 0.2583627827182601 0.2728268462402814
0 0.24104713997508906 0.28323575996217276
0 0.20361596245302932 0.2625884252602981
0 0.3356881864085982 0.26197649667910833
0 0.3257750200445642 0.2815425101281548
0 0.40660287565571346 0.43858759944178477
0 0.32522463270380525 0.4477922650946288
0 0.40814665198829103 0.37117160593762116
0 0.42347821423524545 0.3705732279798898
0 0.4295064991788019 0.4317958465978211
0 0.4328617453575134 0.43035880991724695
0 0.2279052524375513 0.27761632103879913
0 0.39511998569915063 0.3742603156246057
0 0.28781619114714835 0.2648169015969883
0 0.2780899934879335 0.2559597423764504
0 0.2433332106106392 0.2162216719375605
0 0.21528048322925084 0.2705314029999474
0 0.26269747373423996 0.23534703576097302
0 0.2224310799364299 0.2931821025720164
0 0.21407751801899214 0.2920874272491418
0 0.46323519681073444 0.40791291900041726
0 0.45021729378760617 0.41470030142145664
0 0.4414797609491187 0.4210380621317054
0 0.4141359304073994 0.3721655418558949
0 0.43122325724438776 0.4310749118067637
0 0.43947525661957415 0.43080718293577347
0 0.43477761795752157 0.4295834876409098
0 0.40970918228103137 0.3647019925738583
0 0.45108568492318 0.4228686912387025
0 0.46123428913108405 0.41917029599181743
0 0.4738545339821763 0.4155168767903699
0 0.4876929869883171 0.45105063506201204
0 0.4823952644183163 0.434102250581362
0 0.4778945994276538 0.4272927616824623
0 0.4750068606455115 0.42096156816856534
0 0.47376022182939426 0.4154866769367239
0 0.4510722973930182 0.42282371519326495
0 0.4495781748103693 0.4262164351986904
0 0.4485008925325257 0.43042115203472747
0 0.44877583643555136 0.43513686149394143
0 0.4050673773268607 0.4110266025326833
0 0.26985586318285654 0.3931337442217755
0 0.4474971988533117 0.3643513875348227
0 0.44366989237598226 0.42590599642748256
0 0.44148645471419967 0.4282453288885058
0 0.43133064293408696 0.3737534159371833
0 0.4071757135134709 0.3795828201523682
0 0.4275210342578244 0.3722008752221821
0 0.35743042028151484 0.3423975507418315
0 0.3361585911064711 0.3591216562174949
0 0.38742295511161223 0.36891674519586964
0 0.213837826993898 0.2388917956115151
0 0.22934799430742545 0.2516531877490987
0 0.2462251026670641 0.2649429270199367
0 0.4424050847689311 0.44997479418078723
0 0.3188264066282707 0.2474153111962711
0 0.3032729225193901 0.22262439933143743
0 0.28279391201488074 0.1978697226661928
0 0.2926854984795494 0.32626259677550373
0 0.26563242568245415 0.34959658537926125
0 0.35472144356256796 0.3027768226898685
0 0.2546612876251277 0.31109235007889796
0 0.37577760219573975 0.31773499981695863
0 0.3939742386215347 0.3608487132383662
0 0.25189721936415016 0.3644642323172059
0 0.28194217679369804 0.35611686327544245
0 0.30492823781594947 0.35520732970464797
0 0.33364664514859516 0.3436104009131424
0 0.35208801076382024 0.33146360817075776
0 0.3644401482011698 0.3208586497634065
0 0.38536654198974496 0.2947885336077848
0 0.27143520638661045 0.3896424237753497
0 0.24144803798651393 0.312536069575478
0 0.43551089209091814 0.3636873838614349
0 0.3787676314135644 0.3413888848796278
0 0.23172165478583628 0.34161931485021146
0 0.37217233175969827 0.3107983061746389
0 0.3879201634146493 0.370084110595265
0 0.27093711319352 0.31742851523792043
0 0.38877959147032803 0.35330242653186916
0 0.2941377885985475 0.42028082276926654
0 0.3520721255601207 0.298004552095878
0 0.3954072895180827 0.34193259786490965
0 0.37323912380868374 0.4703445954650056
0 0.3841109829109932 0.4816990235940415
0 0.26298816011676307 0.3936537783019015
0 0.3438088367005441 0.45892953638936956
0 0.22101288662932594 0.3160193660179106
0 0.4623275565195687 0.49191725738242226
0 0.440710463227099 0.36596307926485183
0 0.37072171151386535 0.3552265919390179
0 0.2416730141463662 0.3365435195403273
0 0.30241840417626537 0.31738779399575306
0 0.31599708486206923 0.3141567565145947
0 0.4381187915299009 0.43374369091012566
0 0.2926233563619324 0.41185779222587243
0 0.5057266181028341 0.5004246209015032
0 0.44461942222047957 0.49644168568592445
0 0.4172754917718187 0.4909451967027007
0 0.3511198125936814 0.20851118219833747
0 0.5447958841102536 0.4924538019491511
0 0.32847058068850876 0.309283850573692
0 0.3400573310469776 0.3037848873298709
0 0.3482391957492265 0.3003683612376702
0 0.22956063909621177 0.31269080335853483
0 0.3301028460264206 0.29194312235888314
0 0.3128604207989536 0.2918420014094238
0 0.2980093110337036 0.29564217663779646
0 0.2862115001250923 0.3021402208744979
0 0.28094747473921955 0.3079792215209715
0 0.21487767271351713 0.3132628084731703
0 0.29257303180825356 0.3179868194235473
0 0.4591688986569014 0.3772172420298686
0 0.4132812407952321 0.3992147599281717
0 0.4056721854059002 0.36906730510941405
0 0.43813610397562197 0.38512976555263295
0 0.3894397194501217 0.2697832744662501
0 0.40386494019614994 0.4799013460884575
0 0.4319839201521773 0.4859690424107036
0 0.4976011580052758 0.4926863130735082
0 0.3557221971232177 0.4683699967647467
0 0.34457977575088855 0.29531802537561463
0 0.3864533725167126 0.3178215526900038
0 0.537091346229682 0.4845829939975792
0 0.473392792643374 0.5005225045006482
0 0.2866553866662054 0.41820986664929644
0 0.4610992720358482 0.41915304553942856
0 0.46049200910053173 0.4239403929363112
0 0.46146498853144263 0.4294422697954151
0 0.46429697924022434 0.43593597829508846
0 0.46311770624752285 0.45225139141750603
0 0.4395962581981587 0.4263031499392512
0 0.4354298532889362 0.4265181100001188
0 0.43174251643665734 0.42627782923500745
0 0.40320519757170215 0.42475583523261445
0 0.31740316802062063 0.41293599174804047
0 0.38011735992089607 0.30522875713200126
0 0.35527401458361985 0.28460319361099007
0 0.3472595082808144 0.2889081642490809
0 0.4437435095194523 0.42592967533263837
0 0.3380199430612572 0.4412318671784815
0 0.36829271686228016 0.2799629837858911
0 0.4595666995531396 0.4654554796486008
0 0.4133263844603728 0.31337359522571084
0 0.39285479561437536 0.3081072009160739
0 0.4066611356750319 0.3007731340846428
0 0.38765773642415235 0.3409378526090574
0 0.5282095620400795 0.4726783781826329
0 0.5186518931187658 0.4581940566458288
0 0.4894919399219223 0.46481716666234973
0 0.40975952110713043 0.4548234199943329
0 0.3811436040240501 0.38388301569874544
0 0.43372498414938965 0.4622477048418435
0 0.342666729090083 0.3928388909799378
0 0.37555580878559547 0.40026918804946066
0 0.3450697479368765 0.4158835760852536
0 0.492090747829228 0.48026157068271264
0 0.3843995997925851 0.3511609655468404
0 0.4002046781250193 0.46673943590717154
0 0.4291236985962099 0.4737267247101172
0 0.3872469333530981 0.44386036439436155
0 0.312586547327444 0.43031235394023715
0 0.3668172340604323 0.4500943911509688
0 0.3123241631542077 0.4403053837663987
0 0.37745521101267526 0.4200114752231192
0 0.3827477384217178 0.3292380685732812
0 0.4028572216944353 0.3643675511624633
0 0.39798768600331075 0.37065379175485347
0 0.402168534601791 0.3543805104343831
0 0.3323112604235798 0.2756198702239189
0 0.2992531952727193 0.27509544259693774
0 0.2750604724833734 0.28097044720369224
0 0.2588719655818577 0.2895767811466666
0 0.25174373375715586 0.2995074457314168
0 0.263043337293315 0.32344654135677325
0 0.2438768042793757 0.3687088841817626
0 0.28750212654031276 0.3388492760538053
0 0.30586560755842346 0.3380128834761825
0 0.326515073577563 0.3313717136696941
0 0.3440755596895258 0.3223373095194499
0 0.3566582109857712 0.31384439845712914
0 0.36456096423829154 0.3068309102405687
0 0.2506812519790754 0.3671637431246226
0 0.40199618085527217 0.37396876910487475
0 0.39182795206957227 0.32919938223702566
0 0.41281206352549765 0.36140445066767246
0 0.42712623056983146 0.36431374177545395
0 0.4157214392966862 0.3631903812164018
0 0.4100584854933783 0.37609355773578507
0 0.43025114843110995 0.36450837590113405
0 0.4354446109714387 0.36677408176643844
0 0.35769070640897954 0.29695368505993475
0 0.3678844114647636 0.29745963666619374
0 0.3743872401080554 0.2983259053624311
0 0.2788188717159038 0.311812255855034
0 0.26324332244537046 0.30935259802000864
0 0.430258512999941 0.3104257565252587
0 0.5347316299058213 0.24129966740347758
0 0.46198870071881937 0.35663835416320994
0 0.5725293089065874 0.17555458601616344
0 0.49113757851757583 0.2684317038339727
0 0.5086686777163155 0.2640582285508388
0 0.5255105902877035 0.25855939248863724
0 0.545399892933761 0.2437154244558484
0 0.4753883624378639 0.2704298080099063
0 0.4882512384326146 0.22100682256101561
0 0.46932127078374225 0.2293767952451519
0 0.5094608255830998 0.2173997668408546
0 0.5267154109125902 0.2192976634625961
0 0.5651345396343666 0.24845962259782797
0 0.5888006101177714 0.4413309300980982
0 0.5392450829849967 0.23506624186907163
0 0.6169538724271557 0.22505999671644858
0 0.5796477070337609 0.2327662316524014
0 0.5318070968243643 0.3178443991336502
0 0.49545118916889785 0.3898504004091108
0 0.5034486827468068 0.40271613928450256
0 0.5200625220431557 0.3888291088806815
0 0.5382088767325325 0.38946594193536027
0 0.5206152643332501 0.39857149842072603
0 0.5353809108462515 0.3957379381863677
0 0.5776859914200215 0.400457254978789
0 0.45298400244632353 0.3506687033076246
0 0.4475996748304568 0.33816709697079594
0 0.5420936297012281 0.20265984493477338
0 0.4754556711715988 0.2970501234134038
0 0.49770237800944206 0.3357826959686119
0 0.4961805954764161 0.32858306010898086
0 0.587098395648385 0.3006259040171359
0 0.438159253841211 0.32319594731851786
0 0.4865897289056818 0.2007301991560212
0 0.5161595860111059 0.19784953547459022
0 0.538334788023671 0.15940560738579565
0 0.41601970433434354 0.2365458959541401
0 0.4572574790520004 0.2414000368251854
0 0.5826128308783101 0.38533316364809245
0 0.6783490857494532 0.3426081866276364
0 0.48836267748965495 0.3467775007255939
0 0.47614314510852473 0.3545552348556305
0 0.5625292805931236 0.39079519797440004
0 0.5585631462843609 0.39167786153758605
0 0.5204803614173761 0.18756482038511282
0 0.5030815390091908 0.3414520363346869
0 0.45349544035231515 0.21198535625006304
0 0.44875471325363286 0.2014371902167964
0 0.4442078056214731 0.15361447327611158
0 0.5304352603381193 0.17408593892216348
0 0.4460622211800346 0.178567796069033
0 0.549938322748313 0.1943869465122036
0 0.5623245284527163 0.1860412192695281
0 0.5001324573649636 0.39687577432611076
0 0.5205293158187142 0.3940347450620988
0 0.5368729782003894 0.3926442568542577
0 0.4857000718639873 0.35047998890823345
0 0.5604576673437272 0.3912818642223583
0 0.5528845213636567 0.395924872043086
0 0.5562791308773218 0.3922309628387793
0 0.475232850147199 0.34459122556264327
0 0.5341984122865814 0.3977629239318751
0 0.5202802906307993 0.40146821011014344
0 0.5051997088933293 0.4061349893317503
0 0.5331143077918749 0.43768178882385167
0 0.521564494456923 0.42224705060657
0 0.5156305930282497 0.4158808705853481
0 0.5101667680317843 0.41031313677127956
0 0.505296846985314 0.4059945576999034
0 0.5341644724713096 0.39769063852414366
0 0.5388079187538051 0.39900710702944203
0 0.5441384678903008 0.4011228079555415
0 0.5495531101267046 0.40408808209982905
0 0.5442820769825062 0.3689281684176928
0 0.6591934140472976 0.2758164236358568
0 0.5448498909483479 0.3950725239532
0 0.5486186091406939 0.39543099112871316
0 0.47411217971190117 0.3608321796278326
0 0.5025705863654865 0.3507987985423967
0 0.4750404293778576 0.35783168773691193
0 0.4999607886946151 0.2986608555003041
0 0.5350935499376386 0.2984703143103784
0 0.5036355087274238 0.33350401757811965
0 0.4972676115448465 0.15096521077035857
0 0.49321638506676074 0.17053221854843012
0 0.48600495930462445 0.18959822324143738
0 0.567782872839819 0.4126472201000075
0 0.4085756952123803 0.21819016592008392
0 0.40105899665426104 0.19223243206822904
0 0.3920592651840001 0.16371308697038003
0 0.5395351841982909 0.2515129642326291
0 0.5904962878186995 0.2521482942318048
0 0.46407467202295233 0.2708838926393445
0 0.5488319818229112 0.22121765500023252
0 0.4564714968707491 0.29277674006480797
0 0.48218114957024777 0.33386819636454435
0 0.6157938101120639 0.25399069341958735
0 0.5833340162717844 0.2653437341127743
0 0.5618013871621482 0.27717634200715885
0 0.5251594031158882 0.2851787713729367
0 0.49685085687456254 0.28737792656535194
0 0.47454303553335775 0.28735286022434714
0 0.41881609962710853 0.2844548073469424
0 0.6295319280040919 0.28152458908177225
0 0.5617178364142084 0.21590177547864886
0 0.4525881425992346 0.3584805914834768
0 0.48055497855576784 0.31010309675661457
0 0.6255078476692554 0.2214905867556564
0 0.45565999560215303 0.2851214933963049
0 0.5071642789911117 0.33373104833087336
0 0.5472977537394575 0.23325638961391287
0 0.4793937459022184 0.32550778542580056
0 0.6719982298366128 0.30722720816689714
0 0.46160748437487126 0.2665172967256284
0 0.4580155729241512 0.3227458631291109
0 0.6525476328431302 0.38836852642668396
0 0.6635442471705408 0.39993747526190193
0 0.6516553211312757 0.2766156791805887
0 0.6644495753296317 0.3639570782665445
0 0.5893106207817416 0.20370693120802819
0 0.601875031924952 0.45187465633664814
0 0.45402266355506476 0.3618544886092178
0 0.5035659164064544 0.3146097311953537
0 0.5977023186059943 0.23017067447596906
0 0.5190527197680895 0.2514337185217219
0 0.5044480090654349 0.25678905903124344
0 0.557340199685801 0.39693548031547826
0 0.6414557072935225 0.30731430445231644
0 0.5813869441611857 0.47869286634007086
0 0.6272126597191211 0.4438360380191429
0 0.6452056144360249 0.4249426303457479
0 0.489915773712633 0.26055853724145756
0 0.47599154346099887 0.2634839688529487
0 0.4668538262320973 0.2659198784110259
0 0.574118057635263 0.2095344855087478
0 0.46932997696007356 0.25039145358804227
0 0.4802206328398065 0.24037844468565547
0 0.4946992038925992 0.2341434004760924
0 0.5119838183942224 0.23122933427659736
0 0.5245572497070087 0.23202143296474168
0 0.6001506095697106 0.1951760506513072
0 0.5285952599239752 0.2461801695556534
0 0.5218729785474544 0.36626126235272705
0 0.4863296854093608 0.34449311072419003
0 0.4840434435047681 0.37120878921837364
0 0.6379104666569062 0.4118447965767537
0 0.6213083022002932 0.4314602027420236
0 0.5742970337847617 0.4706615551847036
0 0.6744017910353745 0.37401987299197864
0 0.4635927494819657 0.2608496790923992
0 0.44334653642358657 0.3003134765878779
0 0.6069836449271013 0.46212456991024714
0 0.6635065108914918 0.30544109262672126
0 0.5204730253933855 0.40127362223232493
0 0.5259697340460266 0.40404088615703315
0 0.5315810216881555 0.4080351520987118
0 0.537656990787651 0.4134178713423197
0 0.5533658730078347 0.4254813716859043
0 0.5475481490797132 0.3934514670311904
0 0.5500265548500833 0.39171631663453343
0 0.5520445608891515 0.3898934571682906
0 0.5653206519939729 0.37571638330024165
0 0.6185074253675806 0.3227038006989562
0 0.4367956668138504 0.28772476240366446
0 0.43784959941222196 0.2598320873929005
0 0.4518133785402724 0.2579970416151175
0 0.5449754311565609 0.3950578633810626
0 0.641384973178936 0.3509384902084575
0 0.41753977417694366 0.2645582026209818
0 0.5717879423109288 0.43264900402528567
0 0.4252335078354123 0.2981178477949121
0 0.4689591794828825 0.31606503578127265
0 0.5472858505409981 0.4479808176265043
0 0.5988956356601876 0.3985547335708843
0 0.529080579300973 0.33888823987723066
0 0.5889249514426863 0.4164555002661312
0 0.5695438611356518 0.32445592406083223
0 0.5535821287189355 0.3465186514440371
0 0.598225431351722 0.34015168520916744
0 0.5625492334365845 0.4598888095353498
0 0.48582392792661483 0.3200219334507523
0 0.6215860149528407 0.40158207234548254
0 0.606701564813968 0.4219688234709892
0 0.602272233379541 0.3794792249423115
0 0.6500625190352589 0.32960430538954855
0 0.6273212728369588 0.37275460086950735
0 0.6695001281263456 0.3338795039667135
0 0.5785912339445911 0.3595463734547965
0 0.4615856761167824 0.3050162250838694
0 0.47921779550580534 0.3410212606275115
0 0.4938951528273554 0.3414816580900625
0 0.46514127853047493 0.33508860806123214
0 0.4417168115764731 0.24210794128122784
0 0.4632379942050966 0.22370040208017794
0 0.48787555978771 0.21376478897423304
0 0.5120200132518881 0.21004484222382724
0 0.532814415698313 0.21233126713114292
0 0.560996051579085 0.233731181723397
0 0.6366684806497791 0.249714038034781
0 0.5586741286239544 0.25688164725023155
0 0.5414102662213242 0.2665032836235538
0 0.517092716844776 0.27343412691137703
0 0.49327858427405863 0.27726570443779813
0 0.474190620933404 0.27871887006011664
0 0.4595157184681309 0.2785394514809136
0 0.6432935097549535 0.2480852461579133
0 0.4966011180656369 0.3452130511862223
0 0.44908623303039163 0.31163652554279614
0 0.4655113052969743 0.3453178025928198
0 0.4610512596142443 0.3540873221155642
0 0.46771725056543634 0.34738408767876505
0 0.4946065758854025 0.3504997136212197
0 0.4578988816164717 0.35611623892931044
0 0.4591385554915239 0.35953057981004904
0 0.45486470780292143 0.2688267761919679
0 0.4449612466846337 0.2744647373839253
0 0.4378523682617437 0.2785942320730172
0 0.5325657330484833 0.23349504014190173
0 0.5400408560465156 0.22412049453131624
0 0.3139186779406503 0.3020485807366732
0 0.3311459744026892 0.2967271745956245
0 0.30605692935140827 0.2912591742951663
0 0.2965617308133765 0.30745941868015364
0 0.3216767017159784 0.3129496410781262
0 0.4980684370431216 0.2450702440004055
0 0.5168904195606457 0.23954845743686878
0 0.49071560014149307 0.23435564347508908
0 0.4791864818158532 0.2505491472342435
0 0.5054600663828951 0.2557164555003329
