0 0.8186931971298612 0.44616777378579847
0 0.8429111352433329 0.38885406670363054
0 0.82622589883597 0.40728898314030276
0 0.7988745163640251 0.322821040192376
0 0.8417741136382455 0.3683276614417201
0 0.8316248836724655 0.34066629124724346
0 0.7987939592288889 0.2708712645198988
0 0.5941445749738942 0.2814636935358462
0 0.7803621616052545 0.20585005490676217
0 0.7763096406731916 0.1754085968370023
0 0.7555932964643707 0.0739173119806725
0 0.8198329696188802 0.4530178857238396
0 0.8192766658637834 0.46072162428627844
0 0.8174563934621604 0.4659949787285017
0 0.8197343754379646 0.483416973248772
0 0.8229118026793003 0.49246558812649355
0 0.8254976335750974 0.5040317799734033
0 0.826358097564915 0.5154213415539783
0 0.8247377018889656 0.523146697036598
0 0.8384670822516732 0.39874180484077204
0 0.8074642452208892 0.40188969114552375
0 0.4456571120282878 0.1984318599752758
0 0.668333038687706 0.2915354172172754
0 0.6439229607096185 0.2966236292991949
0 0.6190341351472813 0.2985349828782289
0 0.5818590960748817 0.28959642091523047
0 0.6892788003644218 0.2839199419902719
0 0.624601642884638 0.22941612374523412
0 0.6537575426956882 0.22889964855883432
0 0.5969948033275811 0.23670358120099358
0 0.5785927965265253 0.24830079988940904
0 0.5592455641245064 0.30573248493930566
0 0.7317650460678599 0.561681861527588
0 0.5825199177893607 0.27618847437526867
0 0.4547201179615829 0.2944465878864993
0 0.5223841727103876 0.2920176713686922
0 0.6766978358930867 0.3821090696298558
0 0.7909914520771607 0.44661233645418413
0 0.7946157729172189 0.4637758948232817
0 0.7621658771582271 0.4598071525926175
0 0.7426378835478554 0.4713517965829891
0 0.7720937234875949 0.46966422647237777
0 0.7541489573600499 0.47639147418996564
0 0.7031394103946893 0.5044005452938701
0 0.822657064575216 0.39121638860391533
0 0.8175508613171785 0.3717974879171537
0 0.5384032575656539 0.22988430617944053
0 0.7166059875617856 0.3237086806608283
0 0.7455802039931649 0.39206507717785627
0 0.7376886369741481 0.38059412409429966
0 0.5915052268816077 0.38799650345159614
0 0.8086703202646711 0.34562419750120327
0 0.6047547655585019 0.1960671208474947
0 0.566613197164691 0.20887519785243533
0 0.4778462208645499 0.1580530415410581
0 0.7204748869914076 0.20343669497448466
0 0.6790556247629549 0.2364582671419434
0 0.6827312433363303 0.48906669001216474
0 0.49480540467345197 0.4783320934876152
0 0.7650224200409391 0.40150075924137363
0 0.7857555508937525 0.40434151952681335
0 0.719510608393213 0.4895560749846956
0 0.7259804373202117 0.488426331916581
0 0.5478281454061684 0.1961733061982238
0 0.741390732805366 0.40030744309010713
0 0.6545231324499068 0.19232590878787248
0 0.6489583599664595 0.17515183547916618
0 0.6001635402764963 0.0987629401942958
0 0.512393571841328 0.17819907879051955
0 0.6279930451317973 0.1388375678140184
0 0.5160509970687006 0.22164504813111346
0 0.48055416912488313 0.2114317957797776
0 0.7928474234498065 0.45572991137919217
0 0.7673321934821813 0.46506893887468004
0 0.7483624730097211 0.4739907874361328
0 0.7698808561848558 0.4041575339825257
0 0.7229524956125281 0.4890185871849889
0 0.7349501945402311 0.49280883443096407
0 0.7291115059152894 0.4878692645741546
0 0.7836332752004914 0.3944666617590448
0 0.7581046971937885 0.47761276111654616
0 0.7753702450705611 0.47220942889866624
0 0.7954142794984839 0.46829911450976913
0 0.7922504191165385 0.5268845249777255
0 0.7965575218524622 0.5172452432953794
0 0.7970522120594978 0.5057815073624902
0 0.797243773613287 0.4937215450017349
0 0.7974201115253179 0.48515451090491335
0 0.7585986996798412 0.48663078080052913
0 0.754660621771346 0.49100036841371786
0 0.7497638608126537 0.49738547484511914
0 0.7456039616271205 0.5041963241022566
0 0.7157529947226462 0.45325881424157516
0 0.4430723439740098 0.3792004197835922
0 0.8327942281637503 0.40322959487852844
0 0.7446154877543449 0.4871355669653934
0 0.7401198556889659 0.4896298694869746
0 0.7945994239138521 0.4106277958854385
0 0.7475423344775386 0.4104791363944178
0 0.7904919478232446 0.4075880977770557
0 0.6905998029624638 0.3383314566767734
0 0.6515152128008397 0.3572000582580981
0 0.731486737890088 0.38943295815716616
0 0.5271374188039614 0.1243960493284723
0 0.5591118961734616 0.15311345441833787
0 0.5924686301985512 0.18011428266763688
0 0.7280018681093402 0.5151468135740446
0 0.7109982481469279 0.17476982720520184
0 0.6958000208048717 0.13304007212105004
0 0.6744281221991 0.08339444949575092
0 0.5961583939421436 0.29655888213411624
0 0.5303361810257902 0.32445408455703567
0 0.7035148435312769 0.27712929384863894
0 0.5520552693177825 0.26101239498542705
0 0.7348486619151157 0.30875778327817505
0 0.7654221734922865 0.38331205469110735
0 0.5001333041683488 0.33789908374133315
0 0.5553359015966239 0.33799546205479164
0 0.5943931704791992 0.34210450707570367
0 0.6452999031576125 0.33267435010360635
0 0.6798491141070491 0.3196932168758434
0 0.7053610930300277 0.30695587830699006
0 0.7739949906649797 0.27847240904103154
0 0.5141435560324917 0.38245967121227925
0 0.527877250281365 0.2592571770367415
0 0.8259358681414438 0.4000350906149201
0 0.7277726382017136 0.3450345666512199
0 0.424565647283326 0.28808536020957903
0 0.7251974982411965 0.293527109078739
0 0.7236449368621992 0.38985286510508993
0 0.5685724048348872 0.27691381528325704
0 0.7568782406008762 0.3691572884502618
0 0.46291815845862677 0.42786262793385466
0 0.7018381797749064 0.26994059740201287
0 0.7825770608108976 0.3551053579734719
0 0.5953627007648997 0.5302757224958876
0 0.5846534002086391 0.5477753100187882
0 0.4699627189370601 0.38348885761654894
0 0.5502593641209862 0.5050465320763381
0 0.46464690144943155 0.25044087498732237
0 0.7263590902414011 0.5795816728602285
0 0.8229079576938049 0.4038357664709506
0 0.7050927255464636 0.36235389806654145
0 0.49440591693248437 0.29844922309984334
0 0.6215299683744493 0.2864160574324753
0 0.6431478053817282 0.2852869532030562
0 0.730081223761258 0.49636740768733234
0 0.5243702327589626 0.42228176762228425
0 0.7710010598859062 0.5965595190939696
0 0.6819541811457147 0.5818802490182545
0 0.6386639739832153 0.5692235422523125
0 0.7673331312835217 0.126527094355096
0 0.8195162115861541 0.5912026667076609
0 0.6630542174629543 0.2809959600153177
0 0.6821170616085115 0.2753450864359089
0 0.695370023260298 0.2722507071883782
0 0.5018206119699322 0.25632072907427084
0 0.6755877135564452 0.2568772784393767
0 0.6521614360744539 0.2531781952018323
0 0.6308583564570417 0.2550889790058136
0 0.6099865716760573 0.26083880351937333
0 0.5969543215697226 0.2671497010666391
0 0.42901579598369805 0.23979597486879514
0 0.6059067294649456 0.2845625791860663
0 0.8257211116345032 0.4222063501244006
0 0.7420260619534098 0.43970158663780795
0 0.7671958996873834 0.3985616177968357
0 0.7934706862206045 0.42788389953582184
0 0.7861573049879592 0.23874586218077204
0 0.6404225077965985 0.5513439320351766
0 0.6816287484505902 0.5660449226265368
0 0.7754211989433869 0.5864756747432377
0 0.5370831615089074 0.5187956530114879
0 0.6936953445167645 0.264815090953008
0 0.7657867906534154 0.3144057043868562
0 0.8252462715558384 0.5810287633667821
0 0.7262233903874522 0.592016236419263
0 0.4856095279202513 0.4276554024737814
0 0.7769025499406068 0.4859246741170469
0 0.7738855179885159 0.49275182239387344
0 0.7708716120408929 0.5023144434327664
0 0.7689309259471686 0.5127044814436332
0 0.7577617119835771 0.523295287463976
0 0.7387850517811982 0.4828093513198521
0 0.7331829079143379 0.48218273688917573
0 0.7280065258559973 0.4810755431004193
0 0.6953093318835549 0.4703017529586087
0 0.5725333494660647 0.4324371619069058
0 0.7543201061046642 0.2921849607773449
0 0.7194328334020532 0.24819843030494193
0 0.7028989893910678 0.25364520355411196
0 0.7432019710540771 0.4830073567836181
0 0.5697011737881795 0.47889668876710145
0 0.746937608913235 0.24377371263892755
0 0.7421142465394476 0.5424414558255154
0 0.8203576382087625 0.31726832331522653
0 0.7868465577130732 0.3022918033211128
0 0.8100313826099687 0.29544524816067325
0 0.7533282561470633 0.34922465785689977
0 0.8271039934909862 0.5643411916235219
0 0.8256170782058135 0.5426998919766882
0 0.7852870253441127 0.5473808875550394
0 0.6768705007498679 0.515309527516365
0 0.7020791634593321 0.40781072442946226
0 0.7062972375880117 0.5318618726471196
0 0.6388519093718218 0.41102905564981956
0 0.6808594700110995 0.43037139928859214
0 0.6178707144344631 0.44538379784511484
0 0.7798930108547211 0.5693530020506485
0 0.7353751435875893 0.3620945640880129
0 0.6524194564832293 0.5315578544917314
0 0.6912041534062313 0.5479597790085751
0 0.6537799874077672 0.4940028412186581
0 0.5351824726423492 0.4551506400756214
0 0.6140862640155398 0.4995472013950348
0 0.5088357723763456 0.4680328396351441
0 0.6628062627885652 0.45820459982623224
0 0.7463767099315706 0.32938277689011203
0 0.7766824479660263 0.39211784180091774
0 0.7559670102985009 0.3981822857390279
0 0.791120024640923 0.37704808588909067
0 0.6971596451881139 0.2270311489701271
0 0.6550214488221251 0.21622434640708177
0 0.618204837422008 0.21738373504384703
0 0.5866860846138519 0.22600182443857192
0 0.5636471659754929 0.24026153288457705
0 0.5490658868752096 0.28375370580217113
0 0.4588962098502595 0.33933647080608037
0 0.5774161997048751 0.3135715882415357
0 0.6073995216385178 0.3170910024124643
0 0.6426595703739187 0.3129237540066242
0 0.6736352424258771 0.3041904664557913
0 0.6975174945495699 0.2944306341850239
0 0.7142876488683017 0.28580232337117195
0 0.43139174693952437 0.332837271236855
0 0.7536148794967196 0.40295099214367247
0 0.775886879828961 0.3340432605665663
0 0.8008080751675627 0.3913813125828038
0 0.8091585083824137 0.3992759430538053
0 0.7963886863511541 0.39462115712787793
0 0.7583663750277914 0.4074907180407773
0 0.8166838952380678 0.40016634606796764
0 0.8142349833379621 0.40398238858451013
0 0.7116592730516973 0.2690076684498269
0 0.7265118580797444 0.2720683791715166
0 0.7387431633213292 0.2747407622959303
0 0.5891723835273929 0.27182325503748395
0 0.5674535140557133 0.2611907863746519
0 0.8378159980411115 0.3172184248333392
0 0.9215604698528415 0.2363474717930607
0 0.8509741948674554 0.395117552060148
0 0.9341050007421038 0.1406894748625548
0 0.8717769105797228 0.2672652445409609
0 0.8918249775534091 0.2654576763510704
0 0.9097069109911504 0.26048303942965423
0 0.9253805723527203 0.24057240560650825
0 0.8554744221594023 0.26482381023790524
0 0.8908506019607835 0.19787862566502198
0 0.8674715584063012 0.20518032749709875
0 0.9122015875966653 0.19724021861734597
0 0.924784568340882 0.20310394634371218
0 0.939367441703444 0.2514271901353546
0 0.8865606609893881 0.5320247937803683
0 0.9238656168074711 0.22732984922502353
0 0.947314682862033 0.22913601887614832
0 0.9453459877682768 0.23012858428384947
0 0.9043631939136464 0.3491832542030708
0 0.8405450937216696 0.44012221875398055
0 0.8374352819569733 0.4584022254399631
0 0.8604137592989466 0.44566768394864126
0 0.8711692153111749 0.4534384487763695
0 0.8508389951742213 0.45929735931365384
0 0.8596619552244311 0.4624312256989272
0 0.8979853632981363 0.4734303014433902
0 0.8588295002346453 0.3855474721478379
0 0.8605948174777238 0.3654337221513624
0 0.9427379622407581 0.1798576076393542
0 0.8551114930406861 0.30409129106480143
0 0.8852035374097202 0.3710213161681009
0 0.8816395797159361 0.35934413904729096
0 0.9529221721965334 0.3353796765856121
0 0.8502327378677286 0.3395530198579249
0 0.9090275989602441 0.16768346581122148
0 0.9305853072715842 0.1688509348941886
0 0.9275811857179456 0.10767453280480012
0 0.8311977464219799 0.1968167376259099
0 0.849363521065401 0.218270840269068
0 0.9105838177644688 0.45365572299646295
0 0.9245152943160223 0.4091514223943586
0 0.8709018168889958 0.38516285672135975
0 0.8567772157814192 0.3939638093761776
0 0.8778196022562359 0.4689084284979364
0 0.8714261728784313 0.4693347238328146
0 0.9335301910405573 0.15344872387207073
0 0.8823682826174342 0.3792701049991276
0 0.8776422640227753 0.1745507573303969
0 0.8779270117697509 0.15695415265534235
0 0.8728383141367332 0.0710291567703952
0 0.9334784869266592 0.12793222869867865
0 0.876116429981978 0.11164550233794296
0 0.9457903493033804 0.16778951303466508
0 0.9420925360982833 0.15411429019725842
0 0.8404489065641942 0.4497469970713491
0 0.8565132559641547 0.4529807640158612
0 0.8662820824462435 0.4580074576580006
0 0.865657319193301 0.38942522302917815
0 0.8746109462302664 0.46920457339805105
0 0.8717564665105032 0.474541293732498
0 0.8683161422934221 0.46954367588395657
0 0.8698642334860304 0.38100415494131007
0 0.8530423281633336 0.465076846661775
0 0.8449885527724805 0.46322673526795016
0 0.8331725372244483 0.4636229533864104
0 0.8486928055467813 0.5174425581227178
0 0.8500012259768404 0.509491951569267
0 0.8473070477661879 0.49851297334484435
0 0.8419125331160815 0.487458577622538
0 0.8360810343014158 0.4799233543484107
0 0.8546204602588778 0.4736804844892543
0 0.8612401811001094 0.4766171051108319
0 0.8686104556140692 0.4811059656350509
0 0.8746172607592915 0.4864454139833865
0 0.8976458479528842 0.42550431172484937
0 0.9253868868817454 0.3110696541874305
0 0.8596589855201866 0.47169442131467487
0 0.8657965514322986 0.472858627140522
0 0.8512387486255687 0.40254362024690793
0 0.8744200723974601 0.39151350039502847
0 0.8540795989658522 0.39852946867113526
0 0.8754305220816446 0.3121496714327646
0 0.9098493317547052 0.32038706476273743
0 0.8819977573078611 0.3673672278938086
0 0.9098306382479875 0.0836034188128036
0 0.913134637410226 0.11280803337045338
0 0.9108216754444267 0.14974314865210783
0 0.8860314909530722 0.48900235722894253
0 0.833878045172795 0.16820346324340157
0 0.8288953816113265 0.1183974921055462
0 0.8234134326162545 0.0684764954706897
0 0.9215996074287788 0.2521563468096049
0 0.9549869294075862 0.2623853456714879
0 0.8446326259037723 0.2612749749551649
0 0.9369162165600321 0.2080593145088009
0 0.8417717066148053 0.2936156314028346
0 0.880246694645156 0.3660143401959668
0 0.9641138933922934 0.2729879961065624
0 0.9563023208276086 0.28138373510345166
0 0.9418973483793114 0.2944844002309053
0 0.9066721233336822 0.2973870070084282
0 0.8782698094196941 0.29330859171307605
0 0.8578598136487214 0.28761268863859385
0 0.818102913706199 0.2724788071344728
0 0.9721094625799552 0.31590252071619035
0 0.944798249265422 0.20228122569944548
0 0.8485532919673816 0.39638335050448126
0 0.8606900980939036 0.3261554673961971
0 0.926648979925591 0.22335316467544306
0 0.8427020055444344 0.279885900085387
0 0.878547523656617 0.36731594813906626
0 0.9293545993125957 0.22501587187466415
0 0.8747669338532116 0.35181485524644024
0 0.9259479421636333 0.3580651494471923
0 0.8407194622508858 0.2538302595848623
0 0.8636663982077785 0.34323128040718
0 0.9336109357359617 0.4705975180086882
0 0.9185890463059363 0.4874137898502143
0 0.958535475899344 0.3127664097625276
0 0.9448216942989308 0.43910004230945004
0 0.9448945302030315 0.18909419648673223
0 0.8870127750155719 0.547346804647342
0 0.8413387237359649 0.4011647991512133
0 0.8775659269936706 0.3377446919679642
0 0.9510271257680395 0.22904590808826944
0 0.9083776088512462 0.2503078066136526
0 0.8916029999761478 0.2554797065646752
0 0.8770620463334996 0.4766804364712342
0 0.969072924359985 0.35545340420111365
0 0.8560279750305674 0.5787369554457458
0 0.8917739299004492 0.5395489668716555
0 0.9042807924358741 0.5176433261321939
0 0.873882274588813 0.25687677772796674
0 0.8572783455576586 0.25577001558697743
0 0.846588723199523 0.2550758223818696
0 0.9483759301188199 0.19461942603406698
0 0.8513545358310575 0.23434495420559592
0 0.8669674589258173 0.22434978757215582
0 0.8866125526635543 0.21925074976423511
0 0.9049630741710248 0.21840755174989285
0 0.9153441911482293 0.22125318102214647
0 0.9338264112239298 0.17752280760070552
0 0.9172752804082372 0.24350448529357496
0 0.8832476276742376 0.4183768747293431
0 0.8732601684396681 0.3821470546333686
0 0.8533289202529452 0.4189877426494723
0 0.9168763397180516 0.49952447945656986
0 0.9021189102660054 0.522848307568094
0 0.8630976842149444 0.5686346020387567
0 0.9232695815355881 0.45307900704767395
0 0.843779914405035 0.24639738862929136
0 0.840413739013931 0.3038830987137297
0 0.8778351072383963 0.5607082368239112
0 0.9562207321109979 0.35623813984186753
0 0.8473544692539651 0.4763919576354649
0 0.8541979807550493 0.4817166954278946
0 0.8611408054180767 0.48957206321799235
0 0.8664455724799115 0.49888971551604894
0 0.8702102821806202 0.5044837324515633
0 0.8654417186651541 0.46604031900996745
0 0.8717309583140456 0.46378863706536916
0 0.8769515733356061 0.46099332065685933
0 0.907291697419208 0.43791998637759166
0 0.9609771979891736 0.37365709556185683
0 0.8295642840473548 0.2817976853121882
0 0.8283327633272046 0.23743764139387918
0 0.8373105543787065 0.23913873071255892
0 0.8592910235342772 0.4675554026728091
0 0.9526887221828751 0.4174609872310058
0 0.8167546679792197 0.23831504317729368
0 0.8783925988751909 0.5175321681991868
0 0.8288054777228314 0.2963949077803156
0 0.8599817454814911 0.3339261631602826
0 0.8551028027482654 0.5344528642685517
0 0.9114847322521002 0.47534143056558525
0 0.8951751478016376 0.3793239055768303
0 0.896034955330517 0.4980381608009338
0 0.9349634328290172 0.36708116628553555
0 0.9130908108275869 0.3955230937703796
0 0.9460385227980821 0.3950230729968651
0 0.8625242812154086 0.5533403892879901
0 0.867402755047964 0.3431294460659442
0 0.9206915656509607 0.4833458376967389
0 0.9029804683573868 0.5082671769287275
0 0.9261151834026627 0.44990870959084966
0 0.9617986494432325 0.3888093825267709
0 0.9404808307147544 0.445169527893481
0 0.9517134713089984 0.39766230557275856
0 0.9242295149875723 0.41827117282411325
0 0.8500840025751487 0.3146957026227661
0 0.8764217780983966 0.37642102254473647
0 0.8810627693715303 0.37901912772137186
0 0.8723902639163577 0.36457108272158584
0 0.8416032774940782 0.21291647417389828
0 0.8718419002126092 0.19430047286593397
0 0.900037491451139 0.18700401987070622
0 0.9216324304756911 0.18672930196575496
0 0.9340225992643315 0.19347464435774347
0 0.9363468461062597 0.2279115032242692
0 0.9548798012344734 0.27065875569115516
0 0.9365220899167268 0.2633963510718035
0 0.9225802350303401 0.27446057109729105
0 0.8983221277594566 0.27943598498468813
0 0.8733179057421891 0.278838049231664
0 0.8546327454564364 0.2752717063154863
0 0.8418671122711637 0.2708752702111783
0 0.9228085583966711 0.2670533227531806
0 0.8776362933542418 0.3840754841980727
0 0.8506603127588397 0.323268020088258
0 0.8691501915454865 0.3802634128409883
0 0.8553795166637587 0.391514743540598
0 0.8653654754161835 0.3834490769583246
0 0.8711347667419392 0.3904412182776824
0 0.8537121684007023 0.39406947674958603
0 0.8470358356185581 0.39876459584287977
0 0.8362498072826344 0.2555196253501851
0 0.8302259966731071 0.26110932580802754
0 0.8289390831537868 0.26580637868331825
0 0.9205410797958788 0.22420195684484814
0 0.9304901516955831 0.21135986599585285
0 0.6326906483458437 0.2680706302108972
0 0.6584034886859034 0.26502913644780285
0 0.6297213348519543 0.24847637693519178
0 0.6064875098350255 0.27133948148592657
0 0.6355892672486927 0.2876524347649968
0 0.8727070219490839 0.23638961788104929
0 0.9011847038307915 0.23260696763577668
0 0.8679604342450267 0.21658016229453295
0 0.8440993920616482 0.2404199303492256
0 0.8776360432738843 0.25607689988353977
