0 0.40159074503158215 0.3725110836723605
0 0.4203196633214186 0.3340792943115662
0 0.41229180494944256 0.34770313965506244
0 0.4130389484172129 0.28912554134507806
0 0.4244856703633498 0.3207438887000418
0 0.42807155067910624 0.30351368185518834
0 0.4346529763459153 0.2619292392116301
0 0.29413125723726136 0.2391121955144973
0 0.44315096144937766 0.2254398016034722
0 0.44805696619210866 0.20736319711562298
0 0.4615164539985013 0.1498311928340367
0 0.40021066587685533 0.3788206209989489
0 0.3982795534757622 0.3857660580749939
0 0.39677214521899 0.39049962521935044
0 0.39639442794433627 0.39078542364745583
0 0.39532370821333135 0.39676154895322996
0 0.39370695976265374 0.40411629463110316
0 0.39169974618823217 0.41217799814475353
0 0.3864180160222677 0.42846881241357626
0 0.41721262408711235 0.34099962731369404
0 0.398020787078117 0.33883366464566783
0 0.23607487593019058 0.18216213124806807
0 0.3430745448241254 0.2577409961310421
0 0.32451823290893295 0.2568072601526725
0 0.30695951487947615 0.254102623429285
0 0.28455106190991303 0.24320148319757284
0 0.3598648563718997 0.256648010566455
0 0.3306938935432756 0.2121559949148269
0 0.3516557021734584 0.21689832744812096
0 0.30942022322602414 0.21221862654058204
0 0.2937517472963293 0.2166749152148805
0 0.26689342355929346 0.2505717845190139
0 0.3074466719406064 0.43964697399727104
0 0.2885329969824618 0.23403276949703528
0 0.21096661774921016 0.23713341480543634
0 0.24764920085794312 0.2384156743351485
0 0.3186343660585991 0.3121800102105662
0 0.3797689296525239 0.367926130775644
0 0.37829169794476986 0.3838842108803971
0 0.35449212349416837 0.372046892048598
0 0.33774898147784205 0.3771170267537862
0 0.36021437649988425 0.3836924475448138
0 0.3457212671951906 0.38454771576141444
0 0.3048253705732933 0.3976374567389822
0 0.4045123553477259 0.3318023267580348
0 0.4055014589667823 0.3187115339337945
0 0.27194043893351333 0.20375531628018334
0 0.3657333486190828 0.28366531177061277
0 0.3569328884283702 0.3242519375990753
0 0.35621354373698494 0.3170955234548959
0 0.2599812883113507 0.30389173892365784
0 0.4097897905840652 0.3027456935380353
0 0.3235772076035351 0.19329777485182306
0 0.29476538803507 0.19520575459263906
0 0.2616427662754864 0.1607577994424088
0 0.4023630356235343 0.21531619811926236
0 0.36773457419017197 0.22609109337590322
0 0.2941891703173078 0.38410804385230657
0 0.194217276095338 0.36119213825514335
0 0.36949344123969097 0.33330148875880306
0 0.38402648716536253 0.3389877718703753
0 0.31898442149665285 0.3858818780808222
0 0.3234669088311336 0.3861736837221461
0 0.28667458715821115 0.18601615589205958
0 0.35386172741777283 0.3304499791783779
0 0.35889003183771284 0.19868201434779234
0 0.3593490539975307 0.18779494548712125
0 0.34896619234407 0.14067345340044893
0 0.2720428574437331 0.17217423935898213
0 0.3534933469466519 0.16391404069104448
0 0.2612829756636157 0.19713286625570944
0 0.24726370291367863 0.18918238968408407
0 0.3784786954459259 0.3762286604285574
0 0.3572475387074273 0.37815604089688853
0 0.34160523072576726 0.3808753684121354
0 0.37329502661519914 0.33643725405888064
0 0.32126659771058125 0.38604477406883775
0 0.3297689275399542 0.38921616190955755
0 0.32597822265282966 0.38634772928489025
0 0.38113044724182743 0.32925393601425557
0 0.3487026206048732 0.3870081721233721
0 0.36256537118038545 0.38732216004230063
0 0.37878380973630815 0.3885075678678454
0 0.3615846582354373 0.4247983817626782
0 0.3695398264796422 0.4088519420944342
0 0.372385186233601 0.40092667478139327
0 0.37544860392180174 0.39393091268566144
0 0.37841316353419663 0.3888148473424404
0 0.3482789289096237 0.3871349780833354
0 0.34435559161604706 0.38930753232384263
0 0.33956506445941037 0.39251482319765063
0 0.3353160594586079 0.3966612261550433
0 0.32412093324500296 0.36294182675893233
0 0.19103543039112655 0.2934942111915567
0 0.4148519564781511 0.34417664837770434
0 0.33779369854222874 0.3868755926938952
0 0.3340183931563977 0.3878754313920392
0 0.3883223006745431 0.3447504891734831
0 0.35787168534999153 0.33927602460738326
0 0.3863450146677122 0.34197758760104996
0 0.34267612474377146 0.28895481494294495
0 0.3087885946915622 0.29394594427584264
0 0.35093714177356994 0.32292259039999055
0 0.29763725808652647 0.14609198309794194
0 0.30577204775709643 0.16268215292976015
0 0.32014265819943905 0.1825399896343883
0 0.3186916442360053 0.40744644119626
0 0.40240531266993107 0.1966170990834383
0 0.40130394332519564 0.17077198749830744
0 0.40194007842349605 0.14264235843797357
0 0.29202334312447015 0.24953683751637862
0 0.24374726351806383 0.2583605455083339
0 0.3717884524462092 0.25480855279276016
0 0.27292407741023517 0.22225336066815032
0 0.3824104607608248 0.2766444339137785
0 0.3708713791541409 0.31999111709808437
0 0.21976086585330562 0.26423391708138944
0 0.25521799972288717 0.26940563680077134
0 0.2796334546326585 0.2771669562791242
0 0.31654234940995646 0.2790578493551046
0 0.3441437582174937 0.2765812880518724
0 0.36572742286110727 0.27263367242839825
0 0.4150424770665068 0.2626272797250614
0 0.21563374971035665 0.29272299721127465
0 0.25851000725971496 0.2194110372153317
0 0.4076923710384449 0.3393348345235616
0 0.3652395562029086 0.29699496728699415
0 0.2039861868956924 0.23569769084620543
0 0.38319903473813827 0.2670895639253932
0 0.34801229469886813 0.32371044693206874
0 0.2797466664877622 0.23360726245645047
0 0.3711152440133477 0.3115295014795469
0 0.1894908990035077 0.32598907406590566
0 0.37342381225859567 0.2501484279205151
0 0.390554979380676 0.30544295564753
0 0.2296088531550476 0.39999261156183663
0 0.22361915674893665 0.4138379524401924
0 0.19553466172660958 0.2925186117156213
0 0.21099291018795865 0.3786344207635447
0 0.2291488101713768 0.21156553494162253
0 0.29854910276861635 0.45215967189030154
0 0.40762502156229463 0.3427656311280921
0 0.3446939698251491 0.3048129228650689
0 0.2295792741614555 0.23973135921467587
0 0.310797463992477 0.24627263005040273
0 0.32621352255092895 0.24904388372971564
0 0.3256409026147947 0.39108024458257423
0 0.21297627134162161 0.3196336528500255
0 0.32830205345958596 0.4740623920237651
0 0.2716478235107937 0.44961392245038884
0 0.24862800909497063 0.4348919491807954
0 0.45466804554693807 0.1789189607155423
0 0.36899019997834154 0.4812084980705539
0 0.34181687738824995 0.2500204766163973
0 0.35694364442604 0.25013615637600256
0 0.3675332602569323 0.2506323007642388
0 0.24425609441246163 0.21580334337485604
0 0.35959896910542677 0.23669172101328018
0 0.345191285328523 0.22957932080875257
0 0.3295174065018505 0.22632677715365626
0 0.3124886205427757 0.22642799986510717
0 0.3010302275922228 0.22903937285019904
0 0.21804449993346814 0.2060529467772369
0 0.30072149062206976 0.24271974910874994
0 0.40894464802641406 0.35816557801404253
0 0.34498826587250464 0.35717296199638304
0 0.37043830085907303 0.3307998233816537
0 0.38309417620992864 0.3561522266110118
0 0.4380354139372266 0.24428798237434624
0 0.2510164754803171 0.420188955900048
0 0.27308097305680124 0.4362842669340075
0 0.33180371580747614 0.4652382399187702
0 0.2064178515587175 0.3907792294392733
0 0.36936603744321733 0.2451353266793473
0 0.397271278286785 0.28158461880617114
0 0.373185860708293 0.47249069935133475
0 0.297409695286288 0.46305946809570997
0 0.19432000583234216 0.32232556222867564
0 0.3621851142951708 0.3875795586102483
0 0.3580026744790218 0.3913542623279475
0 0.3539843756689804 0.39661571625567954
0 0.3504665544264427 0.4034678194703174
0 0.33735952472887965 0.4168979380311084
0 0.33389449999805243 0.38536170483971177
0 0.32963559798550507 0.38359343371137516
0 0.32606933740623895 0.38160614473145216
0 0.3064016968892093 0.37231838536195727
0 0.2380193337358 0.33033469678307115
0 0.3992680221921784 0.2686261249189617
0 0.39216631248530454 0.24009843032901027
0 0.37925236788480093 0.24049464928335837
0 0.3380048970381419 0.3868388481834689
0 0.2265726242387345 0.36166467452917445
0 0.41139156280187616 0.24105353048201703
0 0.3212699963070672 0.4279546697600549
0 0.4303606859239345 0.28925868175944697
0 0.41369127975737496 0.2765247921983735
0 0.4323788795793107 0.2760968191617009
0 0.3780813833329245 0.30074991966162073
0 0.3775667262731222 0.459252437623609
0 0.3821453826839914 0.44299834449084197
0 0.35052008543336444 0.4380758656841032
0 0.2832833231752935 0.3999825372081511
0 0.32857727752959176 0.3320997656226492
0 0.2992395593898709 0.4156186119848941
0 0.2842273860541074 0.32410474918803583
0 0.3073229655183317 0.34298883299199806
0 0.262059660777764 0.3437056548121263
0 0.33931780100371767 0.45263996845533866
0 0.3634587912368372 0.30732316663619186
0 0.26258569628880496 0.4071281056444184
0 0.2839486886931874 0.42434190368118074
0 0.2729422032581603 0.38207601632724625
0 0.21234817834343087 0.34274882495570247
0 0.24678801144728682 0.3800585510350075
0 0.1976743832167694 0.3507614422913025
0 0.2877497761058405 0.35908327917424904
0 0.38154586030461113 0.28903262822233994
0 0.3760198918072986 0.326423299746687
0 0.3622863003473242 0.329099595045843
0 0.38751165449367797 0.318491113619978
0 0.3819192826496398 0.22443331289692087
0 0.35445009542919914 0.21068042934107847
0 0.327798463624238 0.20532858672262239
0 0.30384091045786055 0.20574647371842414
0 0.28489061033172447 0.21117598937005222
0 0.26605962210566686 0.23614093903399982
0 0.2002847542994133 0.2641489278702509
0 0.2758630417318787 0.2575462759375906
0 0.2949568796509932 0.26396985681784924
0 0.3199118524161069 0.2668117829063693
0 0.34393897099333975 0.2664845183449967
0 0.36347516176569816 0.26437367244260984
0 0.3778536649192939 0.2615377185057525
0 0.1962987981768097 0.26412538987915724
0 0.3611258352607614 0.33306846965928705
0 0.3954948455975528 0.2933423712807877
0 0.39051397213955974 0.3284575010882038
0 0.39806160758316267 0.3362624605162805
0 0.38926379904465336 0.33076022719802645
0 0.364997907278407 0.3378484816778274
0 0.4017340213940616 0.33781199428547665
0 0.4017799584674433 0.3412714946169813
0 0.38038553215783355 0.2511255350433478
0 0.39046308033577 0.25504198094375996
0 0.3977463721977508 0.25768298094346076
0 0.29427398584060027 0.23152132194583155
0 0.28280664823226287 0.22345476825030244
0 0.44517508086272933 0.293239757794292
0 0.5604132962126269 0.2716567873620853
0 0.4317491557527695 0.3430953266239968
0 0.6217947871373173 0.23362351933113334
0 0.5067985817349913 0.27537390831805747
0 0.5239677932192002 0.2793270636673401
0 0.5407100513514587 0.2816357151800845
0 0.5649733910580728 0.2774839828662178
0 0.49270849866706107 0.2700243563879104
0 0.5450787541735524 0.23806339919734068
0 0.5232249322319835 0.23675273980747083
0 0.5637831104455618 0.24351221039181664
0 0.5741859528585829 0.2514428070613316
0 0.5745614666476029 0.28811242600448994
0 0.44696124872577847 0.4555268434583306
0 0.5677409690140672 0.26836495139017824
0 0.6174818312568504 0.2908135682594876
0 0.5953064995978955 0.2800265767661129
0 0.5050615379075963 0.33576923792435676
0 0.4237530176146624 0.3728114910820285
0 0.4172731265740053 0.3883247101674227
0 0.44488190523179777 0.3817986560468914
0 0.456978394009393 0.3902481637415098
0 0.43336534399523513 0.39178738941331537
0 0.44550503105050904 0.3955305377308394
0 0.47047993477889755 0.41703879198774235
0 0.4352399749594902 0.3357260420876725
0 0.44169915074537575 0.32329898788815453
0 0.5986677986660084 0.24223671774236427
0 0.47803186515212565 0.29800712427839177
0 0.4728192895776612 0.33844144270867527
0 0.475600611308456 0.3317337931037283
0 0.5564259582431005 0.3416488504543358
0 0.4442916947578076 0.30711326478910045
0 0.5653344639242953 0.2211226021208349
0 0.5867804791856919 0.22959950457767947
0 0.6156903600893946 0.20863624714335807
0 0.48451969870032136 0.22122866332697935
0 0.5032576176687635 0.24076901764428915
0 0.48660798062755084 0.4069580804734003
0 0.5631906840368666 0.4073247542234362
0 0.4564357389880635 0.34387528261884587
0 0.44110341288369415 0.34605153000989214
0 0.4678897311918846 0.40266191792421313
0 0.4634656549003054 0.40175041097218916
0 0.5966122577965008 0.22243606643516475
0 0.47028560477470044 0.34459053835615056
0 0.5331458212957101 0.21699630112207235
0 0.5388545919571245 0.20698233512269348
0 0.5620374020644884 0.17032021935246572
0 0.6079473364705275 0.21733926157323585
0 0.5496261509661936 0.1912651279059445
0 0.6082772368620216 0.23794525344164766
0 0.6164237597823646 0.23827709937963834
0 0.42115429886282746 0.3810630412328811
0 0.43920707073895743 0.3872469646924016
0 0.4514759293588405 0.3930072978097184
0 0.45083218787792867 0.3457828182466224
0 0.4656119992964378 0.4022230874924433
0 0.4568225814320367 0.4033234126093675
0 0.46093421093019254 0.40126861844744
0 0.45191744812430207 0.3381681028200465
0 0.4407954726541093 0.396913014874071
0 0.4287139974565949 0.39453593489168737
0 0.4139891611372871 0.3924345088606121
0 0.409849396737819 0.4303980862059179
0 0.4133193264027688 0.41375586165099587
0 0.4143923118647644 0.4055884826083143
0 0.4145557681719462 0.3982245975515756
0 0.4136935952846511 0.39265387732775603
0 0.44068064241972654 0.3970050865194711
0 0.44368751642573234 0.40017759632997485
0 0.4468581704147757 0.4044375052305163
0 0.44911055600089866 0.4093693104110846
0 0.4755972251610414 0.381125661171451
0 0.5967873664344916 0.3465207237489417
0 0.44974600640027335 0.3989307372843852
0 0.4532761895706885 0.4009631387993735
0 0.4345662063184167 0.3505645599685797
0 0.46068522950264973 0.35167325311014297
0 0.4376627883327661 0.3484142815031591
0 0.49445980913025417 0.30836428447263914
0 0.5210618313857774 0.3211727382756081
0 0.4756868086786713 0.3381893968715721
0 0.5982624071056832 0.1874372241209869
0 0.5877968213729214 0.2013559371483426
0 0.573424468060586 0.21186281018564346
0 0.4542944240167674 0.4231601656318045
0 0.4953209860918391 0.2041984125345695
0 0.5058538217081803 0.1854388323150763
0 0.5176056205974853 0.15878673227561288
0 0.5554723842737543 0.2814722348328064
0 0.5889041413737752 0.3002061616806757
0 0.4835200133705944 0.2653869046550505
0 0.5868759884612973 0.260046585601251
0 0.468255883279229 0.2876303529872948
0 0.4655944461057961 0.3317962727960752
0 0.6038421057950595 0.3142932169243735
0 0.5754871795952069 0.30883237961627524
0 0.5526618570215088 0.31094168281020906
0 0.5203961546410991 0.3035466163432231
0 0.49779025939949456 0.2939634283049768
0 0.4813513602385541 0.284996084806298
0 0.45070744818272973 0.26731982484919015
0 0.5943451574080101 0.34144402084564296
0 0.5988529163573865 0.2597931606762883
0 0.42612807635013566 0.3417011856698856
0 0.47342456342801764 0.31057596740936366
0 0.6154941876226336 0.290185288554814
0 0.4697047560023859 0.27573374506472204
0 0.47569900876862087 0.3393297389107926
0 0.5744755929532434 0.2697960822856059
0 0.4679646248052895 0.32355278680304517
0 0.5830341054417413 0.37650779716107025
0 0.4844527475944551 0.26045189718572365
0 0.4571600508589282 0.31384241881490754
0 0.5259667157120845 0.43522489371419953
0 0.5184486219148595 0.44843996806638914
0 0.6038438984613378 0.34527540741180507
0 0.550237923231809 0.4199244515234683
0 0.6174066388657324 0.26306792167054505
0 0.44697539087086285 0.4688294314536728
0 0.42202259669324016 0.34463195774067684
0 0.48620092089166117 0.3226368153462557
0 0.6073090974791644 0.284225899298318
0 0.5422788335301202 0.27355212156846076
0 0.5271113331307842 0.2718394346931735
0 0.4598975518584754 0.4061044718371052
0 0.5825362919755123 0.36647986497531754
0 0.4086791093339397 0.48296891541040243
0 0.4653967050560416 0.4711674996116916
0 0.4898735712349163 0.4622710038299988
0 0.5124156276384989 0.2685185210043643
0 0.4985912824481851 0.26455328110553306
0 0.4891237387677285 0.2623501999371526
0 0.609155593542107 0.2587676569193351
0 0.5031928575994596 0.25253380580442625
0 0.5201423927701475 0.2503883658336992
0 0.5367491054132518 0.2518501989647788
0 0.5519384663819261 0.2563706853476559
0 0.5603203265475825 0.26142576695824205
0 0.6214795268537626 0.25957029774075463
0 0.5528405011957708 0.27314574645013034
0 0.46255293878321907 0.3713264939497833
0 0.4579492472898105 0.3415701489488618
0 0.43263055000627093 0.36219704919168594
0 0.4993027966736741 0.4490821087727694
0 0.4741198191662881 0.45912041917902413
0 0.4133710647434122 0.4744306318566245
0 0.5412021880411397 0.4313451222011021
0 0.49050822489372287 0.2571161641460173
0 0.4577087063326614 0.28930510325926023
0 0.4393015591907099 0.4786771706172398
0 0.5899549425905767 0.37263127468547236
0 0.42856279103564815 0.39469747516621395
0 0.4309419828628186 0.3993128147445807
0 0.4325287912968342 0.4053131325238225
0 0.43292708688647435 0.4126505577931551
0 0.4341986350369353 0.42800543889278125
0 0.45496211751100885 0.3986607399307379
0 0.460031553662779 0.3980601822294775
0 0.4645952836370669 0.39701553486308466
0 0.4839719146615845 0.39353908811296734
0 0.5595401183462344 0.37075328426200804
0 0.4594950484827098 0.27647063378192466
0 0.47496536009422335 0.2472605010708507
0 0.4847901174287756 0.25067777560204685
0 0.4497598497676447 0.39889602634419247
0 0.5501873800020177 0.40142957436270404
0 0.460133785436928 0.2442224406394638
0 0.44122098191377984 0.4415798708170402
0 0.4480773577710244 0.2809634682845001
0 0.46448505955909375 0.31162886592854305
0 0.4121737628546445 0.4450604782051065
0 0.4864138498084958 0.4240478774746593
0 0.48729367547900365 0.3516901527800146
0 0.4653166575270866 0.43480125662325475
0 0.5276293887870724 0.3547158949181479
0 0.4992795418083416 0.3667541632131368
0 0.5346188203191958 0.3776084962679225
0 0.41445836663749147 0.4612648774261902
0 0.47158264862334176 0.3207264514196487
0 0.49879826070890143 0.43493692146963764
0 0.4730003986680558 0.44608516385909225
0 0.5048624025618477 0.41009314454236284
0 0.5703175284188507 0.3874797032994716
0 0.5257694726251851 0.4137580354674524
0 0.5733912539381518 0.397684041859389
0 0.5061370878782956 0.3859015593007833
0 0.4652537399203465 0.29964875306735855
0 0.45837903903003485 0.3366724937235942
0 0.4659862681783201 0.3418011344781443
0 0.4550657684792949 0.3270055085671048
0 0.4939967285731674 0.2350395386960326
0 0.5267093277178736 0.22989984186423593
0 0.5535059538571644 0.2322749116507565
0 0.5733360298575229 0.23855179498175613
0 0.584819601054936 0.24755340530758813
0 0.5832561968751094 0.27470452478285934
0 0.6132710822523898 0.31821024718404817
0 0.5644804078315381 0.2929479521529681
0 0.5457743833839642 0.2942673886189608
0 0.5228943097943495 0.29040729832582446
0 0.5018885185949913 0.2837136733431776
0 0.4860489177301463 0.2768655671458952
0 0.4752992441885582 0.2708367092602727
0 0.6063796498101471 0.31820372573467864
0 0.46337256074454714 0.34545973769756927
0 0.4563198132353996 0.3010619441334273
0 0.4473196325925835 0.3356375233465884
0 0.43460083963498786 0.3409379423499441
0 0.4454201034855742 0.33790500090569675
0 0.4564402206537593 0.34878565350166557
0 0.431566005014669 0.34162895886504013
0 0.4274728499384369 0.3444748585965453
0 0.47811417841207127 0.26000932685467376
0 0.46795190185434204 0.2618324342562037
0 0.46210621630592186 0.263396974371261
0 0.5646656998099154 0.26515091701048094
0 0.5786872880871285 0.259818428370799
0 0.3288772503534953 0.23717273049661758
0 0.34842597734073044 0.23949185372734605
0 0.3317370634793229 0.22500395140394108
0 0.3089713346103073 0.23485890156080744
0 0.3258355189476335 0.24936307244608047
0 0.5251041195563626 0.26054146777348025
0 0.5447010244498273 0.26322769718009886
0 0.528342869965839 0.24862570455428265
0 0.5054582898123858 0.25773119058261734
0 0.5221065823538897 0.2724473903826973
