0 0.5432878587394953 0.7021616760641336
0 0.4926059186458588 0.6451926136389374
0 0.5097740390338004 0.6610247783362866
0 0.43409162797033785 0.5852212992496788
0 0.47863965705037115 0.6250627236440778
0 0.4620084206573665 0.5965080305933952
0 0.4215367526747286 0.5232907979749143
0 0.27630906347185374 0.5998773529194296
0 0.37994403042830527 0.4545197638683021
0 0.3599212784320116 0.42374636852182446
0 0.3000746140722185 0.3294790303800255
0 0.5485933976247906 0.7091144071891904
0 0.5550142860971391 0.716827926132828
0 0.5599286092445255 0.721768441516906
0 0.5701684471219778 0.7370432536117733
0 0.5766294389031827 0.746739043481648
0 0.5849686907604337 0.7586493471637368
0 0.5934288590215147 0.7695361067540943
0 0.5975124599412084 0.7823584385216236
0 0.500590874068439 0.6540836460888386
0 0.48524571061134336 0.6632167387753725
0 0.1658126023132354 0.5468263989314437
0 0.347314359806478 0.5879478314891458
0 0.3284929824061692 0.6011385223828256
0 0.3088420009706169 0.6110709900036454
0 0.2740300356410444 0.6098008750006556
0 0.36181551539339124 0.5740369867533446
0 0.2747185768559575 0.5330948440358043
0 0.3009928016923368 0.523495711479336
0 0.2553338957950473 0.5498041075188667
0 0.2475542897824198 0.5680835027247667
0 0.27032951987348497 0.6312174065038562
0 0.5435026654042303 0.8408402826637029
0 0.2644468231126666 0.5953143696300686
0 0.2157226105686277 0.6405763361603022
0 0.24161079367622734 0.6235063513740897
0 0.3914361111819744 0.6791861947625876
0 0.5192566521465778 0.7124037124216557
0 0.5369254953227938 0.7283147949725389
0 0.5060439385473728 0.7334402859210968
0 0.5017754378728568 0.7500092446804046
0 0.5246682487428188 0.7399931969121099
0 0.5178355243057012 0.7507098017260432
0 0.49142961809411645 0.796106519922614
0 0.4769100597128272 0.6542956857010722
0 0.4606759143061936 0.6370306805707514
0 0.216136815585196 0.560001018177718
0 0.3964373121969402 0.602311070356518
0 0.4359295194037259 0.6722931637428701
0 0.4273667238187045 0.6617546737194061
0 0.3335334907285869 0.7101050877943635
0 0.4457713944837451 0.6098234662786126
0 0.24190239552408457 0.510540239000693
0 0.22206922452896832 0.5335317161399871
0 0.15584075157530605 0.5030074692331254
0 0.33730938024818896 0.4788673999719322
0 0.3283107549417764 0.524272836279124
0 0.46570706013590096 0.7858459101989865
0 0.37060683919116855 0.8005115537904203
0 0.45862082820385697 0.6741591047495603
0 0.47668562522158026 0.671074144449085
0 0.5044417772442102 0.7740338558331132
0 0.5092196051031351 0.7704205780290068
0 0.20634713545441627 0.5240770199336111
0 0.442543855169788 0.6804912580177188
0 0.27674919539131226 0.4905889376066625
0 0.2634289268404245 0.4740493929944932
0 0.19359841486439108 0.41296411254443227
0 0.1754710369743407 0.5162122986279428
0 0.2256110327783972 0.4456124133896083
0 0.20117680309340358 0.5540654252283275
0 0.18012690604664386 0.5538833304308355
0 0.5277702283114195 0.7213758991099894
0 0.5153648117557168 0.7373505101539195
0 0.5093723994679749 0.7508061178959906
0 0.46560630910098555 0.6748937382362783
0 0.506952972151339 0.7722383040934802
0 0.5157668303698302 0.773413960263133
0 0.5116030228324234 0.7685620663687587
0 0.4599684585817158 0.6640462101437151
0 0.5242367022670805 0.7497663884423673
0 0.5316980024799705 0.7407509523443878
0 0.5436517071910203 0.7314714333042502
0 0.5717431274242699 0.7966874872334302
0 0.5684929778799415 0.781882657110691
0 0.5616456979885698 0.7702525838278234
0 0.555871465895325 0.756940521672368
0 0.5528943448327481 0.7463596161454916
0 0.5292090956121683 0.7584742647595704
0 0.5273897396400571 0.7656480189412832
0 0.5259193355217576 0.7747000711038708
0 0.5258433742448687 0.7833925580605865
0 0.46041205879300834 0.7418622840195894
0 0.2813076111488044 0.7163324342109263
0 0.5049594055861235 0.6573398225009441
0 0.521714249625802 0.7626301122829318
0 0.5185886174440384 0.7678759510628879
0 0.4866724104620516 0.6752346163615585
0 0.4570788597688079 0.6875882549211383
0 0.4818448514677584 0.6731849127449095
0 0.3840287684928626 0.6266688270494342
0 0.3610107390210032 0.6604342211037875
0 0.43142600879073145 0.6717038952745498
0 0.16231872471980752 0.45906568998470904
0 0.18779401052743197 0.48033765247091653
0 0.226453278074041 0.4966476075351238
0 0.5145506918430328 0.8010220181196928
0 0.3127075164578855 0.45099126021377745
0 0.27395722046494486 0.41560638234950603
0 0.23864917568862437 0.37211296036839486
0 0.28915849719196557 0.6149151461198926
0 0.26096380525268614 0.6569374248385429
0 0.36990527766756715 0.562884362693876
0 0.23907795511186122 0.5874210301786661
0 0.40068134530447425 0.5809725848957896
0 0.43926836624741555 0.6594376652501523
0 0.25378717030398545 0.6789021738804877
0 0.2810130716767162 0.6678224029019475
0 0.3094952338375151 0.6642067370936274
0 0.3449481129646301 0.6402237075380981
0 0.36800827365368605 0.6158333526924252
0 0.38328111469745635 0.5944358115084469
0 0.4066128445323557 0.539464106131345
0 0.2865730656776577 0.720758012495935
0 0.22553647398017346 0.590077855437994
0 0.49103101091459395 0.6592095160856843
0 0.4118414366152138 0.6229786782525479
0 0.21414669835940003 0.633434649463743
0 0.39212313620373607 0.5741859527304769
0 0.4310770758893341 0.6726018227636814
0 0.25757397641427815 0.5992669335566461
0 0.430003876471892 0.6458222507499158
0 0.3219499645754695 0.7590000805445015
0 0.3654235812835395 0.554979917127639
0 0.4353116517420858 0.6259337387047708
0 0.44031237894669173 0.8358941573649645
0 0.45651491172611713 0.8475830968469381
0 0.275891030067578 0.7243836851790547
0 0.4000522009562701 0.8220595392398536
0 0.19553277408704162 0.5951443664729595
0 0.5515709356404841 0.8565404627472162
0 0.49717845395207405 0.6613595916889607
0 0.4048209885135293 0.6483804097399115
0 0.23098207120783626 0.6334297976456582
0 0.3020508770830929 0.5984513353556394
0 0.32047605426050724 0.5897150304168463
0 0.5136217582039535 0.7788774106651545
0 0.3204383958131075 0.7556156720966101
0 0.6008783329278231 0.8608094182796776
0 0.5318554970435798 0.8617866426706314
0 0.4990881750360131 0.8568832740187645
0 0.33110075881704687 0.3800710602197796
0 0.6420286868698895 0.842126355599612
0 0.3366590850055218 0.5784612383693457
0 0.3513398526236415 0.5668778638355434
0 0.36129201180301607 0.5595656433142722
0 0.21209401921369136 0.5902828447520733
0 0.33599417745135723 0.5473647991195321
0 0.3127778488676995 0.5484507724642753
0 0.2927487857174128 0.5557442680001259
0 0.27632170473225415 0.5683817000128328
0 0.2688587935641408 0.5803686851635576
0 0.18400337602943181 0.588270363677293
0 0.287609421601519 0.6009638190269471
0 0.5213211765512824 0.6762490253895521
0 0.4691768681630492 0.7209425332024694
0 0.45572660500183704 0.6713876931928098
0 0.4973096425645053 0.693818292580545
0 0.40204233713448045 0.4893781436607242
0 0.48056325130164623 0.8457146920263767
0 0.5151170657947659 0.8506341323256492
0 0.5924421584233641 0.853865556884557
0 0.41650822227820755 0.8304014823399484
0 0.3554058277979493 0.5515540787018836
0 0.4155582325067371 0.5818644476123154
0 0.6344715253449976 0.8339023344218731
0 0.5650462159886956 0.8650339493528009
0 0.31408315850421786 0.7626194610260427
0 0.5392851846292614 0.7530981849879026
0 0.5393199054524302 0.7626093025319278
0 0.5411634447053075 0.774337283987552
0 0.5452636479400098 0.7859094386920333
0 0.5415529168210924 0.8025830147787929
0 0.5134638845920563 0.760577717423439
0 0.5070618348196149 0.7624311498366296
0 0.501303788088262 0.7631871616467834
0 0.45949824918061494 0.7644048921763897
0 0.35209192233160136 0.7565987717360259
0 0.4028522875159979 0.5585966063663363
0 0.36726333005353806 0.5252090476453304
0 0.3579211543314159 0.5364671608433127
0 0.5188270388171077 0.7584058086387813
0 0.38709991248324516 0.7979201143607497
0 0.38302836529910567 0.5122023088857531
0 0.5413286718539894 0.8213830517604948
0 0.4485812794417143 0.5719351639971137
0 0.4210517224855721 0.5641352978534997
0 0.43596132155507805 0.5489584318362176
0 0.42407586448825896 0.6228129583410918
0 0.6229958763346076 0.8189829180017114
0 0.6094964885152876 0.7994930131360889
0 0.5773048271425069 0.8163285186514259
0 0.47745251571759584 0.8105659233406186
0 0.42527902061119677 0.6980497223325074
0 0.5087008396163583 0.8191150542348623
0 0.3788755122572184 0.7205281576141715
0 0.421996917296201 0.7277955367229879
0 0.3881134497001767 0.7585989337414503
0 0.5840030652470887 0.8383014172315597
0 0.4225406999699771 0.6402336765080691
0 0.4712990458123386 0.8287448517978191
0 0.5073920616880059 0.8351326872594654
0 0.4464704353362322 0.7965260505676269
0 0.35167436273768543 0.7827391167171299
0 0.4250307439826429 0.808590323664248
0 0.3541143155191094 0.7957196253351867
0 0.4281510126311332 0.7602609088644385
0 0.4138578408397734 0.6017866949550807
0 0.4515375149436295 0.6646979457698763
0 0.4464824511669576 0.6750912223942578
0 0.44795262785628437 0.647973804641515
0 0.33548104083165525 0.5097168134525418
0 0.29245538339018823 0.511660648882389
0 0.2614943212363869 0.5254630479030311
0 0.24159161383286118 0.5443519527558237
0 0.23369317618198693 0.5650690454058349
0 0.25194363105110823 0.6103109223768115
0 0.24290143414400517 0.6840789500623942
0 0.2853370271157473 0.6365126731805504
0 0.30982860680669544 0.6331464590504765
0 0.3358094861730933 0.618793757725507
0 0.3578029291704297 0.599991787597537
0 0.3733801459893584 0.5825069344602525
0 0.38268953403458 0.5682010455988348
0 0.246898233005777 0.6742825228720903
0 0.4513772912323475 0.679492693208158
0 0.4263767634052783 0.6026043021120131
0 0.4631886254064739 0.6589526350609958
0 0.4807639194652438 0.6611266286112368
0 0.4669055729173124 0.660983613692224
0 0.4607356144115329 0.6818520413711667
0 0.4848498704843223 0.6613424966111779
0 0.49095440525561573 0.6636603768914938
0 0.3726581537630409 0.5514738531317562
0 0.38550500995479525 0.5495073695667088
0 0.39337225193157793 0.5495177554897964
0 0.2658595929387957 0.5885697360150516
0 0.24739328902214766 0.5842748535797
0 0.4681971799582243 0.5631865778937936
0 0.5686410720460117 0.4177121851127595
0 0.5201630703173578 0.6407265909016132
0 0.5940271109342575 0.2671561572700739
0 0.5283223500475287 0.4765942473895848
0 0.5470361156389117 0.4650012071244419
0 0.5640840019099415 0.44998748349025847
0 0.5819075725972652 0.4173970064613968
0 0.5100802721455693 0.4818383425474167
0 0.5057596523314715 0.3857816122006625
0 0.48609216334298255 0.40413166200742123
0 0.5302023537456989 0.3752910338807851
0 0.5513753846287728 0.37551167788915335
0 0.6080319596454501 0.417595343478024
0 0.6851997851394117 0.7529106697998941
0 0.5716114460490644 0.4048694984521717
0 0.6646983899176121 0.35261268853209915
0 0.621258394792676 0.3819761569146067
0 0.5918588789179922 0.5503701024223119
0 0.5637338371016085 0.6835868316702545
0 0.5751103270798922 0.7039187923073769
0 0.5940235478803515 0.6773632757365704
0 0.6157755371183157 0.6773797643370927
0 0.5947390394285321 0.6955821558833122
0 0.6112634979188443 0.6915159532800317
0 0.663939952198416 0.6853411429561674
0 0.5086393200792372 0.634083921276033
0 0.49852085346356034 0.6126678825356067
0 0.5673213396221399 0.33430217346176505
0 0.5165331901982426 0.5247256663162261
0 0.5551817875355483 0.5951465270482004
0 0.5508653751574457 0.5818200231529772
0 0.6537648936733603 0.5050122556276619
0 0.48212758358567953 0.5862880548462271
0 0.49869112195447085 0.3443843272514641
0 0.5336908109486103 0.3322862619999796
0 0.5484521642327309 0.24545037401840092
0 0.4246633135247976 0.4220066884998232
0 0.4761792546138167 0.4282877081539482
0 0.6655159591697156 0.6570523901842534
0 0.7626192228868603 0.5532897787168622
0 0.5473050124943256 0.6168250567279756
0 0.5354837093502283 0.6329294918105006
0 0.6443539585918188 0.6850285039283335
0 0.6388013560324908 0.6880886365659535
0 0.537065932713449 0.30919543630443513
0 0.5624273334629833 0.6030869063921273
0 0.4618472493253648 0.37067250106483696
0 0.4528570957481861 0.3513101459480822
0 0.43021498741582037 0.2570242344401777
0 0.5443680705502629 0.27482707118615507
0 0.442071807384491 0.30313559132628143
0 0.5757226037792862 0.31338192988187075
0 0.5858929621055722 0.28984204567968846
0 0.5702564621344208 0.6939327651634812
0 0.5947594322264195 0.6868090074509382
0 0.6138403439894319 0.6842720751650632
0 0.5452235446311533 0.6233922199346125
0 0.6415035533718765 0.6867068539373576
0 0.6376430602744222 0.6964517305605114
0 0.635907625593245 0.6895539993420243
0 0.5323932149447501 0.6173080400563776
0 0.6087560934945941 0.6961202528327703
0 0.5938058983534574 0.7013061640784144
0 0.5774075871333479 0.7100603600963951
0 0.6238193966448307 0.7637379946187138
0 0.6168356214649975 0.7520172150805593
0 0.6068834054283798 0.7420237964950502
0 0.5961232100613415 0.7316276770085096
0 0.5876757020130754 0.7245632024481893
0 0.6150985568761825 0.7044717858545482
0 0.6227131063118577 0.7057620662264525
0 0.632356322184205 0.708109209034592
0 0.6414331641048193 0.7112941243685782
0 0.619108053855598 0.6393880576826632
0 0.7241147397086024 0.4341850172262639
0 0.6245909873396158 0.6975394854322076
0 0.6308012386783958 0.6969126911833883
0 0.5348367497324944 0.6443007509224117
0 0.564513008762151 0.618530925642699
0 0.5350642166100442 0.638878957927227
0 0.5464802792295813 0.5220322249922902
0 0.5899234583601356 0.5135047946125268
0 0.5607371950522065 0.588194970972836
0 0.4957129774615169 0.239636152330786
0 0.49794572349637745 0.27665874622762204
0 0.4949844466522336 0.32171488953754307
0 0.6569657669402659 0.7101487162522971
0 0.40987148475833235 0.3887505647726357
0 0.38974184114485977 0.33954302775673567
0 0.3674494806677103 0.28709178501740096
0 0.5776690546423197 0.4335349115077406
0 0.640234082750976 0.41599202607758345
0 0.4963943167589605 0.4834878848865628
0 0.5799235580489039 0.3711039717309177
0 0.49272240018472074 0.5212640267796814
0 0.5374250430613756 0.5960514669306576
0 0.6732344815507532 0.4106574899982661
0 0.6347920485772193 0.44379648780450226
0 0.6117019430734217 0.47160502430051565
0 0.5702037744224071 0.495682133641094
0 0.5377079647034406 0.5060725105460733
0 0.5111651083454489 0.5102554221171886
0 0.4447515650652349 0.5145989554002881
0 0.6972973007708788 0.4587783713825047
0 0.5948523748666048 0.35473257293924687
0 0.5100833045318722 0.6471163974143564
0 0.5265401408076287 0.5486597417853772
0 0.670075872167945 0.3397421607747674
0 0.48820615354925395 0.5095540501177311
0 0.5645486772060394 0.5864616210572422
0 0.5813683764077723 0.39684051657095554
0 0.5309537032619118 0.58056669998914
0 0.7469534982927144 0.4898100312799215
0 0.49148370828479526 0.4759599858894944
0 0.505430031940341 0.580726393032819
0 0.7444391572847963 0.6455919031053782
0 0.7566632371395826 0.6605993345379829
0 0.7195196131244301 0.44208353068679573
0 0.7541615942493081 0.5990107348188758
0 0.6244433101266622 0.3181254349183291
0 0.6993886238895357 0.7658106685616076
0 0.512039496935904 0.6517517410218716
0 0.5556242885068059 0.551127725187689
0 0.6437424020841718 0.37043216549791397
0 0.5549167569726705 0.44092896855436264
0 0.5404661474749446 0.45460728611797097
0 0.6443136278539896 0.6962856695055961
0 0.717588210478425 0.5028776072897017
0 0.6799396183341742 0.8128103440627455
0 0.7228433359414339 0.74441123213619
0 0.7395178217440843 0.7084987569600344
0 0.5252624069340527 0.46407231139019134
0 0.5095526748336852 0.4704161393456161
0 0.49868998480960725 0.47474043592810633
0 0.6087804283946753 0.33636904796585443
0 0.4912308072671294 0.444855169672519
0 0.5002545445226133 0.42532118149101733
0 0.515772174950689 0.41220207386650143
0 0.53582360194996 0.40388465519063177
0 0.5514123797416687 0.4027026689145714
0 0.6325560806319117 0.29718570825643836
0 0.5634506880305707 0.4285819822922349
0 0.5922435750253499 0.641486506909132
0 0.5445678289979696 0.6138447895646095
0 0.5495463629253209 0.6601504655554891
0 0.7314559953287244 0.6900472169741988
0 0.7159753600135446 0.7268219511955977
0 0.6739892425015569 0.8039987601339817
0 0.7648545464500784 0.6114117165096105
0 0.49027981301769613 0.46496443944051863
0 0.4800205299630761 0.5400674372911454
0 0.7044947454705834 0.7797561962157488
0 0.7402634097263217 0.49247428588569164
0 0.6025455389171839 0.7134525390341878
0 0.6113956341519952 0.7174477079883218
0 0.6222827348858118 0.7238461568020285
0 0.6330232197418809 0.731633135303855
0 0.644375981297344 0.7370332467369736
0 0.6255592661909759 0.6892668702639639
0 0.6294539873488247 0.684379497449845
0 0.6324586652219295 0.67941764164716
0 0.644269279204309 0.6449780344031751
0 0.6959497841075063 0.5370860329829157
0 0.46758387982845306 0.5165970515925438
0 0.4604012559168041 0.46474263933487236
0 0.4764238165691495 0.46039232108742
0 0.6217836041003466 0.6929571706801653
0 0.7269137459807098 0.5819847196340561
0 0.43648158428259193 0.47645396161824466
0 0.6657595735043287 0.7433476605452597
0 0.4576805610209703 0.5403936652000993
0 0.5154229577630758 0.563915449846536
0 0.641568029485643 0.7761577771045267
0 0.6876334646716714 0.6775618970394135
0 0.5931042799726128 0.5899045924656093
0 0.6806770188733935 0.710871447622776
0 0.6396247626282274 0.5533565291203558
0 0.625207850523293 0.597250510379672
0 0.676474965363741 0.5742227204144001
0 0.6605727525427938 0.7910292439162732
0 0.5356878647580743 0.5668869609944522
0 0.7129005203023553 0.6772676418535412
0 0.6999909316189588 0.7151604927144944
0 0.6875254738144576 0.6429712011478841
0 0.7321651567704975 0.5410681058187038
0 0.7148811234161258 0.6250012041069567
0 0.7537261435762048 0.5432681589387357
0 0.6568166114389896 0.6134530810639263
0 0.502871910855174 0.5441425854340196
0 0.5361897246912122 0.6101435346528887
0 0.5525182910263539 0.6065671382471919
0 0.5180910407565534 0.6028802871704102
0 0.4576715396717191 0.4299932359252125
0 0.4769270789809525 0.39270022897981105
0 0.5032461073249579 0.37056126934476197
0 0.5313215317204595 0.3589998227544129
0 0.5574120697565377 0.35902220555581155
0 0.5980931619182229 0.39081599889323115
0 0.6950684210285545 0.395244476897642
0 0.6022066318430006 0.43621834595687686
0 0.5848567578010261 0.4581663221120834
0 0.5588087868876755 0.47754925955086946
0 0.5322026294656098 0.4898077569901943
0 0.509865503385663 0.4953750287182629
0 0.49226670833304526 0.49686029152944683
0 0.6980954248458147 0.3852383033372462
0 0.5562073405832052 0.6117636628448964
0 0.49087366797029974 0.560906337108463
0 0.5217417685315013 0.6215988287702203
0 0.5187777625396848 0.6370663869194686
0 0.524742731731385 0.6240799651481211
0 0.5553663461469114 0.6207093919627369
0 0.5156968580558896 0.6417764409445226
0 0.517461403645575 0.6465656023472548
0 0.48436089819297196 0.48076036712154746
0 0.4738537175580859 0.4914574888534844
0 0.46540268436074256 0.5004530438687652
0 0.5620853181928396 0.4034737289417535
0 0.5694566323421896 0.38132828758098186
0 0.3053787694312632 0.5753813194110989
0 0.32555948980152605 0.5631981767714024
0 0.29392995703965424 0.554267533775419
0 0.28515104707330463 0.587730485200882
0 0.3167668961919844 0.5965174688957632
0 0.5105611328035593 0.4449537222273648
0 0.5302989352494478 0.430957440007478
0 0.49624137077480557 0.42459704764187334
0 0.491956798452884 0.45817325869575143
0 0.5251875069923699 0.46501830220222473
