0 0.397164623371417 0.14720143620579387
0 0.41094666501458027 0.12395148993300173
0 0.4068172189543287 0.13205078748849253
0 0.4197033098775992 0.10675670849248624
0 0.4152949122930888 0.1187547133943905
0 0.4210796724263427 0.11301040554198975
0 0.4359191513890557 0.09900985053552987
0 0.3886096812695336 0.08498107663358744
0 0.4435658512784423 0.08982520172009453
0 0.4483559070874175 0.08355450554015918
0 0.4702750960414072 0.059432290327815586
0 0.3953971257098287 0.14918131797839276
0 0.393816509335447 0.15097478555795102
0 0.39287596769470107 0.15205864536876496
0 0.3881980743911341 0.1596683747471331
0 0.38612338428874665 0.16215272223987517
0 0.38374456934791673 0.16474330158660205
0 0.3815661921775598 0.1671591780056207
0 0.38191617292751795 0.1631305027312745
0 0.4086395434195475 0.1276278527209553
0 0.4021393572755283 0.1261451489057023
0 0.37202092051077235 0.05406107355992253
0 0.4032640710151453 0.0935576802815873
0 0.39723689650460114 0.09210735616592554
0 0.3909860505617494 0.0899893289176039
0 0.38323240625343735 0.08504998836273583
0 0.40856626883542224 0.09394117761343813
0 0.4036338594105604 0.08047244286003966
0 0.4097202144009318 0.08268112648790256
0 0.39682228527337815 0.07917805991995448
0 0.390988822999618 0.0791624505489398
0 0.3745416146959904 0.0851637283072304
0 0.34524619666863976 0.16400728838893172
0 0.3862802220477189 0.0832360133576317
0 0.3501143392970522 0.07452077273362742
0 0.3671069114292554 0.07908336137430355
0 0.3795654196962178 0.11051338073163748
0 0.38800857878989164 0.1421691512528319
0 0.38517862601245906 0.1470767476688178
0 0.37782679544650105 0.13956609796792174
0 0.3716992439268876 0.13855582761307494
0 0.3784948475569558 0.14431036375582026
0 0.37364137354943394 0.14250747292948227
0 0.35445171292665767 0.144970414737543
0 0.4052584447520528 0.12182092095335452
0 0.40847956426709675 0.11651815831089934
0 0.38347163707089366 0.0728072247946986
0 0.4053389403245432 0.10336518706605076
0 0.3905987842120141 0.11749585406087078
0 0.3927470862293701 0.11493590026617811
0 0.3580438489322182 0.10232388440031594
0 0.41439938323675013 0.11125688507153203
0 0.4060376052090304 0.07539510936401904
0 0.39441246751972814 0.0730032062949464
0 0.3884847001920787 0.047558431617749
0 0.4295264262018158 0.08808396875667877
0 0.4138376430498896 0.08556931772932838
0 0.3522425543168466 0.1389400367729199
0 0.31189190851841614 0.13214944345882526
0 0.3933681966446572 0.12260442324720633
0 0.39746752538555247 0.12603769677515608
0 0.3643013518884313 0.139299391271969
0 0.36662148180411014 0.1407946452926904
0 0.39232118495648427 0.06856616631673929
0 0.38856616559074364 0.12019207207158732
0 0.4180540045102437 0.08021987950839936
0 0.42024693961480825 0.07615412138521481
0 0.4288222164415913 0.0466556218675912
0 0.3899029128485732 0.055070843940344866
0 0.4252036474019789 0.057538548216652184
0 0.3795169916370218 0.0684858060206849
0 0.3753099278580371 0.05940098684435835
0 0.38612081214106625 0.14484696342541387
0 0.37787800648515457 0.14201170167983912
0 0.37253484405059034 0.14056818230083576
0 0.39409072768631026 0.12425818610876894
0 0.36549802778436125 0.14014563611901987
0 0.365681751865706 0.14339915613016
0 0.3674283139318299 0.14120084485306908
0 0.3981093711061158 0.12100961499701673
0 0.3746568237205775 0.143708174221051
0 0.3791976131195073 0.14579066091452164
0 0.38522936267961416 0.14859789019575514
0 0.3733630966868618 0.15944321677326775
0 0.3717755334054252 0.1614382503131708
0 0.3742466188734956 0.15932332460110943
0 0.376986736230713 0.1569609539196514
0 0.37981706850534436 0.15507740620226143
0 0.3713945603842358 0.14671219004609715
0 0.36920403403272445 0.14691795918126457
0 0.3666239748898742 0.14721652017995573
0 0.36444647267139213 0.14762110965320477
0 0.3678898721290149 0.1313199350437798
0 0.3270160525465469 0.10221478828606895
0 0.40761456365207976 0.12990509216396953
0 0.36942864366644007 0.14401848038164572
0 0.36749742985915224 0.14377412000022377
0 0.39797357435849645 0.12875657464368656
0 0.3878697987726266 0.12429182845563554
0 0.39774898580795853 0.1274023981520924
0 0.39549446674130806 0.10388880434889382
0 0.38078796992199027 0.10255499969656094
0 0.3898710877918225 0.1172869833894431
0 0.40732860197123294 0.04482668152632424
0 0.406309704700534 0.05437419313592271
0 0.4065621230456469 0.07082803366473689
0 0.3584740669857398 0.14944116909283037
0 0.43307265885871093 0.08211349450742093
0 0.4421447818513683 0.06282928605049182
0 0.44869368067748255 0.05145197821120485
0 0.3857768611799327 0.08755092822705594
0 0.3639194090410674 0.08519589615325196
0 0.4122905173032976 0.09375704296480733
0 0.3810236798487693 0.07812034283964017
0 0.4133230870147403 0.10160373479794389
0 0.3962563389925648 0.11620231006092156
0 0.3493664926297659 0.08492283385020856
0 0.3680124866197721 0.09034471751782841
0 0.37658748409445053 0.09524462788630599
0 0.38979705421329974 0.09892171945053929
0 0.3999061111351855 0.10012272581124838
0 0.4078211366272659 0.10025980354497989
0 0.4281756586308102 0.0976765882283354
0 0.34100768733010306 0.09627691406411484
0 0.374859686056487 0.07514952870603568
0 0.40521545615270554 0.1260950836701134
0 0.40132978433470645 0.10833080593770304
0 0.34560482679225274 0.07601953504946285
0 0.414580677481864 0.09976411703676462
0 0.38897842604765215 0.11795358488354059
0 0.382425110295808 0.0820196179536204
0 0.39908918016534345 0.11329796710334265
0 0.3184050291919594 0.11684152312552967
0 0.41265816575617525 0.09208445903211356
0 0.4071956725357819 0.1115000760212493
0 0.31854465253633274 0.14454848716815058
0 0.3110840643981664 0.15376030408536284
0 0.33096212766868033 0.09778922653426758
0 0.3160201633791272 0.13508431027872495
0 0.36320094178191764 0.0658043330184187
0 0.33636574084452875 0.17004865731675023
0 0.4049675179828557 0.12857394839247194
0 0.39197708641310675 0.11022099738303846
0 0.3585859870346044 0.07691715015009189
0 0.39485243127214537 0.08804391995786479
0 0.3999217021451008 0.08981293116133815
0 0.3638938404173016 0.14293968810821875
0 0.3326085762654563 0.1079175643646679
0 0.3423585603169972 0.18439765212634882
0 0.3231238976514025 0.170619034919495
0 0.31641526212938115 0.1633995398164938
0 0.4602042312959401 0.07026263885795118
0 0.35842701460388926 0.1916896180984692
0 0.4044888138913994 0.09090670571921351
0 0.408751980006266 0.0914989466103502
0 0.41136903485519993 0.09193014489195217
0 0.36861882826907455 0.07129840367137434
0 0.41048188636200034 0.08778633991369424
0 0.4068487699297692 0.08538420855427703
0 0.4023205777295202 0.08389399664851423
0 0.39665286085731405 0.0830832076148865
0 0.39212559631688415 0.08301144009961868
0 0.3584190293503322 0.06291724765262664
0 0.39129983149558234 0.08645827225602853
0 0.40362512043340026 0.13577546136447796
0 0.37743249785700006 0.13019733992628396
0 0.39392096593940285 0.12146185457516022
0 0.39341087953792775 0.1324716473158937
0 0.4402997086374022 0.09456029848549694
0 0.3227345756918406 0.15421734850246685
0 0.32874922679482604 0.16213301138375133
0 0.34769265698514684 0.17777599084872409
0 0.309757637355825 0.144472762228201
0 0.41208966841085926 0.09041800190465518
0 0.41668991237092645 0.1036929075900739
0 0.36349402957682986 0.18496928390222617
0 0.33130651083495694 0.177370045512629
0 0.3229625059260453 0.110955925890432
0 0.37455268336428726 0.1506148378689068
0 0.3716578787322239 0.15149604702909913
0 0.3688668876671963 0.15271850991934632
0 0.3662373041399091 0.1542207212112963
0 0.3646962398069082 0.1543484604396759
0 0.3697900883942771 0.14138104749944644
0 0.3683523210904581 0.13992399491441135
0 0.3673030903978313 0.13842437671015437
0 0.3588578177155922 0.13430819743738387
0 0.34103737244431637 0.11248602558629581
0 0.42134326485564094 0.09933507966157347
0 0.421091721462403 0.0915047937688736
0 0.416080102538891 0.09001171760284862
0 0.3712507414874985 0.1423863096359058
0 0.32760795221911915 0.12652351938116665
0 0.4280599014436027 0.09430678602986442
0 0.35487540046588406 0.15916280738842753
0 0.4261925643939766 0.10821859981305303
0 0.42372185842310495 0.10235753522132532
0 0.43098212474827574 0.10371359297261833
0 0.40492778673446433 0.1101236549048378
0 0.3695943574432275 0.1773067267177204
0 0.376126795578346 0.16973670717245473
0 0.3650299232604978 0.16518143171700425
0 0.34389476497753635 0.14505286814686588
0 0.37887643199029875 0.1196794542260825
0 0.34769616206344084 0.15263458200917837
0 0.3623015703164416 0.11210221471116184
0 0.3670405310442408 0.12215448016175828
0 0.34789349006520187 0.11911354249658676
0 0.35572427772074866 0.1712636968579155
0 0.3982814730857488 0.1122352333304981
0 0.33239331702105435 0.14768861467465044
0 0.33799258208603594 0.15626063381140223
0 0.3433591468478564 0.13673830194214281
0 0.32600991059836154 0.11830960904447416
0 0.33178318567055876 0.13478448663275844
0 0.31715366880384854 0.1232717789400119
0 0.3548365178153955 0.12742682063160612
0 0.4091935460801891 0.10598780714665738
0 0.3965424377140667 0.11917743753320492
0 0.3912231414366683 0.11988720631066221
0 0.40224320246733064 0.11583406618608834
0 0.4200318806605945 0.08717577792585086
0 0.41297872493164145 0.08206590372152603
0 0.40512331212453134 0.07874084499697336
0 0.3965223665288884 0.07676632735675896
0 0.38822411211560387 0.07656484613784205
0 0.3757204384111958 0.08087577816015615
0 0.3395018582578472 0.08535688791792995
0 0.37779523392947173 0.08851135367402635
0 0.3842233261473173 0.09209577201273494
0 0.3930999869994408 0.09503029139278034
0 0.4016043189332354 0.09658139848861451
0 0.4082959719556127 0.09697020063385034
0 0.4133522345079221 0.09696189597391854
0 0.33600893441578755 0.08914908376364662
0 0.3903916525326187 0.12176753385379292
0 0.41252646968662027 0.10767482254451836
0 0.40104048097019285 0.12003763929342691
0 0.40250776472280353 0.12452642662456623
0 0.4005703998984193 0.12170929954455684
0 0.3908201681195403 0.12414466649198684
0 0.40335815469566866 0.12519252814423923
0 0.40300515905129825 0.1274356167918196
0 0.4151378742439284 0.09312560916327821
0 0.4183205485844212 0.09577869378720609
0 0.42086622633522364 0.0978343004997546
0 0.3889924885271836 0.08314825513492377
0 0.38550027097157724 0.07993335179246652
0 0.4314297206110234 0.11149685584699003
0 0.4885240832535769 0.12242205969441813
0 0.4154090777003794 0.13193878474326942
0 0.5378133691757989 0.12098531962964482
0 0.46361481478745986 0.11624662982770048
0 0.47038738504588173 0.1198451999848643
0 0.47767891772359394 0.12329314225397933
0 0.49074009389614315 0.12582521611890093
0 0.4587701113818647 0.11268142237069127
0 0.48542243156501713 0.10994151167976209
0 0.4773164557324325 0.10647975655790336
0 0.49212926447534444 0.11423188543167358
0 0.49550643113019655 0.11814874439193798
0 0.49421403233667643 0.13232723097450816
0 0.40083270625387735 0.18680885081854873
0 0.49311597827527165 0.12278965106025672
0 0.5223010205965248 0.1458246591753853
0 0.5065227709799933 0.13434150929268177
0 0.4511575873235433 0.13985786270409728
0 0.4080570363026443 0.1501371504399723
0 0.4027443390598686 0.1540893042049469
0 0.41651093727536054 0.1547559650180439
0 0.420755898066276 0.1579556996449114
0 0.40997540518391334 0.15677086194864095
0 0.4147590938732207 0.15880162247453636
0 0.42032710839804416 0.17185529371420036
0 0.41667439515213317 0.12654449288456585
0 0.4216378179314039 0.12188516342982697
0 0.5073881932585645 0.12051447930808265
0 0.44806927074488406 0.12077460159508946
0 0.4340466700440688 0.13490134506179882
0 0.43701967218225235 0.13254385548658645
0 0.4742792553181271 0.15026719463519014
0 0.42686173391284987 0.11626342557870542
0 0.49220505849920587 0.10698671367602608
0 0.5016647851724418 0.11360074822514202
0 0.5347709190502441 0.1062287863451071
0 0.45852862466439354 0.09543281317518923
0 0.4690614007502723 0.10480602861593326
0 0.42904496021407973 0.1704142826814621
0 0.47312054495445544 0.19839666483882137
0 0.42612618400896196 0.135994848447105
0 0.41951442568851033 0.1351775004269597
0 0.4245316632788816 0.16317839858630975
0 0.42139347444335334 0.16256007428367297
0 0.5083808314314278 0.11299040656501112
0 0.4326388303110068 0.13797488275427408
0 0.4785472705638666 0.10057080458528317
0 0.48303248470635723 0.09770166321684377
0 0.5103864530436426 0.07932062889821233
0 0.5207051294598933 0.10775930127396752
0 0.4956918576781412 0.0859261977786835
0 0.5147874609743662 0.12113490519813075
0 0.5254279088488014 0.1203416237435021
0 0.4052834494008149 0.1523821372955371
0 0.4131889980045154 0.1559079908334409
0 0.4179062008929195 0.15845426736167445
0 0.4237560975037033 0.1364698072020619
0 0.42286787376844054 0.1629255301655291
0 0.4187870665991621 0.16468672820935235
0 0.4203172836372321 0.16224556494825565
0 0.42383840622947655 0.13164657087752613
0 0.4129054081811608 0.15885202667583673
0 0.4076865732455425 0.15706074542511766
0 0.4008567516180537 0.15481458913784818
0 0.39137895666152167 0.16676699467741263
0 0.39324667320834644 0.1701580246035664
0 0.3949025143607915 0.16770076047117338
0 0.3964610039401683 0.16490088674587944
0 0.39764450812082497 0.16235061042225019
0 0.41186868508370944 0.16316707713154557
0 0.4127560865750416 0.16451980454472306
0 0.41359005275247196 0.16620709111515325
0 0.41421551684395586 0.16775762196927788
0 0.4289473240181125 0.1564228119560705
0 0.5048162774931041 0.175552714746981
0 0.41595354022310793 0.16280468888937855
0 0.4172908883515022 0.16378562176189485
0 0.4158687120575985 0.13619927866771198
0 0.427978341170638 0.14082197440318026
0 0.4176108150316371 0.135713752656699
0 0.4526830606466289 0.1272014592783139
0 0.4616467844810989 0.13569796532868578
0 0.43637428448783405 0.13586622790787548
0 0.5262921926357763 0.09241274732370346
0 0.5110520911302497 0.09651063939633842
0 0.4980190609999412 0.10490393038755788
0 0.41221974107573073 0.1713634036219539
0 0.4657686511389643 0.0906178560881569
0 0.47935064505044217 0.07785013632271617
0 0.49232624460467334 0.06888159933372047
0 0.4849777030144378 0.12567252054001196
0 0.49986261622511224 0.14005981847501028
0 0.4561504949268391 0.11002738864277117
0 0.5014590133580087 0.12418457123037345
0 0.4457913915173327 0.11489310584510096
0 0.43093170432878625 0.13028393719143
0 0.5058490369531462 0.1497764570263628
0 0.49029770557828944 0.1399556966825796
0 0.47811407451149374 0.1366042918481004
0 0.46448982991188836 0.12897661423530823
0 0.4562348803456167 0.12225753421219773
0 0.45070116815092465 0.11682137161398086
0 0.4416429811387325 0.10321311857372809
0 0.494929005059121 0.1599935276058916
0 0.5083497969938411 0.12715127540472598
0 0.41224033934035176 0.12907844800918628
0 0.4425910916402757 0.12505455215137226
0 0.5276936125412262 0.15053338440843284
0 0.4470718361490922 0.11189742010241499
0 0.43701882885514404 0.1372862739113573
0 0.495870411110153 0.1245905928337536
0 0.4342895904176241 0.1273913563440402
0 0.4905507458771447 0.18768612797648762
0 0.458122077748644 0.10883444966599583
0 0.43113258484599115 0.12111249956460045
0 0.4449920860840548 0.19693641750195537
0 0.4400945060687671 0.20678026988483467
0 0.50308526427054 0.16916951584739806
0 0.4605573956057322 0.19490641964891087
0 0.5254507840966149 0.13247369805844827
0 0.3980154455494252 0.19544657845847524
0 0.4106917799376755 0.13100136659396722
0 0.4456156421479561 0.1320127301132336
0 0.5136936024653254 0.13917058430159815
0 0.4789486731842553 0.11981239657813368
0 0.4723983828684123 0.11700897218701177
0 0.42015234993801986 0.16544596055826058
0 0.48482248866014915 0.17088568229644824
0 0.3763689780406815 0.1981823368194385
0 0.4072881644363884 0.20492277168237363
0 0.42209508043113086 0.20668642722760527
0 0.46697292224966364 0.11413275490934476
0 0.46228362294695646 0.11129893376804388
0 0.4593030203232091 0.10964333201749638
0 0.5158791900824585 0.12947259733852107
0 0.46752947597480793 0.10830375647392516
0 0.47500401063502834 0.1097532840201649
0 0.4816133549316324 0.11244253628551008
0 0.487215766660887 0.11610080677861223
0 0.49017930245227953 0.1190886539392197
0 0.5358079794785388 0.13493477555509573
0 0.4841373275509841 0.1214598207808912
0 0.4251456475801033 0.14980086255759095
0 0.426735740842865 0.13484237350214023
0 0.41292080944247667 0.1405904862446526
0 0.42863343766839096 0.19805451284963102
0 0.41374231546188145 0.19723848679576056
0 0.3810439091577804 0.19153142280091112
0 0.4559997291230469 0.20442928845128314
0 0.4613354913622355 0.10841458131330081
0 0.43913747738305325 0.11276844334297667
0 0.39226898300847846 0.2020738665669109
0 0.49055860990242994 0.1804296517143615
0 0.4057881806751521 0.16332984846620896
0 0.4059140472460708 0.1654121826251094
0 0.4055820609882867 0.1676411533508057
0 0.40482550169781245 0.17006675808574445
0 0.4023727375111706 0.16971047122638447
0 0.4185531909088437 0.16066810326835218
0 0.42107820714549193 0.16077209794864106
0 0.42359778392229147 0.1606535955358999
0 0.43042245071283064 0.16371140521936142
0 0.4713705568719539 0.16639428492933037
0 0.4438382881007892 0.10859380943325762
0 0.45498206521824397 0.10281770659711795
0 0.4597468528387358 0.1054578088342953
0 0.4164670737241384 0.1603118164089922
0 0.4626495425792621 0.18232504628336849
0 0.4477940720262573 0.0996822822398652
0 0.4018498747040042 0.17834950388430026
0 0.43648407513575016 0.10751411890069516
0 0.4366811817641453 0.12289780654465429
0 0.3881521446884965 0.1745793577581168
0 0.4264412931829905 0.1790638571730056
0 0.4399338100882743 0.14454423314847123
0 0.414497483262627 0.18002116413543018
0 0.4578592970216875 0.15151087677897737
0 0.4423559193345283 0.15306842422333009
0 0.45763013342158687 0.16445694335352498
0 0.38494068126884295 0.1832590324048417
0 0.4385814085709963 0.12835453588741655
0 0.43038937120700627 0.18810373373305836
0 0.41550550161362837 0.18809454776227666
0 0.43740814027311703 0.17557742534734952
0 0.4755159101897864 0.18009234693484566
0 0.4476497260500773 0.18272939848061948
0 0.4770712162093293 0.18944739381345316
0 0.4422634696002773 0.16351970316122133
0 0.4408796541482139 0.11885303039901172
0 0.4267322199521877 0.13160684409613807
0 0.4302403658485527 0.1356843389070834
0 0.4267291945161865 0.12588561133454784
0 0.4636318078286928 0.10142589643740425
0 0.4770174962725285 0.10434769612912553
0 0.48747163210555516 0.10873041261499301
0 0.4955080756180578 0.11379996684793466
0 0.500184071435631 0.11890840892212841
0 0.49993685009382327 0.12899135924375857
0 0.5141125041232121 0.15783884121587102
0 0.48751080464973723 0.1318425015329172
0 0.4780815642514675 0.1292551423604496
0 0.468161865890169 0.12430836150821406
0 0.4600424600733842 0.11893168739236581
0 0.4546189601901624 0.11449422794409073
0 0.45114399921551024 0.11099986432078547
0 0.5165732482926165 0.16347612911900775
0 0.429052887488898 0.13743925761110104
0 0.43475448502768144 0.11661802608365068
0 0.42177638711689186 0.1287079923830855
0 0.416329042159682 0.13053171265239533
0 0.4208894178307028 0.13031598639945252
0 0.4260920925106076 0.1386265528087799
0 0.41457942303279033 0.129994384206522
0 0.41321159917101874 0.13184745043230514
0 0.4552701668416282 0.10774885265591046
0 0.4497304353997004 0.10690407383556183
0 0.44598041274707667 0.10647894304019574
0 0.49176585374118614 0.12114723507588664
0 0.4972790625455568 0.12185466498993457
0 0.40080285247424235 0.08348157706732948
0 0.4062274275995273 0.08517193127744876
0 0.40336182316858993 0.07925950490628568
0 0.395056801055261 0.08162100275103658
0 0.39817710081450375 0.08766646468982148
0 0.47920418021490246 0.11528295030989967
0 0.485850209240719 0.11819855540324324
0 0.4823662984571297 0.1114720944017648
0 0.4726025101949843 0.11240331795268928
0 0.4759289507242701 0.11917192086625022
