0 0.4086931336509145 0.31491100156436796
0 0.3599646319837674 0.26867431612766307
0 0.3734408649413482 0.27983176449070807
0 0.3022020356324704 0.22884094634133836
0 0.347233849051206 0.25513880230162456
0 0.3310479013168294 0.2360613396310288
0 0.2921735483991063 0.18863255571088064
0 0.15743566045294638 0.23995213469733362
0 0.2669049179100472 0.15910161796795286
0 0.25182632162519125 0.1426481652357008
0 0.192977883245634 0.0758388334804255
0 0.412745248850273 0.31971016250874684
0 0.4170601214079753 0.3243004964745563
0 0.4204632149118444 0.3271649763312029
0 0.42042570625958237 0.3276617376376753
0 0.42427425928737805 0.3325799701978331
0 0.4290890635355659 0.33861178240698314
0 0.4347648743702018 0.3451044702011606
0 0.45606778157146083 0.36288966368074005
0 0.36652467092094215 0.27490592229625455
0 0.34603093515919603 0.2821279305802739
0 0.039908615629310196 0.21982821044714554
0 0.21987312189910724 0.2273218525654596
0 0.20187499066409859 0.23730140892059906
0 0.1830114840489367 0.24510569109216981
0 0.15338937031186145 0.24781477564702864
0 0.23419036732419676 0.21702755023927792
0 0.15954854290770448 0.2072536045604426
0 0.18294516497332117 0.19836022769627365
0 0.14208897373274618 0.21847265537666238
0 0.1342555888645027 0.22858859663424286
0 0.1423207165916329 0.26314482190038846
0 0.39891423835702566 0.4154404842335245
0 0.147489865431967 0.23953683479972507
0 0.08022496565852476 0.2813432075731132
0 0.11153611014394657 0.2637018580799517
0 0.25041161963473196 0.29339046306584193
0 0.38153057205288304 0.3214225218347881
0 0.39438867973892583 0.33203133746333746
0 0.3620543322809365 0.3347393818523573
0 0.3502021885436514 0.34542421170550847
0 0.37619446444770566 0.33955417265710625
0 0.36218059435486794 0.3465513956287633
0 0.3369750555442727 0.37560448665981705
0 0.3419801581489003 0.2754510786870252
0 0.32724951069964014 0.26363285128837044
0 0.09901754825335482 0.23217826369016067
0 0.2607085515299569 0.24123334528311438
0 0.2902971121442059 0.2892937425362027
0 0.2826948797573214 0.2817846484806227
0 0.19123902463394662 0.31506896990796796
0 0.31343416489012865 0.24530964571496713
0 0.13643398354558842 0.20132538465702016
0 0.1113592330366373 0.21637851412853468
0 0.03609396995085737 0.1903209227906621
0 0.2338579454175804 0.17722123845115953
0 0.20707883402381255 0.19465237864009713
0 0.3091767360658749 0.3692462266139362
0 0.2143573033744874 0.4003694666468579
0 0.31279043691313785 0.29056329231547273
0 0.33333455155725067 0.2878710146507491
0 0.33699996947594313 0.36012616202883097
0 0.3415364697575569 0.3582075487660325
0 0.092890374119515 0.21219169607628946
0 0.2949440523820079 0.29505004766194715
0 0.17682676778539366 0.18787423375508058
0 0.1639177892357111 0.17870054588369702
0 0.08460015512031058 0.13028370022125865
0 0.060507930572266166 0.20010049357686355
0 0.11863103112124879 0.1518297227828399
0 0.08056018201877242 0.23016091679101405
0 0.05880904051920642 0.22521717279501582
0 0.38786516549146693 0.32763116223656613
0 0.36921478516381717 0.3375188965836297
0 0.35602354711812473 0.34610116805719293
0 0.3200124464929104 0.2909161001443863
0 0.33929555409628415 0.3591372106710206
0 0.35070314355518506 0.35759560277928476
0 0.34399854084071907 0.3572589175208755
0 0.3189474447913792 0.28290909512535384
0 0.3671226446395335 0.3467162071686724
0 0.38165002510599466 0.3406235178851563
0 0.3995027266766714 0.33426353335380554
0 0.4271914720859217 0.3733980211874713
0 0.40956594778791716 0.35347616283789923
0 0.40424400924340537 0.3467448391020298
0 0.4009256152355153 0.340437738791756
0 0.39944715247206064 0.3348605337998141
0 0.3667692446514316 0.3473232534268628
0 0.36503463675794395 0.350910183204257
0 0.36385108724884363 0.3553984440539194
0 0.3642738369172034 0.3603858476423699
0 0.31074883270522824 0.33795743597590405
0 0.1343247023937495 0.33954420896328014
0 0.36990285049314087 0.27732712726878084
0 0.35606566071510315 0.35206348076462746
0 0.35322488212715025 0.3546828099566957
0 0.3451626866084078 0.29041980417526286
0 0.31018460890197236 0.29964933252852893
0 0.3393413673924363 0.28918419664968614
0 0.2471881976918034 0.25755716050448624
0 0.2232905025391475 0.2801969174457633
0 0.28504643216729164 0.2887772180787895
0 0.04849579452496508 0.16093117387398428
0 0.07808968821621459 0.175834396287151
0 0.12040535174310207 0.193402085615241
0 0.363543500556894 0.3782532142232294
0 0.21301431257439696 0.16345345285599647
0 0.16533882794496807 0.13085026213008424
0 0.13153918314239252 0.10331655228915422
0 0.16584897316668346 0.2492428685983886
0 0.12855431307917056 0.2809698154097018
0 0.2429090036160272 0.20963986817261446
0 0.12009373080471288 0.24162069756699645
0 0.2669175323098898 0.2268776743794265
0 0.29847388026183064 0.2798826231256775
0 0.11491814684932647 0.30109516304472217
0 0.15075292138625745 0.2852342216217
0 0.18017527104719824 0.28030285012462863
0 0.21527510427910349 0.2625332865054193
0 0.23753662715139595 0.24526880551939426
0 0.25247506781116774 0.23100859720421874
0 0.2763067981147248 0.199700645616521
0 0.14255167228048263 0.328370774893657
0 0.10231901810544988 0.2467234226996484
0 0.3552717997328095 0.2788662168642749
0 0.2729767146317855 0.2553784510363703
0 0.07734650130505147 0.2807450300973395
0 0.26261476249150606 0.21841621269350467
0 0.2847617127649162 0.28932103320308356
0 0.13987956455220346 0.243826560838067
0 0.29003724763574806 0.27058496390995773
0 0.1696690896768933 0.3705293259218983
0 0.23891813024554565 0.20534751434688983
0 0.30017345908867277 0.2566889231295689
0 0.2820103763724151 0.41818263511294906
0 0.29981173477742984 0.4326611961359563
0 0.1302585952469836 0.33856388003281923
0 0.24128558349026286 0.40884988398655603
0 0.06723233061316221 0.25101689880956773
0 0.40809311329022696 0.4326950836440791
0 0.3606087732250276 0.28046391159296036
0 0.2642655761345573 0.27265993052202725
0 0.09547725101204022 0.2716962716177754
0 0.17912679991644362 0.23634962980513988
0 0.19570237713987412 0.22981582808753717
0 0.3492006327471007 0.36087535516075464
0 0.17068577881740488 0.3544801418548045
0 0.46635105606654415 0.4369158028908398
0 0.3852056328045285 0.44265291969413345
0 0.34657758539137634 0.4397153271281201
0 0.22046609708796377 0.10805315273287504
0 0.5148047960322836 0.4206623904730963
0 0.21063072234392166 0.22141462758831357
0 0.22496150709364726 0.21258189512983613
0 0.23479688183768935 0.2077051460257043
0 0.08440206378050473 0.2484525067974692
0 0.21042717985160972 0.20378504839280379
0 0.18920686646648074 0.20762094733831676
0 0.17198191332104412 0.21479538172159507
0 0.15828295060150002 0.22418739492802517
0 0.15209673871488674 0.2314542535206546
0 0.05295930446489998 0.2482006498005079
0 0.16681042264985002 0.23909388838902765
0 0.3848278305452803 0.29099805426338443
0 0.3222597775899846 0.32285433748494025
0 0.3107035901073528 0.2885529528493467
0 0.3561114346527535 0.3035117420165435
0 0.279241820635355 0.1727910079061985
0 0.32556636404732 0.42613858988751535
0 0.3657683185909105 0.43014350209547125
0 0.454555746005929 0.42724215109711106
0 0.2587228363946728 0.42065803820024367
0 0.229084979256858 0.20406629007471644
0 0.2823692078337721 0.227127013080146
0 0.5032592943829038 0.41074367013314494
0 0.424409534458233 0.4428186345359553
0 0.16310712217312792 0.36653596502931224
0 0.38140852133864944 0.3412983939051628
0 0.3807119545729264 0.3463144567997559
0 0.38203302268748696 0.35192346896814264
0 0.38541431158133177 0.35848508143554564
0 0.39342915882234986 0.3783784447156865
0 0.3510454050872637 0.3526345044374466
0 0.346151332816352 0.3533687520286311
0 0.34189337265232334 0.3536185834394849
0 0.30571281399739825 0.3541855285673038
0 0.20248012763002646 0.35117996937554813
0 0.2711203315335771 0.21217545032825158
0 0.24532654055434724 0.19175060336356578
0 0.23365591822758966 0.19708733843720477
0 0.35613745062247565 0.35174291807672253
0 0.23028376050617383 0.3855988380053769
0 0.2626201152477575 0.1863872893154621
0 0.39544297592795413 0.396136566510667
0 0.31767970744682394 0.2196273900082578
0 0.28935457442117773 0.2149785056548274
0 0.30522982614195865 0.20443765665202038
0 0.2867928279320831 0.2547969709595908
0 0.4879895338545675 0.3957465043210465
0 0.4707736134853052 0.37794091811646585
0 0.4349451756671719 0.390683989809907
0 0.3233952506890763 0.38948035369748657
0 0.27903355512282124 0.30682998053405597
0 0.3589590616200281 0.3955718933240227
0 0.23383698701534583 0.32231282167460606
0 0.27428011077901593 0.3277562011195266
0 0.2372621803180031 0.35113650139259256
0 0.4437453037370806 0.4109497050876203
0 0.2812214745613544 0.26706197695887607
0 0.3165954397586377 0.40752772371406143
0 0.3582642266283865 0.4126262608105722
0 0.2909999762702247 0.3789971244076024
0 0.19712060171624887 0.37603642921084945
0 0.2684549737883651 0.39112983773583954
0 0.1985390427643838 0.39074114418548084
0 0.2754120612921922 0.35162401069765503
0 0.2779761692913978 0.2407535551034886
0 0.31037628480597684 0.2834238403517267
0 0.3007723380528066 0.29129639024967735
0 0.3111481443857369 0.27174272323432175
0 0.22162933761011 0.18866070862049641
0 0.1823485491230436 0.1951705865238024
0 0.1521851969477923 0.20591978348143722
0 0.13095711025854814 0.218238084293578
0 0.12000747664791087 0.230210790005715
0 0.12783808674177397 0.25302849742381467
0 0.1021115791214549 0.3106133100455222
0 0.15856534785226636 0.264502621539261
0 0.18136539342610733 0.2602673399707545
0 0.20706738069977448 0.24899164117548778
0 0.22841041389366853 0.23517687019446623
0 0.2439627291067787 0.22296391354630823
0 0.2539610086899737 0.21379960085386815
0 0.10530085756402949 0.30992179137209186
0 0.3044895124014305 0.29435822788787924
0 0.2926134386950213 0.2408589403266492
0 0.32542721206403297 0.2791558756776478
0 0.3426321710905303 0.280707365144854
0 0.32774771061604435 0.2806808409159598
0 0.31420917315003666 0.295680059686951
0 0.34784241020679474 0.28055977108685864
0 0.35288403750113817 0.2822294562407162
0 0.24631306140319162 0.20339627272408942
0 0.25849081802627316 0.20312740354110365
0 0.26636074726348336 0.20419052146051242
0 0.14937755821839624 0.23599745155028676
0 0.13199790648144225 0.23719731021834456
0 0.3376587520798911 0.21383759427977644
0 0.43626061551596806 0.1218840462844009
0 0.3880671533229558 0.26448187296805176
0 0.47134997938638146 0.03650960196619448
0 0.3880769142314144 0.15604436527127805
0 0.4095230470209018 0.14884611656484398
0 0.429362919991431 0.1405091873653557
0 0.4493958464135294 0.12265175710553708
0 0.3682906868989053 0.16070272060840027
0 0.3907355023143084 0.10930997416701006
0 0.3677521445181059 0.12018675567663234
0 0.4141968297569648 0.10310151168833608
0 0.43195688141428906 0.10256031066503214
0 0.47515102670244547 0.12272462345983672
0 0.5586278901799865 0.3493962491983953
0 0.441588772703772 0.11519940683375234
0 0.5369287609406139 0.08780973258873691
0 0.4915197553194087 0.103634897781455
0 0.45779022768787714 0.20675405122987603
0 0.4322367203624352 0.3022893281734508
0 0.44083824543201405 0.31451910539813666
0 0.4628246917348841 0.2972892509854358
0 0.48478043840631196 0.2950482684309068
0 0.4625000628116338 0.3073334208001261
0 0.48062839197075885 0.30214592215159664
0 0.5324163087036299 0.294982902219762
0 0.37753092173648917 0.26050978072959446
0 0.3683165060761182 0.24628014781552812
0 0.45187244078387384 0.08344870044485382
0 0.3827900047535482 0.18976893688997495
0 0.42746186499362404 0.2320595752933751
0 0.422150159659593 0.2234457019392563
0 0.5189788045118684 0.17802201559686143
0 0.35187527909874916 0.22898707595532355
0 0.3907689176823782 0.09180357250506463
0 0.4238640649811081 0.08376488348712093
0 0.42867859371978306 0.02338993549346924
0 0.3091812229350857 0.141260187101105
0 0.3515208951481011 0.13399618896453278
0 0.5366829670965672 0.2752424433179524
0 0.6440294631149458 0.21963230342320775
0 0.41857074006744055 0.24666394163732944
0 0.4046676247988058 0.2582196092799954
0 0.5134799888600474 0.293406558263561
0 0.5084971238089644 0.2951604147320208
0 0.42719426653955295 0.0711517093460197
0 0.4345085718061613 0.2370722713353841
0 0.3525679100142873 0.10979640224705571
0 0.346523467451334 0.09825625497361888
0 0.3173775522281294 0.031242995968331463
0 0.42595667780741403 0.04457211899368659
0 0.32734999295486056 0.06294228258016317
0 0.4582618606155333 0.07175839975800204
0 0.46500070522660797 0.05278566536372122
0 0.43744109506192413 0.3089076023062934
0 0.46296106894379074 0.30261377779685933
0 0.48286399423428206 0.29860626517430594
0 0.4159103808519633 0.2512312003451845
0 0.5109102329158265 0.2943278988418372
0 0.5016132431185764 0.30019186113191687
0 0.5058393228961073 0.2960982063542242
0 0.40224876935067383 0.24811762814288554
0 0.4786053649757219 0.30463577806949615
0 0.461550932539546 0.3104752690895744
0 0.44230183068176976 0.3180311979806941
0 0.4842174937543662 0.34984581982311996
0 0.46060703694820404 0.33380892613659735
0 0.4540114966423615 0.3275048642054848
0 0.4480493920652763 0.32226160719342856
0 0.44242451113203296 0.3184150191752807
0 0.4789215318210747 0.3048392673549445
0 0.48447249748784565 0.30534566388182016
0 0.4906137619653474 0.30684465234694275
0 0.4967033093714196 0.3094343094398146
0 0.48851441883522534 0.26441114169100055
0 0.6001206461502158 0.1428462483960649
0 0.4919871768873671 0.300584660600061
0 0.49663498301220976 0.3002356575882953
0 0.4023450796046983 0.2668161967202373
0 0.43480171392793243 0.24831646405484364
0 0.40346384501975513 0.2626703146683133
0 0.4117953314081482 0.1883993532670581
0 0.4543844184473805 0.18345797701698283
0 0.43172399715884874 0.22760625580406707
0 0.37888221718046977 0.020267234467293904
0 0.38131803614289866 0.04666234593352546
0 0.3882482417899629 0.0791027780784213
0 0.5224176748939182 0.31265975421537523
0 0.3001149526756743 0.122125583741328
0 0.2763653242069742 0.08355597439019577
0 0.2579323405642872 0.04956973263103029
0 0.4439756296899008 0.13136049084689305
0 0.5070420399956082 0.12094135493364024
0 0.35474360863799637 0.16284726884054102
0 0.4565248518534329 0.09984198779515598
0 0.3598063714478327 0.18754751219049745
0 0.4083090340313704 0.2339661445306695
0 0.5423988842445872 0.12087598872249541
0 0.5006811550777891 0.13696846284944078
0 0.47854735054399655 0.15406041317011998
0 0.43682434733795084 0.1693624844369681
0 0.4026790364928868 0.1764505029372547
0 0.3760798918488233 0.1800844454732926
0 0.31517871080533316 0.18310003679083742
0 0.5663591594151829 0.1503706438385922
0 0.471720421605784 0.09122373479539933
0 0.3772349851610868 0.26965305743658025
0 0.3943884829464166 0.20430013577899206
0 0.5437707641850347 0.0827792031771463
0 0.35390794892673905 0.18086936008994994
0 0.4342404223330643 0.22709115473148617
0 0.4510299720517967 0.11234869548807973
0 0.4013964216346326 0.22387871202891288
0 0.6256951709156451 0.17838934468834297
0 0.35138888673289964 0.1580807636289493
0 0.3754085538827855 0.22499082723389502
0 0.6254827137226644 0.2748727738533331
0 0.6417297458519107 0.2901456109855486
0 0.5928414486672567 0.1433797439803248
0 0.6341243057471254 0.24420091104896172
0 0.49898071036390634 0.06787602182315744
0 0.5797307381163472 0.36164718558606895
0 0.3783795697533566 0.2729694072319114
0 0.4227524234548859 0.20629692571642605
0 0.5117672249350859 0.09700900032792402
0 0.4194154915926249 0.13393120597238126
0 0.402571351631828 0.141392698754435
0 0.506729887717444 0.3007593537154405
0 0.589502863747918 0.17888358769857365
0 0.5595207771529322 0.3984108343720436
0 0.6096697271518086 0.34949544817209244
0 0.6265183933403181 0.3233804697899715
0 0.3847283322526061 0.14721937931102255
0 0.367094109725693 0.15250150567811468
0 0.3564045767745246 0.15661537525770458
0 0.483483693845894 0.08079467624749827
0 0.36372883974210074 0.14033758737470792
0 0.3783691397503666 0.128919988060775
0 0.3957273411038129 0.12093275987907597
0 0.41478098864140717 0.11593613166200079
0 0.42794983169954753 0.11498672029246455
0 0.5072385176368381 0.05522410150455392
0 0.42967188423094543 0.12742729533625685
0 0.460855389094871 0.26559214051003044
0 0.41603522601982823 0.24481501948574316
0 0.416052740553151 0.2788379681499108
0 0.6137978042597356 0.30616925624401675
0 0.5986110901703006 0.333576969154503
0 0.5485949751151644 0.3883558796799701
0 0.6478935627509719 0.2575427350466666
0 0.3548461375353129 0.15174928785342237
0 0.34883660596349964 0.1990265907800716
0 0.5888457735595496 0.374733156160168
0 0.615871761156165 0.17583628500933232
0 0.46187926116197003 0.31067177831478743
0 0.468312093421169 0.312696871712156
0 0.47461134292509244 0.3162115920820962
0 0.48142000951844716 0.3213176293217618
0 0.5073656849563122 0.3312206650557725
0 0.4954016056397687 0.29815302659635956
0 0.4986692271802736 0.2958208926669929
0 0.5013167948826499 0.29349697057319724
0 0.5153122451966223 0.2675248781300109
0 0.5656130009371302 0.19942256549130316
0 0.33621642042113387 0.18457392441189807
0 0.3276339055079481 0.1566527254231598
0 0.3421310192864874 0.15155245015478652
0 0.49182671227532887 0.30046101772914763
0 0.6025817726293335 0.22988267242908478
0 0.30905901478684467 0.16600411741629892
0 0.5327919462452764 0.33942152413985005
0 0.3272084007444589 0.19886923832413944
0 0.3839826067180737 0.21405292229483958
0 0.5052855487750925 0.3616548225931499
0 0.5589671211074227 0.29181058802034543
0 0.4613300526271696 0.23088210756364075
0 0.5501506592592468 0.31647469929378963
0 0.506206104774838 0.20870649725522683
0 0.4930670561025972 0.23669001038955606
0 0.5461332976170208 0.22243050008040408
0 0.5296073711436727 0.3754607795373253
0 0.40478798309745995 0.21520383842289448
0 0.5892691923224408 0.29412375260954315
0 0.5756498518521371 0.32247807117907895
0 0.559589890682179 0.2675707275452821
0 0.6072819255616354 0.2041144388039475
0 0.5896715936453446 0.257352986899407
0 0.63178456088771 0.20851403920222883
0 0.5271536440629027 0.2470901906490326
0 0.3709507706048696 0.2015990303910297
0 0.4067578367564989 0.24319044468195541
0 0.4246872874057811 0.23974776948275772
0 0.38867610806356306 0.23915087852789008
0 0.3346510934440986 0.139636159753022
0 0.36193161247217137 0.11753947887083759
0 0.391031124021696 0.10355444916564485
0 0.4182361928017243 0.09606615842684456
0 0.4401941435492557 0.09473176251934923
0 0.468861931691999 0.10930322677544925
0 0.5672659005807794 0.11391250270864238
0 0.4683452726382276 0.13362474026887314
0 0.45066885779733246 0.14652688890371635
0 0.42260915850815567 0.15796841203194598
0 0.39391952639688615 0.16572220510114793
0 0.3704644175975219 0.17037831586988075
0 0.35330981777414033 0.17258111338900484
0 0.5726621086182802 0.11201175018821073
0 0.4280850675119006 0.24302702915409338
0 0.3599471174504446 0.21242770423059879
0 0.39158407161417214 0.25136836537200474
0 0.38681197134049045 0.262293117687754
0 0.39400158887324127 0.2530551858894203
0 0.426183658287577 0.24942361109930536
0 0.3834589024924714 0.26568345612157945
0 0.3847079445486483 0.2688365819985452
0 0.3446873933400797 0.16210880584043005
0 0.3364457624114078 0.17057216993492583
0 0.3324289124297059 0.17678219266235828
0 0.43579520123160403 0.1151029177657936
0 0.4451017157863016 0.10494027853659961
0 0.18110027455765268 0.22152871735717938
0 0.20089610536461291 0.21307795843028504
0 0.17139206713308458 0.2102033917022788
0 0.16143442520304865 0.2300082313949647
0 0.190912663936615 0.23304890987017882
0 0.3986614386996497 0.12924602530572726
0 0.4188079931165861 0.1210819278722224
0 0.38887254634629126 0.1182321198284626
0 0.3783753977521606 0.13728828647214433
0 0.40849315310301987 0.14025659130319304
