0 0.6277933284640312 0.6087828427553177
0 0.6125486701726913 0.5401328206062317
0 0.6142768368124962 0.5621172115206718
0 0.5714320994913578 0.4743584245443344
0 0.606999583542347 0.5182807520031929
0 0.5976611658930778 0.48968829214572906
0 0.5720562539994717 0.4180603101849556
0 0.41099685467779634 0.4526808485388756
0 0.5511160977184772 0.3473070077598095
0 0.5422202780842781 0.31404461711645126
0 0.510332877188921 0.21262206137180328
0 0.630107781291008 0.6170796602964401
0 0.6317249059677124 0.6259696558117867
0 0.6321429312229156 0.6317811831831932
0 0.6368503607809544 0.6499043852090836
0 0.6404715910553932 0.6598076969385147
0 0.6443978182971477 0.6722244247794151
0 0.647593654692173 0.6847085058689117
0 0.6479118831455708 0.6962978839874268
0 0.6142473623156548 0.5513901636004448
0 0.594534370303154 0.5572923272848129
0 0.28763399124145506 0.3831975534558296
0 0.4745923426002264 0.461510606110096
0 0.45393744818866255 0.4671260714530945
0 0.4328460108488798 0.4701027646660805
0 0.4022010240703821 0.4636424779891968
0 0.4909461230039597 0.452754944562912
0 0.4278212979435921 0.3939317911863327
0 0.45269716456532477 0.39160678163170815
0 0.4058396827429533 0.4040205478668213
0 0.39290483184158803 0.4185771197080612
0 0.3855968866497278 0.48302508890628815
0 0.5766514241695404 0.7383564859628677
0 0.4016411527991295 0.44806893914937973
0 0.30904056541621683 0.4831402748823166
0 0.3556788947433233 0.47202952206134796
0 0.4896771177649498 0.5541612952947617
0 0.602582509815693 0.6119855493307114
0 0.610483917593956 0.6321340799331665
0 0.5805155947804451 0.6296947598457336
0 0.5667244136333466 0.6454186141490936
0 0.5924255661666393 0.6409984081983566
0 0.5786598548293114 0.6504016742110252
0 0.541805200278759 0.684993676841259
0 0.5953600406646729 0.5447584763169289
0 0.5867098845541477 0.5248138308525085
0 0.35548514798283576 0.40390219539403915
0 0.516544034704566 0.48627495765686035
0 0.5426353879272938 0.5555198341608047
0 0.5359060399234294 0.5445156246423721
0 0.420465937256813 0.5695801600813866
0 0.5784964956343174 0.4977826029062271
0 0.40205176137387755 0.3628069907426834
0 0.37355392761528494 0.3795070946216583
0 0.29964100420475004 0.33712364733219147
0 0.5010127849876881 0.3606419079005718
0 0.47594965919852256 0.3987790644168854
0 0.5210069060325623 0.6689973175525665
0 0.39345880821347234 0.6746060028672218
0 0.5626132979989051 0.5629744008183479
0 0.5806935951113701 0.5638710409402847
0 0.5522271901369095 0.6698470562696457
0 0.5575786054134368 0.6677296385169029
0 0.3572153329849243 0.36770008504390717
0 0.5437425397336483 0.5655067414045334
0 0.4426029022783041 0.3541441634297371
0 0.43453164771199226 0.33542243763804436
0 0.3801184106618166 0.2592119947075844
0 0.32430939599871633 0.3517131879925728
0 0.406402837857604 0.2960897609591484
0 0.33824232704937457 0.39707139134407043
0 0.3099146604537964 0.39070136845111847
0 0.606590560823679 0.6230540201067924
0 0.5867072254419327 0.635896697640419
0 0.5726294048130512 0.6481169909238815
0 0.5683536805212498 0.5654774978756905
0 0.5550256974995136 0.6687992066144943
0 0.5654724203050137 0.6721805781126022
0 0.5602801993489266 0.6666659936308861
0 0.5710747212171554 0.552060641348362
0 0.5827243238687515 0.6515796482563019
0 0.5963504478335381 0.6436927616596222
0 0.6129386626183987 0.637020543217659
0 0.6193795770406723 0.7039950788021088
0 0.6211319960653782 0.6907182186841965
0 0.6191802717745304 0.6777739897370338
0 0.6176808528602123 0.6646634265780449
0 0.6171973749995232 0.6547881662845612
0 0.5848061524331569 0.6619487330317497
0 0.5815769650042057 0.6676244363188744
0 0.5780689232051373 0.6755317747592926
0 0.5754994198679924 0.6840268522500992
0 0.5357494726777077 0.6266088783740997
0 0.3315299428999424 0.5753577873110771
0 0.6141956217586995 0.5564863979816437
0 0.57342624142766 0.6642700359225273
0 0.5695817738771438 0.6678104028105736
0 0.588728342950344 0.5698820203542709
0 0.5533318109810352 0.5759432166814804
0 0.5849240183830261 0.5668666213750839
0 0.4964572612196207 0.5055613070726395
0 0.46453710198402404 0.5303068459033966
0 0.5344356149435043 0.5553242564201355
0 0.32809560336172583 0.29526587575674057
0 0.35404611974954603 0.319301001727581
0 0.3894996464252472 0.34610260277986526
0 0.5632768906652927 0.6949831545352936
0 0.4871872115880251 0.3291464038193226
0 0.463083416596055 0.28189998120069504
0 0.43928085416555407 0.2336689457297325
0 0.4142958037555218 0.46974990516901016
0 0.3645018931478262 0.5052649229764938
0 0.5011802449822426 0.44432520866394043
0 0.37246969863772394 0.4356176033616066
0 0.5284735810011625 0.4673938825726509
0 0.5531020060181617 0.5428742989897728
0 0.34416698925197126 0.5250569805502892
0 0.3839730180799961 0.5174390971660614
0 0.41489514522254467 0.5184509232640266
0 0.45670018568634985 0.5049127712845802
0 0.4856299489736557 0.4889228194952011
0 0.5063973270356655 0.4727337136864662
0 0.5521992214024067 0.4292198084294796
0 0.3628280460834503 0.5714357644319534
0 0.35311579890549183 0.4360084608197212
0 0.6040925331413746 0.5538498982787132
0 0.5272544100880623 0.5076965689659119
0 0.296414315700531 0.48003505915403366
0 0.5209519617259503 0.4557725042104721
0 0.5307968601584434 0.5569850280880928
0 0.390102431923151 0.45130159705877304
0 0.5462571948766708 0.5291849002242088
0 0.3575574614107609 0.6249786168336868
0 0.49937698245048523 0.4364738427102566
0 0.5610844366252422 0.5109469592571259
0 0.4697395749390125 0.7155115157365799
0 0.4735484328120947 0.733746737241745
0 0.33873302936553956 0.5767127871513367
0 0.4305749207735062 0.6953609734773636
0 0.3075147155672312 0.4346630722284317
0 0.5774855844676494 0.7542693242430687
0 0.6063391625881195 0.5581019073724747
0 0.5115495812147856 0.5294561758637428
0 0.3361770298331976 0.48113908618688583
0 0.43312401622533797 0.45585859566926956
0 0.4513156596571207 0.45434772968292236
0 0.561778112500906 0.6770895421504974
0 0.38194240145385266 0.61272744089365
0 0.6198498234152794 0.767543688416481
0 0.5502120316028595 0.7585812360048294
0 0.5168082319200039 0.7493903487920761
0 0.5268288880586625 0.26602907106280327
0 0.661658051609993 0.7583203166723251
0 0.4683756586164236 0.45029129832983017
0 0.48361402153968813 0.44439516961574554
0 0.49385227635502815 0.4401066154241562
0 0.33423406779766085 0.4357851855456829
0 0.4776334218680859 0.4189871624112129
0 0.4580902446061373 0.4140184819698334
0 0.4393949396908283 0.4163654148578644
0 0.42175975553691386 0.4247819818556309
0 0.4115584880113602 0.4344143904745579
0 0.2868274312466383 0.4284515045583248
0 0.4203897681087255 0.45484282076358795
0 0.6189605906605721 0.579400397837162
0 0.5531849510967731 0.608886368572712
0 0.5620770543813706 0.5591923370957375
0 0.5917939469218254 0.5897761881351471
0 0.5609258510172367 0.38433143869042397
0 0.5079879086464644 0.7325012236833572
0 0.5420308083295822 0.7429550960659981
0 0.6179588742554187 0.7589475437998772
0 0.4336142860352993 0.7112022861838341
0 0.4921601518988609 0.4292922466993332
0 0.5487375058233738 0.4692421108484268
0 0.6612560451030731 0.7485641539096832
0 0.5839708387851715 0.7659447193145752
0 0.3619350969791412 0.6220349669456482
0 0.5997570909559726 0.6585725024342537
0 0.5975682891905307 0.6668383255600929
0 0.5963431112468243 0.6778675317764282
0 0.5964848130941391 0.6900300085544586
0 0.5889970093965531 0.7024798542261124
0 0.5673394694924354 0.6594565510749817
0 0.5620593696832656 0.6593263894319534
0 0.5572217397391797 0.6585419178009033
0 0.524854913726449 0.6473427638411522
0 0.41870369873940944 0.6186182051897049
0 0.5400136314332485 0.44657886028289795
0 0.5111509386450053 0.40923550724983215
0 0.4984802208840847 0.417390875518322
0 0.5715608902275562 0.6592228263616562
0 0.43339141719043256 0.667031779885292
0 0.5312054183334112 0.3999681770801544
0 0.5814786098897458 0.7201319932937622
0 0.5890958130359649 0.46581022441387177
0 0.5621796384453773 0.4534751921892166
0 0.5810535363852978 0.4433759115636349
0 0.544046799838543 0.5084769800305367
0 0.6580766759812832 0.7331721857190132
0 0.6527132466435432 0.713508203625679
0 0.6177468180656434 0.7227145880460739
0 0.5232598789036274 0.6960926949977875
0 0.5165465977042913 0.5790576338768005
0 0.5505436517298221 0.7110603526234627
0 0.46355816423892976 0.5892376601696014
0 0.5030569694936275 0.6057605892419815
0 0.45680019073188305 0.6275240331888199
0 0.6168941721320153 0.7435734570026398
0 0.5342807937413454 0.5249454826116562
0 0.5089831694960594 0.7128630578517914
0 0.5427203834056854 0.7258747145533562
0 0.4991277948021889 0.6755449622869492
0 0.4009382501244545 0.6460200250148773
0 0.4710617624223232 0.6836701929569244
0 0.39043743200600145 0.6620346754789352
0 0.49600196033716204 0.6371601298451424
0 0.53800228536129 0.48805370926856995
0 0.563666594773531 0.550449825823307
0 0.5522869400680065 0.5604176223278046
0 0.5686070010066032 0.5329006165266037
0 0.48798848539590833 0.3872956149280071
0 0.44919809326529503 0.3777472674846649
0 0.4175615139305592 0.38193726912140846
0 0.3926687315106392 0.3941040672361851
0 0.3770857572555542 0.41222114115953445
0 0.37534485571086407 0.46099165454506874
0 0.32069889828562737 0.5307245254516602
0 0.4002417869865894 0.4897328093647957
0 0.4244753658771515 0.49094028770923615
0 0.45386105477809907 0.48464640974998474
0 0.48018966168165206 0.4740053787827492
0 0.49949103593826294 0.46205950900912285
0 0.5123534820973873 0.45082081109285355
0 0.31257595121860504 0.5271916836500168
0 0.55357616096735 0.5663056299090385
0 0.5562669262290001 0.4892193526029587
0 0.5794346816837788 0.5466484278440475
0 0.5926313109695911 0.5539291724562645
0 0.5798802591860295 0.5503490567207336
0 0.5602131769061088 0.5710309743881226
0 0.5973120212554932 0.5545667931437492
0 0.5997819840908051 0.5589917674660683
0 0.5072940085083246 0.4345415346324444
0 0.5207107674330473 0.43456465005874634
0 0.5294619057327509 0.4340718500316143
0 0.4060399331152439 0.44156575575470924
0 0.38610139712691305 0.4341930150985718
0 0.6072965390980244 0.46376992017030716
0 0.715634249150753 0.36301668733358383
0 0.6294751688838005 0.5464286357164383
0 0.7472442373633384 0.25373833253979683
0 0.6634118482470512 0.4045230895280838
0 0.683931864798069 0.40007829666137695
0 0.7027854189276695 0.3926171362400055
0 0.7234328165650368 0.3670133836567402
0 0.6452854171395301 0.40507491677999496
0 0.6697127267718315 0.3181316703557968
0 0.6468697994947433 0.3307471238076687
0 0.6931796163320542 0.31455913558602333
0 0.7106274291872978 0.3203060105443001
0 0.7397836014628411 0.3767295926809311
0 0.7207231171429157 0.6900476664304733
0 0.7197515159845352 0.35123588517308235
0 0.7814584575593472 0.34811580553650856
0 0.7511111631989479 0.3491620533168316
0 0.7009959325194359 0.4909142479300499
0 0.6490889728069306 0.5986097082495689
0 0.6507533848285675 0.6205153837800026
0 0.6721422903239727 0.602480061352253
0 0.6866756841540337 0.6094620749354362
0 0.6664477214217186 0.6191810220479965
0 0.6784302577376365 0.6205324828624725
0 0.7223933599889278 0.6266703084111214
0 0.6283527031540871 0.5347889289259911
0 0.6264543853700161 0.5129591748118401
0 0.7236665621399879 0.2876482345163822
0 0.643784300237894 0.4488869197666645
0 0.6670220896601677 0.517277680337429
0 0.6650904849171638 0.5051864683628082
0 0.7586889922618866 0.4688091203570366
0 0.6167383417487144 0.48640623688697815
0 0.6732597261667251 0.27820199728012085
0 0.7015113517642021 0.2763141691684723
0 0.7228951632976532 0.2194162830710411
0 0.5938438661396503 0.3295942395925522
0 0.6310243740677833 0.3503650799393654
0 0.7312021017074585 0.6018609181046486
0 0.7976483821868896 0.5506905168294907
0 0.6542323365807533 0.534297525882721
0 0.641115352511406 0.5451824516057968
0 0.702468504011631 0.6242726370692253
0 0.6967843472957611 0.6253316253423691
0 0.7043673664331436 0.2567053399980068
0 0.6687971912324429 0.5268729105591774
0 0.6383391432464123 0.292967539280653
0 0.6345841243863106 0.2723872661590576
0 0.6361236222088337 0.18997211009263992
0 0.7199258640408516 0.24081304669380188
0 0.6387958377599716 0.23266691714525223
0 0.7288013078272343 0.2719279006123543
0 0.7437112703919411 0.26791688054800034
0 0.6510430678725243 0.6102946028113365
0 0.6698800265789032 0.6113714724779129
0 0.6831426531076431 0.6149725615978241
0 0.6504650473594665 0.5396583303809166
0 0.6995894223451614 0.624886117875576
0 0.6954308271408081 0.632149875164032
0 0.693916991353035 0.6258246675133705
0 0.6458513274788856 0.529061071574688
0 0.6738156408071518 0.6239736825227737
0 0.6628504872322083 0.623931996524334
0 0.6490209251642227 0.6265363842248917
0 0.6740557298064231 0.6865068897604942
0 0.6708598613739014 0.6749851256608963
0 0.6660625025629997 0.6630841642618179
0 0.6599484667181968 0.6516572088003159
0 0.653993721306324 0.6436747312545776
0 0.6767872147262096 0.6336858496069908
0 0.683132753521204 0.6362754479050636
0 0.6904204189777374 0.6404906138777733
0 0.6968898788094521 0.6458009034395218
0 0.7039075002074242 0.5739817023277283
0 0.7932146489620209 0.4398760199546814
0 0.6839546754956245 0.6301892548799515
0 0.6896542102098465 0.6309032812714577
0 0.6382963731884956 0.554741770029068
0 0.6651329025626183 0.5412258207798004
0 0.6395475655794144 0.5501502752304077
0 0.6684723310172558 0.45491447672247887
0 0.7067248776555062 0.4587639309465885
0 0.6698849603533745 0.5140073597431183
0 0.6883937910199165 0.1966537907719612
0 0.6869886584579945 0.22732162848114967
0 0.6727746143937111 0.25669509544968605
0 0.7116967126727104 0.646662674844265
0 0.5893107526004314 0.2949904277920723
0 0.5874526739120484 0.248059444129467
0 0.5788265779614449 0.19599899649620056
0 0.7175922848284244 0.38133706897497177
0 0.7624017536640167 0.3862104192376137
0 0.6328862011432648 0.40369894355535507
0 0.7285676583647728 0.32485464587807655
0 0.6263444006443024 0.4387253522872925
0 0.6556776762008667 0.5117334797978401
0 0.7848850920796394 0.39674047380685806
0 0.7577701888978481 0.40859226137399673
0 0.7375981315970421 0.426703579723835
0 0.6994075775146484 0.43611612170934677
0 0.6689987391233444 0.4363664984703064
0 0.6457395486533641 0.4333878681063652
0 0.5930459082126618 0.4174317978322506
0 0.7947154775261879 0.44391531497240067
0 0.7382128670811653 0.31551746651530266
0 0.6235182449221611 0.5478566139936447
0 0.6481785632669925 0.4716372489929199
0 0.776723475754261 0.3423541784286499
0 0.6269006356596947 0.42731478810310364
0 0.6707666322588921 0.5144301801919937
0 0.7265765920281411 0.3478320315480232
0 0.6519476786255837 0.4973289370536804
0 0.7984815493226052 0.4931957274675369
0 0.6302429154515267 0.39538566023111343
0 0.6346714906394482 0.48896975815296173
0 0.7790280610322953 0.6161273643374443
0 0.7764184787869454 0.6348683685064316
0 0.8034789502620697 0.44023986905813217
0 0.7951944701373577 0.5815090239048004
0 0.7624874860048294 0.30540645122528076
0 0.7249927222728729 0.7039116322994232
0 0.6212605305016041 0.5535295605659485
0 0.670311763882637 0.48207029700279236
0 0.7648398391902447 0.3468701057136059
0 0.6988664641976357 0.3807530552148819
0 0.6815494284033775 0.3879345580935478
0 0.7008734211325646 0.6340521946549416
0 0.7988528639078141 0.4877632111310959
0 0.6976961344480515 0.7406146079301834
0 0.7390165597200393 0.6933348253369331
0 0.7559791967272759 0.6683897227048874
0 0.663831603527069 0.3914252296090126
0 0.6467598788440228 0.3934722952544689
0 0.6357720106840133 0.3955790400505066
0 0.7463273242115974 0.3040657937526703
0 0.6429888412356377 0.36969810724258423
0 0.6575945436954498 0.3542296402156353
0 0.6751550003886223 0.3453388623893261
0 0.6939763888716698 0.34207839518785477
0 0.7066923275589942 0.3446527197957039
0 0.764263068139553 0.2929324470460415
0 0.7094668708741665 0.37205273285508156
0 0.6833642885088921 0.5685009434819221
0 0.6539609149098397 0.5304621532559395
0 0.6465161696076394 0.5728554725646973
0 0.760535441339016 0.6491086632013321
0 0.7424475833773613 0.6751610338687897
0 0.6995748773217201 0.7312849164009094
0 0.7899447098374367 0.5987073481082916
0 0.6339899249374866 0.38631919771432877
0 0.6170302994549275 0.44912781566381454
0 0.7212704457342625 0.7179886475205421
0 0.8071263551712036 0.48922114074230194
0 0.6670066475868225 0.6380550935864449
0 0.6738709375262261 0.6432778015732765
0 0.6810889214277267 0.6512114033102989
0 0.6875324949622155 0.6610012799501419
0 0.6962953269481659 0.6674373522400856
0 0.6878183335065842 0.6228162348270416
0 0.6927194617688656 0.6197360903024673
0 0.6966085255146026 0.6162874773144722
0 0.7202318862080574 0.585433840751648
0 0.780355566740036 0.5091306194663048
0 0.60904690772295 0.426624808460474
0 0.608700742572546 0.37841547280550003
0 0.6220189221203327 0.3786078095436096
0 0.6830179631710053 0.6250333413481712
0 0.7869441419839859 0.5574435740709305
0 0.5895549423992634 0.38281287997961044
0 0.7092783622443676 0.6776788085699081
0 0.6009070448577404 0.44213876128196716
0 0.6401851758360863 0.47983691096305847
0 0.684342585504055 0.7006731256842613
0 0.7400743417441845 0.6261998414993286
0 0.6926218435168267 0.525369867682457
0 0.7269098781049251 0.6531167775392532
0 0.7384302735328674 0.506129078567028
0 0.7171166241168976 0.5401211977005005
0 0.7595078706741333 0.5345175787806511
0 0.695215855538845 0.717516764998436
0 0.6531906694173812 0.4891487956047058
0 0.7554919704794884 0.6325945630669594
0 0.7378020823001862 0.6610409915447235
0 0.7495292156934739 0.596230998635292
0 0.7987381055951118 0.5250580981373787
0 0.7704230457544327 0.5890187993645668
0 0.8056454539299012 0.5358568206429482
0 0.7365090489387512 0.5622930079698563
0 0.6320393860340119 0.46017611399292946
0 0.6514830708503723 0.5234424769878387
0 0.6623493246734142 0.5262812227010727
0 0.6419102028012276 0.5107790976762772
0 0.6167388543486595 0.3467707335948944
0 0.6439854316413403 0.3178599290549755
0 0.6721724696457386 0.30407458543777466
0 0.6972258239984512 0.3008192218840122
0 0.7164027966558933 0.30714696273207664
0 0.7363799057900906 0.3490428067743778
0 0.7951817512512207 0.3933449275791645
0 0.734391562640667 0.391562320291996
0 0.7168350785970687 0.4069364443421364
0 0.6909170322120189 0.4159713163971901
0 0.6648514851927757 0.41895996779203415
0 0.6440092995762825 0.41839614510536194
0 0.6288812898099423 0.4158223792910576
0 0.7844066761434079 0.3905636817216873
0 0.6624676711857319 0.5324377864599228
0 0.6242805771529675 0.46897783875465393
0 0.6400049969553947 0.5281348899006844
0 0.6308955192565918 0.5420102924108505
0 0.6394088432192803 0.5321153625845909
0 0.6586130797863007 0.5402649566531181
0 0.6286674395203591 0.5448668450117111
0 0.6263697743415833 0.5506027489900589
0 0.6234539777040482 0.39845991879701614
0 0.6144358709454536 0.40637750178575516
0 0.6091344021260738 0.41318945586681366
0 0.7141634717583656 0.3478486090898514
0 0.7220243200659752 0.33040501177310944
0 0.4680668652057648 0.42849432677030563
0 0.4914191246032715 0.4235069081187248
0 0.46037557534873486 0.40388859808444977
0 0.4436085432767868 0.43394865468144417
0 0.4754941020160913 0.45303167775273323
0 0.6821289867162704 0.36493245512247086
0 0.7025081984698772 0.35859275609254837
0 0.674663032591343 0.3450029157102108
0 0.6616041325032711 0.37122083827853203
0 0.6894746400415898 0.3847147151827812
