0 0.6528501363471151 0.837677289173007
0 0.6911231826990842 0.7627401992678642
0 0.6754783183336258 0.7822842985391617
0 0.7011822899803519 0.6693704314529896
0 0.7020849738270044 0.7390666715800762
0 0.7148102844133973 0.7052422419190407
0 0.7445578556507826 0.6174095876514911
0 0.5691924383863807 0.5260864248499274
0 0.7780308093875646 0.5335915446281433
0 0.7935320034623146 0.49725980050861834
0 0.834874426946044 0.3895706245675683
0 0.6495260372757912 0.8462532896548509
0 0.644951643422246 0.8550741299986839
0 0.6411730888299644 0.8608474388718605
0 0.6315212512388826 0.884752418473363
0 0.6281021503731609 0.8960608460009098
0 0.6229238668456674 0.9097654059529304
0 0.6168302226811647 0.9231099098920822
0 0.6058127574622632 0.9239565424621106
0 0.6846044768579305 0.7735410373657942
0 0.6596992542035878 0.7625144217163324
0 0.5060171161778271 0.36749955005943774
0 0.6277795223519206 0.584735612757504
0 0.6019711525179445 0.5742687862366438
0 0.5787608019076288 0.5601435698568821
0 0.5549713406711817 0.5283155847340822
0 0.6518461123108864 0.5886979134753346
0 0.6268168461509049 0.47902222312986853
0 0.6551265098154545 0.4954997951164842
0 0.5971198523417115 0.4731476180255413
0 0.5745008999481798 0.4781178716570139
0 0.5255607237108052 0.5322869289666414
0 0.5052606231532991 0.9059265226125717
0 0.5641157174482941 0.5130661131814123
0 0.44979464281350373 0.4704693412408233
0 0.5046105299144983 0.49530511572957037
0 0.5639069396071136 0.6755176719278098
0 0.6260613539256156 0.8226568091660738
0 0.6196298288181424 0.8451136294752359
0 0.5915938837453723 0.822323440387845
0 0.5671146494336426 0.8259204540401697
0 0.5953057925216854 0.8404426097869873
0 0.575338142644614 0.8391332950443029
0 0.5120815518312156 0.8366864923387766
0 0.6710826412774622 0.7536024369299412
0 0.6772348321974277 0.7290183071047067
0 0.5471645876765251 0.4336164424195886
0 0.6404430057853461 0.6336981989443302
0 0.6118026521056891 0.7202178589999676
0 0.6137489842250943 0.7046650528907776
0 0.4879318214021623 0.636640178412199
0 0.6902345100417733 0.6975333549082279
0 0.6186091618612408 0.430751620978117
0 0.5798239101655781 0.4248818922787905
0 0.5497633852995932 0.33668747525662185
0 0.7208766475319862 0.5026487378403545
0 0.6747210469096899 0.5211376052349805
0 0.504172754380852 0.8091713771224022
0 0.3821356473490596 0.7012454073876142
0 0.6252717418596149 0.7420950077474118
0 0.6416291382163763 0.7568886019289494
0 0.5359919615089893 0.8367390245199203
0 0.5424820704385638 0.8392951030284166
0 0.5726326301693916 0.4000236863270402
0 0.6056713482365013 0.7300501100718975
0 0.6653313445858657 0.4523980714380741
0 0.6700382702052593 0.4288257956504822
0 0.6786558929830789 0.3313296139240265
0 0.55976970968768 0.3663977706804872
0 0.6750277177430689 0.38066743947565557
0 0.5364952523261308 0.41128678545355796
0 0.5191207844763994 0.38987043481320144
0 0.6222640065476298 0.8343612007796765
0 0.5932502435520292 0.8316881328821182
0 0.5708576571196318 0.8323977828025818
0 0.6288193898275495 0.7487059500068426
0 0.53933648429811 0.8381443601101637
0 0.5468699264340102 0.8497857131063938
0 0.5458075780421495 0.8405248880386352
0 0.6416536021977663 0.7398753568530083
0 0.5787274604663253 0.8432910509407521
0 0.5973137479275465 0.845835204422474
0 0.618433428928256 0.8515467159450054
0 0.5738200784660876 0.9088064387440682
0 0.5865685001015664 0.9082964554429054
0 0.5942602723836898 0.8956358894705773
0 0.6022068592719734 0.8831669218838215
0 0.6085626201704144 0.8743661191314459
0 0.5725439482368528 0.8562797103077173
0 0.5655039557255804 0.8585563264787197
0 0.5563807995989919 0.8624999638646841
0 0.5477860840037465 0.8676301635801792
0 0.5516928150318563 0.7803445532917976
0 0.4045713608153164 0.5659796513617039
0 0.6803388110361993 0.7779016073793172
0 0.5601277548819781 0.849252101406455
0 0.553904340416193 0.8492570664733649
0 0.6447956670075655 0.7687715586274863
0 0.6066738154739142 0.7467850897461176
0 0.6434061128646136 0.7630364630371332
0 0.6075637854635716 0.6360917158424855
0 0.5588667849078774 0.634557643160224
0 0.6047199032269418 0.7132844533771276
0 0.604912075214088 0.32223808877170085
0 0.6095427362248301 0.36042754370719193
0 0.617792546749115 0.40492312125861646
0 0.5254269316792488 0.8600695636123419
0 0.7285286843776703 0.4624220095574856
0 0.7394181214272976 0.4128891499713063
0 0.7526673689484596 0.3547244772315025
0 0.5614810393191874 0.5446212634444236
0 0.489207321498543 0.5356021529063583
0 0.6688248567283154 0.5883429555222393
0 0.5440413156524301 0.4774236710742116
0 0.6657507906667888 0.6261675223708153
0 0.6311651520431042 0.7177543878555298
0 0.4493715456686914 0.5355325754731893
0 0.4993618197739124 0.5648796673864126
0 0.5282842876389623 0.5915952738374471
0 0.5783805167302489 0.6109987553209066
0 0.6182573253288866 0.6179131651297212
0 0.6497790726833046 0.6186555312946439
0 0.717122501321137 0.6117985300719738
0 0.4321585771627724 0.5920248851180077
0 0.5251840525306761 0.4605479849502444
0 0.6724102941341699 0.7676306128501892
0 0.6341343936510384 0.6624213326722383
0 0.4437943695113063 0.45728928297758104
0 0.675473444070667 0.6143582437187434
0 0.600470824725926 0.7116737324744463
0 0.5515786683186888 0.5064125023782253
0 0.6351680524647236 0.6994300991296768
0 0.38912582229822873 0.6292300377041101
0 0.6735038155689835 0.5793218279257417
0 0.6632334840483963 0.6951884247362614
0 0.4148360211402178 0.8015885673463344
0 0.4031346393749118 0.8182609960436821
0 0.4063398101367056 0.5754131011664867
0 0.3967293018475175 0.7523491121828556
0 0.4846670474857092 0.4267625443637371
0 0.4908520979806781 0.9216643661260605
0 0.6711237667128443 0.773030300438404
0 0.6032410555519163 0.6702187929302454
0 0.47994583267718555 0.48603959158062937
0 0.5877455512061716 0.5485890612006188
0 0.6074626306071877 0.5615478636696934
0 0.5398340668529272 0.8509587101638317
0 0.41885321075096726 0.6428985122591258
0 0.5219182407483458 0.9688497021794319
0 0.4572297471575439 0.9022405810654164
0 0.4308257164433599 0.8667422588914633
0 0.8125077500939369 0.44743761494755746
0 0.5718651654198765 0.9951973617076874
0 0.6290178075432777 0.5704476352781057
0 0.6508202189579606 0.5759891154244542
0 0.6653473388403655 0.5791299192234873
0 0.5081002056598664 0.4424374600872397
0 0.662983525171876 0.5427522704005241
0 0.6451818828471005 0.5213738448917866
0 0.6227700217626989 0.5093525977805257
0 0.5987431487068534 0.5049263736233115
0 0.5820714272558689 0.5070809023454785
0 0.4724455837160349 0.4059533726423979
0 0.5760999176651239 0.5366449277848006
0 0.6661785952746868 0.7999158717691899
0 0.5811038026586175 0.776830305531621
0 0.6275107521563769 0.7384197499603034
0 0.6321135761216283 0.788128935918212
0 0.7597974333912134 0.57626270391047
0 0.437669107504189 0.8466160498559475
0 0.4626032977364957 0.8831901513040066
0 0.5282278722152114 0.9583361729979515
0 0.38743810411542656 0.7658848155289888
0 0.6712062955833972 0.5660712834447622
0 0.6833582223393023 0.6454728551208972
0 0.5790554075501859 0.9843681074678898
0 0.48631630903109907 0.9370224706828594
0 0.39286918211728333 0.6330851461738348
0 0.5890283534303308 0.8647932041436434
0 0.5811885740607977 0.8700264733284712
0 0.5719535322859883 0.8784601714462041
0 0.5633291819132864 0.8887331165373326
0 0.545289849769324 0.885131536796689
0 0.5578281220979988 0.8388676196336746
0 0.5527070323936641 0.8345319636166095
0 0.5485585898160934 0.8301332246512174
0 0.5253676991909743 0.7921294055879116
0 0.44927213294431567 0.6780590325593948
0 0.6924083201214671 0.6172589953988791
0 0.7006628010421991 0.5595876596868038
0 0.6844100994057953 0.5580712085589766
0 0.562512288801372 0.842006916180253
0 0.42353976825252176 0.7311439320445061
0 0.7241065973415971 0.5660559449344873
0 0.5241524509154261 0.8938806939870119
0 0.7248000770807266 0.6756573587656021
0 0.7081118239089846 0.6423223428428173
0 0.7340328207239508 0.648078539967537
0 0.6491844682022929 0.677554014325142
0 0.5882870762608945 0.9657448507845402
0 0.5977334905415773 0.9431412063539029
0 0.5583810822106898 0.9239889927208423
0 0.4836751257069409 0.8295547056943178
0 0.5700579814612865 0.719926604628563
0 0.499260850250721 0.8625117115676403
0 0.5131291662342846 0.6873820539563894
0 0.5372200533747673 0.7336616199463606
0 0.47724853046238425 0.7164221540093422
0 0.5414700400084257 0.9420364789664746
0 0.6275699105113745 0.6845713827759028
0 0.4555983146652579 0.8314076066017151
0 0.47870545322075486 0.8690038911998272
0 0.4769227147102356 0.7940434832125902
0 0.41027335887774824 0.6866327278316021
0 0.4432634084485471 0.776784821972251
0 0.3875067144632339 0.6905827932059765
0 0.5062188328243792 0.7579380486160516
0 0.6590070347301662 0.6533862851560116
0 0.6357217353768647 0.7329239528626204
0 0.6172146593220532 0.7320904865860939
0 0.6536064440384507 0.7217589359730482
0 0.6923835966736078 0.5193709280341864
0 0.6586176682263613 0.4803125198930502
0 0.6226300210691988 0.461225494928658
0 0.5895087185315788 0.45481339916586877
0 0.5629191692918539 0.46015261933207513
0 0.5309995301067829 0.5023891136050225
0 0.4245292806997895 0.5210122372955084
0 0.5346694423817098 0.5514843158423901
0 0.556800727546215 0.5724246185272932
0 0.5901036566123367 0.589587303251028
0 0.624187765084207 0.5996241416782141
0 0.6523743860423565 0.6029954221099615
0 0.6728655651211739 0.6022112518548965
0 0.4234334240667522 0.5099678449332714
0 0.6142322219908237 0.738350460678339
0 0.6754787075333297 0.6704392950981856
0 0.6538120526820421 0.7425134032964706
0 0.6606284036301077 0.7583570647984743
0 0.6514780405908823 0.7456558916717768
0 0.617045135051012 0.7476822596043349
0 0.665023747086525 0.7629241283982993
0 0.663801567349583 0.7683760821819305
0 0.6817750135436654 0.5831901248544454
0 0.692188848555088 0.5928275413811207
0 0.6987036809325218 0.5998952254652977
0 0.572184253577143 0.5100627796724438
0 0.5582230115309358 0.4875830845907331
0 0.7434762511402369 0.6872383330017329
0 0.9203140664845705 0.6742283947765827
0 0.703908133506775 0.7808909766376019
0 1.026114262267947 0.5909460248425603
0 0.8441499454900623 0.6727927811443806
0 0.8652374155819416 0.6834862940013409
0 0.8872180063277483 0.6906810306012631
0 0.9250878047198057 0.6841423477977514
0 0.8277030332013965 0.6603653073310852
0 0.9081040933728218 0.5998976193368435
0 0.8797619037330151 0.5943380299955606
0 0.9314020324498415 0.6140672553330659
0 0.9435943989083171 0.6323146298527718
0 0.9326084403321147 0.705019124224782
0 0.6798882845789194 0.9751676611602307
0 0.9328501148149371 0.667478208988905
0 0.9922501813620329 0.7029076851904392
0 0.9627219704911113 0.6900025896728039
0 0.8081769581884146 0.7778029710054397
0 0.6793047259561718 0.8445916324853897
0 0.6660329419188201 0.8642577305436134
0 0.6977767555043102 0.8648917518556118
0 0.70634278152138 0.882268688082695
0 0.6808752764947712 0.8753309823572636
0 0.6902879601344466 0.8860564135015011
0 0.7209203120321035 0.9214392092078925
0 0.7102698806673289 0.7697444457560778
0 0.7243258835747838 0.7487394642084837
0 0.9737088557332754 0.6144096232950688
0 0.7890588756650686 0.6962580420076847
0 0.7593599358573556 0.7809286136180162
0 0.766398742236197 0.7677357658743859
0 0.8769507698714734 0.7998555816709996
0 0.7355363547801972 0.7165290802717209
0 0.932838031090796 0.5656164478510618
0 0.9599686235189437 0.5866056475788355
0 1.0283838525414466 0.5440146386623382
0 0.8286640599370003 0.5499945962801576
0 0.8527100408449769 0.6002736788243055
0 0.7451222693547607 0.9071920827031136
0 0.86467429921031 0.9013335697352887
0 0.7348984749987721 0.7869403343647718
0 0.7144742753356695 0.7873961009085179
0 0.7095383705571294 0.9086405079811811
0 0.7031992711126804 0.9056852735579014
0 0.9754471328109503 0.5720404908061028
0 0.7533141447231173 0.7908118896186351
0 0.8923832423985004 0.5508250702172518
0 0.9025356464087964 0.5292695425450802
0 0.9702549492940307 0.4596930181607604
0 1.012813936918974 0.562412272952497
0 0.9445478640496731 0.4998407043516636
0 0.9896503273397684 0.6044134363532067
0 1.0145396854728461 0.6023112624883652
0 0.6733843127265573 0.8555628787726164
0 0.6895833233371377 0.8708921238780022
0 0.6990240108221769 0.8845256213098764
0 0.7272000677883625 0.7890507094562054
0 0.7063077164813876 0.9072275474667549
0 0.6976352350786328 0.9116320051252842
0 0.7002142205834389 0.9041392758488656
0 0.7317393966019153 0.776867188885808
0 0.6834078916348517 0.8858423836529254
0 0.6739704289473594 0.8770491614937782
0 0.6600026075728238 0.8686031393706799
0 0.6360630079172551 0.934103100001812
0 0.6451195738278329 0.9318527720868588
0 0.649375602323562 0.9176792792975903
0 0.6517424739897251 0.9029943846166134
0 0.6515114376321435 0.891745537891984
0 0.6788650044240058 0.8995184831321239
0 0.6831297806464136 0.9065487518906593
0 0.6873283743858337 0.9159212909638882
0 0.6897229904308915 0.9254573225975037
0 0.7429447896778584 0.858542051911354
0 0.9397941417992115 0.7933955419808626
0 0.6877728960476815 0.9013340573757886
0 0.6929113885387779 0.9061887845396995
0 0.7038782207295299 0.7939079634845256
0 0.7387241968885064 0.8014266263693571
0 0.709043456800282 0.7908635351806879
0 0.806465850956738 0.7197565954178572
0 0.8373750906437636 0.751840990781784
0 0.7635528398677707 0.7790005274116993
0 1.0139874666929245 0.5010959796607495
0 0.9932158414274455 0.5283656565472483
0 0.9464549055323005 0.5461941257119178
0 0.6976801227778197 0.9297936879098415
0 0.8476829150691628 0.5141117474064231
0 0.8838414208963513 0.4769803836941719
0 0.9116295754909516 0.42490928880870343
0 0.9091371776536107 0.6921129204332829
0 0.9474785378202796 0.7300828263163567
0 0.8177068650722503 0.6501498594880104
0 0.9564483677968383 0.6508188135921955
0 0.7804066697135568 0.6744459711015225
0 0.753223442658782 0.7682288147509098
0 0.959351834654808 0.7522742815315724
0 0.9264942983165383 0.7460168343037367
0 0.8948725266382098 0.7468789827078581
0 0.8536169132217765 0.7276076517999173
0 0.825797326117754 0.7058541420847178
0 0.8066006993874908 0.6861183114349843
0 0.7644727967679501 0.6320115834474563
0 0.9326726768165827 0.803321686014533
0 0.9714205838739872 0.6503200460225343
0 0.696284675039351 0.7774885758757591
0 0.7756082450971007 0.7216624718159437
0 0.9923725383356213 0.6922698963433505
0 0.7936232985928655 0.6663322538137436
0 0.763789213821292 0.779336467385292
0 0.9409852411597968 0.6698848035186529
0 0.7604366846382618 0.7514925051480532
0 0.9073987152427435 0.8471575524657965
0 0.8218179259449243 0.6411837466061115
0 0.750421204790473 0.7316591463983059
0 0.794472013413906 0.9551343698054552
0 0.7823816914111376 0.9710722345858812
0 0.9479393132030964 0.8046434577554464
0 0.8356837769970298 0.9322318460792303
0 1.0051505576819182 0.650039830058813
0 0.6763438799418509 0.9948207702487707
0 0.689983457699418 0.7809847809374333
0 0.7876729911193252 0.747442340478301
0 0.978971354663372 0.6981172822415829
0 0.8919219851493836 0.6764847073704005
0 0.8715234726667405 0.6700168654322625
0 0.7014788230881095 0.9172589331865311
0 0.9043172543868423 0.8461515057832003
0 0.6226602118462324 1.0086631551384926
0 0.7017371404916048 0.9987783275544644
0 0.7376103073358535 0.988547807186842
0 0.8538332341238857 0.6606521286070347
0 0.837569023296237 0.6507243443280458
0 0.8264890637248754 0.6451292902231216
0 0.987877763621509 0.646565081179142
0 0.8509601248428226 0.6273258458822966
0 0.8744846522808075 0.6238642854616046
0 0.8957569736987352 0.6282669033855199
0 0.9148859908804298 0.6391766183078289
0 0.9249609626829625 0.6512919578701257
0 1.0150291133671998 0.6385184809565544
0 0.9078661255538464 0.6770855691283941
0 0.7312728388234973 0.8386156868189574
0 0.737814025580883 0.7834467448294162
0 0.6959553750231862 0.8145175129175186
0 0.7527506947517395 0.9725141875445843
0 0.7157944777980447 0.9834723118692636
0 0.6300378629006446 0.9985318917781114
0 0.8221097145229578 0.9436148826032877
0 0.8314424639567732 0.6357826847583056
0 0.7635296361520887 0.6792163364589214
0 0.6645495535805821 1.0072952792048455
0 0.916250784508884 0.8526254653930664
0 0.6671034820377827 0.8964666515588761
0 0.6701566054485738 0.9060588505119085
0 0.6714240064844489 0.9186419703066349
0 0.6704642400145531 0.9321590103209019
0 0.6693149888888001 0.9353467606008052
0 0.6969656262546777 0.8959076825529337
0 0.7042401023209095 0.896699832379818
0 0.7106144521385431 0.8964142523705959
0 0.7469429085031152 0.8824525285512209
0 0.867499814927578 0.85212226472795
0 0.7730175465345382 0.6514572236686945
0 0.8119164630770683 0.6080947674810886
0 0.8251588532701135 0.6191991617903113
0 0.6905580647289753 0.8942664619535208
0 0.840821324288845 0.9027698040008545
0 0.7893451042473316 0.5968162411823869
0 0.6759641322307288 0.9544468410313129
0 0.7536272466182709 0.6615946933627128
0 0.7622029470279813 0.7249307271093131
0 0.6357113381847739 0.9547176145017147
0 0.7423768175765872 0.9344272036105394
0 0.7750839004293084 0.8049798853695392
0 0.7111996972933412 0.9476891189813614
0 0.829437418282032 0.8191043037921191
0 0.7836136011406779 0.8355967044830322
0 0.8275479093194008 0.8611372303217649
0 0.634677549637854 0.9790095590054989
0 0.7672490879893303 0.7427453428506852
0 0.7563955685123801 0.9524156853556633
0 0.7186237001791597 0.9646645054221153
0 0.7717406379058958 0.9145896777510643
0 0.8772842954844237 0.8805927120149135
0 0.8008663050830365 0.9226168610155583
0 0.8805255135521293 0.895419554412365
0 0.7822187835350632 0.8715580634772777
0 0.7695444766432047 0.699832845851779
0 0.7409663207828998 0.7760205563157797
0 0.7485137555748225 0.7858711604028941
0 0.7410010151565075 0.7580005552619695
0 0.8401358880102634 0.5851553382351995
0 0.8832103613764047 0.5795435935258866
0 0.917308110371232 0.588246513530612
0 0.9422428380697966 0.604303938895464
0 0.9561006456613541 0.6250496951863169
0 0.9487012920901179 0.6786956250667572
0 0.9733344085514546 0.7549319222569466
0 0.9170651014894247 0.713779541477561
0 0.8898515909910202 0.7141106493771077
0 0.8602417964488268 0.7033960349857807
0 0.8348039261996746 0.6872545581310987
0 0.8164912275969982 0.6715595826506615
0 0.804545428417623 0.6579385422170162
0 0.9659554786980152 0.7417636338621378
0 0.7435219913721085 0.7913615934550762
0 0.7557322610169649 0.7041635811328888
0 0.7266589689999818 0.7724340047687293
0 0.708296823501587 0.7780840292572975
0 0.7234287967905402 0.775236652046442
0 0.7336742009967565 0.795660587772727
0 0.7036130459979176 0.7789228152483701
0 0.6974403757601977 0.782329649105668
0 0.813086137920618 0.638420332223177
0 0.7979572782292962 0.6382511653006077
0 0.787113618478179 0.6397642694413662
0 0.9298469386994839 0.660056896880269
0 0.9476377760991455 0.6504885923117399
0 0.6422268748283386 0.5487319841980934
0 0.6711054001934826 0.5623345829546451
0 0.6521113241091371 0.5208003353327513
0 0.6118985064327717 0.5346882924437523
0 0.6323122533038259 0.5762236040085554
0 0.8909761928021908 0.6497660864144563
0 0.9138468276709318 0.6581607289612293
0 0.8980903185904026 0.6257323475554586
0 0.867992652952671 0.6410994291305542
0 0.8837456777691841 0.6735354576259851
