0 0.5731803202679389 0.41817938956218825
0 0.571416198578565 0.35449594761270364
0 0.5676940182844797 0.3715150735273621
0 0.5343061711969255 0.28873806760545867
0 0.5708155629504079 0.33509924629546284
0 0.5678626296389455 0.30825089616424817
0 0.5584622870517683 0.24096901787274813
0 0.30209711929665334 0.2348979091446312
0 0.5531947058212908 0.18629763636866215
0 0.5513591669531311 0.15981677114468593
0 0.542971485651998 0.06634112835496063
0 0.57428593223105 0.42441691382216956
0 0.5746560646260338 0.43050851657862904
0 0.5744786954127283 0.43455772100111484
0 0.5759240581264978 0.4470819350804864
0 0.5776735081451352 0.4560044284110109
0 0.5789607328201648 0.4670473414949392
0 0.5797561630921022 0.4781831898864619
0 0.5715174105348466 0.4914146909227292
0 0.5705259667418677 0.36347501317518605
0 0.5353539542055331 0.3635970389432896
0 0.18193593281733839 0.1558122581151598
0 0.40385664490204826 0.2522406329180988
0 0.36976293244945346 0.2547973257932516
0 0.3363822744805602 0.2543451501098533
0 0.29052767176416855 0.24164904090150538
0 0.43216152552059434 0.2469859841596755
0 0.3446908077610193 0.19321922213722945
0 0.3858854734193424 0.19554218589764613
0 0.3077945804797144 0.19697344996043936
0 0.28507152570702354 0.2051918066834781
0 0.26660725065675966 0.25536564547537627
0 0.4468095861532517 0.5154601684810145
0 0.2891116975354746 0.22819525590287976
0 0.17089015107114608 0.2407944080809823
0 0.2281121724139789 0.23999440365980246
0 0.3897350263872227 0.3369402903820413
0 0.5343880165478349 0.41671628686174095
0 0.5409193929237656 0.43152641458160657
0 0.4978293956960807 0.42460864944955773
0 0.47421929171065236 0.43252383531341915
0 0.512271691789607 0.43457216568830315
0 0.49032418153205504 0.4383181657372562
0 0.41756919466493503 0.4626458006538672
0 0.5424969361049716 0.3546210231871509
0 0.5364631325132233 0.3361566912378422
0 0.23757183369453447 0.18862162231691934
0 0.452953111270309 0.2843919595082601
0 0.45763946862160404 0.3505240272938286
0 0.45299647170028606 0.3394036960488678
0 0.2887083394492226 0.336109000310072
0 0.5351679174205924 0.3109540635297873
0 0.312843576388017 0.16810058140387032
0 0.2665704360491113 0.17455767496342053
0 0.20936721701662248 0.12241124823989959
0 0.4683746172405999 0.1849255419003723
0 0.4216323220151386 0.20439741591683203
0 0.39323722190746274 0.44583074364939335
0 0.21659755178644688 0.4136748926212496
0 0.4842917322483747 0.3607859888676364
0 0.5120359293267697 0.3652964513638407
0 0.44752806915512566 0.44606413762057523
0 0.45639197031656903 0.44556614781331055
0 0.24803756529520332 0.16152082530346346
0 0.456398741856909 0.35895054167841395
0 0.3780350912723863 0.16995152898247698
0 0.37011737744264966 0.154154872696312
0 0.34078268096919806 0.07877178711116244
0 0.23172648207044802 0.14175764450964695
0 0.36223889340328264 0.11629238155530158
0 0.21801483517960657 0.1793403410543892
0 0.20156089502547864 0.1682159043008888
0 0.537128729785042 0.4248326594012205
0 0.5049603468255152 0.4300456163014947
0 0.48189799273818856 0.4356193887522778
0 0.4925752672590787 0.3639549722592319
0 0.4520222050479696 0.44584897545874475
0 0.46585519794170366 0.45055070438136124
0 0.4609564625135454 0.44533255275599615
0 0.501343983135143 0.3543442616400487
0 0.4970061118215448 0.43998369514447233
0 0.518079055072386 0.43722023545352307
0 0.5441659402243698 0.43533243884112627
0 0.5272748971412956 0.4914258176887304
0 0.5377353695123005 0.4774770759320061
0 0.5395511354826674 0.46647029132322626
0 0.5419799064282124 0.4553524401405669
0 0.544827564859189 0.44726834192536197
0 0.49695622814104023 0.446324477133519
0 0.48991163672274174 0.4502370435289358
0 0.4817274627806265 0.4558296845618233
0 0.47497569533843026 0.4619863721965188
0 0.43031777051682213 0.41052092366088466
0 0.17166628245311447 0.31883546692337994
0 0.5691910704228446 0.36724085372255083
0 0.48093724659475096 0.4457398527174799
0 0.47359987634395245 0.44788953050317004
0 0.5233023504290399 0.3721595545821908
0 0.4688054677806323 0.3697919999718807
0 0.517839432831555 0.3688075492956177
0 0.4177865611098487 0.2966661229818034
0 0.363914353057805 0.311820610703664
0 0.44781798136888173 0.34800793706027355
0 0.258580650458356 0.09625656148010019
0 0.2819835678811818 0.12355926572781582
0 0.29943658109707166 0.15259139450136594
0 0.4465015939267879 0.4741589201444126
0 0.45403698658892877 0.15885211069530156
0 0.4483878742038952 0.11488028770381163
0 0.4330575583101828 0.0699277508866886
0 0.3074817353160069 0.2501523534315478
0 0.23389407470507964 0.270090680246817
0 0.45055284850959537 0.24182608048403956
0 0.25503419163609353 0.2144044002745641
0 0.4768854277169151 0.27135869588433353
0 0.4782988964756833 0.34293285821821906
0 0.19754115067705325 0.2823718482206442
0 0.2572157110720244 0.2854469914170488
0 0.30148680036581016 0.2935276041392895
0 0.3671770166244185 0.28938305137561876
0 0.4144889563950808 0.2801502318710336
0 0.44906520881230316 0.27050255491781633
0 0.5245259677684759 0.24605840734456924
0 0.20804933983565382 0.32464290146018826
0 0.2297978345226135 0.21199171858467383
0 0.5527948237924133 0.3633393805787798
0 0.459332805142624 0.3052801166706379
0 0.16189413715766954 0.23523136022393532
0 0.4746850156834357 0.25985899889313596
0 0.4441289139070591 0.3483648649455531
0 0.275287417356978 0.22863700862174074
0 0.4743330535883642 0.3294374316329775
0 0.1872426084073787 0.36472814843889373
0 0.4498461028443107 0.2344532239196705
0 0.503642559931751 0.31784414580425474
0 0.29862769803165884 0.4696725209554036
0 0.2979598435797269 0.4852115523914143
0 0.176383540600161 0.3224058182355489
0 0.2558214734878218 0.4414832949779777
0 0.18519482689316263 0.20176623738674648
0 0.4398393462478863 0.5318437281593875
0 0.5550707836442859 0.36691234601067196
0 0.4291930628099522 0.3204722410136412
0 0.20251651737005902 0.2432119325952315
0 0.33671610013342107 0.24262315239911966
0 0.36683866532543036 0.2435874944621275
0 0.4586197619448231 0.4536084871416556
0 0.22119190647632261 0.3622504656566561
0 0.501812551154869 0.5546956254635559
0 0.3962423863667476 0.5290700801043889
0 0.3509027254355105 0.5115033966507917
0 0.5468361842984388 0.11341601200092447
0 0.5732871751745039 0.5563159104909479
0 0.39582354402491815 0.24152696486186867
0 0.4229118497059818 0.23799374745551094
0 0.4409461770882586 0.2361614506156985
0 0.20699869020830228 0.20744383731063715
0 0.41672157838877744 0.2198267381103579
0 0.3857079010598267 0.21370222425687072
0 0.35462106852340297 0.21246219310613432
0 0.3243762544564557 0.21552837121246265
0 0.306288951056919 0.2206301442386134
0 0.16747142607149695 0.1916617597690822
0 0.316266341740069 0.23923082934296994
0 0.5682371409633492 0.38726695463467886
0 0.46002587229642183 0.3984783778976857
0 0.4844229872719648 0.3576728739065349
0 0.5223415365701989 0.3899898619555635
0 0.5550637412423323 0.2132364585023475
0 0.34462814844107326 0.4946753360764129
0 0.38958011611604487 0.5134637183283289
0 0.501640170309614 0.5447543627568129
0 0.25534286101659137 0.45428936478647614
0 0.4391666614305118 0.22869421762645173
0 0.504091287338281 0.27843578826207427
0 0.5744813588852621 0.5463570527476065
0 0.4454584607092137 0.5444860133129223
0 0.19238667674205473 0.3640946265782891
0 0.518421446723777 0.44687913971580784
0 0.5120919299653813 0.4530837528787615
0 0.5061430866330988 0.4617069295009826
0 0.5019031543646181 0.4714659076285673
0 0.4824784040325302 0.4845211566696529
0 0.4727607019214187 0.4420183516623428
0 0.46454454373709764 0.4409295372832854
0 0.45757622243482854 0.4393917645989505
0 0.4077502580257408 0.42733209300012914
0 0.2699754825372736 0.3757996827823553
0 0.5008684178570655 0.2572236813401554
0 0.47354008364275035 0.21888858751611495
0 0.4525582401812831 0.22116189975896905
0 0.48001681368813737 0.4427261413345699
0 0.27084381972687155 0.41919829299582845
0 0.5039718825102858 0.21839917738383915
0 0.46284073390035185 0.49930634970908205
0 0.5646748593084923 0.2853088787583411
0 0.529114431218256 0.26856572680343227
0 0.5616701914288323 0.2640228056539986
0 0.48168857156727385 0.3105377817210495
0 0.5741494631213981 0.5299239588519149
0 0.5726886612956534 0.5093852223592014
0 0.5169576879920839 0.5088032790915963
0 0.38329445636725124 0.4675312887872807
0 0.41666162768496745 0.3640088298284003
0 0.4186706985602399 0.48584199093131974
0 0.3411639186903394 0.36125274329564466
0 0.38976773292706485 0.38412612330164064
0 0.31739874643112537 0.3923843285932801
0 0.506802679805816 0.5285101222539429
0 0.46125348484465845 0.32192569157972595
0 0.3542579559585716 0.47829154179755196
0 0.3990882164818325 0.4980036131993449
0 0.35651689667238967 0.4449485787858884
0 0.23542636142501347 0.3937416599880051
0 0.31357587333218456 0.4438176033477059
0 0.21586342652638754 0.40334221575749446
0 0.3689040077009281 0.41101006567831705
0 0.48183580742606635 0.2913450822852826
0 0.49074552934381027 0.35155717432852457
0 0.4695303160304259 0.3567624564414064
0 0.5053106386073029 0.33865227068587694
0 0.44284356269152353 0.19969585456599262
0 0.38321698994576175 0.18659859528038142
0 0.33171218011198167 0.1843646959195075
0 0.29086620363756577 0.18875831061552145
0 0.2646126708778148 0.1983672114595117
0 0.2555445852033197 0.23391173247906377
0 0.16827292815793918 0.28138850351811023
0 0.2853078750366903 0.26459606870354846
0 0.32148180468172965 0.2710869950049006
0 0.36735871962354155 0.2704382073553997
0 0.4098996352168578 0.2649447353002157
0 0.4423249981322872 0.25794083827472386
0 0.4646227775998256 0.2514026734893998
0 0.16489476468492661 0.27637090179561014
0 0.4700027212563446 0.3618420597214433
0 0.5065848844966808 0.29757573610240173
0 0.5162174457739174 0.35243706021586063
0 0.5336459460137766 0.36072023370229195
0 0.5155553019876722 0.3551732392214937
0 0.47961745081068596 0.36706466875607996
0 0.5413391381376403 0.362399235880389
0 0.5436681868657784 0.3661377622280822
0 0.4621084820997866 0.23521708310852413
0 0.4812732052828189 0.24014610638963513
0 0.4929887600840396 0.2440654091704924
0 0.2964396102015982 0.22466597643328448
0 0.2723036509651675 0.21516457288432092
0 0.5940660981437828 0.28711004076196345
0 0.7966768600769687 0.22084877513623039
0 0.6004746387779462 0.3618066685621142
0 0.8814703139323222 0.13857356290093237
0 0.7011193205535663 0.24245266487307113
0 0.7339956003402356 0.2432282205719682
0 0.7658013447427549 0.24146560007708495
0 0.8076270728171626 0.2266319787940662
0 0.6736947627510199 0.2387397770072783
0 0.7498474151273317 0.18291888662645966
0 0.7101247469081154 0.18688634953606312
0 0.7862053952388119 0.18463083341593986
0 0.808874300260584 0.1913312076815224
0 0.8294224491350761 0.23838794330402344
0 0.6919399107558818 0.506658393858732
0 0.8078234474870223 0.21362708507200717
0 0.9030740556586141 0.2220711777360131
0 0.8601259673446543 0.21969078712757514
0 0.7266693805591969 0.3278136611126213
0 0.6096047066183533 0.4138831843402179
0 0.6060196725879541 0.4292742163826704
0 0.6453532029556323 0.4187970256183213
0 0.6682610982078038 0.4254470780792327
0 0.6327282528585523 0.430235944325955
0 0.6529527221047928 0.432663221517633
0 0.7110794889524517 0.4536791018885367
0 0.5990239039755069 0.35313362257902026
0 0.6038219465988095 0.3343755037900533
0 0.8463740975041932 0.17169203000277952
0 0.6586746285484812 0.27883346960355093
0 0.6711412600324124 0.3444702957589997
0 0.6726741561909768 0.3331518611591199
0 0.81897987620237 0.3218270923460647
0 0.5994823372565241 0.30920143031282077
0 0.7765334235967966 0.15654756307319107
0 0.8194817376287677 0.1603661384588176
0 0.857099404817895 0.1069558183634974
0 0.6306255090085766 0.17854336968237536
0 0.676990381147288 0.19696946175214375
0 0.7324346248610614 0.43567880970444683
0 0.8682807528016939 0.39405887336210565
0 0.6450435629876857 0.35623996764032584
0 0.6197103277037416 0.36243050477400085
0 0.6925350840081645 0.43890423127057854
0 0.6834590982032728 0.4386991569297311
0 0.8319059341265682 0.1460350816925791
0 0.6705813890771021 0.35285196793602597
0 0.7161341278110376 0.1603881071187989
0 0.7203004760078237 0.14398155659260417
0 0.7379630909690374 0.07005069829956634
0 0.8471275442260228 0.1253522669858921
0 0.7262336996537221 0.10706309781521382
0 0.8592345166306958 0.16046302846035215
0 0.8737284118616129 0.15054494093038576
0 0.6088943720366884 0.4223158653662015
0 0.6394811940344074 0.4250903847944411
0 0.6612115635650571 0.4292201577273694
0 0.6367566422068117 0.3598433976212996
0 0.6879673640436261 0.4388454470911626
0 0.6775557144784726 0.4443877495622013
0 0.6789513740861466 0.4386250902042412
0 0.6322443585858566 0.3508433855866764
0 0.6457377813033414 0.4347317945631939
0 0.6265597407576404 0.4333099815486306
0 0.6026805809027032 0.4332669156019091
0 0.6141152296388199 0.4887194664594259
0 0.6183567870769823 0.47514306919147675
0 0.6150851399335178 0.46416044843295856
0 0.6100582192467234 0.4531847986603688
0 0.6044544536101667 0.4453258833992665
0 0.6467628119364066 0.44168062750272197
0 0.6552148228707696 0.4453408308017862
0 0.664788607177855 0.4507212924504761
0 0.6728728783281543 0.4566842335964578
0 0.6982093188078594 0.4028227097340467
0 0.8979566220492753 0.2997569508965471
0 0.6607241932349869 0.440163097489064
0 0.669043481978686 0.4420180835474994
0 0.6100569100822577 0.37002351713915876
0 0.6580875360010042 0.36446375368894346
0 0.6147435382951664 0.3663924043006037
0 0.6926984135611651 0.2892979919415493
0 0.7463151539679821 0.3016942146975516
0 0.6767539189586157 0.3415127544357825
0 0.8136234072190297 0.08349762961250749
0 0.8013926510569416 0.10985296681823821
0 0.7851914699319043 0.13992181190533712
0 0.6863189454068614 0.46646737557430423
0 0.6394645811887733 0.15156322434845063
0 0.6434200184757699 0.11017450354418862
0 0.6501380185034707 0.0652398633928627
0 0.7927769945643622 0.23601836107521013
0 0.8599910782610817 0.25011731417295063
0 0.6559143681314927 0.23475076436713638
0 0.8358497695077823 0.19738182238129676
0 0.6357333721742349 0.26698701633394545
0 0.6538388910172861 0.33811366147983685
0 0.8913435808968443 0.264219367348568
0 0.8435198481072856 0.268056811316299
0 0.8057436365869981 0.27925844838752156
0 0.7439512543788942 0.2787693901559778
0 0.6973603933672362 0.27190625342327224
0 0.6630230408932086 0.2643361648772252
0 0.5912747337848325 0.24422302718405764
0 0.8870419824676674 0.3065243036014471
0 0.8558296958605448 0.19281800503125535
0 0.5874610022653507 0.36242205915643366
0 0.6570773576130847 0.2997972351517683
0 0.9005533723388544 0.2166141860567095
0 0.6374086963979504 0.25530790024097844
0 0.6773549157355908 0.34179873243062664
0 0.8203263744271757 0.21307907508927026
0 0.6539593341481333 0.324457935732596
0 0.8889739932138708 0.3451637077727493
0 0.6553850142513147 0.22719451724988002
0 0.628092998065023 0.31448791770889806
0 0.8146620260763772 0.4523955355901028
0 0.8090449882207541 0.46731378062057044
0 0.9071029867301007 0.3027269595599825
0 0.848170361438381 0.4226944100107304
0 0.8886013779207624 0.1838037829099318
0 0.6989034919799129 0.5221110252864561
0 0.5827636750187049 0.36620348387907126
0 0.6863416977824038 0.31343328797237446
0 0.8809862390852176 0.21967852087348946
0 0.7642464185062843 0.2300006574724634
0 0.7352156513350926 0.2320611368011891
0 0.68536230733123 0.44714102088910124
0 0.8772471750838847 0.3440127912930888
0 0.6417678529200171 0.5494682238760934
0 0.7317463655009049 0.516035207791402
0 0.7677869409448487 0.49575265503155946
0 0.7070660872801446 0.23122612663576753
0 0.6808150825621206 0.229042063121411
0 0.6637792413747763 0.22832008011966132
0 0.8718286336474278 0.18576569651935165
0 0.6832038111324552 0.211896185914534
0 0.7119425894841866 0.20498698370029636
0 0.7427983770642099 0.2025784242761234
0 0.7727799136427385 0.20408536375346698
0 0.7909056116760028 0.20784361329932796
0 0.8948106095509187 0.17354810527776626
0 0.7836724328592357 0.22579904651868102
0 0.6706327624964815 0.3926132651551904
0 0.645775972790859 0.35316750559235527
0 0.613341378008766 0.38763638337453205
0 0.7773870891156579 0.4794433966791644
0 0.7399871495202623 0.5004847479601913
0 0.6447878696244477 0.5395215318437714
0 0.8406630706686511 0.43522495830327734
0 0.6640535339021482 0.22121448378263137
0 0.61630609380042 0.27536449921654355
0 0.6915825088567371 0.5349076105323692
0 0.8958020082002953 0.34429618868256523
0 0.6280670404937196 0.4433906304595875
0 0.6361537493985413 0.4493246152024818
0 0.6441097224311989 0.4577697635686836
0 0.6504395326230094 0.46750142749659673
0 0.6547963868213605 0.4788657767634092
0 0.6690371618743687 0.4355177061979174
0 0.6771301908835077 0.4339154183793888
0 0.6841448295217023 0.43186943400938455
0 0.7190254852490083 0.4181853886318094
0 0.8377695463377716 0.3598027782225241
0 0.6131417078559409 0.25420762395236557
0 0.6298815424432231 0.21308742016377116
0 0.6501773837246473 0.2145087639773585
0 0.6611789247406183 0.4366040740290288
0 0.8376416545125502 0.4020156505410499
0 0.6012379268050697 0.21469785197066807
0 0.6745533940661306 0.4919250475271458
0 0.5932838498037073 0.26682732043034385
0 0.6414078326919411 0.30623041621872255
0 0.6263252197438655 0.5050390807476474
0 0.7433509798995553 0.4561399269499954
0 0.7048917908205765 0.35594484022645057
0 0.71275427145294 0.4759411800515751
0 0.7747916028469424 0.3492022211158544
0 0.7326545193477019 0.37450418537339
0 0.7983353457370388 0.3785375375057596
0 0.6392510068064501 0.5238976085454685
0 0.6593026211996119 0.3163878800323142
0 0.7700046655497973 0.4643858995019046
0 0.7316795981131525 0.48627043845107687
0 0.766583863944444 0.4325835914091425
0 0.865954593264101 0.3754044479888246
0 0.8034791432101013 0.42846655393127586
0 0.8785976910892921 0.3837085679473968
0 0.7535784435674611 0.39997248137690133
0 0.6362571733913341 0.287118117721621
0 0.6428756317760371 0.34739693684651474
0 0.6604712084878849 0.3513881949484702
0 0.6309671557905302 0.3352415147342433
0 0.6565523375187242 0.1926332068754402
0 0.7119968069505088 0.177710621735945
0 0.7616352674075823 0.17352384088443834
0 0.8008971548784635 0.17561759996810133
0 0.8260009703756888 0.18315194545408725
0 0.8370965906587834 0.2165768175504103
0 0.9099958790505486 0.26201378761802846
0 0.8150651133010156 0.24910402439384416
0 0.7824739605062622 0.25757326958159676
0 0.7391448150455701 0.25919414111020866
0 0.6977797774322928 0.25575558500074974
0 0.6661449918515572 0.2505928828764358
0 0.6441863762678476 0.2453947895927927
0 0.899649416847068 0.257694323433393
0 0.6585518379503161 0.3564253020258278
0 0.6194996425119633 0.2945009950782622
0 0.6217206625998775 0.3495863291433839
0 0.6035131192157037 0.35883605664028106
0 0.6203555652109379 0.3523736175410405
0 0.6486941455285761 0.36218839707040845
0 0.5976823264033483 0.360891156914961
0 0.5930971358647327 0.36470760413901804
0 0.6441174871307888 0.22891640104574382
0 0.6264652100544942 0.2351618179364278
0 0.6168242069236337 0.24049559408801024
0 0.800843749996982 0.21097370328145237
0 0.8216922392573538 0.19985166280436487
0 0.3628857109365584 0.22744615978759095
0 0.40057095809827875 0.22663040361936124
0 0.3605599802631869 0.20929890715496113
0 0.32470704420206414 0.22811116838511764
0 0.364783051396221 0.24549325476903225
0 0.7275051240679584 0.21640158774306906
0 0.7679583963462572 0.2150832503008814
0 0.7251992791513854 0.19797103826402912
0 0.6866530983508388 0.21758977218596254
0 0.7299775488768951 0.234547784673503
