0 0.696381218407465 0.3994089123995408
0 0.704153114038965 0.3496456459812496
0 0.6959885630918585 0.3646718695111897
0 0.6667215370613596 0.31223053167695586
0 0.7009760316299356 0.33705260935037035
0 0.6918400279853655 0.32106166054373203
0 0.664327481518621 0.27938925546148546
0 0.5173594439807145 0.2992679192968037
0 0.6524756855290869 0.2513732965873635
0 0.648645263651143 0.2357310402004615
0 0.6262556282074555 0.17192864690137946
0 0.6978874070488889 0.40448340929072835
0 0.6990257572868596 0.4095742746539738
0 0.6998344841210739 0.41301057157309157
0 0.6998699281526648 0.41322985498801523
0 0.7018583870452383 0.4180983593930369
0 0.7037034255007039 0.424214283409326
0 0.7052820247152577 0.43047989101513573
0 0.7139201676068099 0.44594133327836577
0 0.7027844993964486 0.35688433219557225
0 0.6792852282524109 0.3613547851210055
0 0.40621152844118036 0.265200918459374
0 0.5820570121640745 0.29805912116299504
0 0.5636490142863729 0.3041600802022478
0 0.5437212165283121 0.3082129172656847
0 0.5113332734807677 0.30372413435707923
0 0.5953284877797832 0.29115052683197934
0 0.5283898763034655 0.26594358715026273
0 0.5521367075650588 0.2622133510268253
0 0.5090621910665346 0.2733254467663558
0 0.4987973833213682 0.2817819946486017
0 0.5003592806017917 0.3158233436553375
0 0.646984083497006 0.4785343092420827
0 0.5061192250122195 0.29510532215885493
0 0.4182099421387133 0.322570180957732
0 0.4703019196572511 0.31021147726670556
0 0.5848557356259098 0.35963940983233245
0 0.6733826094347498 0.40179789766021395
0 0.67935444155465 0.41355587166288627
0 0.653040414919024 0.4106490136488624
0 0.6404282774614252 0.41809024279532225
0 0.6623965735020845 0.4176479896773463
0 0.649392694234848 0.42149021793966707
0 0.616405186769755 0.4443199752465538
0 0.6886124286962592 0.3527764206347258
0 0.6828982052595719 0.3412417207075202
0 0.46684463451737945 0.2786887254403985
0 0.6087896833601205 0.318572638216226
0 0.6306080578461938 0.360010541262834
0 0.624596427316251 0.3530184643424076
0 0.5246820773767389 0.3693205493947734
0 0.6748761003432067 0.3259243480537249
0 0.505355975550154 0.25610899316227953
0 0.4808703463362611 0.26620076493076655
0 0.4268916135896807 0.2388632183489592
0 0.5972322342188462 0.2479756887840188
0 0.5749348476529121 0.2637662083558414
0 0.5997451064379319 0.4361015480497609
0 0.4646917293253152 0.4423752384341281
0 0.6461079703724902 0.3644463633713515
0 0.6630413564650909 0.36556601420692775
0 0.6270265358945598 0.429265918550284
0 0.6315201022054838 0.42801853275817375
0 0.4653264637226644 0.260901742655298
0 0.6289886553650317 0.36587383617525515
0 0.5422429811695347 0.24917542338371276
0 0.5336905099127603 0.24100579723067905
0 0.5153348254768745 0.19667016734247622
0 0.45414353680351505 0.24932458277629768
0 0.538313139391982 0.2190331357328788
0 0.45016240166581195 0.2752818173688391
0 0.433055586465027 0.2709786339946415
0 0.6761418542136317 0.408347620005193
0 0.6577071210612422 0.4145720696967581
0 0.6448804924021596 0.4199645004842592
0 0.6506157873765283 0.36632616740206014
0 0.6293823155372039 0.42865402854007223
0 0.6383309591075649 0.42922486209351085
0 0.6336877300687458 0.4273824958697609
0 0.6601088500541189 0.35791395643483037
0 0.652969526855842 0.42234526768974634
0 0.666035981281944 0.4194729052160097
0 0.6820257461589315 0.4164999307497688
0 0.6880032420158386 0.4506738170333531
0 0.6841954446357229 0.4340877863376037
0 0.6832367505716241 0.427736176615176
0 0.6825616696606511 0.4215695238631705
0 0.6822368878385295 0.4167316257953644
0 0.6534962239472762 0.422746193797692
0 0.6515581905841827 0.4256909630868746
0 0.6491057315598363 0.4295413417660672
0 0.6472574044828829 0.433628725098527
0 0.6190572011729946 0.40640514907629594
0 0.4183372544205707 0.3810487625391587
0 0.6996203583219777 0.3605659194614576
0 0.6436816071686537 0.4249967572481736
0 0.6412328021681827 0.4269788980484009
0 0.6715199707642846 0.3697293891854908
0 0.6361384229815524 0.3729714288659718
0 0.6673880919166233 0.3677544180465781
0 0.5917386985991312 0.33004577036785043
0 0.5657268597379975 0.3452945070422214
0 0.6214870052493137 0.3593679772770923
0 0.4625184529501459 0.21601633163897888
0 0.487800027527239 0.2316615133829739
0 0.49283314852610877 0.2488932701556579
0 0.636019819456598 0.4478910753260488
0 0.5832846271603004 0.23396136825499328
0 0.5864645262127337 0.21079199897206347
0 0.5686001709621885 0.18293576797713404
0 0.5246832344842993 0.3084231033273365
0 0.48336783359232155 0.32923892982628034
0 0.6030025925973187 0.28567342978456745
0 0.4833227672978588 0.29166440892478696
0 0.6209562278312185 0.30769419903340545
0 0.6455035643733066 0.3526043825823328
0 0.452716747055883 0.3456885678612668
0 0.5043434759844905 0.3367046102233555
0 0.5344950955199159 0.3367826310188874
0 0.5713291025680044 0.32572302261124486
0 0.5945400255529777 0.3139862870392592
0 0.6102620113802992 0.3043518010040988
0 0.6463418583507123 0.2860911301944567
0 0.4669790112453958 0.37298576818860096
0 0.46575072634479275 0.2933745084249455
0 0.6930117820915969 0.35868043381234876
0 0.6172054941239564 0.3314003967072653
0 0.39710139224062796 0.32325452851212544
0 0.6217255216577778 0.2956288765306058
0 0.6168875940468 0.3604538427746814
0 0.49811102061168006 0.2966946534488512
0 0.6386287316032078 0.3441997809254605
0 0.43610890404037805 0.4116714344076488
0 0.6002299649559933 0.2811257677233737
0 0.6568544241397277 0.33360361333774485
0 0.5388623087302499 0.46851727781088454
0 0.5359487423430318 0.48254012076751046
0 0.4364718247366988 0.3790361506783444
0 0.5044464737824772 0.4541773802560309
0 0.4237328317502271 0.2946531600278357
0 0.644654125623081 0.4938480294269064
0 0.6917459673207739 0.3617367048626361
0 0.6028781121839648 0.344534590581189
0 0.4515349291588949 0.31484576709892437
0 0.5427529002013414 0.3016018131504888
0 0.5607542661221131 0.2984599627230478
0 0.6355120319387187 0.43167739355045814
0 0.477872790687758 0.39868021102055257
0 0.6878592125747515 0.5040148120859395
0 0.6127556847489398 0.5008320573879325
0 0.5773104199248812 0.4947732539280601
0 0.6367368911919387 0.20249227052149565
0 0.729138354892316 0.49668535525384155
0 0.5758902074202247 0.29316070371347924
0 0.588830095594344 0.2870500385761261
0 0.596894861239454 0.28325530932001447
0 0.44687079605848895 0.29314704077399295
0 0.577112067328847 0.27268034634382826
0 0.5568705411708873 0.27128559357446175
0 0.537816161694734 0.27465920668581256
0 0.5214644657528918 0.2810532594504564
0 0.5131472984085912 0.28721551571203313
0 0.39713864805905713 0.2914792997681576
0 0.5285870870170386 0.30143658965826037
0 0.6979672474705655 0.37567449263904407
0 0.634973916022674 0.394397183864013
0 0.647126590428145 0.3623217086429181
0 0.6730973519708799 0.3820824450772742
0 0.655632549006006 0.2645939491365267
0 0.573655056240766 0.4812082547208537
0 0.6080440645632537 0.4882847780766694
0 0.6846149874770123 0.4943392865035845
0 0.4999485987684001 0.4658768471168435
0 0.5926669729144677 0.2778777758712354
0 0.6427417008773141 0.3092239747876706
0 0.7259569790052331 0.48687641309655233
0 0.6495289588752 0.5043262527040814
0 0.4515820508417876 0.4071003694897113
0 0.6664639892785446 0.41984721564728283
0 0.6652347756468732 0.42402973226878954
0 0.6643334193074185 0.42919256479843804
0 0.6643381390882575 0.43504412446333013
0 0.6597619309373524 0.45068565373835356
0 0.6395072502934415 0.42480693031912264
0 0.6355463797631471 0.42470127927220386
0 0.6317610850800639 0.42412686088810797
0 0.6066293483195098 0.4209473528291868
0 0.5144871985134871 0.4003853729237681
0 0.6337736605302148 0.29598215144613516
0 0.6084559035042058 0.2688391326562218
0 0.5967618395452914 0.27198326587677
0 0.6433785363383915 0.42465690853803056
0 0.5152433378540952 0.4336327833973843
0 0.6265061724445095 0.2663822216184243
0 0.6522422847540482 0.4638299426306849
0 0.6822704439577849 0.30716411756432577
0 0.6566731236551119 0.2998948419223661
0 0.6735207010870394 0.29387822786103124
0 0.6359108077443164 0.3320058779871982
0 0.7226913474176241 0.4724898451048395
0 0.717440149706343 0.45776068905125494
0 0.686394527554512 0.4635449485934299
0 0.5969406583386919 0.45269312508728193
0 0.603640311114166 0.3746480135814003
0 0.6224046828954116 0.4604396735844405
0 0.5608230987968652 0.3810845770265745
0 0.591561600241972 0.3919662628484809
0 0.5484048225309538 0.4061935426100441
0 0.6849598055300505 0.47942409126654917
0 0.6232626477013463 0.34149353815161665
0 0.5801824979160143 0.4655669283607732
0 0.6134592518210411 0.47323119484859966
0 0.5779624957105388 0.43988729831965073
0 0.48793788319048675 0.4205890726784001
0 0.5491401491605717 0.44522737705189247
0 0.4715572747847308 0.432455234164777
0 0.5816904983442762 0.4136056534622026
0 0.6296582247899927 0.32010613407777705
0 0.6543330258649328 0.3570072310126346
0 0.6386536703161572 0.3630637347698212
0 0.6639227679242259 0.3464437834594561
0 0.5859374637189119 0.259370140666547
0 0.5494969798171002 0.25810838173265044
0 0.5206398439148198 0.26316458245982294
0 0.49905473317788995 0.2714590182122977
0 0.4864987002118774 0.2807495634193006
0 0.48698659613728523 0.3030749756356944
0 0.424381908191287 0.3511936164420584
0 0.5154594885914222 0.31968457828397334
0 0.5392061067016228 0.3200857580355976
0 0.5658559990317925 0.31380253064891567
0 0.5879984245352123 0.30480489316193954
0 0.6029166469107503 0.2967217425937238
0 0.6129928004482518 0.29061557540427085
0 0.40607529425102734 0.35212269632712656
0 0.6380462801974752 0.3664950264536816
0 0.6511883120173994 0.32087810706833136
0 0.6723152995109558 0.3543472528457642
0 0.6804804290118425 0.35917530953884125
0 0.6701075078352637 0.3569369886232459
0 0.6430435536996179 0.36970629070116123
0 0.6860423405533251 0.3593407866747483
0 0.6847758254279261 0.36239824139553567
0 0.6067465968106104 0.28035834340945537
0 0.6188739214254462 0.2819893399010534
0 0.6276212891806727 0.28409632411987884
0 0.509116209719492 0.29153713052687436
0 0.49419652573440387 0.28941464022449825
0 0.6964180631482083 0.3056652863388476
0 0.7583156746366749 0.2547364764887354
0 0.7140589596136756 0.3531498855870703
0 0.7805507144202357 0.19180179821408314
0 0.722559132653734 0.2705380718345227
0 0.7360081329293873 0.26904091465732327
0 0.7490721513395724 0.2666447428257569
0 0.7644925583963809 0.2577230800753054
0 0.7109738977059074 0.2700288906045582
0 0.732818322337192 0.23595517666443536
0 0.7181649557922197 0.23991452066794686
0 0.7476294513629831 0.2350952400461487
0 0.7580981384152952 0.23801992075598757
0 0.777668420387351 0.26321684996718947
0 0.7721242308616638 0.44795752996983734
0 0.7628934357477271 0.2510610104902931
0 0.7973108084305472 0.24325245456851047
0 0.788231746658035 0.2526069856208304
0 0.757097910279813 0.3220728195231894
0 0.7158406312051027 0.3920735372149426
0 0.7161465034536694 0.40517501105432924
0 0.73509776333104 0.3916532327299533
0 0.7474522007548291 0.3933785170316696
0 0.7304928406425144 0.4020667937786683
0 0.7417145306649415 0.4004717470511146
0 0.7732400175022043 0.40854454895724424
0 0.7170118981081507 0.345955806841021
0 0.7161390127047248 0.3337423226107722
0 0.7718522496845411 0.22318526584169138
0 0.7153660648542902 0.29538416110950966
0 0.7423580651697905 0.33451488743657654
0 0.7390826286181159 0.3272038451355437
0 0.7938148210877958 0.310560676973799
0 0.7067558447951856 0.3188199915315794
0 0.736884976858678 0.21570769801088002
0 0.7565762679214063 0.2168941078626591
0 0.7678985045008038 0.17355976176002752
0 0.6825431254894837 0.23649753448755845
0 0.7064432430526485 0.24688505478527234
0 0.780150294303894 0.3951571341442025
0 0.8097419194553209 0.36427703085153
0 0.7323878783246746 0.3444779773121295
0 0.7215303726818251 0.3523457336684932
0 0.7629295192334963 0.3986086158648781
0 0.7583953323571578 0.3994667769774147
0 0.7602544997049414 0.20821595995322517
0 0.7421184221039647 0.34038525055284086
0 0.7127034081065137 0.22084403323090596
0 0.7114731591680775 0.210861260605895
0 0.7150472817213639 0.15983221077400706
0 0.7681562045346135 0.18873506013465965
0 0.7167979854604473 0.18555741212938143
0 0.7770572848941969 0.21689037084579468
0 0.7808932791585508 0.20241753018420675
0 0.7166143403105114 0.3990671359974405
0 0.7329817181048186 0.3972041739069897
0 0.7446995027687239 0.39700754932735277
0 0.7289203923681508 0.3482401894486469
0 0.7606494387854701 0.3990959161001703
0 0.7548269953416742 0.40310598883939824
0 0.7561191799847976 0.3998714231926462
0 0.728301096221675 0.3418671383805897
0 0.7388134184090988 0.4030085220285084
0 0.7280776222114977 0.4054770837659421
0 0.7149622343156649 0.40906661528608074
0 0.7342482636804166 0.43972784099371537
0 0.7237683405046877 0.4253335622341736
0 0.7213213320659555 0.41915639172429625
0 0.7181204376013383 0.4134610427462536
0 0.7148745072924573 0.409337844926378
0 0.7387924686722134 0.40357218592063243
0 0.7430157590171566 0.4051669620949289
0 0.7475993970166082 0.4075659578261168
0 0.751609566419021 0.4104415669389393
0 0.7615840771923894 0.3743564924468165
0 0.8008743343145951 0.29860256119914674
0 0.7469479759102282 0.40184659724650174
0 0.7508370448713717 0.4024203054282976
0 0.7173444142808085 0.35936232947784924
0 0.7376142286736033 0.35025483045888983
0 0.7195042164429374 0.35601308306922086
0 0.7321266156175862 0.2995406031608582
0 0.7587978230870288 0.3034655192623968
0 0.7409965149734331 0.332661479258019
0 0.7470621337061343 0.16258941901766735
0 0.7470249844634015 0.18275033753851186
0 0.7378418134606403 0.20575358712154887
0 0.764127765012824 0.41826684643392975
0 0.6809707685657169 0.2203887597374294
0 0.6815067834180334 0.19307167374569437
0 0.6763689517974854 0.16344585535318956
0 0.7594613329223965 0.26281450345464374
0 0.7940780326076176 0.26888445032679514
0 0.7034090329771456 0.2683571251190227
0 0.7718875719153363 0.24026130230530449
0 0.7030261826256047 0.28980707772400066
0 0.7355596928492837 0.3320730090141296
0 0.8056146385877029 0.27024709180645323
0 0.7892874246058257 0.2777814250925313
0 0.7748408453619998 0.28508025867783504
0 0.7482123595217 0.2878372809161311
0 0.7274962974631268 0.28659975340832833
0 0.7118838105512701 0.2841641315299532
0 0.6803939808969912 0.2787353620581005
0 0.8136496543884277 0.29749253191377806
0 0.7807430987772734 0.23671651353006778
0 0.7108310862727787 0.35437342887339385
0 0.7214980345705281 0.30855222486931344
0 0.7909140742343405 0.2416837022356365
0 0.6996967274209728 0.28021123007587767
0 0.7392569560071697 0.33325892848813016
0 0.7676231738017953 0.24998409015976863
0 0.7308809893286746 0.32344195428101913
0 0.8066261941971986 0.3296902295687924
0 0.702643880377645 0.26446428648803544
0 0.7189936884071516 0.3197310458058896
0 0.811666158878285 0.4042504291171613
0 0.8118396336617677 0.4177176233219064
0 0.8123865192351134 0.2972011798749799
0 0.8160078700469888 0.38199424471544186
0 0.788395507828049 0.22062611949184666
0 0.7803642374017964 0.460431590805883
0 0.7063040247429972 0.35836419087389243
0 0.7360725655503895 0.3154845433390659
0 0.7986614270054776 0.253688522266305
0 0.7454773226509923 0.25989038076089777
0 0.7340122746384662 0.26241494702256246
0 0.7586056823315828 0.4040172122094942
0 0.8168045386024143 0.3234846678764924
0 0.7622960028441056 0.4851766622584799
0 0.7960596706556238 0.45653220816798834
0 0.8050823995600576 0.4401066155537315
0 0.7229165875393412 0.2637956817512927
0 0.7124457385229028 0.26426654587621273
0 0.7058405727148056 0.26457387746676153
0 0.7878154619880344 0.23288605433443318
0 0.7124249410370121 0.2568022689741591
0 0.7231536118880563 0.2525996130445729
0 0.7345663464587667 0.24995008499726004
0 0.7464208829662075 0.24890461648287981
0 0.7544604662967764 0.24960526487101678
0 0.7871912938097249 0.21320736317530922
0 0.7529217263926631 0.25731647234895955
0 0.7488286410984786 0.3686912763377895
0 0.7333987944799921 0.342160181377245
0 0.7208689334599868 0.37123718248761217
0 0.8036242917827938 0.42583422103653784
0 0.7934080064296722 0.4433655648127846
0 0.7585567793120509 0.4757120667592339
0 0.8116673464360444 0.394031091487926
0 0.7056942290585974 0.2615084583344667
0 0.7002155379108761 0.2967162638902664
0 0.7831476291884547 0.47167436376861904
0 0.8156758106273153 0.3261513929652131
0 0.7280851434106412 0.4059236995551897
0 0.732313488488612 0.4089114191739456
0 0.736302190500757 0.4131376301464827
0 0.7397761014492615 0.4184730756541957
0 0.7520420810450679 0.4291703794313514
0 0.7504876592884893 0.39971088365368224
0 0.7537441253662109 0.39779418292252916
0 0.7567098529442496 0.39561575573423635
0 0.7727971802587095 0.3834835727577624
0 0.807089768026186 0.3352241766193639
0 0.691163059162057 0.28362921392140183
0 0.6890872386486634 0.2574915879446527
0 0.6978395393361216 0.2577002183250759
0 0.7468046468237172 0.40150120219458707
0 0.8126954669537751 0.36557717452878535
0 0.6777747461329335 0.2594546885594078
0 0.7607949298361073 0.4378383308649063
0 0.6889757604702659 0.29280771626078567
0 0.7187296547319578 0.3137658706825712
0 0.7413416984288589 0.45014738803324494
0 0.786360977784447 0.40830778103807697
0 0.7537555137406224 0.3413403711889101
0 0.7755348967469257 0.42413507894329405
0 0.7820460018904313 0.33233473547126935
0 0.7692032041757003 0.35233142816502117
0 0.796408386334129 0.3505291038233301
0 0.7517991493577543 0.46283359644205674
0 0.7274776923915615 0.3183385251008946
0 0.7988064004027325 0.4133735525867213
0 0.7860588509103527 0.43164729450059974
0 0.7928572232308595 0.390456710950188
0 0.8177341831767041 0.34608617969181227
0 0.8061318047668623 0.38555002471675043
0 0.8173780985500502 0.3539424375347469
0 0.7827748578527699 0.3684443288523218
0 0.7106824893018474 0.30243592884229575
0 0.7330848833788997 0.3386021693115649
0 0.739572541869205 0.33978347247061524
0 0.727099957673446 0.33186280604289925
0 0.6961348153974699 0.24408175103042437
0 0.7154553448376448 0.23271249441996864
0 0.7344502703003262 0.22784541041954703
0 0.7514022614644922 0.22759807401377222
0 0.7639608370221179 0.2315349113682042
0 0.7762617125459339 0.25137732106706373
0 0.8067373983238054 0.26946931883044867
0 0.7725829326588175 0.269202451861423
0 0.7604769079581551 0.2747976792247399
0 0.7421902236731156 0.277707530234171
0 0.7241417817447496 0.2782054835039636
0 0.7103830724954605 0.27699441948662634
0 0.7005708917327549 0.27503465005884997
0 0.7946491565393365 0.269860335925351
0 0.7380933321040609 0.3435897847880488
0 0.7082803644563841 0.30838167485983475
0 0.7257967196080995 0.3414548152166864
0 0.7164710112240004 0.35040508897408196
0 0.7237651127835979 0.34402250090371006
0 0.7339338958263397 0.3491390688263852
0 0.7149340678816256 0.3523201663856921
0 0.7110515457132588 0.3561153522004252
0 0.6978497097025746 0.26557024056496825
0 0.6915037968884343 0.27004015238388723
0 0.6886447668075562 0.2729047364514807
0 0.7593547267758328 0.25044523127700974
0 0.765565197104993 0.2424957001986711
0 0.5509886589387188 0.28406566705392755
0 0.5720735947075097 0.27816273608933323
0 0.5436790430027506 0.271134844681491
0 0.5291923912970916 0.2900845977275268
0 0.5576936557241108 0.29699711508077126
0 0.7258983928224315 0.25954992330592613
0 0.741251048186551 0.2572011828422546
0 0.7236118264820265 0.2501090012166811
0 0.7104379742041879 0.261841577032338
0 0.7279488178698913 0.26868684499160106
