0 0.6313414279418655 0.29390957542494234
0 0.6586343617756155 0.25769872358199264
0 0.6539056244530256 0.2671807406663227
0 0.6521708746499653 0.22075040868016518
0 0.6620576583509203 0.24744438682617592
0 0.6661953901565527 0.23352763599374382
0 0.6765073096450371 0.19800334993530722
0 0.533072872252404 0.17999999863760813
0 0.6847236118739164 0.17065063527986116
0 0.6889681793466399 0.1569231897175145
0 0.7040473716922954 0.11012277674942124
0 0.6307218744407727 0.2971860460874413
0 0.6305801813738255 0.3004763931954274
0 0.631080959416643 0.30280203453632965
0 0.6308698203367523 0.30341272544460135
0 0.6296461473537397 0.30706773026316775
0 0.6284586191177368 0.31145558963302805
0 0.6280016108781477 0.31583486852191744
0 0.630700399792647 0.3246777798114371
0 0.6566386341671401 0.2630131221285053
0 0.6350854295718519 0.26027123834572585
0 0.48493512842474107 0.12895385165508388
0 0.5852351886562154 0.19419785570196746
0 0.5667989910403385 0.19329708342959567
0 0.5489340289672718 0.19076416109289443
0 0.5248500625543957 0.1815766429199892
0 0.6007971503312075 0.19317334118176574
0 0.5675590068479127 0.15822589514302274
0 0.5883027954569345 0.16237194790225737
0 0.5465616957296299 0.1578377747819537
0 0.531225776653501 0.16119013305137805
0 0.5103594283514385 0.18544166583140023
0 0.5549262267879292 0.33091006066952766
0 0.526247117149679 0.17565178261751555
0 0.4658709175979035 0.17180159095288658
0 0.49258191393146034 0.17452232906965315
0 0.561325417289251 0.233144047756155
0 0.6073394910066943 0.28947130254670683
0 0.6101601535006415 0.2977847192300802
0 0.5865417328439181 0.28901964334212765
0 0.5740039335398734 0.28987389769540783
0 0.5943097977698604 0.29576323938970805
0 0.5828855396071567 0.2946387635392635
0 0.545291352875625 0.2987040273782586
0 0.641922926412353 0.25559085332045034
0 0.6423259085114998 0.2453088145963952
0 0.5131680661741691 0.1460426688110795
0 0.6087856911405732 0.2123336570353067
0 0.5933596223970002 0.24536813958352352
0 0.5941347185569473 0.23923803519468015
0 0.507855905950824 0.22418032227611007
0 0.6474214831862268 0.23229278511359913
0 0.5618879172620894 0.13756691044619104
0 0.5343613723599459 0.1393058454873515
0 0.506876036713395 0.1137782398726092
0 0.6409212995933581 0.15736803800618948
0 0.604385807355748 0.1695603285850931
0 0.5335484692190267 0.2890971986686482
0 0.4512914988813521 0.26909421338420625
0 0.6057329383454745 0.2530271991127345
0 0.6203453329545033 0.2582722408931796
0 0.5604490875443325 0.2926233944271793
0 0.5660009206850317 0.2933879229200988
0 0.5269894496172289 0.13093567541500434
0 0.5907472130618517 0.24907564574263008
0 0.596318738370002 0.1423748187324246
0 0.5965225353271146 0.133012253655439
0 0.5890690923868855 0.10098835825920105
0 0.5177315703675717 0.1252727743958225
0 0.5939951616374752 0.1208847367963871
0 0.5039382963618145 0.13978479927828333
0 0.49645006675508957 0.13707683003750168
0 0.60788698136052 0.2938395312019423
0 0.5900421570750731 0.29257954995171365
0 0.5781246186057224 0.29228707521903413
0 0.6092139674892908 0.25540419603262293
0 0.5632639499027517 0.293070776121957
0 0.5697650388826297 0.2959336268634689
0 0.5685236967062648 0.29368561723319087
0 0.6180662333588057 0.25214511548437657
0 0.5870534038241906 0.29629153731156466
0 0.5981982369211656 0.2980175889005848
0 0.612907734286936 0.30030279758931544
0 0.6050101707253275 0.32100281328046354
0 0.6054808305034155 0.31217624818911405
0 0.6070343189978902 0.30803029727535086
0 0.6098179455044903 0.30399164056577604
0 0.6130372187759303 0.3009754360056057
0 0.5872007555599454 0.2966309882679573
0 0.5828530022615119 0.29772923890949965
0 0.5778278214267537 0.2992360681211915
0 0.5736581181423573 0.30100772102006007
0 0.5615648072731646 0.2741062581873074
0 0.44947764088835895 0.2155526486598477
0 0.6554450370088408 0.26517094759380117
0 0.5788744063694266 0.29519137706743237
0 0.5742645435318162 0.2955236479180868
0 0.625877870034568 0.263138061060625
0 0.5945593026242678 0.25579199812659364
0 0.6230725142397459 0.26077593357957046
0 0.5872468454173848 0.2155474163487512
0 0.5547395473039602 0.2183621578356799
0 0.5894089803288255 0.24292911877151296
0 0.5398461361286007 0.10386802623418867
0 0.5486589398565171 0.11931905363287244
0 0.5582151582723931 0.12846792144935673
0 0.5604600370684757 0.30603023044535427
0 0.6409222191270394 0.1417799393335978
0 0.6416776372662073 0.12673056501300395
0 0.6420918942629537 0.10348670405833996
0 0.5332848035459277 0.18680564403867855
0 0.4901191056529178 0.18941743296234548
0 0.6110014277922956 0.19157066265074144
0 0.5133583389128311 0.16370215160506113
0 0.6248758895487725 0.20767474867382638
0 0.6074899550102935 0.24402866794281647
0 0.471985958045042 0.19340729296040468
0 0.5000343948979921 0.19805748080339083
0 0.52269293556485 0.20462485872396902
0 0.5588725541211381 0.20775754904212737
0 0.5862043630095977 0.2070774504450523
0 0.607096691674824 0.20489266139118611
0 0.6564705717035487 0.19807031333279543
0 0.4676292640498922 0.2148434859113533
0 0.5014222541564628 0.1594868821172821
0 0.6460790064515947 0.26155263260633005
0 0.6063556324077558 0.22307187435673734
0 0.4607834772595876 0.169621257638397
0 0.6234671498024011 0.20151538917330467
0 0.5874050900905947 0.24266880174644856
0 0.5187171690071686 0.17421359725359106
0 0.6087686726941338 0.23660601721424349
0 0.44707201345811914 0.24118160324938157
0 0.6110957012146334 0.18809028462368568
0 0.6281993247662918 0.2333709976586307
0 0.47883835133117963 0.29907125668699336
0 0.47715032798579976 0.31147392181789174
0 0.45124693686449074 0.2148186865390516
0 0.4622426498917085 0.28191006559283793
0 0.481547976596446 0.1527972132468424
0 0.5460086245136925 0.3414159557398628
0 0.6468022409119184 0.2638913356289476
0 0.586760256486603 0.2281843769867547
0 0.47754217665406723 0.17405622053880984
0 0.552086579460132 0.18598942896899054
0 0.5680679616671575 0.18814655424667007
0 0.5656046724017663 0.2964571125867988
0 0.46377404128448874 0.23549246429061355
0 0.5774071276942386 0.3614721552831452
0 0.5223041284310667 0.3408096951095998
0 0.5003146546173699 0.3285969463216157
0 0.6962243752389015 0.13377286109770714
0 0.6182897083366974 0.3681363373243508
0 0.5832682353786275 0.18873609948892886
0 0.597349422453325 0.18844398121539951
0 0.6064912989924226 0.18841505710150347
0 0.4897540790747993 0.1552825737483695
0 0.5965791786018806 0.17887623570546382
0 0.581890660750715 0.17388481461033434
0 0.5663583929402919 0.1712469914380242
0 0.5498308360199385 0.1708241290405017
0 0.5384072498241558 0.1723937841774035
0 0.47088067856016036 0.14655441684382303
0 0.5409350549872918 0.18314182958683045
0 0.6506986304928984 0.2750391627059263
0 0.5816869769669786 0.2703340546924527
0 0.6066364155539984 0.2517534687238581
0 0.6212364884116982 0.2720722258925772
0 0.6804793556279773 0.1842640393755349
0 0.4991891170981564 0.31550794455851494
0 0.5211216929969908 0.3286112810717243
0 0.5786413116545617 0.35218779479756074
0 0.46181315692919717 0.2928745453598119
0 0.6065520448020741 0.18467045372941582
0 0.6377452019649216 0.21332763064475285
0 0.6197373231377783 0.35880332016477395
0 0.546942375600338 0.35191983936213644
0 0.44895579845090455 0.2378630194844318
0 0.5984161522569535 0.2985644990823516
0 0.5942073617177673 0.30064869027177826
0 0.5901595320128188 0.3034637500258053
0 0.5872570027278948 0.3069081893321179
0 0.5795588082150568 0.31391177140698046
0 0.5741382844840424 0.2938919816197467
0 0.5694043270394772 0.29253040951173176
0 0.5655698998819424 0.2909977370116557
0 0.5447576343070103 0.28067182835076704
0 0.4858696434316756 0.24408351172920034
0 0.6412238261744946 0.20230494619083672
0 0.630634985581229 0.18009638264566577
0 0.6168255560760256 0.18074610583087644
0 0.5787623505803603 0.29503909262622435
0 0.4742061226051065 0.26842501225257787
0 0.650874756559541 0.1814675918814181
0 0.5671420619834827 0.32181615121558266
0 0.669651662624335 0.22143367721753962
0 0.6538519095393676 0.20996652639546648
0 0.6729133476184893 0.21018787479701162
0 0.6177429677564886 0.22767465313275656
0 0.623317449719091 0.3472755330951274
0 0.6272807672053953 0.3349822245392145
0 0.5963897263701958 0.3304679494778983
0 0.5264817114117779 0.2998753012228413
0 0.568462795283221 0.24861510052066557
0 0.5440941129492808 0.31175022858197615
0 0.5282779002114187 0.2411884523573376
0 0.5480547708612454 0.2569242396942374
0 0.5064641280642038 0.2556120117171472
0 0.5861287914876696 0.34146591094361634
0 0.6034099557731725 0.2313905360818911
0 0.5084768882657908 0.30508505354742377
0 0.5306631988739665 0.3187364969266897
0 0.5152277933268608 0.286237632443591
0 0.4621209460723249 0.25349851449330646
0 0.49185012073456486 0.283558281780291
0 0.4510565509524527 0.2599991327073394
0 0.5289730252344397 0.26880800214802186
0 0.6222194699169714 0.21811539898900426
0 0.6125980070497417 0.24963964050223514
0 0.5983966722895827 0.24971156886645726
0 0.6241240505176254 0.24430433817270422
0 0.619450952056088 0.16656226524952747
0 0.5920208945304533 0.15527389142192713
0 0.5656592219690734 0.1506664659462723
0 0.5421807048252866 0.15086972404594848
0 0.524085406638399 0.15490216818176397
0 0.5077861911511119 0.17457508502387198
0 0.4561903640816483 0.19287540498567896
0 0.5189123082010052 0.19120741804607777
0 0.5379665809907491 0.19663192427792803
0 0.5626427695343766 0.19976334152769307
0 0.5863154002382786 0.20015552297693676
0 0.604788294321374 0.19880100366782075
0 0.6180801819774169 0.19697364129606082
0 0.455147768500485 0.19226799859386198
0 0.5975627401207066 0.25198310480064373
0 0.6348168550035621 0.22319411438386313
0 0.6272418214173257 0.25253413972400485
0 0.6352451596456238 0.2587351540223557
0 0.6261994663295867 0.2541019489117363
0 0.6013153853672969 0.25546436124489086
0 0.6394787917408762 0.2602239056628625
0 0.6396992110376116 0.2623835643466447
0 0.6184077481680279 0.18887359087540656
0 0.6296695600959319 0.19224112412007918
0 0.6372735094797762 0.19478603876104542
0 0.5314402755679963 0.17405904675064302
0 0.5211673301609256 0.1663100449394445
0 0.68596970733208 0.22473068247322275
0 0.8053765315798265 0.21135763369020627
0 0.6770774205274219 0.26492542362346705
0 0.8838638806644874 0.1750539242386484
0 0.7514419483987591 0.21317133603810595
0 0.7679516522190238 0.2162346313981449
0 0.7851530434210089 0.21784666698186003
0 0.8120325124716457 0.21499980597936807
0 0.7388147704208954 0.20898730764869883
0 0.7881093300596068 0.18543605159978574
0 0.7682958690426017 0.18466044741184437
0 0.8061875037000149 0.18933008773988033
0 0.8171643592134307 0.19523755792810135
0 0.8226435350466378 0.2222546917550704
0 0.6972285060188438 0.34733022411330405
0 0.8137572181375721 0.20895317668507413
0 0.8770157596732997 0.21974348796515905
0 0.8470185904563228 0.21687909681089118
0 0.756269358758685 0.2561518436386472
0 0.6574464798728122 0.29487522326263726
0 0.6527670437022101 0.30248700103172066
0 0.681639099800134 0.29951550663352344
0 0.6964960479283635 0.30347065005649704
0 0.6721088263807418 0.30440347819101243
0 0.6862189999864071 0.30618269311613727
0 0.7258250698258605 0.31934217194549175
0 0.6752456811409963 0.2593865831192134
0 0.6812837353990048 0.24981641877933042
0 0.8469380110124999 0.18554572644186954
0 0.7265199826488012 0.22613310734597908
0 0.7228921534894388 0.26038624734437765
0 0.7255229534982126 0.2545622904427579
0 0.8090146029297309 0.25957451347543414
0 0.6841090804413904 0.23658190529887416
0 0.8083873677857315 0.1683126324448599
0 0.8319547613964805 0.17514973536592907
0 0.874569630321068 0.15644251728425174
0 0.7274684038343309 0.17071871897753546
0 0.7505371272563934 0.187606735055854
0 0.7435558577881584 0.313119821020869
0 0.8310570701768126 0.3121565156290177
0 0.7065527473069444 0.26473797703323576
0 0.6903401235990887 0.26637050901808323
0 0.7131818212285826 0.3096179917913859
0 0.7072195082525664 0.3091471856381713
0 0.8454620038406758 0.1690736854610657
0 0.7221032784709448 0.26446821384069297
0 0.7748492582689358 0.16615664019805043
0 0.7806894854654239 0.15766370814053618
0 0.8122037154964253 0.1272899130729734
0 0.8603809992723828 0.16563853955402427
0 0.7965031447289865 0.144951114509286
0 0.8606065821044052 0.18230972662359393
0 0.8715102710301363 0.18099244456498229
0 0.6552848825349084 0.2989843061157301
0 0.6767392018927804 0.3021596696864323
0 0.6913996244533153 0.30487578656493114
0 0.7017004105109202 0.2660788235878076
0 0.7100482484962367 0.3094227285612197
0 0.7006655814526956 0.31063815241768244
0 0.7044224565542196 0.3088692748079113
0 0.6974640764013121 0.26142736267642813
0 0.6824226273766046 0.3068824478892051
0 0.6683850827850873 0.3057280549315177
0 0.6509993887400325 0.3044632105600266
0 0.6565074520775035 0.32693360608165006
0 0.6522717404214642 0.31769640004935384
0 0.651719539225856 0.3131339775414026
0 0.6510477986516832 0.30856676829629254
0 0.6503029197831697 0.30500625061387776
0 0.6816783709616601 0.3071305179963259
0 0.685435104596464 0.3092293749336435
0 0.6895847761932807 0.3119281016978897
0 0.6931483511683307 0.31476072979574443
0 0.729703606306752 0.293629627685253
0 0.8633745199517359 0.2631988882684574
0 0.6921878487248964 0.30787602684744936
0 0.6962663342681112 0.3091796234208329
0 0.6822705223590513 0.26968104699078727
0 0.7140319796302651 0.26979450284599926
0 0.6863350875769989 0.268132613904002
0 0.7435653077650674 0.23399021812513762
0 0.7708333858960792 0.24390912682068447
0 0.7268608042710945 0.25910935974588584
0 0.8531540021111693 0.14041282937807195
0 0.8372954696039611 0.15361818959232137
0 0.8183855565288399 0.16057121812128552
0 0.7070120897474168 0.3228402583538985
0 0.7370039681090584 0.15708721184930882
0 0.7503821363177481 0.13970910263161698
0 0.7637437529201749 0.11800132600032315
0 0.8012157972854904 0.21791548905920247
0 0.8379799987696395 0.2309635489427743
0 0.7310331671298305 0.2054813027548857
0 0.8339574208742455 0.2014116595606176
0 0.7154110538054116 0.21828185268142977
0 0.7120723826221272 0.2562079859547922
0 0.8595839474774614 0.238805395631897
0 0.8211871068688887 0.23609969245285548
0 0.796234046733832 0.23655483986483233
0 0.7641124434863464 0.23125220447027384
0 0.7422868730146673 0.22456015496193862
0 0.7263158744649042 0.21798257976353003
0 0.6943453293812426 0.20248146985425336
0 0.8503700502311127 0.25962734581375657
0 0.848804183398621 0.20072066349809578
0 0.6671106091028527 0.26386633256570297
0 0.722783422168297 0.23669701614299743
0 0.8806541988366767 0.21767781992085508
0 0.7148231181162822 0.21130907886168537
0 0.728114935038965 0.25926798406769247
0 0.821694321647475 0.20943148121112534
0 0.7149880400186852 0.2489616806600608
0 0.8507928093777427 0.28738451429775785
0 0.7337406421009498 0.20262843286957727
0 0.7002544508704657 0.24176662909884414
0 0.7874569138394126 0.3340289509263025
0 0.7839162564730342 0.3456849614445235
0 0.863888213906107 0.2627267326627459
0 0.8128443616854993 0.32181857004552994
0 0.8750384510317936 0.1987544348259934
0 0.6991332422328901 0.3588617030812913
0 0.664317108219183 0.2657897606784222
0 0.7368367827391322 0.2458731403537825
0 0.8626655453368078 0.22056238920915694
0 0.7852520135384572 0.2126584549744924
0 0.7697681414930126 0.21127005931543036
0 0.7048264572137519 0.3121411115014586
0 0.8407896692994274 0.2793197278715983
0 0.6602549620821506 0.370740653336549
0 0.7244524465331549 0.36335209537954893
0 0.7523682441892503 0.3566360230706319
0 0.7561893451817429 0.20868757642617747
0 0.744470157200777 0.20555489883870304
0 0.7371151043644434 0.20376930584092767
0 0.8635092245627053 0.20018615300247983
0 0.7513088282150558 0.19790863364684483
0 0.7665447939800311 0.196807047566112
0 0.7810726056370554 0.19780210328369247
0 0.7953190682809564 0.2007286329062379
0 0.8040772446348697 0.20405863609467567
0 0.8855564167982415 0.19416563434093273
0 0.7966216372538216 0.2124513776696363
0 0.715255129186413 0.2859061763567083
0 0.7069713756253447 0.263392929352966
0 0.6795152033431621 0.27887522331138953
0 0.7584841334367101 0.34489675387948837
0 0.7302947391437579 0.35240688986804974
0 0.6621052901956099 0.3617692639847763
0 0.808336949046654 0.3317467212176123
0 0.7394391762304909 0.20061051762070642
0 0.7020332534101945 0.22082466675954707
0 0.6942921378944493 0.3684150883797504
0 0.851522324960443 0.2844332362256464
0 0.667510323320763 0.3061499752584292
0 0.6703474525409409 0.30913195974018726
0 0.6729634551307823 0.3128983071204327
0 0.6748391057871566 0.31716563237481427
0 0.6842465012133876 0.32590071477142035
0 0.6972076255309431 0.3076109230852261
0 0.7020101943348027 0.3072260745099279
0 0.7065966585768929 0.306623785853052
0 0.7395754086820385 0.303079487061968
0 0.8158635727212399 0.2825216221876171
0 0.7047983336297772 0.20974207170704165
0 0.7226151899446415 0.19145706675800622
0 0.7331735586063771 0.1948436960285785
0 0.6926627242112462 0.30777509798522756
0 0.8105954369412193 0.30706561696963486
0 0.7049048863634279 0.18840512716803565
0 0.6911606871629064 0.3361076424602701
0 0.6902646086638486 0.21419765831542617
0 0.7112388890000838 0.23868768772825139
0 0.6586668991212603 0.33773182311645744
0 0.7426564689678482 0.32462616961877216
0 0.7407413773898837 0.26876138238345876
0 0.7188728576219534 0.3317830036668217
0 0.7802872672865663 0.27073652253431435
0 0.7527451115318492 0.2808275246152691
0 0.7903651300864883 0.2886284548862308
0 0.6615434834097005 0.35020364132248055
0 0.7211190944985498 0.24516663831823013
0 0.7562927007675171 0.33333986446637065
0 0.7273359343975405 0.3412150400860303
0 0.7622094331662866 0.31462835614420787
0 0.8308376270004466 0.2960906725804679
0 0.7852622557289993 0.3171553205208284
0 0.8361343673512905 0.3042012894687866
0 0.761434648233124 0.29583254523304
0 0.7122904394246354 0.22865329899874723
0 0.7040986392316939 0.26031289314355505
0 0.7156812835343277 0.2633348010501274
0 0.697995708335804 0.25281263616572575
0 0.7402969172483758 0.18224199938506974
0 0.7703822202320341 0.17779369472789497
0 0.7954459639289712 0.17904848185907893
0 0.8154398233075685 0.18384013306192992
0 0.8290163278579712 0.19110306462987797
0 0.8324905807458902 0.21301924255715698
0 0.8728710111183456 0.24137589894756883
0 0.8103717214699033 0.22539453671759918
0 0.7902504288697545 0.22581773011290393
0 0.7670841217041016 0.22306100235265844
0 0.7467983316017103 0.21826341865109464
0 0.7321112567110907 0.21310870107315502
0 0.7221156426622898 0.20857928922864236
0 0.8720748364170895 0.24015461897649684
0 0.7143893528588211 0.2655623652020088
0 0.6996069859854782 0.23081712061617554
0 0.6899762711947477 0.2597141945395483
0 0.6783493195153489 0.263532457648873
0 0.6893958615351327 0.261383416355491
0 0.7085730052447017 0.26796655486277837
0 0.6737682027152821 0.26406047549568307
0 0.671550428942789 0.26587729686114636
0 0.7266630903829502 0.201601932362682
0 0.7155167860320851 0.2019886268871505
0 0.7074958776371388 0.20241832566194506
0 0.8093948654736145 0.2066644670582619
0 0.8237103921703145 0.2018187995634827
0 0.5660755302332625 0.1794470923037088
0 0.5865926750098602 0.18151020148054225
0 0.5677733855156959 0.16949822830886735
0 0.5454816256142869 0.17722617356884046
0 0.5643489147666134 0.18910437271374614
0 0.7769793509682522 0.20403163431405352
0 0.7954143036769915 0.2066818826338824
0 0.7802571348751648 0.19459822298098012
0 0.7586320227460016 0.20133252562928936
0 0.7737297755253466 0.21331752248170996
