0 0.26448115771231445 0.4776405469230984
0 0.25309554341694585 0.42214890666629956
0 0.26480593337960867 0.4401063110517419
0 0.250616566642471 0.35582277049189026
0 0.2534487892104232 0.40290238753609037
0 0.2598296147973641 0.3768557206444118
0 0.28093487251064053 0.31085483561391414
0 0.15521971832798875 0.2920572218687638
0 0.2911663439286792 0.25314644886099774
0 0.29277645569780597 0.22576918135518614
0 0.30406019739482715 0.13323437130969504
0 0.2644360956290494 0.48395735699197523
0 0.2658120027702788 0.49044477006663445
0 0.26818574819227925 0.4947938131249469
0 0.26714927703142166 0.510388708114624
0 0.26572758704423904 0.5190270879994268
0 0.26494656859532645 0.5300762114317521
0 0.2657841525000075 0.5411475720612899
0 0.2668838201333647 0.5529559736666472
0 0.2563433145051417 0.43164014090662417
0 0.2430212991717069 0.42962998825570814
0 0.12751192842488704 0.20322066338165948
0 0.21031069544994313 0.3151735274688057
0 0.1902854862096517 0.3153813424317733
0 0.1720438186565171 0.3127073998036592
0 0.15300370461266974 0.296943942360256
0 0.2259556280206079 0.31198220045670216
0 0.1789989047076391 0.2524581401244454
0 0.20275468071517738 0.2578821363656417
0 0.15836966750414475 0.25368213394413824
0 0.14702539615657018 0.26079463077628096
0 0.14281125528656918 0.30780851633652395
0 0.20545831921955812 0.5631898081820944
0 0.15142176024939702 0.2843167491581129
0 0.11897462412067082 0.2849453998648602
0 0.13448413979748022 0.2894040221753328
0 0.18516393394573874 0.39330980052118714
0 0.2447152500567229 0.4730247217675914
0 0.2492170473155768 0.4888345013494077
0 0.22769959983618362 0.4783109084419582
0 0.21775659206120865 0.4853054710056471
0 0.2365734354471383 0.48989835200102433
0 0.22767685256574466 0.4926526152569315
0 0.1961559397370919 0.5140271249024765
0 0.23754003587300362 0.42016712893610414
0 0.23494885076323282 0.4015877578569495
0 0.1272808951528176 0.2396670921989109
0 0.22792147942211316 0.34684085483136384
0 0.20901897339069325 0.41062229405278744
0 0.21072057877545772 0.3996789901152901
0 0.13640283890392468 0.3849069999611896
0 0.24197491031625998 0.37720103989476744
0 0.15510204661151636 0.22365873637406722
0 0.13560884672662485 0.22722938112590624
0 0.13553388740705408 0.17207343578338624
0 0.2353184074163437 0.24644595073617023
0 0.2228964372821476 0.26914654607358185
0 0.18485109410856082 0.4965626343436863
0 0.14863553675620453 0.4530984577925309
0 0.22336654753788657 0.42292701576067054
0 0.23673577282739722 0.43000438938970154
0 0.20997112973228746 0.4991619120473447
0 0.21488109490145807 0.4991185945013295
0 0.13077169300421423 0.2135079860687256
0 0.21152245609656625 0.41877653287804645
0 0.18603102587487386 0.2279277801513672
0 0.1823743516984193 0.21143388540848443
0 0.19240893958055455 0.13578821057858675
0 0.13470844114604202 0.19089754457059113
0 0.19368039379301277 0.17248202821482783
0 0.12344072921120602 0.22914917106213778
0 0.12476801370149074 0.21578627047331436
0 0.2458173538679662 0.48163138472515604
0 0.23157217126825583 0.4846880353015402
0 0.2220978754694047 0.48923085046851117
0 0.22821511814127798 0.4266927501429682
0 0.21238852454268414 0.4991594055424566
0 0.2167945468555326 0.5052735743315323
0 0.2172887738308181 0.49919851344564686
0 0.22530542799960013 0.41785632423732594
0 0.23309677895968375 0.4948481207308562
0 0.24161000258248785 0.4931431189827297
0 0.2533516304000564 0.49309880526169486
0 0.243722096733425 0.5493538047956383
0 0.24465386990619742 0.5370598160702249
0 0.24518801271915436 0.5262289835059124
0 0.24810312299624734 0.5155626483585524
0 0.25190004317656806 0.5080838483312856
0 0.23227749521965566 0.5035275044648544
0 0.22747748960619388 0.5068660404371179
0 0.22211566389254903 0.5118268956308779
0 0.2181430361841036 0.5177225486091945
0 0.19871422923777415 0.46586823256119436
0 0.13876881450414658 0.36099912083667257
0 0.26021646254736447 0.435851936754973
0 0.22630678360228954 0.5015853487926981
0 0.2213661571883637 0.503178071975708
0 0.24208658528716667 0.4376198582027269
0 0.2194593074205129 0.43015468327895456
0 0.23940722207012383 0.43400110783784285
0 0.20843775035894435 0.35631986182668934
0 0.17651580517058788 0.36698716101439105
0 0.2102827298576417 0.4076910329901654
0 0.15492123608355937 0.14894403530203779
0 0.15598410157405812 0.175375032943228
0 0.1501517331470614 0.2074077476625857
0 0.20717444076486255 0.5266306669815727
0 0.2271676769723063 0.21953720683636874
0 0.2395803636830786 0.17624157667160034
0 0.24054203409215677 0.13143257991127347
0 0.1588159349301587 0.3066044620845629
0 0.1290910473984221 0.31909468122150586
0 0.2357953505023666 0.30818577745686404
0 0.1375564484168654 0.26712315393530806
0 0.2405532779900924 0.335725710702979
0 0.2142727279468723 0.40473984842715055
0 0.11213733952330507 0.32646984691205233
0 0.13083063697685365 0.3354887174523395
0 0.14655073068064192 0.3461333456246749
0 0.1811442548490089 0.3463813771372256
0 0.20837520257286404 0.3407792744429215
0 0.22729307526479597 0.3340732491534689
0 0.26273358208329783 0.3136491868806922
0 0.11033234793854796 0.36785457237907077
0 0.1302227024798808 0.2620845006859821
0 0.24676325398942697 0.430133667199508
0 0.22542312854658003 0.36763647431912627
0 0.13258285431758218 0.27945040205250615
0 0.2405680968709614 0.3257728296777476
0 0.2124344947869363 0.40794987782188086
0 0.14676388903804446 0.2832135335258816
0 0.21781057718655336 0.3915168461592301
0 0.14217104503641959 0.40546454968659773
0 0.23796804638012595 0.30115777876066124
0 0.22859537812030833 0.3820170319598654
0 0.15438386425375938 0.5104765321897424
0 0.16446616662585217 0.5246798349463422
0 0.11541578627150992 0.3639907950940339
0 0.14065528110317563 0.4818751583928647
0 0.12154639188362204 0.24803761347480444
0 0.20444325471053953 0.5762794836707738
0 0.2522939832314201 0.43451886177062987
0 0.20951924035730568 0.38022944408914316
0 0.13001678057986757 0.2906539968822313
0 0.1710406034860922 0.3025410641794619
0 0.18857799940135167 0.30533411399177884
0 0.21296716724400935 0.5079441267511119
0 0.11659045647019925 0.40505923499231755
0 0.23522654621173505 0.6019671419392462
0 0.1954731756578321 0.5699770699376645
0 0.18123221672747447 0.5513191295706708
0 0.29722157217886136 0.18063517446103303
0 0.27230806389580603 0.6107364706371141
0 0.20644032955169678 0.3051046723904817
0 0.22251134819310645 0.3032304815624071
0 0.23275993051736252 0.30232625992401785
0 0.12689769446201946 0.2561773756276006
0 0.22210626514709514 0.2850174779477327
0 0.20519026757582373 0.2768263806467471
0 0.18593275708996732 0.27280517557392947
0 0.16815827349605766 0.2733210014260333
0 0.1584906691442365 0.27728111847587256
0 0.1266251452591108 0.23750913609629093
0 0.16084355569404105 0.2976446390151978
0 0.2660291829834814 0.4547313814577849
0 0.21243375960899435 0.4569224523461383
0 0.22144859802463782 0.41992467279019563
0 0.24107212621880614 0.45387299993763797
0 0.2885248784137809 0.28197016249532286
0 0.17140066769459975 0.535779217015142
0 0.18745255729426508 0.555581055516782
0 0.2299318307119867 0.5940005053644595
0 0.15543718684626662 0.49371942229892896
0 0.23279527671959088 0.2949187185453332
0 0.2448607287977053 0.3442256383273912
0 0.26830023413766985 0.6027758432471234
0 0.21167446494750355 0.5876750189325084
0 0.12126814865547678 0.4047803381214971
0 0.24049106175484863 0.5057155546934708
0 0.23561420842357303 0.511220353582631
0 0.23111022004614706 0.5192365418309751
0 0.22856242485020473 0.5288257547046827
0 0.22244131889032281 0.5391655693883481
0 0.22100581909003464 0.49586270892101786
0 0.21595697736610536 0.4942166421724402
0 0.2119464231250079 0.4920794611391814
0 0.18937086718885796 0.47999916802281917
0 0.1301375659911529 0.4217975782311481
0 0.2519219831927963 0.3233387242192807
0 0.24712591294361197 0.28531343833259915
0 0.23875215690097082 0.28757588034090786
0 0.22605643389017685 0.4970225779906563
0 0.13708447859339093 0.46261790628018584
0 0.25772245066321414 0.2851744076480036
0 0.21363568905255068 0.5507059035093888
0 0.26724199594362924 0.354616177600363
0 0.25606962649718573 0.3360105846239173
0 0.27394699175720627 0.3337822535763616
0 0.228938115193792 0.3739158153533936
0 0.2664296243177808 0.588398177727409
0 0.2667796987554301 0.5697620246721351
0 0.23746736137115437 0.5642606320588485
0 0.18004695131726886 0.5154552542644998
0 0.19685686703609384 0.4210924791253131
0 0.19535351463634035 0.5347420381463093
0 0.15776777299849884 0.4130426137343697
0 0.18090592745853507 0.438372484497402
0 0.14766983007607254 0.44096282876056175
0 0.23068025627213976 0.580832903281502
0 0.2216260065527066 0.3837346947711447
0 0.16931962400026943 0.5221805603607841
0 0.1876199328057144 0.5431669794994852
0 0.16694227476482806 0.4928456804026728
0 0.12509852663978285 0.43609651378963304
0 0.15093822939240414 0.48824823628301206
0 0.12912676839724832 0.4434584721274998
0 0.17084804452631785 0.4621998341187187
0 0.2355909710345061 0.35548114672951076
0 0.21892592861600543 0.41401558751645295
0 0.2137582187095414 0.4176009820855182
0 0.22270285483935606 0.4020401819892552
0 0.22897288478586986 0.2630423069000244
0 0.19575424427571503 0.2467508606288744
0 0.16729727921926457 0.2418247912241065
0 0.14690401971988057 0.2437956110290859
0 0.1367093504447004 0.2520670771598816
0 0.1416716285697792 0.28650868768277377
0 0.11449274874251822 0.3240568378697271
0 0.14728169936848723 0.3181963562965393
0 0.16256656773064448 0.3267869679824166
0 0.18670254605619804 0.32914417515630306
0 0.21086050764374112 0.3267232127811598
0 0.22859075082385022 0.3222580349963644
0 0.24028279016847195 0.31750507510226705
0 0.1374536388270233 0.3197452959807023
0 0.21666973958844724 0.42259435757346775
0 0.23803356370848158 0.3627418808315111
0 0.2268958197015783 0.41635984441508417
0 0.23955827951431274 0.42623499165410583
0 0.23015313368776572 0.419396218009617
0 0.22293456562835237 0.4285134045974068
0 0.24164893818290337 0.42841857516247295
0 0.24675332187958385 0.43278506735096806
0 0.24292811897137892 0.3024624948916228
0 0.24977364909389746 0.30761590107627534
0 0.2511755325224089 0.31161020942356277
0 0.1539466784376165 0.28082798356595245
0 0.14315919626666151 0.26974256401476654
0 0.28686065178202547 0.35867285935775095
0 0.4607562834154005 0.31514190694560174
0 0.28258657228687534 0.43326387405395506
0 0.582295180014942 0.23088526311128035
0 0.39350093674400577 0.32980370728865915
0 0.41708132235900214 0.33286794164906375
0 0.4402635586650475 0.3326950570811396
0 0.47174696300340735 0.3218902536060499
0 0.3733056563398112 0.3235095361004705
0 0.43135700763567636 0.2659726039223049
0 0.40344887453576794 0.266484332602957
0 0.45685421837412793 0.2722586611042852
0 0.4730458638590315 0.2829854094463846
0 0.4940032787297083 0.3349891678146694
0 0.35236823542610457 0.5802084943522577
0 0.4700779649226562 0.30917626463848613
0 0.5837597121363101 0.3197279271872147
0 0.5241328600956046 0.3198280106420102
0 0.3933628674434579 0.4101781928020975
0 0.28871616883122403 0.4771586231563402
0 0.2883172699290773 0.4925072701080986
0 0.31587629441333853 0.48824007407478665
0 0.3349931985139847 0.4980130330376003
0 0.309596000806145 0.4975032485049704
0 0.32711857784053555 0.5031564132027004
0 0.3729721738592438 0.5297515869140625
0 0.27154301754806354 0.4232948614203412
0 0.2754357991659123 0.4049143075942993
0 0.507850715647573 0.2645891096280969
0 0.35503246262669563 0.35659997981527575
0 0.3362207294482252 0.42137889551079794
0 0.34196771632718004 0.41029760526574177
0 0.4682511774742085 0.41239982376927914
0 0.28078826937986456 0.380221442554308
0 0.44918743682944257 0.2369285428005716
0 0.48339630436638126 0.24689429376436317
0 0.5534333625565404 0.1954357323439225
0 0.34263153876299446 0.2489029200180717
0 0.37911506126756256 0.2754564150519993
0 0.389622974007026 0.5141678426576697
0 0.55186579020127 0.49181364308232844
0 0.3185599389607492 0.43135407800259795
0 0.3004661574959755 0.43539115760637365
0 0.3592354893360449 0.5137114980946417
0 0.3539119937821575 0.5129789238390715
0 0.4983083942662115 0.23317297904387765
0 0.33898027030670125 0.4294902345408564
0 0.40371250069659687 0.23552771184755408
0 0.40790653228759766 0.2183423109676527
0 0.444306374244068 0.1478825786839361
0 0.5265957926926406 0.21520411864570949
0 0.422652010684428 0.18500370720158452
0 0.5251559394857158 0.2546753204387167
0 0.5557339217351831 0.24449936047844265
0 0.2884419474588788 0.48546649787736973
0 0.3125533189462579 0.49326031415358834
0 0.3309882229760937 0.5007226933603701
0 0.31382011703175045 0.4342663153358128
0 0.35644920818183734 0.5133696172548377
0 0.3451764653234378 0.5177869465040124
0 0.35102790513116383 0.5126016948534095
0 0.30378070003960445 0.42491946220397947
0 0.32427387166282406 0.5044246082720549
0 0.30752689294193103 0.4997642123180887
0 0.2886101446397927 0.49640867710113523
0 0.2961433832736119 0.5547112983206044
0 0.291751473494198 0.5417230398758598
0 0.28985321521759033 0.5305713104165118
0 0.28864714859620383 0.5193484026452769
0 0.287813399149024 0.5114237018253492
0 0.32406952102547104 0.512741352164227
0 0.3275087843446628 0.5165117139401643
0 0.3319116929626983 0.5223944487779036
0 0.3358560956042746 0.5288244371828825
0 0.3604806357103845 0.47958816549052363
0 0.5925023905608965 0.39835937956105105
0 0.3370258357861768 0.5128271838893061
0 0.34077321073931194 0.5149576166401739
0 0.29306663475606753 0.44199550877446714
0 0.3326747500054214 0.43987195284470265
0 0.2965363142607005 0.4388544403988382
0 0.37857440275990445 0.3694941479226817
0 0.41454360342544055 0.3859824190969052
0 0.3469363083334073 0.41886622076449187
0 0.509744995314142 0.16722630521525508
0 0.48460888668246893 0.19452277007310287
0 0.4588751216297564 0.22019929367563
0 0.35210482549408206 0.5404231278792672
0 0.350254584427761 0.22050010639688242
0 0.36187046798674954 0.18282756287118662
0 0.3775446635225545 0.13773357971854833
0 0.4600608339128287 0.32956001395764556
0 0.5217171807004057 0.35017690036607824
0 0.35977144847097603 0.3177078770554584
0 0.49687130878800934 0.29375245467476224
0 0.3385616513374059 0.3431417999060258
0 0.31952763494590053 0.41362974643707273
0 0.5479867030744967 0.3615011609118918
0 0.5033502734225729 0.3646239767903867
0 0.4703096757116525 0.37075974008311396
0 0.4224917707235917 0.36543528100718625
0 0.3881354351406512 0.3555746265079664
0 0.3629022830206415 0.3449933518534121
0 0.3034005121368429 0.31653150682863984
0 0.5366082531602486 0.4038380529569543
0 0.5178993295716203 0.2904125047766644
0 0.26764377789652866 0.4321050332940143
0 0.3467484775768674 0.3769323618515678
0 0.6047940468010695 0.31269597592561144
0 0.34374505945521855 0.33335950581923773
0 0.35255409129287885 0.41929197311401367
0 0.4818588022304618 0.3095650139062301
0 0.325412100099999 0.4001217095748238
0 0.5779053604473239 0.444452686931776
0 0.35972925502320996 0.310471452837405
0 0.303420448432798 0.3880500606868578
0 0.4687773054060729 0.5436983585357666
0 0.4761010615721993 0.5579256658968719
0 0.5742831819731257 0.4031254022017769
0 0.5067067499394002 0.5184923669566279
0 0.5717851914789366 0.27954696676005486
0 0.35772962868213654 0.5949826375297879
0 0.269091948704875 0.43589557564776876
0 0.3670452846133191 0.39259069069572117
0 0.5477432006079218 0.32378687443940535
0 0.4371011114638785 0.3219758603883826
0 0.4171454702382502 0.32252237485802693
0 0.34953591195137607 0.5209362413572228
0 0.5275818537110868 0.44121013724285624
0 0.31710699670340703 0.6122707408407461
0 0.3942447638382082 0.5933720796004586
0 0.4310364123919736 0.5798281483028246
0 0.3976730859797934 0.31976897923842723
0 0.37883226281922794 0.3153335260308307
0 0.366069458425045 0.31284524150516674
0 0.5382954432912495 0.28515125461246654
0 0.38354835724053177 0.29345295947530997
0 0.40491992235183716 0.28716209815896077
0 0.42568780546602997 0.28759848708691804
0 0.4456495010982389 0.29282090249268905
0 0.4575949894345325 0.2995596569517384
0 0.5983070096243983 0.2680652462917825
0 0.4508582224016604 0.3190100866815318
0 0.3385888673365116 0.46748926639556887
0 0.3172209492844084 0.4283957274063774
0 0.29489911622975185 0.45857108986896017
0 0.4311990452849347 0.565300060355145
0 0.39590018274991406 0.5803365831789763
0 0.3146798283509586 0.6047554036845332
0 0.51604867046294 0.5300794570342354
0 0.3672197956753814 0.3038987221925155
0 0.3135875845732896 0.34940820673237677
0 0.35644112122447597 0.6051617788231891
0 0.5613494126693063 0.44468399234440015
0 0.3069443725373434 0.5121182607567829
0 0.30974476622498553 0.5182108993115633
0 0.3128765377661456 0.5270693696063498
0 0.31563204235356784 0.5370212865912396
0 0.3264834994207258 0.5492116409799327
0 0.3418880864653898 0.5082175285919853
0 0.34592307456161664 0.5073648027751757
0 0.3497309070890364 0.506212710297626
0 0.377887775392636 0.4958077907562256
0 0.4851813452399295 0.4527246993520985
0 0.3209432561112487 0.328427443297013
0 0.3434643512186797 0.2897773307302724
0 0.35806324089998787 0.2941703340281611
0 0.3381523157915343 0.5086755120235941
0 0.48843345531950827 0.4955331677975862
0 0.3204355364584405 0.2870644248050192
0 0.3415225588757059 0.5645990102187447
0 0.29516383794986684 0.33893376381500906
0 0.3260402880285097 0.3816735443861588
0 0.3036117100197336 0.5716597702192223
0 0.39775885673968686 0.5372416662133258
0 0.3717830307457758 0.43546140401259714
0 0.37277462722166727 0.553430377918741
0 0.42727230132921884 0.43569466964058257
0 0.39107853984055313 0.45605594075244404
0 0.44604652601739636 0.4670968377071878
0 0.3102146746671718 0.5903928093288255
0 0.3415331252567146 0.39303119286246924
0 0.4204517528414726 0.5491627962692924
0 0.3872935843208562 0.5656059182208517
0 0.4164826857007068 0.5163809579351674
0 0.5185146302632664 0.47208285435386327
0 0.4512905646925387 0.5175992157148278
0 0.5422056673661523 0.4828606646993886
0 0.40698188025018445 0.4824745344079059
0 0.3303027199986188 0.3628169474394425
0 0.3102169090315052 0.42222439102504566
0 0.32734181246031885 0.42755235278088116
0 0.29815814563113713 0.4086457542751146
0 0.36290923117295554 0.268532131029212
0 0.4027510609315789 0.25606148191120315
0 0.4377375737480495 0.2561162233352661
0 0.46652944839519 0.2632743514102438
0 0.4866203335316285 0.2756266324416451
0 0.4997095569320347 0.314235548351122
0 0.5825137440925059 0.36153612344161323
0 0.47934005377085315 0.3437421238940695
0 0.453546321262484 0.3486687235210253
0 0.4207526568485343 0.34741166311761607
0 0.3904566657931908 0.3412443275037019
0 0.36729195843572204 0.33324909106544826
0 0.3512540083864461 0.3255993988202966
0 0.6008679659470267 0.35477730087611986
0 0.32854080119210743 0.43224973574928616
0 0.30691062642828276 0.36820843945378845
0 0.29027065213607706 0.42242822128793467
0 0.2817446061450502 0.43065971187923263
0 0.2930988528482292 0.4256203516669895
0 0.32363909596334334 0.4371781349182129
0 0.2755973509148411 0.43181029402691384
0 0.27668044100637024 0.43550465728925625
0 0.3514297159145708 0.3101410601450049
0 0.3389405562825825 0.31308615518652877
0 0.32976177318588545 0.31618866194849427
0 0.46455386669739435 0.3046526981436688
0 0.482731559354326 0.29499490986699645
0 0.19803000921788422 0.28717392372048417
0 0.2213688528408175 0.2882366978603861
0 0.1991986394252466 0.26941891960475756
0 0.17475224302514739 0.28609249539997267
0 0.19689877217878465 0.3046332887981249
0 0.419331312827442 0.3037512561549311
0 0.44299268333808234 0.3052358782809714
0 0.4199576844339785 0.2855197108310202
0 0.3959365380199059 0.3020892506060393
0 0.4187496285075727 0.3219004402989927
