0 0.587340903184984 0.46278603698896326
0 0.5832280421872502 0.41291097843128705
0 0.5813558995723724 0.4254098586414171
0 0.5656112200863983 0.36340484411820123
0 0.5839363142200138 0.39826804917791614
0 0.5841258488919424 0.37832562301469885
0 0.5839184308019669 0.33000064220117487
0 0.4372904831138642 0.321084324432456
0 0.5839578629997761 0.3025275274463322
0 0.5846515327044155 0.28447497409322986
0 0.5880976525823707 0.1985537202461906
0 0.5871304995987726 0.46740556281545886
0 0.5862236477272667 0.47160957948021265
0 0.5852667518445979 0.47423498786014057
0 0.5853519715044809 0.47399460751077405
0 0.5858835967500573 0.47907160157742706
0 0.5859173239897126 0.48516377677088196
0 0.5853329943897931 0.4919381815454234
0 0.5786857426814411 0.5107956036277439
0 0.5824944673349028 0.4199447294940119
0 0.5601306027611312 0.4181096048458763
0 0.3498972341742205 0.25911815334921295
0 0.49293983735792013 0.3338397754275281
0 0.47212303624204965 0.33484897017478943
0 0.4521231378388146 0.33399705394454626
0 0.42743068965880765 0.3261507062808327
0 0.5112390670439472 0.33105689805486926
0 0.4641252169790475 0.2970380718293397
0 0.4878758741137774 0.2985917550066243
0 0.4423948244556137 0.299252406410549
0 0.42846593264814303 0.3041264077891474
0 0.40654077344452555 0.33451800501864887
0 0.49452572704657266 0.5399847548940907
0 0.43010782256074576 0.31763674124427466
0 0.33870911658944 0.3249696752299433
0 0.38057916421119287 0.3247616213300954
0 0.47276179941937974 0.3953870768132417
0 0.5598266585527555 0.45976413980774256
0 0.5609623590565246 0.4709637579710587
0 0.5319098153192064 0.46404203383818915
0 0.5114519683968114 0.46834528834923456
0 0.5379757377035592 0.4714731172375057
0 0.5183917543972316 0.4725323798863784
0 0.4798858880834735 0.4866054874399434
0 0.5648448934535617 0.4120665451754694
0 0.5629098485021488 0.39801444437192834
0 0.39654479997799447 0.29418575245401135
0 0.5177457048355237 0.35874123676963476
0 0.5116253488737604 0.40474041389382404
0 0.5105837653998447 0.3965804887854535
0 0.4071881383981394 0.3925438186396723
0 0.5643055236533933 0.3794825724933458
0 0.44997162963061227 0.2818073481321335
0 0.4189164682250956 0.28549244092858356
0 0.37147628273005073 0.23426180754018866
0 0.543859796072154 0.29738179885822796
0 0.5084920557944671 0.3042717271524927
0 0.46222830361322215 0.47362554721210315
0 0.3442456159011825 0.46819786014764203
0 0.5273273150720026 0.41312265136967535
0 0.5452893019208441 0.4178205987681513
0 0.48359680078599765 0.4746104154897773
0 0.4885344864071711 0.47457661965618964
0 0.40685388105718984 0.2762271172326544
0 0.5100997011784626 0.4104131343572036
0 0.49172518378042657 0.2851708362931791
0 0.48858760459267575 0.2737943478252577
0 0.46183690801262856 0.20355852401774863
0 0.38812163617947826 0.25381573127663654
0 0.4755872316739481 0.237060045418532
0 0.38295836823628 0.2872382596783016
0 0.3648010382995657 0.2727370171443276
0 0.560171335571162 0.4661351170228875
0 0.5350389405275169 0.46811492158019025
0 0.5149715433059179 0.47052169105281
0 0.5323716361156624 0.41565333889878314
0 0.48613538892696734 0.47460140870965045
0 0.4990623215942279 0.4768984097501506
0 0.49140685893919156 0.47455283740292425
0 0.539097752219633 0.40962042886277905
0 0.5210158577917711 0.47396135589350824
0 0.5402376501537536 0.47357420040213544
0 0.5618430804461241 0.47374606391657953
0 0.5507839451665464 0.5099776192851688
0 0.5587309223154316 0.49119690449341485
0 0.5597055242599352 0.4842956701050634
0 0.560767415020129 0.4783726101336272
0 0.5621901813327618 0.47358094868452655
0 0.5211390760200827 0.4739293015521506
0 0.5178547789059256 0.47606926897297736
0 0.5143533386694996 0.47917647206264996
0 0.5114566239973773 0.48301254407219263
0 0.48916717513423896 0.4495272403178008
0 0.3306029770199371 0.39076450337534363
0 0.5817986989150876 0.4226370220598967
0 0.5063312659445016 0.47430432101954584
0 0.5028328259839959 0.4754408895969391
0 0.5528968783986309 0.42380744089250977
0 0.5177277475190551 0.41888383419617364
0 0.5492249545033859 0.4208888087583625
0 0.4949160289505254 0.3666320469068444
0 0.45956540354729997 0.37614108427711157
0 0.5064694855524146 0.4025362289470175
0 0.40732155460864305 0.2152906850628231
0 0.4236791623837274 0.24114569503328073
0 0.44314635662442964 0.2705931585767995
0 0.4989398866891861 0.4960022801938264
0 0.5384387999934994 0.2792982659910036
0 0.5278517869503602 0.23662630501000778
0 0.5201343382992174 0.19849263196406158
0 0.4360306923804076 0.3312449247940727
0 0.38175190260390873 0.34362902978192206
0 0.5233515504261722 0.3283404150734777
0 0.4060250363596108 0.30960253010625427
0 0.5336304218305842 0.3499551907829616
0 0.526052449060523 0.40063990717348846
0 0.35542292953671323 0.35437120691589685
0 0.3972138023894766 0.35416900334150897
0 0.4251564361721925 0.36016683863556903
0 0.46551693117488985 0.3587272504101629
0 0.49513157586688583 0.3533864746923032
0 0.5174396027932349 0.34748888404473016
0 0.5632087232787972 0.3329956278852794
0 0.3561156533415551 0.38617969855018286
0 0.3871925556627305 0.30769263013549475
0 0.5710927389724099 0.41913896280786267
0 0.5184902905527017 0.3736362742341083
0 0.33189424848103005 0.32193972364715906
0 0.5347812123920607 0.340968519449234
0 0.504559595623742 0.40284700367761694
0 0.42007117540292116 0.3183497190475464
0 0.5253426990593257 0.3908189250075299
0 0.33379589134584303 0.42857861259709235
0 0.5236684416380265 0.3236376105443291
0 0.5447208604815862 0.3837696365688158
0 0.39161450419898913 0.5062422000843546
0 0.39003748232093843 0.5240640329278033
0 0.33428227597766597 0.38969906387121783
0 0.36394910773505335 0.4849690289601036
0 0.35169466548477823 0.29596425139385724
0 0.48726160087339254 0.5572213375050089
0 0.5727097398965902 0.42180513299029804
0 0.49880163752190443 0.38385129622791125
0 0.3604083830976616 0.32620969933012256
0 0.45589621389365714 0.32571916994841205
0 0.4728143411971953 0.32687259562637494
0 0.49556803472502076 0.47885396947031433
0 0.3562427438471628 0.41726536206577136
0 0.5271921105196943 0.5783114342585854
0 0.457088683164962 0.5588437279929286
0 0.4257982735238645 0.5449247152908988
0 0.5865976328597121 0.23790960791318314
0 0.5739323745036254 0.5810175227082294
0 0.490163946605247 0.3260780806126802
0 0.507138015013998 0.3245710367741792
0 0.5182936172932386 0.3241995138966519
0 0.3703766889951151 0.303929904880731
0 0.5038461507014607 0.3133483574442241
0 0.4855513844801032 0.30924431331779645
0 0.4678976870668323 0.3085325191850248
0 0.45087297606970306 0.3104816843634066
0 0.4406442299647176 0.3134209422961525
0 0.3382284516954552 0.2866330775229827
0 0.44481721471833147 0.3234828354223915
0 0.5813387255791737 0.4373750259046969
0 0.5104580494048803 0.4411100641540859
0 0.5275501040336878 0.4109844254410785
0 0.5517114885961232 0.4373659647029379
0 0.5837520706750776 0.3148891563000886
0 0.4232489553320667 0.5265539314435876
0 0.453608555233349 0.5426012925479723
0 0.528076231236691 0.5667863747347957
0 0.36384972913757613 0.5001417800136234
0 0.5174110336634128 0.31945847817089246
0 0.5486390878162954 0.3554015444672626
0 0.5756966402025326 0.5695018781268079
0 0.49009615219319647 0.5704881341561027
0 0.33726882157118426 0.42388697810794995
0 0.5404938559817232 0.4734747720801312
0 0.5374040299540629 0.4771627356176791
0 0.535184549977598 0.4819101794906285
0 0.5335625682997963 0.48796640919602435
0 0.5221670769640933 0.5041961644006812
0 0.5021054142600169 0.47354998277581256
0 0.49846547360167553 0.47271556310031726
0 0.4953724847215673 0.47170296700104425
0 0.4715490672008499 0.4606756205144136
0 0.3854150178072893 0.4254827019960984
0 0.548897451478178 0.3403718406739442
0 0.5399197095843113 0.31473427233488666
0 0.5263246908459974 0.31529318249743915
0 0.506181902454599 0.47432927333790326
0 0.3774124542656152 0.46256402394045953
0 0.5583924084253933 0.3158648545327394
0 0.5073188148924838 0.522117071825525
0 0.5840747998622449 0.3615792704665143
0 0.564232378995613 0.348646377739699
0 0.5840152968531069 0.34599302385164343
0 0.5319867435761768 0.3779032023056694
0 0.5768229408270639 0.5522222480048304
0 0.5777683676746876 0.5305238806683085
0 0.5421226954330569 0.5293284278848897
0 0.4562165487719619 0.49499700380408246
0 0.4869049966497266 0.41466158628463745
0 0.47973962832728156 0.5109219162360482
0 0.4362856123758399 0.4126405845517698
0 0.466317561455071 0.42991599699725275
0 0.4146627716153212 0.43697148950203607
0 0.5331673299812753 0.5499066891877548
0 0.5178576757240555 0.3852088166319806
0 0.4340850947343785 0.508015909920568
0 0.4638240661310113 0.5255982875823975
0 0.4381522569481445 0.47655356707780255
0 0.358375304500046 0.4437838261542113
0 0.4068409931724486 0.47943181836086773
0 0.344543219624978 0.45565585079400434
0 0.44727191337100836 0.44947635609170666
0 0.5339006979180418 0.36419569927713147
0 0.5326295416073307 0.4072013328904691
0 0.5181518653407693 0.4097535985967387
0 0.5434339490273724 0.39879283697708795
0 0.5247408407537834 0.303602300260378
0 0.49016832139181055 0.29446626875711523
0 0.45935749772774137 0.29213219297968823
0 0.43363231910473626 0.2944051804749862
0 0.4156447338426243 0.3000505812790083
0 0.40259863258056017 0.3217942818351414
0 0.3337964234144791 0.3568768877050151
0 0.4187193220157338 0.3408021797304568
0 0.43981949401938397 0.3452747943608657
0 0.46793867113149684 0.3456856640784637
0 0.49443059021849994 0.3427611816188563
0 0.5154520751827437 0.3388049058292223
0 0.530127651422568 0.3350318268589351
0 0.33089475754810416 0.35595648185066553
0 0.5181664676688935 0.41313320916631946
0 0.5483705852909581 0.36930959121040674
0 0.5487716763644762 0.4091353960659193
0 0.559374267194906 0.4161101268685382
0 0.5481458601906247 0.41103283348290814
0 0.5241753109123396 0.4172867497672205
0 0.5639199364687437 0.417833061321922
0 0.5653384610119722 0.42050984372263367
0 0.5309534071661208 0.324527730760367
0 0.5416706735673158 0.32816411619601044
0 0.5481014324595099 0.3311048707236414
0 0.43485286977628 0.31569935834926105
0 0.4194544487349365 0.31010549483091937
0 0.6018030016642549 0.3638899041258771
0 0.7295685250150121 0.3261418219493783
0 0.6029425744453202 0.4189105007959449
0 0.8047844077581945 0.26634184951367584
0 0.6692877793279679 0.33585413772126904
0 0.6900248292671598 0.33781816000523773
0 0.7102531624714965 0.33812120686406677
0 0.7377025538488574 0.3309329936037893
0 0.6517165673329778 0.3322642419649207
0 0.7045913018772135 0.30238828970038373
0 0.6801071585682423 0.3029611181953679
0 0.7261249768021314 0.3051112352505974
0 0.7393877334568811 0.3100776037444239
0 0.7544837030379669 0.3394618021405261
0 0.6568676715959674 0.5411017044730808
0 0.7380954569772534 0.3225551778855531
0 0.8131257068851719 0.3325129488240118
0 0.778294010978678 0.33028567549975024
0 0.6867617114406565 0.3979948797951574
0 0.6130594457297222 0.4595870518166086
0 0.6091896809799515 0.4705980446027673
0 0.6359092811041552 0.46318785911021026
0 0.6511606738457213 0.4670359038788339
0 0.628169662926508 0.47050814006639563
0 0.643425134860951 0.4710556216861891
0 0.6782613829102205 0.4881690753542859
0 0.601161386007848 0.41264610834743665
0 0.6043302094482857 0.3985574089962503
0 0.7683514217319696 0.30189173312290857
0 0.6439975224759268 0.3603917904522108
0 0.6507764907310838 0.40651330740555475
0 0.651650915975156 0.3982543077157891
0 0.7490166091238675 0.39691202536873194
0 0.6032929120828276 0.3799342176188593
0 0.7190184020639762 0.29015924554804096
0 0.7487135664762362 0.29385070567545685
0 0.789037599997676 0.24119759966497836
0 0.6248727291822433 0.3021291883095451
0 0.6584872294055379 0.3074673517890599
0 0.696713050260492 0.47559365111848584
0 0.7975173552075158 0.47469196630560834
0 0.6344796126789373 0.414621123801107
0 0.616815436469472 0.4188995076262433
0 0.6704692672938108 0.4723723802877509
0 0.6657332948044591 0.4723542578842329
0 0.7598384417917418 0.2847439121940862
0 0.6513685057668582 0.4121733204178188
0 0.6778839393316404 0.2923481788324273
0 0.681964048548885 0.2812907643940138
0 0.7098387992414443 0.20802377812240436
0 0.7750528262037298 0.26005474963913794
0 0.6943550107433744 0.2409109881390696
0 0.7800121197234029 0.29475674421890924
0 0.7938835628978584 0.27965619706589245
0 0.6117195491071629 0.465883933979532
0 0.6321960036521372 0.467290461063385
0 0.6474948096210542 0.4691455040289008
0 0.6291350423479858 0.4169807097186213
0 0.6680474090997292 0.47237567279649817
0 0.6582201900689498 0.4748752583628115
0 0.6630105222372905 0.47237654354261316
0 0.6243953158188126 0.4110551735629206
0 0.6396055619191864 0.4723679177139116
0 0.6244540798437336 0.47255150909009186
0 0.6064072871661704 0.4733225547749063
0 0.605883170000237 0.5104086386120837
0 0.6098344003700692 0.49083124554675556
0 0.6096809576872898 0.48388369834941364
0 0.6085100519754316 0.47794417583424115
0 0.6063044796819272 0.4731250042500703
0 0.639455370766961 0.4723364892213241
0 0.6433397969635932 0.4745560754900393
0 0.646753638010958 0.47761797257091687
0 0.6493503103113692 0.48151298320811725
0 0.6717852208277454 0.4512075626331827
0 0.811973660050527 0.39835694691409235
0 0.6507338070027207 0.47240255708279816
0 0.6546270123318486 0.4734921325807986
0 0.6095568674576023 0.42471530256064044
0 0.643085143002479 0.42037719099417975
0 0.6130468829980363 0.42190945925919904
0 0.665266375016907 0.36885805492815765
0 0.699451489293057 0.3792322601961053
0 0.654952431421565 0.40431312244871387
0 0.7592572454849015 0.22140330918457196
0 0.7432435757440069 0.2465724433245866
0 0.7260662127772103 0.27905666115491284
0 0.6585951211011928 0.49717762418415234
0 0.6321343723684549 0.2849378436803818
0 0.6440894816718672 0.2387303949698158
0 0.6545970391320146 0.20097429920797763
0 0.7273952019927294 0.33602703524672467
0 0.7772819573140662 0.34890926143397455
0 0.6405240601819494 0.3290625629217728
0 0.7587755460130132 0.315559943733008
0 0.6296730524171954 0.35124779978524084
0 0.6376906764572081 0.40224523647971777
0 0.7980150167384873 0.3609865916811902
0 0.7622535308903974 0.35920863695766614
0 0.7352747837810413 0.36501240471135016
0 0.6954221039524545 0.36259556723677594
0 0.6663711859804132 0.35619988260061847
0 0.6452212212202342 0.34983259245105414
0 0.6037422144866508 0.33361104130744934
0 0.796063743693673 0.3924120638681495
0 0.7746664852551792 0.3141274711360102
0 0.593555908245237 0.419535914193029
0 0.6431578294900449 0.37516198469244916
0 0.8141355140377646 0.3294586163500081
0 0.6292573590155529 0.34307591552319733
0 0.6558986859315116 0.40461704005365784
0 0.7464680299162865 0.3234102777812792
0 0.6382517132746137 0.3922494248203609
0 0.8081999336895735 0.4358409889366316
0 0.6411392497627632 0.3241989288641059
0 0.6210067184722942 0.3847321647664775
0 0.7561266127487888 0.51022695199303
0 0.7535715600394685 0.5280281862486964
0 0.813687512246163 0.3968845968661101
0 0.7828498782347078 0.49025459393211035
0 0.803466828458983 0.30318401559539465
0 0.6614442599694366 0.5583251714706421
0 0.5907762930121111 0.42215764911278436
0 0.6613335896931265 0.38585218916768615
0 0.7952353128272555 0.33221036454905634
0 0.7082412631615348 0.33000224763932434
0 0.6902336366474628 0.3299582205388857
0 0.6613021089654901 0.4768111718737561
0 0.7946972731986771 0.4233525576798812
0 0.6195592553071354 0.5787424263746842
0 0.6876160658734001 0.560143996839938
0 0.7187899968222432 0.5473238113133804
0 0.6728504517965991 0.3280875721703405
0 0.6562812728402407 0.3257073332434115
0 0.6457673009970913 0.32490747130435443
0 0.7883342052607433 0.31005847454071045
0 0.6622264895426191 0.31531014844127325
0 0.6809569017394729 0.3120409049417662
0 0.699291868702225 0.31195066027019336
0 0.7170017732550269 0.31447606890097907
0 0.7276228091315083 0.31791989699653955
0 0.8117626652769421 0.2939750591050024
0 0.7206528873547263 0.3283557347629381
0 0.6510970916437067 0.4424854076426962
0 0.6346586833343558 0.4126074961994005
0 0.6112456237492354 0.43812177233074023
0 0.7244803822072952 0.5293568087660748
0 0.6943273727336655 0.5444144308567047
0 0.6221217569773612 0.5673859378565913
0 0.7786111830045348 0.5054069912951925
0 0.6480254594074644 0.32054979516112286
0 0.6168155547069467 0.35632823602012964
0 0.655506107956171 0.5711361325305441
0 0.809555792371216 0.43078369550082996
0 0.6244096521126188 0.4724336318347765
0 0.6281323590032433 0.4761679898137632
0 0.6304400589155115 0.48090814118799957
0 0.6318894138802653 0.48709204404250434
0 0.634697938175953 0.5049434822538624
0 0.6553296680845644 0.4716256882833398
0 0.6590688395435396 0.47081069713053497
0 0.6622917270692794 0.4698334206705508
0 0.6886275283506383 0.4626099013763925
0 0.768285208746143 0.43045887998912646
0 0.6162635926157236 0.3414069401181262
0 0.6261228244427753 0.31657467588134436
0 0.6392115650941497 0.31683500175890716
0 0.6507978030358967 0.47239559111387835
0 0.7734300168636052 0.4675211543622224
0 0.608393381147281 0.318340549002523
0 0.6465903520584106 0.5230226205742877
0 0.6029810903027005 0.34918243081673334
0 0.6313711790286977 0.37921743030133453
0 0.6124956303316614 0.5297645084235979
0 0.6987128006699292 0.4971568079098411
0 0.6728396626270335 0.41671632942946063
0 0.6743567676647849 0.5123435997444651
0 0.7216919878416735 0.41611910643784894
0 0.69318936659914 0.43243528319441754
0 0.7412893172029568 0.44091069050457166
0 0.6193201791333116 0.5505275855893674
0 0.6438319604519916 0.3866858741511469
0 0.7171725968465857 0.5106052095475404
0 0.687499424604618 0.527326718620632
0 0.7180102797953979 0.47941905648812005
0 0.7915623247947382 0.44960628773855127
0 0.7456968851063562 0.48316661171291186
0 0.8017561391157948 0.4620229096516319
0 0.7115310139792121 0.45231321972349414
0 0.6294901981625868 0.3654590430467025
0 0.6310969272061534 0.40870856720468274
0 0.6441354760495217 0.41146779837815656
0 0.6220751122935958 0.3998750927655593
0 0.642772316203817 0.3070935432029807
0 0.6784865661807682 0.2998373437186946
0 0.7098080279386562 0.2985248163990352
0 0.7350235882660617 0.3011886192404706
0 0.7515868849080541 0.30677415624908777
0 0.7600796462401099 0.32695941173512005
0 0.8155419487992058 0.3643566784651383
0 0.7424583015558512 0.34573024900063226
0 0.7209437811018332 0.3497376130974811
0 0.6931839276753042 0.349034757717796
0 0.6671154317648514 0.34507512139237445
0 0.6471664050351018 0.3404431058012921
0 0.633474298550383 0.3363240140935649
0 0.8127634272627209 0.36352277579514874
0 0.6433986496666203 0.4147384296292844
0 0.6172828292069228 0.37019103117611096
0 0.6161912608405818 0.41019928455352783
0 0.6045219610728647 0.4170220701590828
0 0.6159516821574905 0.41230368743772094
0 0.6371316201175037 0.41862786204918573
0 0.6004086271252321 0.4185163793356522
0 0.5978032052516937 0.4210761552271636
0 0.6338012251679016 0.3252091576223788
0 0.6229515475747378 0.3294234599756158
0 0.6170563157647848 0.3331021038086518
0 0.7336012505642746 0.32050914220187976
0 0.7474578549356564 0.3158206641674042
0 0.47084095774461393 0.3165637099224588
0 0.4912235612940529 0.3168422126251718
0 0.47102475789902004 0.30492670510126196
0 0.45009885315337905 0.31629871738993603
0 0.47039014781298844 0.3283635578725649
0 0.6984916965922584 0.32013918394627777
0 0.7205660123701977 0.3204995367837989
0 0.6980256635857665 0.3078422079915586
0 0.6761874384854151 0.3196887088858563
0 0.6988989064550918 0.33247167001599853
