0 0.46257819911546033 0.3999838674845903
0 0.4848017413978991 0.3690941706299782
0 0.4806291051208973 0.3800496350163999
0 0.5294233721721432 0.32930685774139734
0 0.4979415167447018 0.36026167795062064
0 0.5193954246604572 0.349022693446149
0 0.5814007340080064 0.31988934103561484
0 0.5151609547193283 0.22098246650851291
0 0.6234604061945624 0.2979608629384766
0 0.6425952068327562 0.28697524971288185
0 0.7225126210276199 0.2447490617632866
0 0.4575664061729027 0.4028352990746498
0 0.45272500067949295 0.406030424327954
0 0.4496686162184114 0.4085938670065092
0 0.446890158659738 0.41093340451302734
0 0.44070882091055746 0.4145357796031496
0 0.43332180785744084 0.41885421677776
0 0.4265107323780008 0.4232192349174748
0 0.40897425486827677 0.4239077704756156
0 0.48020231488930143 0.37427117474701094
0 0.4723549575099479 0.3618701332613178
0 0.5670961203539501 0.15369955194385154
0 0.5337788721789485 0.2682612461240395
0 0.5219622926138665 0.25779523875402366
0 0.5130652844419946 0.24551279097795486
0 0.5121352233640526 0.22079941665996675
0 0.5448025080334881 0.2741296718949857
0 0.5682726437630861 0.2154062812095103
0 0.5770885662540145 0.23220484820397003
0 0.554636839898708 0.20364724086678546
0 0.5406467502369828 0.1998240329001261
0 0.5007562468071347 0.22178602694817212
0 0.3598929319287772 0.3868574694446895
0 0.5197762250900269 0.21140806101586507
0 0.49877801586104475 0.18629482278357382
0 0.5065884718509472 0.20288130828867787
0 0.4661270416463199 0.29790778049956196
0 0.45156921021154395 0.3840233854625536
0 0.44181148068088555 0.3936183194751325
0 0.43569319379394467 0.3727804286972336
0 0.4245166372831749 0.36748115342596305
0 0.4322503895053397 0.3837320449559585
0 0.42485720931511856 0.37711643071278284
0 0.3872878823996238 0.3599738907554875
0 0.4763747542772604 0.3584484029399312
0 0.4873321745544672 0.3478982177765473
0 0.5464876579606662 0.17817763187315153
0 0.5251160934972374 0.300892717294071
0 0.46627434290459624 0.32811016761090445
0 0.47583529207369557 0.3227688422345597
0 0.4446397013557346 0.26011483737308044
0 0.5083330007593917 0.3380246048388274
0 0.5809072007465622 0.19170789712149164
0 0.5640282333707032 0.18001720759531725
0 0.5930769503440546 0.1475020181549632
0 0.6071679660159609 0.2526765151516251
0 0.5777924719226101 0.2493625324057496
0 0.39013160206377506 0.34528302709045616
0 0.3827337458041375 0.2783992937077647
0 0.4656591912650544 0.34247845576509184
0 0.4682477659181408 0.35463239469605945
0 0.4105237277791552 0.3649434994096341
0 0.41347141644876934 0.3684245653774427
0 0.569456997813414 0.16880542376767035
0 0.46245536353925 0.3313134546189205
0 0.5956175673914992 0.2136736617140148
0 0.6048143105986326 0.2045215727194496
0 0.6523395674708097 0.17446276111447293
0 0.5771454499791497 0.16326134240497714
0 0.6249540705719719 0.19784275918551114
0 0.5493746693043605 0.16865871389922887
0 0.5548228886302399 0.16513271173057348
0 0.44585700090164726 0.38861088124306303
0 0.4334360013270508 0.37819586156503016
0 0.4244028495462692 0.3721428497977879
0 0.46568158771032875 0.3465843614676724
0 0.41194492829558643 0.36673132712426393
0 0.41243712263910665 0.37280407606259636
0 0.41490637130387453 0.37005387505759363
0 0.4701892780544965 0.34604224096173825
0 0.4257144413726485 0.3810141496036364
0 0.4320907742594895 0.38813296860974766
0 0.44009007853658305 0.3975435959256214
0 0.39654285839313397 0.4071962518536526
0 0.41498098554818524 0.40808926574561905
0 0.4222846002439442 0.4044912663490876
0 0.4305480973714072 0.4014148434219153
0 0.43734663571028604 0.39953419514324356
0 0.4242292568087578 0.38217144297516864
0 0.419358313974479 0.38122561042723446
0 0.4132951255887747 0.38022596615812054
0 0.4074977935575273 0.37990837148998097
0 0.42014519198109274 0.3423955503365268
0 0.44946132737981237 0.225872831662064
0 0.48013043934074434 0.3770064487405445
0 0.4200004265522179 0.37646373860214066
0 0.4163384048835091 0.3746857174064802
0 0.4668256322164898 0.36272210563006607
0 0.45842136612728884 0.34007619998377303
0 0.4672484665542193 0.3587542515086091
0 0.5079983118516596 0.29357184055058855
0 0.48175734633822803 0.2787738965257354
0 0.4702470341049459 0.3246028009316196
0 0.6204865883387949 0.15299352912799172
0 0.5999111931609071 0.17275422345037045
0 0.5877612027461114 0.18094092892563862
0 0.3872202974744141 0.37228222029364627
0 0.6231704696041086 0.2364371214547883
0 0.6503883177495521 0.22871929792606313
0 0.6847602072293344 0.20446807133114855
0 0.5085260483800716 0.23218894364393275
0 0.48549848588426475 0.21923544756744218
0 0.5526642080639368 0.27690291511623755
0 0.5283232279445814 0.19657486317598302
0 0.5398651264688891 0.30376702041729636
0 0.4727512772154549 0.3322233816527802
0 0.4679155722665398 0.2103300421782162
0 0.477447836133449 0.23260665169876554
0 0.4814466159466816 0.2506119946422784
0 0.5016001911186005 0.2711384043097496
0 0.5204224964279843 0.2830094127551369
0 0.5350890439408629 0.2899510627207549
0 0.5680947908321801 0.3092274050025836
0 0.43745662984640704 0.2300034553784391
0 0.5270589851247875 0.1886012632885705
0 0.474931461615083 0.36740108754323875
0 0.5083005218564168 0.311774834504594
0 0.5112675436893883 0.18526755888824878
0 0.547796328511575 0.2940052204157995
0 0.47187528002035356 0.3239893814467866
0 0.5187222126709379 0.20804636458987774
0 0.4848288240559075 0.3260337458356567
0 0.41528617768831877 0.24949408251306285
0 0.5569346259226617 0.272823884240959
0 0.49716750046481256 0.33030327454857206
0 0.3517984021859972 0.3197064929034399
0 0.34305547100856254 0.3300702611065429
0 0.4374634258692031 0.22256612622219582
0 0.362322804234598 0.2948613977950552
0 0.5295052693184951 0.17402615378732267
0 0.34560708341229224 0.3904375936674035
0 0.47557669833464467 0.37130566479071325
0 0.49027122111748095 0.30722549415153005
0 0.5021308286358481 0.19792437673262928
0 0.5172600128647425 0.24031767893744552
0 0.5259788638061803 0.252029377999513
0 0.4085775700033359 0.3712057376037473
0 0.41145881994262984 0.24907857782166937
0 0.3456490361739112 0.42365317338186764
0 0.3372944723409803 0.37838293022435643
0 0.33759242215234303 0.35712936407198076
0 0.6822970851284006 0.2655656016391257
0 0.3638810003986177 0.4519885823778484
0 0.536620908052377 0.26075544201809425
0 0.5471325092341589 0.26713424124147583
0 0.553505129666756 0.27126155991269196
0 0.5273158950731158 0.1810200793263705
0 0.5642385854912193 0.25386086955018666
0 0.5636034718026286 0.23900120031574498
0 0.5563966649301026 0.225740210906319
0 0.5444882883406852 0.2156156162528888
0 0.5334974559752838 0.2120009364641231
0 0.5412854546600062 0.16570948090242302
0 0.5141893668991068 0.2299429249504338
0 0.47296122360326676 0.38563540960135667
0 0.43506615418616845 0.34816142660768135
0 0.46643000225658005 0.3412129648353743
0 0.45671781622197316 0.36835421291382414
0 0.6048415758363579 0.3083846805536229
0 0.34635805407458026 0.3449774267880813
0 0.345549915674264 0.36727695439172825
0 0.3513713482281436 0.4168085024408672
0 0.35807167896595987 0.30569482377689816
0 0.5598104796169893 0.2663702482438606
0 0.5350985786594127 0.31547982116108353
0 0.3700869052630404 0.44508075869601704
0 0.3387787440062865 0.3998625273289888
0 0.4081725879045932 0.2443836447985276
0 0.42985396986098395 0.38976758498212566
0 0.42357675747379014 0.38999943467585935
0 0.4161587870153396 0.3909774797766105
0 0.4087834184908349 0.3931029496633488
0 0.3893213538533967 0.3882853420532268
0 0.41905287839472294 0.37239012303559677
0 0.41738454608813574 0.368510962050894
0 0.41644787156711455 0.3647923207477383
0 0.4045390486717224 0.34170243736842404
0 0.4110893191688735 0.2697322550027267
0 0.5549031628457748 0.306159686912661
0 0.5776823154934074 0.27437036607576454
0 0.5698966700583696 0.268024275937806
0 0.42087449651697406 0.37594054840181185
0 0.38015027323980694 0.2882090711723203
0 0.5869253528020952 0.2858130996317967
0 0.3751560282367079 0.3870452829029249
0 0.5400576466370536 0.33918661527011706
0 0.5475248730457996 0.31966146360272946
0 0.5598579909166564 0.3299696356705997
0 0.5046625398504345 0.3212113901324894
0 0.3827268990647534 0.437420470883017
0 0.39728495365251665 0.4299888053018114
0 0.38274400069823733 0.40951751075361087
0 0.37469994410386553 0.34786884476957114
0 0.45262730024431064 0.3193008878308794
0 0.37263766562809114 0.36694207418224084
0 0.43571672629079095 0.28869983158681706
0 0.43025949969887733 0.31631059779421145
0 0.40854383332897787 0.2928095699004505
0 0.3653854572659601 0.4122133724715399
0 0.4943480030431048 0.3196113913927389
0 0.3599486593157053 0.34113603331472564
0 0.359096458343708 0.3641521195354669
0 0.38177944219711685 0.3295984465142955
0 0.39095036051762494 0.26654687420181605
0 0.3721079815826986 0.31271658617517223
0 0.382747459569541 0.2674129511999047
0 0.407029963462897 0.3193653750030891
0 0.5220219353213906 0.31353879762084585
0 0.46890805532102997 0.34036155106580773
0 0.4637824949282019 0.3348548027484313
0 0.47930590933917655 0.3390017965241619
0 0.5869751767781766 0.25300366807243097
0 0.5832682810723782 0.2258983410246994
0 0.5712115686062885 0.20654194837679032
0 0.5566787100194589 0.19498026422832324
0 0.5425492714604606 0.1910607599693796
0 0.5137409916876451 0.2069576858178429
0 0.4673784024527539 0.20297420643593955
0 0.4969254403334597 0.23180631872104562
0 0.5010318610331287 0.2479086539019709
0 0.5133536386749019 0.2635311213524445
0 0.5286469417826637 0.27530015441386596
0 0.5412849677807611 0.28207504700707353
0 0.5508544170500144 0.28637591934074524
0 0.48198591585716477 0.20574130506619162
0 0.46241377593706484 0.3373664974194506
0 0.5173068547054477 0.3235964845056119
0 0.4719848075638647 0.3488649202105792
0 0.4725898158858004 0.35963198150629583
0 0.4717320360891197 0.35098809363401456
0 0.4616404899760433 0.3429124562960604
0 0.4726349536491477 0.36295141059419384
0 0.4728831403443347 0.36639534523305683
0 0.5603289248664742 0.2776976931354274
0 0.5628946770549469 0.2871540324843448
0 0.5634186808424799 0.29362490747285924
0 0.525890332930114 0.21125345317565877
0 0.5290143936062637 0.2010893376301164
0 0.5495278334002132 0.3519963496405145
0 0.700758775210251 0.42587835322255674
0 0.4975525002278712 0.38895274394232293
0 0.8229613678286904 0.43691981084968734
0 0.6438328133005163 0.38708876053924146
0 0.6546447378299807 0.4019091105979422
0 0.668348522208955 0.4160734479841979
0 0.7020296517597593 0.4320690907213999
0 0.6374830559058033 0.37459339337504427
0 0.7151698734125366 0.38450247736080834
0 0.6964923335320276 0.3691159559980683
0 0.7271048660673525 0.4017136008843132
0 0.7301651049891243 0.41577614908633026
0 0.6996999345719814 0.44528188543475195
0 0.43651094805935153 0.48212429447018584
0 0.7147250280756018 0.428530023538548
0 0.7603704441824685 0.47873176647269206
0 0.7292750085825506 0.4552208544767421
0 0.5827656593983588 0.42904253828784694
0 0.4783043784453817 0.4135380904311719
0 0.4647880222891336 0.41880453248386795
0 0.4875654708594084 0.4302651256970737
0 0.491629330198402 0.4412616781566454
0 0.4743509798351189 0.43004438592040023
0 0.48098550072830654 0.4386813223361969
0 0.48736248278747435 0.47363997976417127
0 0.49560743793035333 0.38035819899776707
0 0.5102542059738999 0.37355489542950754
0 0.7587457281415877 0.4255721477710682
0 0.5962874320862086 0.38053282330865446
0 0.539791912002408 0.410168185700541
0 0.5508335015291105 0.4061270930196928
0 0.6261379174564196 0.46695022699625593
0 0.5302368865307906 0.3624090728552445
0 0.7387478934681934 0.3821705119765323
0 0.7547888605167037 0.4051594440703807
0 0.8302174103648766 0.40806282538434735
0 0.662732329543518 0.32822786135518034
0 0.675160936606319 0.35993174755054974
0 0.5073302120942137 0.4768556800873383
0 0.6116492431610823 0.5438423974358517
0 0.5222248016735134 0.4051997873446216
0 0.5086084324056688 0.3974866808756538
0 0.49400542263427505 0.4550033421620079
0 0.4905284556519726 0.45175958774659947
0 0.7720649184902078 0.4074019715189934
0 0.5369143542307226 0.4136278076664261
0 0.7101362723371257 0.3570040826888188
0 0.7231168381707824 0.3524797086158524
0 0.7979299320798853 0.33168327831055805
0 0.7952088045523219 0.40680622549160667
0 0.7541145327622476 0.3400098663309346
0 0.7753830816920685 0.4306358803873477
0 0.7932847794955191 0.432507249712944
0 0.4713792515027782 0.4166254370756771
0 0.4806759266749672 0.43034137448538906
0 0.48634973338440707 0.44010534681703734
0 0.5178147914778927 0.40363512000311974
0 0.49215459175731824 0.4533641638963119
0 0.4847594234768463 0.45059996687847637
0 0.48887813787745393 0.4501612803210383
0 0.5149442123087205 0.39679975904848264
0 0.47702538724178856 0.4374108815970628
0 0.46980663154112257 0.4294752664540125
0 0.4605432670239521 0.41980917311233024
0 0.42504883687133377 0.4413995900879735
0 0.4418038326194105 0.4370901525668476
0 0.44789077665494836 0.43203020601168923
0 0.453996140955259 0.4265446379132893
0 0.458420230075717 0.42211240167203157
0 0.4763689725862249 0.43856379927500433
0 0.47642407108746143 0.44257866882759594
0 0.4759171283601419 0.44738733885080917
0 0.47470443388042244 0.451927074401275
0 0.5150185628267734 0.44798764677151387
0 0.7068569783283316 0.5184299827917762
0 0.48229885749194934 0.44390593151683394
0 0.48356537241488695 0.44717922962230183
0 0.4990788463746076 0.3964124946490578
0 0.5267061802518108 0.4144376523468805
0 0.503635528942813 0.3970577698038972
0 0.6015566827162452 0.39876481787018153
0 0.6119497288018465 0.4260743905020797
0 0.548754486579286 0.41160285459912344
0 0.8236687627985425 0.3741570032809092
0 0.7834422315430382 0.37676637522552325
0 0.7546059967869002 0.380862862325233
0 0.4680429926223081 0.46664641110793403
0 0.6851292211238457 0.3214848244319791
0 0.7201555168823056 0.3049304273465405
0 0.7643624888328107 0.2900409971890242
0 0.6856180884591911 0.42803277716688487
0 0.7016125585397949 0.46370352441849916
0 0.634321180941618 0.36614617896468743
0 0.7348782178014517 0.43224514256352964
0 0.5952029085677603 0.3656548909842968
0 0.5328466404310387 0.39975341428881106
0 0.7085579721176106 0.4827349364757538
0 0.6778013638990081 0.45909250540577845
0 0.6521233930859877 0.442898932358493
0 0.6296576486657495 0.41427246215550795
0 0.6187926542985699 0.3920717755737512
0 0.6123064895686896 0.37531665518232016
0 0.5915521662682295 0.3353364704095799
0 0.6714462102593287 0.4967626032621964
0 0.7471357679561429 0.4412135765604351
0 0.4874212734563195 0.38120820075273515
0 0.5769881879829842 0.38833812967590664
0 0.7786926839338697 0.48338849751845653
0 0.608637042991493 0.3611858802969041
0 0.5527378485497573 0.41308121836703754
0 0.7192146633144306 0.4328148826956749
0 0.5461420142699195 0.39428084913803185
0 0.6629881845868152 0.5338516959029695
0 0.6410256298663823 0.36504024568459265
0 0.5396795443299672 0.3777465616231379
0 0.5290901236155111 0.5284980503113373
0 0.5199553560789513 0.5396926882474319
0 0.6927703851429017 0.5135158616563548
0 0.5684118303672775 0.534624486837698
0 0.7807116098701954 0.45459202696447787
0 0.42747820201127423 0.4934102944057921
0 0.4862301436698307 0.38240679943043254
0 0.579214118745016 0.4063437053690786
0 0.7401035681528889 0.4680993896463643
0 0.6756419327272021 0.4123664286473523
0 0.6626757298312758 0.3991689643782118
0 0.4857114144074528 0.45401614224133285
0 0.6384912205293126 0.5096124326405318
0 0.389900131556003 0.479328722798306
0 0.4473937743788828 0.5144075721502304
0 0.47823471414006274 0.5274768068738606
0 0.6539910212969002 0.38665389107621234
0 0.6471584825574056 0.37506274082090546
0 0.6424913392604693 0.3681704337830129
0 0.7626682707796926 0.44975145472132644
0 0.6684019572061041 0.3693844249714976
0 0.687711669213098 0.3775411833239638
0 0.702229840276034 0.3898487370299256
0 0.7124404689378064 0.40476355241692585
0 0.7150117999509625 0.41570166919542395
0 0.8069492078021817 0.46042926428110703
0 0.6885433401102605 0.42086446006660877
0 0.5112748671646999 0.4315741408130397
0 0.522648609769733 0.4042424414468848
0 0.4896512615453938 0.40417845080728115
0 0.4914440117857378 0.5196292331685191
0 0.45981006745411 0.5080024877320165
0 0.39590806929070665 0.47322559227114136
0 0.562683878628456 0.5452850729227066
0 0.6502144207125125 0.3660700387928797
0 0.5737960453590621 0.3588759175137333
0 0.4176620672578397 0.4988870800837227
0 0.6538314060510501 0.5264397364595662
0 0.46847483422607183 0.43137506227130473
0 0.4665025066908287 0.43607595368571905
0 0.4631809556208875 0.44142345468635147
0 0.45870923348095105 0.44677083155383235
0 0.44678353210506233 0.456407908771349
0 0.48599072080105543 0.44532648026943206
0 0.48994647266100283 0.4474354094137316
0 0.4939269742159092 0.44921032728060434
0 0.5137810780788246 0.46369908665833265
0 0.6065143306294213 0.49416462053423343
0 0.594083208023854 0.3499136125911837
0 0.6407597937985606 0.34594141380942384
0 0.6495942988473437 0.35682103284027267
0 0.48229611879619566 0.44319970698460287
0 0.5768645612280006 0.5158774948638418
0 0.6241378580908412 0.3300739695844443
0 0.442808102208959 0.46931561523157617
0 0.5695398890048914 0.34430465614018235
0 0.559383648812123 0.3826155603579853
0 0.41645030596334004 0.45125560715146684
0 0.4958812669324486 0.4893117591090824
0 0.5533839981679035 0.43086326128762703
0 0.4696390842209044 0.48216547564319945
0 0.5847207230070363 0.45867678348136987
0 0.5492879845120985 0.45066861251126167
0 0.5735071636736393 0.4826737388320591
0 0.4059090862941483 0.4630058961070102
0 0.562275610094809 0.395150867363681
0 0.4989750599488616 0.506614244632099
0 0.4673279901642514 0.4956386396418447
0 0.5216901474024939 0.4904787969330083
0 0.6103982880873524 0.5193751326073771
0 0.5402034466843242 0.5086562970410222
0 0.6140799877922172 0.5347044596205587
0 0.5399441834863113 0.47063055770552675
0 0.5757118746152391 0.3736940797256387
0 0.520826423621696 0.3994422124779743
0 0.5298674060436694 0.40897728327823724
0 0.522247989297561 0.3873254514258841
0 0.6668809058711581 0.34848665546463886
0 0.6996497860097367 0.36474164338863413
0 0.722239684637474 0.3839932831733123
0 0.7359587651393984 0.4028850144018298
0 0.7408839138629644 0.4194278981374658
0 0.7220852627702381 0.4422098382011704
0 0.7288136093512826 0.49821384393650553
0 0.6837167032872853 0.44083074992117677
0 0.6620702549167301 0.42723075287497564
0 0.6442503933997258 0.40774218945399576
0 0.6324588272558607 0.3887117704619532
0 0.6256481169358544 0.37417670941871145
0 0.6213054786557737 0.3633587380142316
0 0.7445446777602901 0.5011506481015164
0 0.5282524478743258 0.4102618441633556
0 0.555795206769329 0.36696410781663397
0 0.5080349698014881 0.38985730221737985
0 0.498041022690418 0.38793761406255806
0 0.507854804194168 0.3919326223109079
0 0.5224598020558124 0.4093182149788608
0 0.4928345591963633 0.3853845054688661
0 0.49192624539136887 0.38662527838478916
0 0.634830172619094 0.35963562791762144
0 0.6222508764299362 0.3522685581251331
0 0.6114490140715371 0.34711832021889477
0 0.7151429327609746 0.42281871930412623
0 0.7281072692864615 0.42636812057184137
0 0.5372590038763441 0.23790257537494536
0 0.550455480368565 0.2527519570744556
0 0.5524443212248709 0.22796549936351568
0 0.5240927747572246 0.22348174786438113
0 0.5222167073060637 0.24786005577315454
0 0.6884133433518203 0.3994321887259898
0 0.7031389249731665 0.4163660298223081
0 0.703936960629147 0.39120163321495055
0 0.6736678808279659 0.38233253677254136
0 0.6726800839862098 0.40779224614734233
