0 0.37872247158480493 0.4740047356762444
0 0.27598374853317115 0.4337421407143529
0 0.31381495715045243 0.44131006400425216
0 0.2058595763407737 0.37141478147369605
0 0.2572905729285819 0.4171145845906803
0 0.24060764680091712 0.38901543445861375
0 0.2060212356438168 0.3092190984148568
0 0.019694980600183244 0.3239469615796123
0 0.16721581215624043 0.252157684713126
0 0.14401681342427966 0.22814634680367127
0 0.07458271154110951 0.12917064925352226
0 0.38615616791539914 0.4818654542152112
0 0.3952103816062141 0.49051501413884635
0 0.4028958352349645 0.49656744563160615
0 0.4145690542902592 0.5093629437323195
0 0.42364912238910046 0.5217759502581514
0 0.4348366940907723 0.5364184860413829
0 0.4460976738438046 0.5492667154001352
0 0.4444151520729065 0.5606785498488064
0 0.29062085228858237 0.4395831532942982
0 0.2688942390094272 0.44315056726574514
0 -0.10479461732242319 0.26389327692909365
0 0.11424221923883013 0.31804375802746976
0 0.09195045630137126 0.3287990731172287
0 0.06685085848366899 0.33664277176887464
0 0.022657364821262498 0.32857735869221794
0 0.12679681968060044 0.30809255663198404
0 0.008114768160904626 0.2780871031383356
0 0.041214804783713616 0.2717778726983756
0 -0.014831111299619972 0.28845289835152915
0 -0.020978689336662384 0.2997612078159381
0 0.023782816436365067 0.3441094875145263
0 0.35948552237711934 0.5989396364544146
0 0.0048702707965311105 0.3175733556953101
0 -0.04375462223299973 0.344776682293834
0 -0.0140274316429806 0.32916359503429155
0 0.1524950740077227 0.4317203832510561
0 0.3446608125734672 0.4823955021346339
0 0.36952760529746825 0.5002770592419865
0 0.32463133342260364 0.5008167188388472
0 0.31752160205829627 0.5153575911879921
0 0.35221445488986924 0.510067255542682
0 0.3422376774340797 0.5186295505529775
0 0.28887999650957485 0.5545592925038201
0 0.2514426982660088 0.4392559763532096
0 0.22878426442043387 0.4252556753806032
0 -0.07871855391586999 0.2882236047579458
0 0.16441994648185565 0.3631521960416922
0 0.19785648284198568 0.44106179399612233
0 0.1894936321807994 0.42899476986723584
0 0.08021333992338295 0.4434269504806104
0 0.21472498360011788 0.3981031045174827
0 -0.0604727057387217 0.2629183185176727
0 -0.08080348108026335 0.27456827942555706
0 -0.12465306494733412 0.23640479123630462
0 0.06892087319486147 0.25212326503028504
0 0.07541192242567488 0.27225555027254855
0 0.2531117388098646 0.5424969792366028
0 0.1575888425326176 0.4899141893219262
0 0.23029536223240035 0.4454454787242146
0 0.2585377018514583 0.4468547861796979
0 0.32018088951385276 0.5349182665538483
0 0.32804049104809474 0.532226237054831
0 -0.10702289794560531 0.2627655574308036
0 0.20961774539032715 0.44731132186258943
0 -0.014390893834386227 0.25476370299586093
0 -0.038352020495801234 0.2409805005636459
0 -0.08176397233844089 0.18497226837153632
0 -0.10778093995521966 0.2597133559636034
0 -0.044793253822578226 0.22328105245154506
0 -0.09840470037871984 0.2794148822942862
0 -0.09718940469572585 0.28222247986747817
0 0.35629988995959144 0.49225419588363206
0 0.33825679112681384 0.5060952393391642
0 0.3291891885461281 0.5174405138713484
0 0.24151005797820696 0.44725391773370127
0 0.3242613383763128 0.5336358484368735
0 0.3352374810394909 0.5373943562324817
0 0.3319771709344942 0.5307903360254087
0 0.23004577485777492 0.4401508121254345
0 0.3525232534757335 0.5186982759461997
0 0.36305513892242375 0.5119582106130192
0 0.37968704876282233 0.5043894135342619
0 0.4033984264595617 0.5682542992476076
0 0.40635464717444186 0.5587289369525239
0 0.3984504929549402 0.5454286168368099
0 0.3918552643103565 0.5294572381546703
0 0.3890218520336014 0.5167978991525242
0 0.356785791240436 0.5252231612753945
0 0.35200923552616037 0.5328752342314004
0 0.3474264724506177 0.5423126477783862
0 0.3450166800325151 0.5510102660892109
0 0.24137776189570803 0.5037974405783815
0 0.055330803711637316 0.3998537594898821
0 0.3017076148832445 0.44042119279075354
0 0.34670012517512844 0.5271923774347519
0 0.340866239594041 0.5322344050811122
0 0.27678075682916803 0.45208536226528523
0 0.23243564553112148 0.45547266175952583
0 0.2677254812608806 0.44977901557002203
0 0.1490872668133651 0.38028484011610475
0 0.11696660440031001 0.4069405670364063
0 0.19719197838712368 0.43647888540840757
0 -0.12049193648125628 0.21086776099456384
0 -0.09316050305926829 0.23984506892891358
0 -0.0875583145258238 0.24996048564347215
0 0.3207306881173909 0.5624045487790824
0 0.031291213538721024 0.23132334811428484
0 0.02241073223612577 0.20585264984411172
0 -0.017875121580325157 0.15943375648781896
0 0.04207460235634582 0.33631118789267617
0 0.018901988971147605 0.3604402593530405
0 0.13170400940828758 0.30088491928272737
0 -0.030475544343463522 0.3083130933415775
0 0.17093372219901004 0.3480516049427727
0 0.20101949265249056 0.43426918735900244
0 -0.011843819126522513 0.39229153482296975
0 0.04555901477662779 0.3786850466895789
0 0.08011271549071625 0.3856452308333339
0 0.12094171963435568 0.3699527047693539
0 0.14463391428371128 0.35078299293121973
0 0.15662105663788975 0.3368708686516308
0 0.18185315829672688 0.3202344606669185
0 0.02602254686881598 0.4343811842961052
0 -0.04951701575903584 0.30650195698387706
0 0.2752251294162348 0.4430758013321569
0 0.1802359073639488 0.3871384220191846
0 -0.029044595196378604 0.3258824039000673
0 0.1625675589417954 0.32522713823821214
0 0.20122715895124477 0.4341916860863804
0 -0.0015798499830049291 0.3181066138390154
0 0.19230288674505494 0.41930008248780104
0 0.1013522963586757 0.44316599153862973
0 0.12226959741372856 0.29374722303293005
0 0.1991876616752405 0.407507618014424
0 0.22309749503787474 0.5600932632772305
0 0.2518807919762975 0.5656902988116962
0 0.027591978688891843 0.4223255574131926
0 0.1754834401092941 0.532843207970214
0 -0.07283242857999367 0.3105445981216126
0 0.3721112686095478 0.6156769480568152
0 0.2887377741811373 0.4432470639483235
0 0.1722167356551694 0.40641473609799394
0 -0.02325863260731137 0.33127607457554
0 0.0532908909183612 0.32671371902139806
0 0.07756040064836864 0.32021121028513194
0 0.3303206189930868 0.542324462923379
0 0.06931134400893744 0.46767102015285067
0 0.4551125518995509 0.6315931640684415
0 0.34893653146940456 0.608949761611585
0 0.3044605091464319 0.5914822664504615
0 0.10727429468568853 0.18090932114055744
0 0.5268711381964832 0.6218346141207333
0 0.09711353541564027 0.31041782275556373
0 0.11127219411680739 0.30064988907533713
0 0.11936580112798037 0.2957168191004866
0 -0.06584956848935829 0.3020017544111124
0 0.08885866153440315 0.2856319660005478
0 0.06187342325274607 0.28580011336948163
0 0.03582723092118041 0.2920024376422072
0 0.01593796576527383 0.30139388229709846
0 0.008133512606723703 0.30931844440892864
0 -0.07479039213354353 0.2923770461219568
0 0.034578162917702035 0.3270795706171578
0 0.3299579878362249 0.4563675735133905
0 0.25008174069493794 0.4877948714330935
0 0.22464435041951333 0.44351919219135855
0 0.29156804699406064 0.46969984390865116
0 0.18992485831395614 0.2771886202473991
0 0.27334830715216035 0.5820254395945004
0 0.32068364232850016 0.5985104161710404
0 0.4324670914265749 0.6245778932358129
0 0.2086753753020609 0.5320510613842132
0 0.11011636357227389 0.29055933735241146
0 0.1857875182116918 0.35947601435283505
0 0.5048787785376863 0.6155502106815862
0 0.39747859805607966 0.6246262175587419
0 0.07273045096466009 0.4601138862558066
0 0.37023578523446043 0.5220644905353887
0 0.36809411687816646 0.5328287714586472
0 0.3680043882317394 0.5460023162083123
0 0.3712223617435931 0.5587436014090102
0 0.3591402967770894 0.5681730748746342
0 0.33594903128324366 0.5255107517821339
0 0.32565341357418676 0.5264461617500257
0 0.31649767516328275 0.5263761066781065
0 0.24340530150800013 0.5229298454313613
0 0.10711739074697883 0.4809434170159288
0 0.17565329433630983 0.33297035117118884
0 0.12224235794812942 0.2792189066497663
0 0.11223644811472447 0.2823185966418574
0 0.34479994160665883 0.5242247245372674
0 0.15377110446528566 0.5176711941298585
0 0.1390175866208774 0.28102189397659544
0 0.35816089948304264 0.5814967213537746
0 0.2289388830141484 0.36230378505140065
0 0.19395349448104557 0.34761273499114065
0 0.21802663767366387 0.3369905777251759
0 0.19128134907435457 0.3953489980187279
0 0.4834687432510961 0.5986733967884661
0 0.4626873394282316 0.5774694285072839
0 0.4107167474943385 0.5850997327234798
0 0.2650636083645215 0.5602517609779065
0 0.19305964757641442 0.4556021724646084
0 0.3101127905954274 0.5732444314339671
0 0.13613854823924368 0.4640602966467032
0 0.18976464177921806 0.48110928493566785
0 0.15010417608334292 0.4954440570867861
0 0.418157738461483 0.6071111199002677
0 0.18993833954099842 0.4062990160605397
0 0.2567787710711253 0.5706445296732382
0 0.30821071411494155 0.5853053390408476
0 0.22362432476999664 0.5428981622948814
0 0.10987813366974572 0.4944163294265065
0 0.1974542159542477 0.5420174591076641
0 0.12049510781999401 0.49614734314501097
0 0.2001195745788318 0.5100933172451422
0 0.18272901099505756 0.3726514206526759
0 0.21709534804598032 0.4402118253822144
0 0.21155527934467763 0.44535528851774175
0 0.21104079970924688 0.42967586928663165
0 0.07708195559412455 0.2657708212400016
0 0.02062126093631168 0.2659231264370318
0 -0.018807034483916466 0.27473042424494465
0 -0.04125667090038601 0.28598307715818144
0 -0.04577329747682567 0.29626451375575874
0 -0.005486220192852066 0.32359680019247644
0 -0.01133300989365978 0.3839934659651674
0 0.04350125782495494 0.3536498181926557
0 0.07337143252507675 0.35714455572560955
0 0.10507835515683217 0.3471594665187616
0 0.12949762423690275 0.331950107702432
0 0.14261065680774854 0.320107989227429
0 0.15010478781710426 0.312286097306413
0 0.015073089648207886 0.3602812297808857
0 0.22068892608729485 0.44868396817685696
0 0.19421522419372622 0.38258419650050396
0 0.23148219498227254 0.43989327235724596
0 0.26084696217406567 0.4420981455725222
0 0.23954050610963104 0.4399335046355336
0 0.2358862625466262 0.4519719976586656
0 0.2660478533600732 0.4437047013649925
0 0.2783669709301681 0.44434746804709635
0 0.13225002218779328 0.2935864078922394
0 0.14985008727160576 0.29989584728170887
0 0.15917875012047858 0.30788075781097046
0 0.005449848137885261 0.3144352569842872
0 -0.018078078683331715 0.30854962418635434
0 0.2613486069426548 0.3551570659818741
0 0.46288471013236104 0.1591669089687518
0 0.33137485556465257 0.425337621579155
0 0.5658278215131599 0.052918552781065435
0 0.34570932424039863 0.22535839048437417
0 0.3851577722483116 0.21758712133089195
0 0.42779584625642075 0.2066908033130268
0 0.4834537846293095 0.1608551640194445
0 0.3151090164407552 0.23054351055393585
0 0.3848090609200567 0.13698556985908422
0 0.33861180446702516 0.15663888583929775
0 0.4327596155859584 0.12592877861790763
0 0.4665646695976349 0.12485299257043832
0 0.5235953385309635 0.17852877837400466
0 0.601639454599193 0.5364664684469327
0 0.479772209263534 0.13922412193621309
0 0.6478711989857882 0.1352491234533322
0 0.5675404452019744 0.1397855502728837
0 0.46397004124643704 0.3388729848610327
0 0.41217918361691264 0.4591777164715167
0 0.4270949147873931 0.48014644559579917
0 0.4590419602336929 0.4552108670195071
0 0.49236275194931944 0.45487761154723244
0 0.45851332992672633 0.4729211995015129
0 0.48492245351096136 0.4681868974964459
0 0.5649897231758355 0.4733172158082834
0 0.30374674281056263 0.42485684775315913
0 0.29104717300950195 0.40731789185977973
0 0.5216267100341029 0.08752556835500577
0 0.3565650130633256 0.3061546259128248
0 0.3977402354315888 0.3827919682946068
0 0.39503978868182615 0.3682574404123873
0 0.5674409980682447 0.29897103675257286
0 0.27444321824778184 0.380507656274893
0 0.4196855031329093 0.10279339504318115
0 0.47797791334650785 0.08878410924166537
0 0.4878116374393161 0.04186991057076012
0 0.24668816496714127 0.18737165458476582
0 0.30540576477130826 0.1801051124692344
0 0.5688857054538864 0.44834964896162477
0 0.7852529358806656 0.3133645807020961
0 0.38269516296809813 0.40147015490470983
0 0.3611011227829565 0.4160549446416739
0 0.5357999580083705 0.4569949919042496
0 0.5276476476404021 0.46002035285718146
0 0.4965416553209154 0.06358531126960779
0 0.4096040384089061 0.3882358628340042
0 0.343694457904898 0.132056716865244
0 0.34803012670944633 0.11268812308486659
0 0.2861713317515467 0.06646588920785215
0 0.4631423770094947 0.08068100927165522
0 0.2875627375049271 0.11739205142941338
0 0.5453686282503233 0.06708411382029232
0 0.5339388561477478 0.08644167126748509
0 0.4206934095286637 0.46981081509361633
0 0.45926343093958977 0.46436308348140776
0 0.48900569557285994 0.46143881610026377
0 0.37888805521763774 0.4071627373512561
0 0.5315626513757866 0.4586658661548322
0 0.5249832585561189 0.4702550417508561
0 0.5235859201394683 0.4614902936612455
0 0.352420851552515 0.40609986818255706
0 0.481473890997523 0.47267220766780477
0 0.45744134153393534 0.4785721820002547
0 0.4309114870979346 0.4863785356759263
0 0.48938404713317357 0.544292577348959
0 0.4856726468609963 0.5330200172460879
0 0.4720037445175848 0.5213347248756848
0 0.45603620062629097 0.5079988073617124
0 0.4430528556128486 0.49856675052033445
0 0.48912023983413366 0.4789265223775809
0 0.5013121629504563 0.48095690375699784
0 0.5161590567595667 0.48437018897205875
0 0.5292266132734377 0.4882150499013285
0 0.4893150250974605 0.42912466048051756
0 0.7462932054373286 0.19753231836584048
0 0.5047300695229492 0.4709490580490222
0 0.5146425110544804 0.4705364397539498
0 0.35751130748138155 0.42733582473410586
0 0.4115715588597085 0.40206832036423606
0 0.3592001543485289 0.42202888710049397
0 0.40059340786304976 0.3053570846303964
0 0.4661597711005085 0.3030049020109085
0 0.4105113434562866 0.3730643428743076
0 0.39749046338262034 0.04460148851330669
0 0.3827494341406605 0.08903465869898994
0 0.4323073942884267 0.07945267108682626
0 0.550601191086163 0.49650631840236653
0 0.2514809027707262 0.15615870087101055
0 0.20065529176371275 0.14908435431341774
0 0.1824411383206896 0.09482979736389063
0 0.46338887108887417 0.18394283112436058
0 0.579844927330383 0.18617773608277782
0 0.29655683969708085 0.23099862158108062
0 0.5132089764665928 0.12169663927044731
0 0.32056914423581223 0.3038246489275759
0 0.36446852092262655 0.38732841410956825
0 0.6339712228706414 0.2004307709848538
0 0.5547722457981795 0.22282903767622317
0 0.5029367431462239 0.259683457188332
0 0.4197066021766022 0.2803051971589414
0 0.3610791927047199 0.28365458181490916
0 0.32172107353484886 0.28615707511338184
0 0.24407433048426677 0.30182587591032634
0 0.6583342009025226 0.24766682788205985
0 0.546241860881412 0.1101750873338681
0 0.3075016569748199 0.43408952877163504
0 0.3676137558276133 0.33121487136466055
0 0.6792713775337457 0.11063251580102756
0 0.29064850727145336 0.2850289947023026
0 0.4192909463989935 0.3687366186239468
0 0.49336461026033906 0.13636932076927952
0 0.36016888669926483 0.36997679094917857
0 0.7718150149718177 0.25022949863927435
0 0.2894187839054089 0.21776594412022124
0 0.31542178552499495 0.3735623645325438
0 0.7237582725586651 0.42371009485409283
0 0.7573943033778696 0.4293709929568318
0 0.71711807571155 0.2193939077397124
0 0.744937603422206 0.37349660242327487
0 0.5916303822176634 0.10644900470305556
0 0.6325743923084342 0.5506361324947101
0 0.3144909806674619 0.4354162441846281
0 0.4112130136226864 0.33479767161817214
0 0.6017654486697355 0.13337948123296609
0 0.41623158506352265 0.18725578258403194
0 0.3777737071474107 0.2002104052339499
0 0.5346463435559535 0.47019262283373947
0 0.683707809276718 0.2877064927127034
0 0.6007362123873594 0.5955504754099983
0 0.6904753852519486 0.5217160767259689
0 0.7236839873041753 0.4819601273384338
0 0.34379173511509703 0.2078378221478325
0 0.3145131646729202 0.21359931994170045
0 0.29666039583494336 0.21709018241102324
0 0.5736175238085593 0.09427152226527279
0 0.3125375416353166 0.18865694100864397
0 0.3431974761634708 0.16746725727574893
0 0.38205639749979803 0.15178635640266225
0 0.424902414818176 0.141540593184983
0 0.45236796798180046 0.13988071727676513
0 0.6264063154193137 0.07490800025935371
0 0.44336236981179217 0.17330443278288307
0 0.44787262512339676 0.4283797744744883
0 0.37723108775895847 0.39991386096698406
0 0.376114131163636 0.4442127905905056
0 0.6995475585226246 0.47004202722360533
0 0.6693943473074934 0.5095560510699361
0 0.578681848317885 0.5885714098287467
0 0.7785895162349125 0.3748764290025059
0 0.2970220805357972 0.20845978885603408
0 0.29155098770162186 0.3282134826190936
0 0.6515775207135317 0.5608664524440948
0 0.7415849792299797 0.2661451637840119
0 0.4680418796676526 0.488408613128784
0 0.4824386297655906 0.4939707350997498
0 0.4989735855758905 0.5022041815728806
0 0.5140342861056614 0.5114913794179313
0 0.5262982322157715 0.5207142967956896
0 0.5073849478785655 0.4639616724782097
0 0.5131839069245244 0.4594903049377588
0 0.5180238059384645 0.4549608494336613
0 0.5302304106650593 0.43636468500374986
0 0.6323463656633592 0.3265344783330497
0 0.2812159420203248 0.3018656712941849
0 0.2634086723236157 0.2214059015622916
0 0.2857271668722304 0.20961966758338027
0 0.5020049225798042 0.4675964821641818
0 0.6885456307042989 0.36411579519795917
0 0.2339779533070626 0.2480680869219783
0 0.5649457706821909 0.5260121166325225
0 0.25401675851225 0.329938873696251
0 0.342538719697536 0.35080897865204
0 0.5182435684066882 0.5566590451203977
0 0.611221236719502 0.4637736559104615
0 0.46247311719029927 0.37502911410773526
0 0.5967035710954551 0.4949933339993413
0 0.535022017338293 0.3462392148880151
0 0.5077206396656356 0.3868237820486672
0 0.593818911688505 0.3657165383949828
0 0.5504966654079996 0.5733882266873369
0 0.37724006754888906 0.35044362093693915
0 0.661730916094151 0.4615723538322571
0 0.6355141308381975 0.49956708679945705
0 0.6106765859132762 0.43195706605911255
0 0.7048855242397574 0.32189914241385537
0 0.6638802946042671 0.4106657568829509
0 0.7549297781013471 0.3152965088717092
0 0.5556119600360057 0.405090604060755
0 0.330006695694203 0.32909828881486153
0 0.35911155683245305 0.40043216972305373
0 0.3908996669222697 0.3936796813917617
0 0.3278418045392711 0.3965893982888791
0 0.28256367229157503 0.18524952537525957
0 0.33792317692610285 0.14940871993383278
0 0.39725786604755503 0.12654130460736088
0 0.4503774555752889 0.11479839915856005
0 0.48739856710251 0.1116295658742277
0 0.5271149544978885 0.14040635826107792
0 0.6873107133723563 0.1755286813163148
0 0.5017552890365929 0.20123718312373176
0 0.4596937683274706 0.23051359278325456
0 0.40262085513817036 0.24706398955168435
0 0.35074885621917046 0.2530007769886297
0 0.31615766661344386 0.2563639333168158
0 0.2917391939414777 0.25939977973604356
0 0.7149663887721457 0.15167749370820224
0 0.3975485896320938 0.3970136037840249
0 0.30033887790547287 0.3515088835272926
0 0.32945611222470694 0.4132387991340016
0 0.3261305428237366 0.4245029632656719
0 0.336832975026229 0.4135647603688529
0 0.3957068785774908 0.4046572807688302
0 0.3184401260720168 0.4292278815382205
0 0.3251331397812429 0.43079044396123184
0 0.2831869481993522 0.226747011938415
0 0.2690136309722059 0.25223132991752684
0 0.26174828838959013 0.27375164775612254
0 0.46863657722084356 0.14032270247563006
0 0.4877238247891982 0.12685020796407145
0 0.05332560969485368 0.30068278912538154
0 0.0829076000826536 0.28919825924280734
0 0.03642795347481323 0.2794139515191983
0 0.02357381124862378 0.31186624176014727
0 0.06973387890582462 0.3219656263487027
0 0.38643539552208334 0.16214428751613386
0 0.43309175239192493 0.1494469007078451
0 0.36963053815942304 0.135883190237676
0 0.338404507516957 0.17516189894546716
0 0.40377354621887207 0.18786874546791418
