0 0.6902842411009068 0.36275463227798294
0 0.7329718564884572 0.2939480984745239
0 0.7260301201152399 0.3084925847227166
0 0.7308106271526481 0.24490602347864157
0 0.7385308966354982 0.27994825968555376
0 0.7458649654931659 0.2617497883257078
0 0.763820388397587 0.216926635897794
0 0.5971722472066114 0.186841279101305
0 0.7794588205683584 0.17619278910113315
0 0.7865333428865746 0.15750931624938794
0 0.8052868508588412 0.10826559410709627
0 0.6877454231308482 0.36888558106596064
0 0.6863334978683086 0.3751905140589599
0 0.6861989621371659 0.3797405711075171
0 0.6846515121339243 0.3805171783063926
0 0.6825642150665637 0.3864989113740894
0 0.6800331113710685 0.3936570610652785
0 0.6779336570938931 0.4006588812969646
0 0.6875864360402908 0.3942439013502511
0 0.7298053065432778 0.3015340517381994
0 0.7048793594796949 0.2978834938936207
0 0.5458557059996239 0.12763404516445823
0 0.6613060632083989 0.20738644918807747
0 0.6387609816804717 0.20621988235735425
0 0.6170878261956485 0.2028909692076408
0 0.5879354761119633 0.18926637296249219
0 0.6807062008461369 0.20625150537624412
0 0.6385381958655667 0.156762287229383
0 0.6641516262971903 0.1625949773801809
0 0.613040707785369 0.1560975990208591
0 0.5946137707696182 0.1605932950055232
0 0.5710215867823186 0.1950878308934658
0 0.5955621472516643 0.39789564001793953
0 0.5893402348590803 0.18045881499095456
0 0.517340719322615 0.18186140244080573
0 0.5503730908476351 0.1780225465110704
0 0.6205649707890764 0.26284530416590157
0 0.6646109223365784 0.35599554319675564
0 0.6636933649139565 0.3712397967400003
0 0.6386988870956727 0.3571162595301449
0 0.6226122814391736 0.36019904306288864
0 0.645713140692892 0.3690424289356093
0 0.6320591485953029 0.3687295396120942
0 0.590798499023361 0.35403422481205615
0 0.7127700885639915 0.29045326527761145
0 0.71490771861016 0.2764306740433562
0 0.5719949091285593 0.13786638142014085
0 0.6801671906362606 0.23583374512629682
0 0.6570737261309403 0.2779620000127317
0 0.6586619081124978 0.27025076429717015
0 0.5587329147737238 0.250850301413309
0 0.7231183694636268 0.25951984708382636
0 0.6274496337029501 0.12773448713019447
0 0.5955792647248079 0.12922902037950457
0 0.5728526695116662 0.10688058940135464
0 0.7244285788968645 0.15681257301351936
0 0.6843805235146471 0.17310701030976966
0 0.5797185260283796 0.3396929265404282
0 0.48846953704890317 0.309515062333489
0 0.6706494799646144 0.28858695995239986
0 0.6877296446244928 0.295956620983049
0 0.6053560502544234 0.36897526602117287
0 0.6126119873568981 0.3696485079971014
0 0.5874065690151247 0.11687575301536325
0 0.6535102181796786 0.2840557096719074
0 0.6690102042276648 0.13490872193618314
0 0.6693987023981312 0.12209231270795443
0 0.6707928711351966 0.09169848747447092
0 0.5815765706798698 0.117470527855622
0 0.6725979809519611 0.11288507491433654
0 0.5623342637522815 0.12834599509793504
0 0.5560413024345028 0.13418919745446586
0 0.6630930817579921 0.36419716610961933
0 0.6418274590737709 0.36326733991211535
0 0.6268998052500472 0.36455331387973966
0 0.6750550763013494 0.29215992907850014
0 0.6091611884565796 0.3695149021823199
0 0.6160722046713286 0.3726968172551537
0 0.6153656714576207 0.36944897769212054
0 0.6850101422156966 0.2861628453103768
0 0.6361867875992497 0.37099124787568377
0 0.6488838749092842 0.3725226314461866
0 0.665664780492018 0.37545568084850367
0 0.6572577123400531 0.3878622724562466
0 0.6527609901840676 0.3944286281655149
0 0.6557876637464837 0.38810275716274056
0 0.6600167903467573 0.38142358964564754
0 0.6650697162634209 0.3767499205778961
0 0.6364264474387913 0.37183038109824773
0 0.6306021701434493 0.37374967946057897
0 0.6240698380812311 0.376222697459683
0 0.6184929196844624 0.3790489543719786
0 0.6161089197492801 0.31788914302150073
0 0.49560746248764326 0.2400637415109896
0 0.7280885989655925 0.30505944233314664
0 0.6273503675742491 0.370797420082306
0 0.6215550758667636 0.37180711024281693
0 0.6931835150165397 0.30257599853000056
0 0.6577492805221413 0.2937208332267462
0 0.6904050828535345 0.29937087020286324
0 0.653206972633233 0.24011201125567033
0 0.6140583681909344 0.2434339402686982
0 0.652423220596233 0.2759558967515534
0 0.6122397393742695 0.09395908691635986
0 0.6182473866496911 0.10949634299391792
0 0.6232584698542261 0.11468876781416874
0 0.6066882841697725 0.3651863214682464
0 0.72421845240432 0.1354734001874256
0 0.7297094791247372 0.12306725498841924
0 0.7330748199913573 0.09719346221588573
0 0.5981198629120734 0.1971020991144394
0 0.5470512968326923 0.20095427530486376
0 0.6934090852737427 0.2042025468763517
0 0.5736380039639614 0.16302365936985871
0 0.7004584867491501 0.22952658008961452
0 0.673993184345181 0.27511558270587977
0 0.5205470730986776 0.20899766792102353
0 0.5590307283753584 0.21467880950588472
0 0.5858229593008379 0.2251786597970487
0 0.6286100918733621 0.22928278331830054
0 0.6611575748347029 0.22787352853796394
0 0.6859199853637551 0.22486614488086112
0 0.7399071719073043 0.21641659231579938
0 0.5131994776333435 0.23754076893423118
0 0.5597603891972248 0.15630110380362397
0 0.7173368630278463 0.2991027081546997
0 0.6761052827291851 0.24974352455272728
0 0.5139081410214871 0.18129604737631747
0 0.7053926250099632 0.22028335599171348
0 0.6500444243728863 0.2764658971327026
0 0.5803709984580173 0.17826141838599988
0 0.676731280133694 0.2658119926265642
0 0.488533609652821 0.27289511684943984
0 0.6938935782335982 0.19895218972231493
0 0.7001929909368104 0.26098291571734666
0 0.512401194763586 0.3503706203121431
0 0.5070229912105995 0.3665701309505965
0 0.49544278478823633 0.2375153380365265
0 0.49847084296403554 0.3266984290268575
0 0.537051953721147 0.15639032794981778
0 0.582662822702263 0.4119362316044773
0 0.7179503380497799 0.30296705258326706
0 0.6514062753206566 0.2566666328439526
0 0.53310998985033 0.17666281429993339
0 0.620221282359417 0.19548936835190162
0 0.640019732185557 0.1985556779622364
0 0.610242525862239 0.37368484939179836
0 0.507341893539147 0.2647492230272427
0 0.6167254074464871 0.4414447995127082
0 0.5528097669535046 0.40876163187481107
0 0.5292423234207217 0.39066059282179977
0 0.794877479599498 0.13468535916478025
0 0.667562507250138 0.45314790855268805
0 0.6591851398160186 0.19940641781195206
0 0.6771482161328762 0.1991551040935249
0 0.6885362503900809 0.19924985794793992
0 0.5467565871995209 0.14958855643325827
0 0.6756941286320425 0.18589643340985648
0 0.6569160780071709 0.17885099472451946
0 0.6373401249008339 0.17523299591714928
0 0.616965965002398 0.17472676840983853
0 0.6033863159926128 0.1767059431440022
0 0.5275915599573514 0.15119729831773027
0 0.6065852141581507 0.1913833871942942
0 0.7209214901370842 0.3192230411270419
0 0.6402838890311084 0.3127106288734938
0 0.6717371926780491 0.2862820220427687
0 0.6863938883135591 0.3145557081832939
0 0.7713352786337776 0.1976618236687337
0 0.5315590707058645 0.3733312936724067
0 0.5550834694995156 0.39246080085343005
0 0.6209904122704695 0.4289717938051838
0 0.49544566052372446 0.3411479598166896
0 0.6882124030137364 0.19407969596339206
0 0.7150557961645005 0.2358176600114972
0 0.6714247113038719 0.4406105047848378
0 0.5806437825100331 0.4260405588383768
0 0.490245143949734 0.2676464733289403
0 0.6489258393456664 0.37379489634551255
0 0.6426656827141967 0.37695089091105954
0 0.637161570636532 0.38137733594042245
0 0.6330168293749733 0.38646524351518025
0 0.6279770344621521 0.3770693476293601
0 0.621266574170519 0.3691676249858044
0 0.615383184534588 0.36692270745082395
0 0.6106322869218351 0.36410774035947996
0 0.5953345152899183 0.327504412800658
0 0.5325157929070389 0.2769215796508041
0 0.7208748393169435 0.22208121677740617
0 0.7150373092935055 0.1886735133597163
0 0.6997608546214767 0.18913224873756493
0 0.6266885223770946 0.37014367608796983
0 0.5148090374369159 0.3090950925143159
0 0.7373156016889001 0.1912322706368123
0 0.6121102095530506 0.38648330146859006
0 0.7520490444662199 0.24630911493835664
0 0.7346568853291782 0.23133676751655022
0 0.7576984496559271 0.23216527333112658
0 0.6889920164261186 0.25477504062385453
0 0.6771581975216604 0.4247982465252489
0 0.6829710327371766 0.40804674428384174
0 0.6461510436947335 0.39997901519139606
0 0.5672806657316313 0.35382812797856267
0 0.626535743223464 0.2841693278955144
0 0.5857131868475097 0.37123838551238136
0 0.5814286909274411 0.27332398604278135
0 0.6018661398299133 0.29479999034678567
0 0.5542868907693066 0.2925789772796364
0 0.6320808459434831 0.41446276105084673
0 0.6710449772796551 0.26042484719546233
0 0.5442553668082515 0.3597368516174017
0 0.5683313894875442 0.3795809583837579
0 0.5574135455904128 0.3345148732014397
0 0.5032244337258963 0.2885360693564268
0 0.5306995453210822 0.3300055689504501
0 0.48973860368446964 0.29692040304509865
0 0.578149272168236 0.31115807688870684
0 0.6959310292191646 0.24260200718704725
0 0.678880413121815 0.2825622564437343
0 0.6623942323877842 0.2836507737469606
0 0.6933011919385773 0.2749485970378256
0 0.7005570681789254 0.16902490481942975
0 0.6661134256592279 0.1524626798823434
0 0.6338637258684585 0.1459892347914164
0 0.6060361997361927 0.14606306503633826
0 0.5853309955149261 0.1512774934872192
0 0.5676422171954867 0.17848244831174695
0 0.5036048676645706 0.20898511087527127
0 0.5810673524810293 0.20395990212758383
0 0.6037998056738688 0.21220452428197994
0 0.6335293645597209 0.21639477588883302
0 0.6620934974040663 0.21671282051324176
0 0.6845337895652915 0.21496957999651506
0 0.700435054830358 0.21272770092099988
0 0.5049055978215696 0.21048056574261823
0 0.6611839281355781 0.28756554796248257
0 0.7097997733309299 0.2482282692978696
0 0.6955833391046725 0.28609553839312213
0 0.7050038986065217 0.29523346763031155
0 0.6944810042652902 0.288635690506099
0 0.6658066044628369 0.2928510850050202
0 0.7096886695185795 0.29714127456774564
0 0.7098959811377626 0.30078103220095487
0 0.7020615495206938 0.20060694050722094
0 0.7142192005859649 0.20625732309010184
0 0.7218748801368199 0.21073203786414543
0 0.5952493767823851 0.1786997917653466
0 0.5827709138393402 0.1671051456480801
0 0.7717749466372945 0.25172900661033076
0 0.920832502942548 0.23731683015155525
0 0.753411625759511 0.30575609916732427
0 1.012997329989566 0.2042002716318232
0 0.8524804394456404 0.23788097559237012
0 0.87255206892762 0.24340537010955543
0 0.8934668518822907 0.24687899169133826
0 0.9269360308908712 0.24290758116739472
0 0.8372831055383642 0.23097039554633347
0 0.9073008437196917 0.19901697659025006
0 0.882062445712995 0.19591820874467952
0 0.9285643362294772 0.206433740942752
0 0.9399768370616285 0.21590133583178373
0 0.9386336707867651 0.25497736458350967
0 0.7698661277565775 0.42691122867813963
0 0.9316882674704121 0.23370739951187156
0 1.003928203623003 0.2626732495986447
0 0.969253650194482 0.24708961021332515
0 0.8510405328203354 0.30187988890653233
0 0.7182104627794355 0.36495332490830196
0 0.7098383751348101 0.37898997081761937
0 0.7425814233248746 0.3743365485461152
0 0.7559691436180083 0.3823541358572428
0 0.7296554335561986 0.3831269125811526
0 0.7429893212982371 0.38747988737263933
0 0.8013627652377519 0.38953230194016997
0 0.753180440971117 0.2971587565098824
0 0.762113996950383 0.2842941495383821
0 0.9745343526204427 0.20697281549290783
0 0.8205316876560323 0.2592882905520645
0 0.8097774715866217 0.30380984347741474
0 0.8143099654575944 0.29653263225608845
0 0.9145770022637734 0.3109834014701576
0 0.7675221751007852 0.2669091212983225
0 0.9338932414598102 0.1807471374336745
0 0.9599483787761962 0.1920999164173917
0 1.0047644492443102 0.1778763116491275
0 0.8342813550168452 0.17544627849127398
0 0.8578433361737537 0.198934059767496
0 0.8224287297152266 0.3807662167802912
0 0.9365719053815689 0.38356534356162664
0 0.7885081971747966 0.3087007263962294
0 0.7683698932329813 0.309718307911181
0 0.7708394653183498 0.39692367859581273
0 0.7626603562620622 0.3953686785631153
0 0.976266184436621 0.18418125904240862
0 0.8072215970055463 0.3102741299891004
0 0.8944319426258908 0.17378536438574643
0 0.9037299714510953 0.16251406219660067
0 0.9341551920532677 0.13515233150383338
0 0.9923119972526776 0.1844944939726875
0 0.918150400310629 0.15289843241039777
0 0.9910698621081904 0.2018216618803703
0 1.0019941878218188 0.2070512682282958
0 0.7138036492001658 0.37250166463584794
0 0.7358874414540544 0.37882465558225703
0 0.7496246016478236 0.3847985548966405
0 0.7818519802536139 0.3103789928413573
0 0.7662771490052782 0.396278833975645
0 0.7566191207004499 0.39702505657986764
0 0.7601950140945016 0.3943213172653476
0 0.7793735222977425 0.30209684355252264
0 0.7396469102378636 0.38866235211449845
0 0.7256446041889835 0.38554987520062955
0 0.7072724887338872 0.38260138869619503
0 0.7189361219164692 0.39826431603324847
0 0.7046744671300493 0.40373095102002976
0 0.7053490933738177 0.39667213447287636
0 0.7057096558281138 0.3893391365597562
0 0.705171345532695 0.38362585354585943
0 0.7375735810285882 0.3894829953751978
0 0.7414952473801399 0.3930617246140285
0 0.7455228899098649 0.39774435065707575
0 0.749500686357796 0.40234685353204314
0 0.8091235080348791 0.3509665903757934
0 0.9820124821320868 0.32041503885546985
0 0.7476132300835622 0.39188887926042915
0 0.7518917462996793 0.3943941826913871
0 0.7583835441854936 0.3138557104837327
0 0.7953738406740664 0.31745722096841206
0 0.7633138937789177 0.31190527871209367
0 0.8402898467542753 0.27153397341068386
0 0.8716312249501547 0.2869326267756668
0 0.8145480276663092 0.30351017361261595
0 0.9821603162379204 0.1547916806629058
0 0.9673355802705016 0.16632341194887454
0 0.9473481535408568 0.17047531560522503
0 0.7792989966235583 0.3943021360899554
0 0.850238309127872 0.15666931900991446
0 0.8609418574767776 0.1445846169018278
0 0.8762316105234975 0.12101999572178229
0 0.9131750736055495 0.2473319669564565
0 0.9564213272388474 0.2689593470230156
0 0.828144352898819 0.22532352663221814
0 0.956709296391483 0.22583593186043224
0 0.8082902142267187 0.2473986402613108
0 0.7981940394715418 0.2960352753223825
0 0.9813468330520115 0.28605631202542814
0 0.935153696104444 0.27778401252936247
0 0.9040711036714321 0.2788799891785747
0 0.864502687494463 0.26899027882837784
0 0.8382733627713682 0.2572721646947353
0 0.8200212674301888 0.24673591049111523
0 0.7847470394669706 0.2238437104709342
0 0.9664167447432184 0.31385614249218746
0 0.9745204760555477 0.22578704290363302
0 0.7424275030063677 0.3032124045850182
0 0.8137461387155428 0.272837918930027
0 1.0066341946396646 0.2620351731109352
0 0.8073876897493998 0.236422443047625
0 0.8154307110903132 0.3046219329707095
0 0.9402768873464206 0.23504813775128008
0 0.8028107056637857 0.2870020073335044
0 0.9645126122462598 0.35167073535652055
0 0.8316264881866391 0.22030908929533652
0 0.7864663641161054 0.27540701560947406
0 0.8809173856606464 0.41162026062065143
0 0.8751534379484281 0.42640549078041096
0 0.9836950764877384 0.3190862384496951
0 0.9123681330982643 0.3957995925964761
0 1.0034053979543693 0.23325114098249697
0 0.7720817830492173 0.44311960989019783
0 0.7384659567462744 0.3062833798866646
0 0.8293830189020824 0.2867385685777798
0 0.9881160405114733 0.25207700382093756
0 0.8957093169417563 0.23888623046607865
0 0.8766789775860461 0.23598489048434237
0 0.761843616952373 0.399756329233239
0 0.9508197292496886 0.33955189018022447
0 0.7211641322208356 0.4587701241843173
0 0.8023730765415144 0.4494330102489108
0 0.8368240833785463 0.4405672463382326
0 0.8600690641483677 0.23117110667442406
0 0.8453956314280063 0.22558083086788489
0 0.8358646528127325 0.222364412719796
0 0.99247401223404 0.22427328527808524
0 0.8562460096576546 0.21230534065504367
0 0.8771374824177867 0.21098026992226182
0 0.8964508002317404 0.21378918889523887
0 0.9137669273569614 0.21973408604202485
0 0.9230776155045264 0.22581028495850014
0 1.0136337652488097 0.23078543832656048
0 0.9098981349780086 0.23888137757110328
0 0.793729224285496 0.3391781740662764
0 0.7896797018212105 0.306307514759005
0 0.753661160479115 0.32610594383140906
0 0.8459213584787232 0.4254322909340471
0 0.8109094462817228 0.4347368314319632
0 0.7252038406671854 0.4462278243206462
0 0.9058988846304045 0.408404389683272
0 0.8397661281537406 0.21702786987903072
0 0.7918452371524859 0.24853989139658397
0 0.7647278731382345 0.4563052855452904
0 0.9655785819649193 0.3473513996233793
0 0.7233271722049149 0.3865114108187144
0 0.7264826148119656 0.39153405631623683
0 0.7282464601068054 0.3974090256944758
0 0.7295009502630193 0.4040796394441642
0 0.7521153841843585 0.3978873166550441
0 0.7534055091157744 0.39170052357414525
0 0.7597993798396758 0.39115472409237667
0 0.7660805339048683 0.39000572560548113
0 0.8185007184869629 0.3655262833215943
0 0.9182994516589974 0.3421811224365769
0 0.7965723681047496 0.2346022906256657
0 0.8213603863736245 0.2042433860756102
0 0.8338480775366353 0.2090036872388268
0 0.7492451871497722 0.39133369079491004
0 0.9090810304955591 0.3753536404514847
0 0.8011130479317677 0.20035427316230217
0 0.7617049425966126 0.41159033683501706
0 0.7785004855208256 0.23858031087896736
0 0.7997567050064667 0.2734937941660734
0 0.721831698457903 0.4127383561027484
0 0.824419499449589 0.39715111664697234
0 0.8289627659169934 0.3184548724933165
0 0.7957363963630129 0.4065557967047064
0 0.876721428919442 0.32331329717689533
0 0.8407995062035347 0.33532198019722265
0 0.8853200910463614 0.3485336339607292
0 0.7252098203711369 0.4300116093552747
0 0.8102511310879188 0.283923169477981
0 0.8427156285394596 0.4096127749324179
0 0.8070496919285899 0.4193787868617296
0 0.8480509851552263 0.3836566125478397
0 0.9360617590352955 0.3614443506346363
0 0.8774051236200936 0.3881988934442109
0 0.9437796853262664 0.37308617207516476
0 0.8477021234447946 0.3569387616563578
0 0.8025966535640668 0.2604435963623998
0 0.787688597345151 0.30090596904607714
0 0.8003352299521241 0.3070663520101072
0 0.7819512768133783 0.28976510460971117
0 0.8461100006405311 0.1916671015468298
0 0.8858204994523575 0.1881419989575191
0 0.9171699114489656 0.19268060778202462
0 0.9404286774904919 0.2013973719766494
0 0.9540582638752612 0.2123162128678223
0 0.9520624425843798 0.24068079358723318
0 0.9969922947984204 0.2910998091310346
0 0.9231519585923303 0.25985897372082833
0 0.8982114806959901 0.26044054350265267
0 0.8698271193584812 0.2549749165355992
0 0.8454763954701806 0.24635793189374672
0 0.8281962987239854 0.23789013417161145
0 0.816718158088153 0.230815102907122
0 0.9944936610475371 0.29092876258350553
0 0.7977034298679496 0.3108283968365827
0 0.7872778084207688 0.2612263956824605
0 0.7710413754237855 0.2986365422314289
0 0.7556516867649706 0.3035717492177039
0 0.7696646741170924 0.30123086820463507
0 0.7893408519306263 0.31401915368245764
0 0.7503934728948376 0.3038646509500445
0 0.7468187358811937 0.30678131283164356
0 0.8236317000811613 0.21922091759887397
0 0.8099700089245406 0.22052572713512666
0 0.8004361089271835 0.22244914397806012
0 0.9280254020972594 0.23016230933138637
0 0.9452159097929042 0.22519020882307314
0 0.6413141478969075 0.18668143597303652
0 0.666305232651626 0.18958925608159446
0 0.6445137459769028 0.17302605192534395
0 0.6161591310038346 0.1835960315890005
0 0.6380219176600251 0.2000872487364029
0 0.8843620603094624 0.22344580188351854
0 0.9087350901672105 0.2282785652648835
0 0.8905457436786925 0.20975794520030835
0 0.8599665723269498 0.21849050650409624
0 0.8782407301890699 0.23706239157197187
