0 0.7030526031942471 0.5151171784038129
0 0.7173589856728263 0.4549011722207069
0 0.7039953661353692 0.4732966285036958
0 0.6806438838982064 0.3920872947444087
0 0.7168019360498242 0.4351905444393987
0 0.7092303223907948 0.4091053702261137
0 0.6841082629626212 0.343806259787601
0 0.4882879786841247 0.3525455360827239
0 0.6709393368143103 0.28494275743546693
0 0.6679856911625551 0.2562220589298269
0 0.6493044931279577 0.15532003783661386
0 0.7038207543284997 0.5220338537641194
0 0.7032372557922549 0.5293868043500444
0 0.7016355047083419 0.5342681924933973
0 0.7032393986440223 0.5511174961276676
0 0.7058537696366725 0.5598880289689354
0 0.7079484378514083 0.5710560671661211
0 0.7085788036170213 0.5822419951791349
0 0.7070161136596099 0.5969632208347321
0 0.713638443985711 0.46467080064441846
0 0.6867528481651908 0.46697274738031885
0 0.3581695499951425 0.26903445811375326
0 0.5603192673753137 0.3631125102224557
0 0.5368477395209281 0.3674790767223939
0 0.5129574065947015 0.3687910078012425
0 0.4774830619116192 0.3593240041771661
0 0.5803266916747974 0.35639461434405784
0 0.5185083722614724 0.303960239239361
0 0.5467944135484488 0.3041289604552414
0 0.4915647663823936 0.3102108058722123
0 0.4737256937862738 0.32068242391814356
0 0.4573855153892351 0.37330400075601494
0 0.6193352111655733 0.6278358447810878
0 0.47740094477067824 0.3470871001158072
0 0.3617112553961899 0.36173944998046625
0 0.424014991959152 0.3588659742604131
0 0.5672220969977586 0.44790814447662103
0 0.6766881795357103 0.5149225507093512
0 0.6798967633234418 0.5321876406669617
0 0.6490472590793734 0.5275335882021033
0 0.6303521631204564 0.5392649193172869
0 0.6582802563257839 0.5381065031108649
0 0.641086687212405 0.5449286999909774
0 0.5929543793849323 0.571012524029483
0 0.6985228900676188 0.45658649413482005
0 0.6946826548032139 0.43789629469747127
0 0.43643070571124554 0.3019066909085149
0 0.6066351409839548 0.392685624697934
0 0.6305819074420825 0.4563521375474722
0 0.6238684140793656 0.44562327745168107
0 0.486218749181084 0.452685974214388
0 0.6879342635688575 0.41327217836742813
0 0.49849073880392575 0.2715943894956423
0 0.4624550128760545 0.28309347367157106
0 0.38896964619988983 0.2306637566698634
0 0.6110693747582643 0.27917199228768763
0 0.5711562810060771 0.31178105914074444
0 0.57423788552051 0.5535650254591652
0 0.3993169722835655 0.5438070422929266
0 0.6488123106891694 0.46589324888975725
0 0.6682552006905493 0.46930152883996135
0 0.607991474316172 0.5588291881524998
0 0.6139238675975282 0.557816084506719
0 0.4453149232203546 0.2706222636544186
0 0.6274299561653448 0.46451968233222546
0 0.546343833046115 0.26820080957334974
0 0.5414342076072226 0.25197945535182953
0 0.5034242876521919 0.17566406636134438
0 0.42157570726197696 0.25125201493501664
0 0.5301967102872289 0.21546895721036455
0 0.4164774649493072 0.2932802048390326
0 0.39009288317807345 0.2824116522851198
0 0.678295655095059 0.5242494230685026
0 0.6538339613572411 0.533212355815846
0 0.6357013333750807 0.5422232872765997
0 0.6538373899200688 0.4686707946917285
0 0.6110726196480833 0.5583658419225527
0 0.6225069685150748 0.5621102141297382
0 0.6168444827198982 0.5572454668905424
0 0.664154455875573 0.4589942608190619
0 0.6447070046611454 0.5463135067535483
0 0.6613482996497465 0.5407357997220495
0 0.6806459043013013 0.5366052775279335
0 0.6754158153806044 0.5996656631645949
0 0.6807600264639958 0.5840247322035872
0 0.6812772190441256 0.5726842766870623
0 0.6816260753118474 0.561338184190833
0 0.6819779927963796 0.553103063158367
0 0.6448666471178117 0.5556593490683515
0 0.6412473398706188 0.5599001467875813
0 0.6367462185090003 0.5661525699107544
0 0.6328198406035486 0.5729731465811315
0 0.6036571892707244 0.5171904392864393
0 0.3515226227919693 0.4461681742383086
0 0.7090759452270425 0.4690195448372675
0 0.6314461195598478 0.5564543657328771
0 0.6272954769108606 0.5589188060034876
0 0.6757264676625314 0.4757327151039372
0 0.6337345934108548 0.4747573150888733
0 0.6723053129794805 0.4726006809136142
0 0.5814134083364321 0.4061782925673153
0 0.543498064674761 0.42365623757891036
0 0.618404080848331 0.45438115240439125
0 0.4355029121203267 0.1989426828920841
0 0.46619433512830216 0.22802806360566097
0 0.48720663445799245 0.2563851769203725
0 0.6152410785789075 0.5838460703258929
0 0.6023132232544215 0.2518730953335762
0 0.5926473393388416 0.21073234155774118
0 0.5725469764969919 0.16250433471539746
0 0.4910384819883367 0.36638584020345105
0 0.4311355200150739 0.38951389536909437
0 0.593848805712617 0.35037497823005137
0 0.44957840232097585 0.3314794509631136
0 0.6241887398064137 0.37867192438115244
0 0.6479718230016853 0.44804765128571056
0 0.4016352623863065 0.40349087093187413
0 0.45328060731939646 0.4031761114364085
0 0.4893848432794861 0.4081408728723941
0 0.5379372418898604 0.400447003154651
0 0.5714093824119671 0.3890867338232372
0 0.5960950959959755 0.37776011759820194
0 0.6609064436153226 0.35046991239423336
0 0.41347787043322687 0.44691613731176955
0 0.42784455888297246 0.3286806567855503
0 0.7022439215494238 0.46544738742320435
0 0.6160767601559991 0.4128801213658374
0 0.33611709511150484 0.3564103776346082
0 0.6153087926947552 0.36567073700868563
0 0.6115487919229529 0.45512381604184277
0 0.4647096602813057 0.347092635832403
0 0.6410126669899278 0.4348631270553755
0 0.3693164506036302 0.4941930135307105
0 0.5921459426374539 0.34367758813111676
0 0.6643343941996926 0.42190708615209743
0 0.4928558651843797 0.5933493767743525
0 0.48491513000234315 0.6105465191861857
0 0.3730239208949649 0.44884688724642213
0 0.4495741778417774 0.5687676896867545
0 0.3733779047008442 0.3193007225575654
0 0.615188609322776 0.6437571395350539
0 0.7002825999389524 0.4692073541490928
0 0.594446140948845 0.42909521415181784
0 0.39954137478185736 0.3635476040451423
0 0.5146745349402013 0.3579224046157754
0 0.5356157987338045 0.3571658004237258
0 0.617897051508012 0.5657746897443481
0 0.4230185199690902 0.4864573221491731
0 0.6575827886876853 0.6611275093710941
0 0.5756551064550877 0.6444479902153429
0 0.5356154313877873 0.631541028165299
0 0.6595307940050311 0.20610811107832452
0 0.7033111841782279 0.6577744178150011
0 0.5548399341819079 0.3534536298850308
0 0.5731434852046811 0.348475332946881
0 0.5858377543804438 0.3457542582050614
0 0.4048579583835343 0.32482059147694836
0 0.56752056563678 0.33126620773387994
0 0.5451902134910874 0.3272805255392323
0 0.5245091225142064 0.3284197692637858
0 0.5040307147023471 0.333216400185357
0 0.4912348590467287 0.3388607045878535
0 0.34186449906100397 0.30891379422467685
0 0.49955232287554635 0.35581916985304457
0 0.7039316622135432 0.48844535324884497
0 0.6276837004267651 0.503613824300144
0 0.6502177459390267 0.46286028377387833
0 0.6744509198419426 0.4930637948538946
0 0.6747450721652611 0.31436716703617057
0 0.5354536001611016 0.6144299593956574
0 0.5739486923684245 0.6292454272508621
0 0.6608326070658539 0.652267122398252
0 0.4398111921289693 0.583094157991202
0 0.5843999161506477 0.33886764111078305
0 0.6516072628614695 0.38402850653814236
0 0.7080920701441558 0.6486453460610431
0 0.6161365763324759 0.655413704721824
0 0.3872531454038361 0.49258087108964504
0 0.662322746184857 0.5544019988049631
0 0.6595440796859886 0.5608995461593503
0 0.656814147758743 0.5701120249603105
0 0.6549807543987813 0.5803890153117802
0 0.6426970097033874 0.5941515493652095
0 0.6262558264576871 0.5516303262632826
0 0.6210581864351812 0.5507984498272771
0 0.6162863004466762 0.5494513129410536
0 0.5853739494214887 0.5342394675249639
0 0.4685348496650872 0.49644638772891914
0 0.6425400611175143 0.3631103836971781
0 0.6103874581015628 0.32291466788105344
0 0.5939429993538753 0.3283223710306313
0 0.6304801219831342 0.5518945892219959
0 0.46739220457232517 0.5426937219241391
0 0.6375752572456131 0.3187030676914298
0 0.6286163001280763 0.610703544513039
0 0.7006117419704146 0.38727898481099504
0 0.6711425097740215 0.3727745465934277
0 0.6927067005763883 0.36682869753111963
0 0.6388415601914343 0.4167019936053649
0 0.7094678115909514 0.633797474011131
0 0.7080426008804984 0.6143749735277632
0 0.6691179128120774 0.6175619260772415
0 0.5684752367112947 0.5805326401539471
0 0.5915318931574407 0.4726169167653374
0 0.5955482708371204 0.5983566687158917
0 0.5311922945244156 0.4758079198391541
0 0.5713606325342603 0.4949583263500877
0 0.5122278114861768 0.5093711720860523
0 0.6643220881081146 0.6371764889229898
0 0.6223776321048322 0.4287590881404669
0 0.5459302932671879 0.5955819245265878
0 0.5818511776464141 0.6126946135059647
0 0.5471409126792265 0.5581617630046347
0 0.4339241966929125 0.5192364266385203
0 0.5098320266798787 0.5631544730585555
0 0.4096487933040961 0.5325166445063508
0 0.5548787810232328 0.522379599770774
0 0.6335401755312214 0.3981008381947227
0 0.6576786353860212 0.45647017657756805
0 0.6399357615281707 0.46224210625109463
0 0.6707575311479361 0.4423786724391191
0 0.5885376251586105 0.30236753931512006
0 0.5474087538440591 0.29151994822465854
0 0.5116192875025065 0.29224168415302815
0 0.4813342104139535 0.2998607373108035
0 0.4596188567254854 0.3126768494753734
0 0.4476367490285117 0.35244180890529053
0 0.3638331684405389 0.40547299501688583
0 0.4738392802360265 0.3813054234113382
0 0.5021201633726773 0.3853737194253051
0 0.5357749820079493 0.3822482335826625
0 0.5655554940357156 0.37469736425125083
0 0.5885516455316026 0.36606665888558265
0 0.6048034619054069 0.3583126051270443
0 0.3414455103161542 0.40058708378802177
0 0.6384484387286331 0.46707576571599296
0 0.659446855440088 0.4024548480692117
0 0.6789427044922891 0.4561195024329683
0 0.6876008664460286 0.4642578834424848
0 0.675491702945336 0.4593320070401482
0 0.6434168242242025 0.4718516377003297
0 0.6940230544170608 0.4652470214859299
0 0.6926610272215761 0.4691476764238399
0 0.6019160609854304 0.34291421618798507
0 0.6169294314863889 0.34566109614527746
0 0.6288746974390486 0.34826028385887975
0 0.48364803114015126 0.3431182444743488
0 0.46334616370175197 0.3324088944041211
0 0.7174055467805137 0.3879220393040906
0 0.8081169620804165 0.31539409309625627
0 0.725218537385049 0.4622446040744367
0 0.8363010954597722 0.22451880745913672
0 0.756368316386057 0.34272620434994283
0 0.7760371548002181 0.3418470211651014
0 0.7941469767171404 0.3379528808205024
0 0.8120259216622167 0.31943941926178726
0 0.7407322331615116 0.33999083463264546
0 0.7795145746482455 0.27518052121867304
0 0.7564540304567503 0.28157790248160774
0 0.8005423178167447 0.2754973059763079
0 0.8128940827496673 0.2821580894615339
0 0.8254539492013662 0.3302019999726959
0 0.7707773720764596 0.6038554242771604
0 0.811496790336526 0.30644432455301285
0 0.8512575885523921 0.3101685116472452
0 0.8342727944254875 0.30875244833852933
0 0.7865253733875959 0.4229748043677081
0 0.7241401319270548 0.509397500494252
0 0.7207644057014714 0.5272728019434473
0 0.7426323916601099 0.5149775365772454
0 0.7528113661252934 0.522839401791925
0 0.7335818123234354 0.5282703785792641
0 0.742151750008697 0.5313855018304742
0 0.7799091348829477 0.5471110549957856
0 0.7325161109152047 0.45240945841955105
0 0.7350004414177459 0.4332364027266917
0 0.8317576374696649 0.25844772079068684
0 0.738852401142535 0.3780527173500994
0 0.760378357346939 0.44097509824711345
0 0.7583615358756937 0.42999743469383406
0 0.8390361090069232 0.41217587020086205
0 0.7269343187951524 0.40881248356207556
0 0.7983893334217693 0.24440870469679002
0 0.819719371750303 0.24662385207155477
0 0.8266310789014982 0.19200199129788773
0 0.7197507449790187 0.272243621038354
0 0.7381101172903309 0.29419565709388773
0 0.7917100338508254 0.5264635071806286
0 0.8297857240490292 0.4897382131089335
0 0.7452857319427573 0.45423914777195973
0 0.7315647153426772 0.4620947346739147
0 0.760141357941472 0.5386900148961855
0 0.7543052705409734 0.5388859252566877
0 0.8236104538259299 0.2313466581961383
0 0.7577604659549568 0.44924356859663256
0 0.7670856058273626 0.2506322340796823
0 0.7684228065545144 0.23349821233878965
0 0.765621333990408 0.15503572478242542
0 0.8281643199531928 0.21170446739896484
0 0.765648211474004 0.19409715876631115
0 0.835651995047279 0.2463508298539597
0 0.8400062392263309 0.2374633887539739
0 0.7236314801418263 0.5190398074362589
0 0.7387301973674608 0.5222212242691413
0 0.7481823777375014 0.5272212252668712
0 0.7402114895698817 0.4582351925580398
0 0.7572013347045236 0.5388576728494271
0 0.7537508841765963 0.5441312867662181
0 0.7514662062344344 0.5389577545549559
0 0.743605001465134 0.4493876997543418
0 0.736337427859721 0.5338048800178196
0 0.7284867842884167 0.5319218925159911
0 0.7170475986988648 0.5321328235709148
0 0.7321419689966284 0.5918260083250377
0 0.7309185843104902 0.5769919755666152
0 0.7286586716123249 0.5660526232227036
0 0.7241958154608374 0.5554078790156738
0 0.7191010323231635 0.5479435052560724
0 0.7373742313812608 0.5423438241300376
0 0.743375593877357 0.5455686153277107
0 0.7498815673524919 0.5503253823389178
0 0.7552493804174921 0.5560262928190438
0 0.7766214186406654 0.49621142356292064
0 0.8350592822484348 0.39225977957248687
0 0.7426842180607112 0.5406541141478912
0 0.7483287039010421 0.5421081848766492
0 0.7270914204418659 0.4700905709810879
0 0.750143760572309 0.4610299530884494
0 0.7292441293273283 0.46631811513848925
0 0.7594569004748178 0.3864454206565152
0 0.7944930778897327 0.3955954201195551
0 0.7591765542393145 0.4381160018884617
0 0.8055449889405913 0.1680915773562763
0 0.805041939182126 0.19612098637482395
0 0.801448621665654 0.22694002525961918
0 0.769254937120106 0.5630493957063426
0 0.7237742552938669 0.2444092785210713
0 0.7186349314516005 0.19951400935001995
0 0.7154230109375456 0.15159821354824563
0 0.8070054342565329 0.33055837860573895
0 0.8411747975193936 0.34064600694438685
0 0.730628074835176 0.3363257851937543
0 0.825163684623397 0.28738542613775836
0 0.7256862607015215 0.3674236858020658
0 0.7548852792900541 0.43545352473207144
0 0.8602620965760687 0.3526378542832706
0 0.8397266276828621 0.35984343329201574
0 0.8236792699798293 0.3725878005442412
0 0.7885420417980008 0.37437386237408804
0 0.7607640094407226 0.3694490998659445
0 0.740963783601056 0.36338367594972903
0 0.7028788485280846 0.3459803787262543
0 0.865705919654473 0.3950581518204316
0 0.8338405506118484 0.28123900861195894
0 0.7230638999329961 0.4628146141119625
0 0.7423118822600531 0.39875087984230206
0 0.835577148296263 0.3053636446595192
0 0.7264293098579282 0.3556524232677791
0 0.756766641917436 0.43855595634035444
0 0.8170214601508949 0.3043587770798932
0 0.751066901113676 0.4221991627112679
0 0.8345956915746564 0.4391283966924833
0 0.7280958056773829 0.32893135048772976
0 0.7402385813386544 0.4131687212249507
0 0.8240635139138802 0.5469042082195696
0 0.8127029709841894 0.5639927628247634
0 0.8608349114656448 0.392941347801167
0 0.8398377192409142 0.5173910752586697
0 0.8457190820380397 0.27128523322551146
0 0.7711691772160323 0.6177821733381437
0 0.7166084977595703 0.46742434708968456
0 0.7592448193741881 0.41065999522157337
0 0.8419354792846285 0.30735351537232813
0 0.7933478154565977 0.3279670219058576
0 0.7764380823658861 0.33195661960736567
0 0.758619718901489 0.5466377512268398
0 0.8625070093118626 0.43431151314922
0 0.739870561853699 0.6467783243759818
0 0.7788181172116942 0.6110540161314217
0 0.7941236808572126 0.5914411410041477
0 0.759230186757834 0.33245849645008213
0 0.7433817163109779 0.3309136433445889
0 0.7333289864270583 0.330100939390452
0 0.8387920688027921 0.27316830511326373
0 0.740107530646998 0.3100206675088924
0 0.7559557255843411 0.3004776996762856
0 0.7751512080430984 0.29615604336494983
0 0.7930391223534293 0.29626724713522457
0 0.8031683214332747 0.2998563829971396
0 0.8389669867313426 0.26054401903048807
0 0.8029319036590017 0.3220648678748504
0 0.7610029374127802 0.48780817201604015
0 0.7472814616301785 0.4511073161078536
0 0.7305044016760328 0.4865080212121424
0 0.8045350935148157 0.5738097486288651
0 0.787928420888341 0.5950903933981191
0 0.746254698899777 0.6377556463946467
0 0.8231986895527529 0.5322219351063604
0 0.73171456190555 0.32177535664776097
0 0.7221435450989268 0.3761531733300375
0 0.7628503817579021 0.6301928448936214
0 0.8577964088839033 0.43630075940619345
0 0.7300983312661233 0.5447444686423177
0 0.736216173061858 0.5500960213982541
0 0.7421701785338961 0.5580507786377616
0 0.7467656465976135 0.5676162268804468
0 0.7539638836422692 0.5787178027241127
0 0.7481295717475207 0.5350973685798438
0 0.7539058123593745 0.5330427738635436
0 0.7585786373718925 0.5304720410834188
0 0.7871770758343779 0.5095801791419153
0 0.8492185120349345 0.45089506863251977
0 0.7139072800460069 0.35544139094974686
0 0.7156547450500986 0.3126954312557759
0 0.7251390988088172 0.314519703031882
0 0.7424556982258091 0.5364396110824917
0 0.8428746299899142 0.4949875576340634
0 0.703088235757921 0.3136790673369947
0 0.7628667898800062 0.5905925561552462
0 0.7107645736440368 0.36836286737867024
0 0.7392998285915541 0.4053481038497842
0 0.738769411554803 0.6069702774934147
0 0.7950445867103079 0.5495039697574533
0 0.7739846395409625 0.45144661502993627
0 0.780246450363294 0.5717025308505349
0 0.8180103862415189 0.44207214900980824
0 0.7934421621586966 0.46853489960017414
0 0.8297997750341892 0.47051850887744323
0 0.7457777307085369 0.6241024089896161
0 0.7467475548062635 0.4146861489052358
0 0.8059529266927553 0.5578878462962482
0 0.7879320943485135 0.5813320111321366
0 0.8090127047313296 0.5241973738307538
0 0.8553270477315654 0.46747406727593876
0 0.8264999975976737 0.521059601397618
0 0.8513270781739898 0.4773848564728447
0 0.8055472848531993 0.4917511211789173
0 0.7315777867384579 0.38714325849128806
0 0.7500950260006863 0.44515986371299493
0 0.7554623798831649 0.4483652461482131
0 0.7464874432138775 0.4332625286086746
0 0.7301129332703092 0.2885554538472839
0 0.7607386319533639 0.2704429098121498
0 0.7887042556767878 0.2640564143333746
0 0.8100005287839018 0.2649102986182856
0 0.8222223144510518 0.2724590245472348
0 0.8244250436191973 0.3069359906989595
0 0.8581657753042553 0.35115225697341174
0 0.8211983986522841 0.34195734732176947
0 0.8060436611590178 0.35226969537527664
0 0.7815565899338411 0.35608567747732867
0 0.7570467432555945 0.3545269850803458
0 0.738970166153234 0.3506055374508319
0 0.7267264927858892 0.34618732676557873
0 0.8328160225697185 0.34845806758688846
0 0.7523707958019298 0.45344629138708115
0 0.7299753009625103 0.3944362950713738
0 0.7423365862797136 0.4480372549399086
0 0.7293039761159731 0.45869739113942437
0 0.7389007683681406 0.4513074795189111
0 0.7462349540513494 0.45954935142527453
0 0.7278337961305743 0.46087927358305975
0 0.7216582197857939 0.46548998543749687
0 0.7231490017603273 0.3305745469487232
0 0.7159857238116472 0.3363255657903526
0 0.7136479949821597 0.3414466268342474
0 0.8083400023372277 0.30323411524295807
0 0.8184821809763494 0.29083600031292955
0 0.5279651291506446 0.34052253346080363
0 0.553292305411204 0.33795531113510546
0 0.5251420903141084 0.32259457519520884
0 0.5020935920107624 0.34318604012546333
0 0.5305689236392146 0.3583490598460902
0 0.7609833150130251 0.31166467407475346
0 0.7864586388611275 0.3094613576064939
0 0.7577634965595992 0.292475315021432
0 0.7354480525397736 0.3139050190863402
0 0.7644308267728143 0.33077953723461734
