0 0.3068267081094825 0.29999461711748787
0 0.34788804404113605 0.24403995703095976
0 0.3444855090068734 0.2651948245971099
0 0.40703762225482776 0.19946483755889147
0 0.3645249702360319 0.2312946534027224
0 0.39282873013745184 0.2184004691955836
0 0.47086019133744034 0.18826312529652015
0 0.41484261271746264 0.09879718759785527
0 0.5336656006781951 0.15195853496375292
0 0.5590722327647002 0.13427819609642028
0 0.6476883285719416 0.08682774029996083
0 0.3013604396711225 0.3041131305953731
0 0.29677228856345883 0.3090778210888738
0 0.2946419677008753 0.31334923894509026
0 0.27523405525995337 0.3261529097738473
0 0.2659822210021641 0.330986952069013
0 0.254834306952746 0.3379638960180075
0 0.2446940538028012 0.34608636997316194
0 0.24783601093551386 0.3455216525689415
0 0.34283972466769425 0.2530076646934385
0 0.33763208467027417 0.24493695478076521
0 0.47277868992608524 0.028787882496481357
0 0.4283408499930216 0.14812230649201766
0 0.4142516968042954 0.1365236088309599
0 0.40444195367719815 0.12370029065919959
0 0.4095020080390184 0.0998874603730181
0 0.4423119270283243 0.15495893333269203
0 0.4696704852192298 0.08467120489348536
0 0.4806272947917814 0.10244880768915882
0 0.4545727346254432 0.07369013833610907
0 0.4402655094214108 0.07205330684133197
0 0.3911257425080175 0.10066928607614144
0 0.20386248665011447 0.3111703147058902
0 0.42125056619229523 0.09034742988322092
0 0.3959835307753604 0.0765725642118765
0 0.40469742857891583 0.08104477408139601
0 0.3362353725925736 0.18629816990831624
0 0.2981527933607931 0.2840144735315572
0 0.2872230277761169 0.29736148993606154
0 0.2824660572020904 0.27784488356631737
0 0.2693472767005796 0.2773975490875866
0 0.27801958601111953 0.2907478670711103
0 0.2694740872020307 0.2879454455297926
0 0.23770925111096838 0.27516075878039653
0 0.33949578812588815 0.23372019380331038
0 0.3534892648458481 0.21969905097199524
0 0.44926146741794504 0.04419240167607432
0 0.40621051581009576 0.18131078105905782
0 0.3345586644566577 0.21259949168433315
0 0.34605602887661563 0.20653167584020157
0 0.3138111954473931 0.15189409521610842
0 0.38073219326527225 0.20810574785522792
0 0.4816326813205429 0.050035945973966434
0 0.4659784170596496 0.0410851589039616
0 0.5027815194233604 0.011834451102692147
0 0.5113217241090277 0.11431157271499219
0 0.48297880298417545 0.12234822035483692
0 0.24643796099268872 0.256501767039299
0 0.2738828688212063 0.20650361241853754
0 0.3332795507234076 0.2293273397437904
0 0.33521869065968884 0.2420453611275424
0 0.25001548878524615 0.2841842690239782
0 0.25338180589935055 0.28705219153476796
0 0.4767661778175313 0.027749874896329383
0 0.3301530937137811 0.2198877421086249
0 0.49726634245851764 0.0714611892790898
0 0.5105552038420802 0.05811346539336702
0 0.5690936452668646 0.021002390689176063
0 0.4834074740824492 0.02035203857914261
0 0.5357949850351914 0.042482714354991916
0 0.45744641157596005 0.03345935150333073
0 0.4575151013939277 0.032319672956414844
0 0.2912143763640653 0.2905766566162524
0 0.27931733429431915 0.28439241589411446
0 0.26870418404755386 0.2824025070537692
0 0.33327639718418534 0.23490028721482858
0 0.25166521027036337 0.2856614898080411
0 0.24816180020570755 0.2917750413651052
0 0.25503068644067517 0.288468362585358
0 0.3362454830304436 0.22638367252505343
0 0.271260232705137 0.29248435024334035
0 0.2785953267113022 0.2957505846801011
0 0.28628183966097626 0.3026920071762541
0 0.2350373815583146 0.3284804935040681
0 0.23407627836517667 0.329566978306874
0 0.24505539206059082 0.32251751753299135
0 0.2573864949138268 0.3171429301085679
0 0.2673464802944142 0.3145830567116323
0 0.25965257086183713 0.2996799058888269
0 0.25313749261524365 0.2987310556613881
0 0.2448985369309135 0.29865246628937514
0 0.2368341726453408 0.3000232406284498
0 0.27977251423441846 0.242664775673462
0 0.3500045084435007 0.1402891923551974
0 0.3432752379904623 0.2590106428317402
0 0.2578398782921874 0.2951241690179576
0 0.2530753009993097 0.2931364710564199
0 0.33212898671627045 0.25036183232846465
0 0.32551312900107837 0.23206378866149033
0 0.3334570089760034 0.24627832443169925
0 0.3857645729313726 0.17621004782293154
0 0.3550961937593377 0.16403432553229125
0 0.33960178526847257 0.21183153556092926
0 0.5340079030264979 0.007526052613621173
0 0.5092239515936893 0.02199864215824915
0 0.49412656413472217 0.035565935787947284
0 0.23223793700985287 0.29011585051598754
0 0.5315186329509901 0.09136993185333583
0 0.5633441507816315 0.07349863201379776
0 0.6049560373244078 0.04719747236889341
0 0.4023518069930699 0.11088388516851093
0 0.37045062333345413 0.09955949861070384
0 0.4525783408595168 0.15792491568819336
0 0.428699283172255 0.06965221876035566
0 0.42349502606236417 0.18128570969338004
0 0.3409512324825577 0.21098201274871825
0 0.35245050813840784 0.10001088636724845
0 0.35475717873676965 0.11364235443913419
0 0.35430293530225754 0.13168913909922475
0 0.3774579977211745 0.15275170984475508
0 0.4014245326752248 0.16470397124471872
0 0.42015963274499646 0.171139043537171
0 0.4562602603565092 0.17924807534917542
0 0.31477994358410005 0.12575729230175847
0 0.42890271512062655 0.06051387547150902
0 0.3378980904817581 0.24650178532237593
0 0.3855528079945108 0.19357446684785512
0 0.41586760852647864 0.08309713287845902
0 0.43627433284469275 0.17372011189227518
0 0.34191038621508557 0.21353139184091402
0 0.4198017920488897 0.08634868707993756
0 0.3561834576337234 0.2045314790438051
0 0.31257571522956307 0.17091235476343528
0 0.4604621124656304 0.1537074874924577
0 0.3692752132597177 0.2038006656843683
0 0.22009872224019922 0.2465992113818293
0 0.21743839655233466 0.2626125771066417
0 0.32501788955667743 0.1267178454476854
0 0.23733850957258887 0.21972923683731452
0 0.4286949828914974 0.05295594205027041
0 0.19258237241402917 0.31828126738900725
0 0.3392620630886244 0.2535518356639406
0 0.3647019124549368 0.19267375482165294
0 0.40112272941547894 0.07784097486216089
0 0.4134303431795991 0.11670057465848716
0 0.4224032516712728 0.12914973844004715
0 0.24330282697211142 0.29127847798492595
0 0.28679332461046136 0.15343295530132625
0 0.1910807143734849 0.35412188269521877
0 0.19597001892069113 0.3094153780652129
0 0.2039415162542592 0.28912472828574803
0 0.600080703911574 0.11149892217439154
0 0.20730009286299997 0.3826703711696293
0 0.43506046870480414 0.13919510212929354
0 0.4483499990209289 0.1469505112456239
0 0.45625276831181155 0.15187797054000524
0 0.4330020103117694 0.052829921958239184
0 0.4671328799880069 0.13240335612841275
0 0.46396181473265524 0.11639094845108364
0 0.4542746391633283 0.10242908665019533
0 0.44177530932685605 0.09268256007977153
0 0.43187541320272116 0.08980411378585774
0 0.4454299937123838 0.05168397925470186
0 0.41211006142522977 0.1067202402845673
0 0.332666521810967 0.27555308659439504
0 0.29589248934517737 0.24478179530605026
0 0.3340092223623525 0.22599354085067044
0 0.3166274588717067 0.2599779760060103
0 0.5045413854329482 0.17225008383393287
0 0.20802747101887412 0.27299371432998903
0 0.20092625494884409 0.29498326234195543
0 0.19172287052092346 0.3453793604088866
0 0.24113233193107272 0.23761110467755275
0 0.4636360254624616 0.14617402113002279
0 0.4161289318100266 0.1890606482391772
0 0.2090848049391871 0.374146991190703
0 0.1897127281712449 0.33027602187965227
0 0.29308746398791025 0.15671384049498516
0 0.26255216417105304 0.30582255261099855
0 0.2537194257197173 0.30635160117045696
0 0.24292229990596356 0.3088428783675899
0 0.23200908562411432 0.31359903877196105
0 0.23014345182024915 0.3082155783539233
0 0.26131526963866275 0.28713331604781356
0 0.25941001591475116 0.2831101651424947
0 0.2587559909924217 0.2794277254006137
0 0.2627321452550266 0.24722500799790673
0 0.27945882308742276 0.1724113748125408
0 0.44108426376529364 0.179579928258191
0 0.48156846379456314 0.14858527925351392
0 0.4745115310601566 0.1448903554159662
0 0.2638723503636277 0.2907050939357799
0 0.24987212698096814 0.20412099254520044
0 0.48726801768593164 0.15574037581682204
0 0.21820556663948557 0.3092019545643226
0 0.4190540210060451 0.20853019236870435
0 0.4297882289342258 0.1899710439145565
0 0.4436279658390128 0.19915594831109046
0 0.37993901125762775 0.19952678638307944
0 0.21992558338071988 0.36407390308120974
0 0.23533582104289014 0.35411463101273
0 0.22103125245674796 0.3328757795302764
0 0.22775280151678168 0.26549951317517656
0 0.3193860698653304 0.21247073010258052
0 0.22057240294373553 0.28724503912355587
0 0.301712183524733 0.1830144400505916
0 0.29337741758512415 0.21378974039917406
0 0.27282746524914453 0.1959728576566862
0 0.2032393855245217 0.3379228915857232
0 0.36828563265178516 0.2022341106572877
0 0.21666094401608343 0.26305077328630116
0 0.21036909812170526 0.2872928235841834
0 0.23931101968754892 0.2426660579831704
0 0.26564450562000275 0.17897797965485115
0 0.23474314679270206 0.22973045664636985
0 0.2642688553618348 0.18710749894380568
0 0.2676165952630665 0.22398890755746675
0 0.40146029189876886 0.19133284208567247
0 0.33544284040513245 0.219878412200057
0 0.33120379564554797 0.21994504808731702
0 0.3466511686211047 0.2133927255221035
0 0.49194867261078046 0.1219775444139605
0 0.48582220595815906 0.09076301614227503
0 0.4715267921919408 0.07084767040999039
0 0.45620747202116513 0.06049829614551171
0 0.442295222826626 0.059845585764750193
0 0.4131327064140983 0.08429478066770926
0 0.35927855126235797 0.10018952537489974
0 0.38341419236815494 0.11160623823171077
0 0.38438764214515686 0.12758313919539038
0 0.3984574536266534 0.14380428331053774
0 0.4174219020034956 0.15615858565206114
0 0.43368887026672776 0.16335151772136275
0 0.445583905538787 0.16704828395791677
0 0.38517031235539395 0.11260144321814827
0 0.3295924708895061 0.225328287417474
0 0.3938027915099393 0.19694108992167142
0 0.3366435934668002 0.22535646875267443
0 0.3373131758492926 0.24006124478967295
0 0.3371586906521217 0.23000422239951465
0 0.32873921873776807 0.23308301853097002
0 0.3362743044676988 0.24255041428234267
0 0.3373519357131875 0.24928764001182888
0 0.4624342212210531 0.15791198941676513
0 0.4611229605000952 0.16591672670582067
0 0.45686182185359625 0.17053590105927507
0 0.4257810362007307 0.0895105827761733
0 0.42976030577783997 0.07555502934948258
0 0.4297204565094865 0.2232150557572427
0 0.6093698837186979 0.3050651350099107
0 0.3611848179412925 0.27089261302481527
0 0.7738057012143342 0.3255274079416109
0 0.5438445372425992 0.2718960866979931
0 0.5580582456744235 0.2884741698270259
0 0.5750417553860209 0.30297464592301326
0 0.6111511937949968 0.31552798631398576
0 0.534844603875409 0.2556837713588839
0 0.6319400506175082 0.2517888809027879
0 0.6102110950843148 0.23551884688760924
0 0.645752475961395 0.271680393361527
0 0.648490168478178 0.2891499617825384
0 0.6131639163131299 0.33694073078425035
0 0.2875545316416284 0.41217472572689473
0 0.6235373020172119 0.30645330159560497
0 0.6971851716870847 0.38420534010814583
0 0.6517974857402884 0.3453785939709
0 0.46755155532256415 0.32560013111518776
0 0.32572894575803174 0.3144854832602584
0 0.3113877483360145 0.32441415676604146
0 0.33494018536546954 0.3389382155693096
0 0.33900270837804547 0.3581523147614106
0 0.3221683801840181 0.34132493293803673
0 0.32910892820876575 0.3566893025584843
0 0.3450228338656218 0.3946015702641529
0 0.3598147484919299 0.25610764104387035
0 0.37832600461400073 0.24613421935102214
0 0.6909803825875988 0.2969422483573789
0 0.4874807764654574 0.26586566418409346
0 0.411012209304001 0.29652981628542363
0 0.4259554555882578 0.29283912259599437
0 0.5226123883672382 0.3740384812588277
0 0.40493755625641864 0.23340882837124494
0 0.672399270793666 0.2411144190184448
0 0.6886681694051494 0.2694160997219708
0 0.7810819291550181 0.28285508868486986
0 0.5804345368043237 0.18257254433372747
0 0.5835728243641232 0.22730019970432572
0 0.3699890789778336 0.3938265835461409
0 0.5205846817597098 0.4823782344227252
0 0.38967744617358496 0.2925357310668282
0 0.37334880232810974 0.28393538302701454
0 0.3394106807916061 0.386463767549266
0 0.33650112994339154 0.3826228814928428
0 0.7124340819275897 0.2699689373373985
0 0.4066857255023459 0.30405886089024337
0 0.639922250872073 0.21159200895091762
0 0.6579718861890875 0.20267046443794084
0 0.7385836114054141 0.1824364278951417
0 0.7429917623167452 0.2762684385413709
0 0.6904785684917284 0.1914660254250402
0 0.7133088545954746 0.301724379218143
0 0.7403950807840928 0.31444008654874306
0 0.31781403056305385 0.3199397212785223
0 0.3280121081549188 0.34027093331451
0 0.33390523201745487 0.3574696838207867
0 0.3839093553631202 0.29171605511851934
0 0.33783987423648004 0.3845078178074049
0 0.3251842053040214 0.38107674024675203
0 0.3351052970342014 0.3806673444483591
0 0.3828949286885884 0.27832092999116237
0 0.32628022263879364 0.3558303614025531
0 0.31888611922445503 0.34163091856500377
0 0.3080505584569081 0.3271932903839194
0 0.26742403824692185 0.36534436247918917
0 0.26227513052847073 0.36339802269054494
0 0.27184094261863956 0.3543530227049537
0 0.281921335860439 0.34590021397756493
0 0.2890410144691882 0.3398450001426365
0 0.3145378282212693 0.3638748650317607
0 0.31329424436325615 0.3688625781432442
0 0.3107025511562824 0.37587023856847185
0 0.3072841241955757 0.3828083594856055
0 0.378416750094165 0.35143436789512633
0 0.6368868260279946 0.444959965477819
0 0.32418078734822897 0.3723239889611369
0 0.3248001997885497 0.37624502674393034
0 0.36254701309877896 0.28369914325683016
0 0.39375287002843357 0.3076106524337893
0 0.3676296582688456 0.28377369409022124
0 0.49385837951432104 0.2890668032609898
0 0.5057825420213782 0.3223112278010534
0 0.42277515906354657 0.3020800948790882
0 0.7718092624260031 0.23607494186448014
0 0.7290754421897556 0.23597982985817867
0 0.6944909406744916 0.23639310206408087
0 0.3205224333897881 0.38970568231914354
0 0.6115870320278666 0.16775349534076192
0 0.6462018839690996 0.15303393589413683
0 0.6973616552093754 0.1348508579251559
0 0.593822858903719 0.31350426576707674
0 0.6184353342522746 0.36383613043505214
0 0.5299770683050156 0.24395584046192792
0 0.6562381658865057 0.31071398932000865
0 0.4866340607404709 0.24646278542021047
0 0.40454149084246677 0.2803092469987662
0 0.6303919113200643 0.38979680000439937
0 0.5892761433901994 0.3613827034831047
0 0.5576456098452859 0.3444896732983382
0 0.5282280963400136 0.3114036950728168
0 0.5132509256186693 0.284198241778042
0 0.5045996399029441 0.2621783015520676
0 0.482234223705271 0.20591497330561928
0 0.5840818629316662 0.4116446159456087
0 0.6750769505034322 0.32118450500394985
0 0.3502738589177961 0.260230959498364
0 0.4622227238572162 0.27429716003977733
0 0.722426176071167 0.3951037050589271
0 0.5005708693162255 0.2427217279115449
0 0.4280139713183693 0.30632477584092516
0 0.6316999229400054 0.3132707085298455
0 0.4219167465748994 0.2751446635826774
0 0.5841967282087906 0.46678328488184057
0 0.5373203806255175 0.23981577828526496
0 0.41541684354129044 0.2528583566779676
0 0.4071899095307226 0.46322718949421593
0 0.4016349788593209 0.47810575534468114
0 0.6163152002769968 0.4352728378513585
0 0.4591077724876611 0.4706209872727809
0 0.7227268517017365 0.34892852837624755
0 0.27915642734455026 0.4250728747766951
0 0.34938796285701834 0.2642855048827503
0 0.46411983571622684 0.2975895052370818
0 0.666687733453253 0.3631081027829129
0 0.5832701228235079 0.2946100070424702
0 0.5678871584975201 0.2821264419866645
0 0.3251356025752814 0.3859405557098596
0 0.5436660278102626 0.4312581767206607
0 0.23674816703018936 0.41153106521005217
0 0.309004513627809 0.44852455064006475
0 0.3482752604329068 0.4632835521646168
0 0.5563637821570687 0.2681976107151612
0 0.5468301552793254 0.2538685809011045
0 0.5398184041614118 0.24482738362706224
0 0.6958665335955827 0.33116161149481066
0 0.5701183352781378 0.24370362340756085
0 0.5921829038340113 0.2525791374237641
0 0.6076899455941241 0.26548026379035866
0 0.6185093373060226 0.28085400753695033
0 0.6220125562470892 0.29250351119300594
0 0.7552164857802184 0.361082377705885
0 0.5971765809732935 0.30150788996530614
0 0.3733402782160303 0.32954251124807027
0 0.3906374981869822 0.28946299274330556
0 0.34950760622387345 0.29599074507537093
0 0.3597191293602404 0.4532145320721295
0 0.32018227162568463 0.4400816466497338
0 0.23927782152010046 0.4043596818395283
0 0.45769401218580164 0.4853338551262151
0 0.5484003502389659 0.24035624971856243
0 0.45987048939518305 0.23449559321869975
0 0.27102822778017627 0.43195339493129564
0 0.5690803048403367 0.45539684632550115
0 0.30252568196991214 0.3524866577723752
0 0.2985055883941443 0.3587435037545536
0 0.2920542116398397 0.3669675896997037
0 0.2843251163544862 0.37571002355088357
0 0.2940555431920549 0.3804607894109643
0 0.33413995089738263 0.3707629906094593
0 0.3376084809070048 0.3726567704392516
0 0.341300549066585 0.3741159799306289
0 0.37675668882287067 0.3734942808099415
0 0.4993305918963059 0.41187814370445586
0 0.48555318039396533 0.22527479888952295
0 0.542409963581873 0.2144327523915664
0 0.5501909106969833 0.22748127067866533
0 0.33155114365660626 0.36874672809372777
0 0.46409028800933255 0.44332533012265746
0 0.5252308962137803 0.19615105448857598
0 0.29288399381482083 0.3969774101091468
0 0.4545536031541617 0.2155848265989967
0 0.44044166803359985 0.26383027019708055
0 0.2592166752918907 0.37807616500750835
0 0.35774918030137604 0.41382383496864983
0 0.4279767213308293 0.329043000029481
0 0.32590577330278314 0.40906661334245104
0 0.4690945533954579 0.3637594571580058
0 0.4229100732051808 0.3546255503659663
0 0.455009528476259 0.3965567240896432
0 0.2480222035361373 0.3923814352439797
0 0.4427492942499078 0.281510550107645
0 0.3649812395805898 0.43571412926134856
0 0.3263258247271828 0.4249244216343631
0 0.389266606906186 0.41132159181263134
0 0.509178617078325 0.4465571043284043
0 0.41542462227137195 0.43453057213969853
0 0.5193150477564853 0.4689592318042465
0 0.4106699260680572 0.38208248375550563
0 0.4615978070575258 0.2543830966172011
0 0.38963560921990353 0.28035806320283724
0 0.3987688321782195 0.29510598085496736
0 0.39219163876512775 0.2630243311757627
0 0.5778320068898408 0.2116009409013002
0 0.6193079663359601 0.22695095454869063
0 0.645445263904074 0.2481789137682189
0 0.6605833606875461 0.2707917674728062
0 0.6648168628630431 0.2917383407768996
0 0.6393683747104977 0.32686958824810775
0 0.659409097355345 0.412045345099076
0 0.5935815080352451 0.3336890881476195
0 0.56861461310283 0.3207864583834358
0 0.5459376463423604 0.29945047562536986
0 0.5300407889096633 0.27695304453372954
0 0.5204184424618016 0.2579431421082953
0 0.5150879673335863 0.243220900128717
0 0.6821728342253229 0.42088880137256957
0 0.39622253082368686 0.2993240723143453
0 0.436940245654272 0.2423470576496228
0 0.3742633478149124 0.2674049369666887
0 0.36196911270203797 0.26819708010424737
0 0.3740760658098304 0.27181166060592815
0 0.3888074898201486 0.2999049733514371
0 0.35627049531625665 0.26498585233221883
0 0.35501804332370346 0.26870001081539235
0 0.5306747458551241 0.23408607950677043
0 0.517056119830712 0.22730581533649694
0 0.505473915649497 0.22251665388112482
0 0.6230589196733807 0.3000908640415772
0 0.6452641169662061 0.30327308508365053
0 0.4509458587221477 0.12357238395058591
0 0.4672794717809428 0.13881076295738634
0 0.46880045241635776 0.11184977390196012
0 0.4345752632488375 0.10841573376370513
0 0.43317304681176727 0.1351705067831537
0 0.5931449817574542 0.2740218024538911
0 0.6093775668869847 0.289755064572977
0 0.6097528571667878 0.2627986741454705
0 0.5770568096119425 0.25837467617314797
0 0.5766035791324533 0.28530512562264565
