0 0.6184518079963519 0.5895110966679388
0 0.6704026343439409 0.5426279561588178
0 0.6456743921879098 0.5520722264298996
0 0.6798049917609857 0.4675116744666054
0 0.6847601737335718 0.5250838099958036
0 0.6980218338451797 0.49732069847301935
0 0.7250654142823436 0.42303027131686954
0 0.5054922046707117 0.34040359300546374
0 0.7563824459231443 0.3648557144993791
0 0.7752788895897442 0.33826572597978977
0 0.8364608041959987 0.23629318677579253
0 0.6131881981444873 0.5967694372414781
0 0.6062198051159902 0.6036451738863327
0 0.6001826922098795 0.607627555585136
0 0.5921520958129737 0.6191459494276931
0 0.587141576716654 0.6295506855169424
0 0.579435246739742 0.6418192508502509
0 0.5701728290219387 0.6531532701973717
0 0.5523648342068532 0.660188428129251
0 0.6601191413202446 0.5491162915580189
0 0.6274505759314667 0.5380358855945234
0 0.41872498514555057 0.205919708306797
0 0.5747393692711846 0.383240393556345
0 0.5439751874342811 0.3760107473824352
0 0.5159333878569752 0.36604092029717783
0 0.4858627993997624 0.3423940320365345
0 0.6040367805700508 0.3865466936708639
0 0.5764953398304306 0.3125889103252667
0 0.6089644352023265 0.3249166187006064
0 0.541581112703831 0.30676673966855666
0 0.5140776714260915 0.30828102709005434
0 0.4482831131640098 0.3454491890276583
0 0.4271567159419437 0.6479907843251579
0 0.497984714645276 0.3312333247151238
0 0.3539217370305416 0.29050193769863236
0 0.4212878304991505 0.3179921212668617
0 0.5109137436754698 0.46474258435039095
0 0.589146575195898 0.5771986752653274
0 0.5772462257092519 0.5954124051541947
0 0.547951660567908 0.5759439978736658
0 0.5176518369349931 0.5768466452820994
0 0.548327309908055 0.5898341995458634
0 0.5236952070423739 0.5865147426105536
0 0.4480593313130258 0.5883692994285316
0 0.6471949355493632 0.5354420765520285
0 0.6564819692707747 0.5172515098279277
0 0.48366415357704073 0.2772510501142508
0 0.5993312348564752 0.4313039962476054
0 0.5714788677023469 0.5028774951593563
0 0.5733527908508155 0.4898709306320824
0 0.41779096749760836 0.4323043084373108
0 0.6699432949368045 0.4913456401885889
0 0.5786329127615876 0.2805987002369695
0 0.5282113855119518 0.2736734867857668
0 0.4805704020767761 0.18566864024335966
0 0.6983734972471242 0.34043171459112687
0 0.6313378404942062 0.34247612343809475
0 0.44092895715928476 0.5658758973922974
0 0.2681596021858051 0.4682746984707281
0 0.5851906986831189 0.5191953182220459
0 0.6045271669932121 0.5312071912966597
0 0.4766477452193519 0.5802026191077674
0 0.48384378739684036 0.5820546340637694
0 0.5203821927809315 0.2542946890901072
0 0.5624929835184587 0.508630731235297
0 0.6358229502213659 0.3009128315380206
0 0.6442249810381188 0.2834574536393626
0 0.6519533198514431 0.1892931206157794
0 0.4980813101898852 0.2182081610250016
0 0.6486876691273934 0.23722418847556312
0 0.46957654289776185 0.2600298457252332
0 0.44129312410057303 0.23207061702070145
0 0.582512334096346 0.5871826078945075
0 0.5480022613379023 0.5833737172257786
0 0.5205704737052643 0.5818234320265797
0 0.5886980989854113 0.5239307354814329
0 0.48038716167568873 0.5811979549761397
0 0.4907167146531798 0.5906165560213522
0 0.48744641448096404 0.5830119852059946
0 0.6076398639084338 0.5205886165935772
0 0.5260013767855345 0.5895039722942316
0 0.5489907905066328 0.5937378193242863
0 0.5741280537429188 0.5999383515062423
0 0.5148958439449612 0.6484711604377332
0 0.5366980840833925 0.6420484480385582
0 0.5473701101984624 0.6311554954455684
0 0.5580188673463085 0.6196424001322006
0 0.5660385136409916 0.6110284595062938
0 0.5213830190882695 0.5949535453662324
0 0.513539161041772 0.5976857963842325
0 0.5031960942476488 0.6019504321649813
0 0.49313614408461026 0.6068985424102685
0 0.49975793596080165 0.5464567521128791
0 0.2889543460141555 0.3598685813026306
0 0.6529739823558633 0.5507193114429998
0 0.5054725422847757 0.5891309271986112
0 0.4986422856648763 0.5897106507334846
0 0.6095000125235505 0.5407499139682173
0 0.5626636443378257 0.5206545260005866
0 0.6071660329969667 0.536158523620508
0 0.5605658089800133 0.4324466169070893
0 0.5035648780475132 0.43177101863458894
0 0.5612184698347279 0.4950964976423465
0 0.5566058044525073 0.17882129369071498
0 0.5654450789344111 0.21779158206793447
0 0.5802352559938133 0.2612664794769531
0 0.4622133378502276 0.6085097606951436
0 0.7117208462539051 0.3113337496218209
0 0.7248477158214834 0.262310952043381
0 0.7419553820749553 0.2086621625735737
0 0.49432959659494086 0.354349339731966
0 0.4030047663681799 0.3479906392935366
0 0.6250917631373417 0.3873091090601473
0 0.475663974130754 0.30664660983953995
0 0.6297841861093645 0.42653585699038765
0 0.5968165134640334 0.5036865948869017
0 0.36318889110208413 0.3473623697750104
0 0.4156820734056066 0.37065481149350493
0 0.45138446890192924 0.3921206568757566
0 0.5120181831524526 0.40786559437029657
0 0.5603712056752304 0.41306448973024995
0 0.5989307522487869 0.4140425695778844
0 0.6929365107767301 0.4183669391150673
0 0.34484464544758237 0.3926703255778304
0 0.45159934293166054 0.2944684417103045
0 0.6457157157879654 0.544546274331431
0 0.5932177971307037 0.4547200941810974
0 0.334339108684366 0.27314352646422463
0 0.631421269844476 0.4116792107542483
0 0.5544830054687939 0.49224384828878287
0 0.4830133177393632 0.3266138664830607
0 0.6003693871075015 0.48827968923428566
0 0.2739190300591558 0.4106602821106347
0 0.6302374855791636 0.3802970068904158
0 0.6362732514488897 0.4877936565837921
0 0.321590234907411 0.5575789018941764
0 0.3001734861652914 0.5673335299324304
0 0.3049818628983532 0.374289924725176
0 0.298355226036456 0.5156651015479725
0 0.3971338169180232 0.25787253882557437
0 0.4071100987404656 0.6605661631392213
0 0.6420345260656709 0.5467888768107746
0 0.5565428196383323 0.4598920672846297
0 0.3887678736405407 0.31080946373863344
0 0.5294426636730166 0.35616584022205094
0 0.5532186162843407 0.36518375789776397
0 0.48269150640181213 0.5920359890301007
0 0.3285765956631667 0.4322612399872119
0 0.4384400467220828 0.6956675943856041
0 0.3630236184282554 0.6413461781157472
0 0.3331111763878692 0.6102627504367036
0 0.80644101204632 0.28848316227666104
0 0.494797409295464 0.7138131594124694
0 0.5785697324098729 0.37107763770289315
0 0.6044311363348286 0.37549926031130954
0 0.6214480514434888 0.37919681026531865
0 0.4293600981184047 0.2801572038723638
0 0.6129881415149863 0.3563022415478009
0 0.5910211501361655 0.3422077242939617
0 0.5662483036946907 0.3338569021834352
0 0.5389148931709125 0.32956930014272084
0 0.5196456028689012 0.3295494843595706
0 0.37279067508322444 0.233840451072961
0 0.514867382369739 0.3477893846865279
0 0.6348675103496304 0.5650208293439481
0 0.5354621999269481 0.544911586438505
0 0.5888922243095416 0.5172783604826028
0 0.5958333072616614 0.555818143363197
0 0.7382423414600839 0.39174553532950795
0 0.34708967711999833 0.5962051438828246
0 0.37496555223167655 0.6280297928343946
0 0.45055886595655115 0.6891466801920638
0 0.27813751348774496 0.5217243276845914
0 0.6257096834891706 0.3715752698362064
0 0.6546125434857193 0.44533314110752875
0 0.5082507613751528 0.7078364184870126
0 0.39717766077970146 0.6708939631526082
0 0.2908334400442293 0.4198397870261829
0 0.5423733656354945 0.6025690712486974
0 0.533247128950892 0.6081961092476647
0 0.5221460717473384 0.6162511624467258
0 0.5110505113212896 0.6255255575758961
0 0.4835743149407476 0.6293277534813927
0 0.502352371490259 0.5839920699025114
0 0.497735034933479 0.5810005489629678
0 0.49392172701353076 0.5778687602034012
0 0.46735491055092937 0.5539224871431296
0 0.3685782533183658 0.4628846980512333
0 0.6624710668476937 0.42117573239932804
0 0.6655410931264754 0.3716456364518918
0 0.6438484191894531 0.36749069454570926
0 0.5064728254322811 0.5863948096863378
0 0.33458711546387887 0.5021696403003729
0 0.6952346417543699 0.3811618127761938
0 0.45351022267513136 0.6370032100250926
0 0.7070006569512457 0.4723886483774398
0 0.6854326490589755 0.44446833522175067
0 0.7154250225003103 0.44900230096932797
0 0.6141463103625986 0.46972012291320214
0 0.5228848994778786 0.694365373434731
0 0.5382432869012407 0.6760575588518819
0 0.49243116607483056 0.6612996872240743
0 0.4114336727334441 0.5838923644714843
0 0.5189746266646351 0.4987652636945438
0 0.42690308202656624 0.6113712170634407
0 0.44978627541082367 0.4736148998760187
0 0.48015699226507463 0.5098766016122251
0 0.4046067185253262 0.4948432422674502
0 0.4689162778053924 0.6766412204827744
0 0.5869485811649753 0.47293840658169584
0 0.37337822193722076 0.5855470450160603
0 0.3985449027100341 0.6175930507647724
0 0.4058878804854066 0.5551925231092654
0 0.31745835288251334 0.465869703231909
0 0.36185250065023666 0.5406189901760211
0 0.28534476648417595 0.4652185927564725
0 0.4420989886176386 0.5275848947774869
0 0.6239231438945523 0.44945457339667666
0 0.6016280405241237 0.5155778190198417
0 0.5772364271058739 0.5122837449034182
0 0.6262110634673413 0.5096130713868064
0 0.6574979388742423 0.34561446375740223
0 0.6191173960550798 0.31737946092892
0 0.5776792327277094 0.3017145741861849
0 0.5371914904752224 0.29474833293463854
0 0.502590232044101 0.2957940764320544
0 0.4562044258026196 0.32324998066448174
0 0.3245892810592834 0.33078903588243186
0 0.4598002742520339 0.36038298614489767
0 0.4871594088254787 0.37680595637129516
0 0.5276099337662439 0.3897348330043756
0 0.5685979262244502 0.39688650487710875
0 0.6029784879524359 0.3997550140173671
0 0.628423201380302 0.40012095263971686
0 0.30948163794099 0.31473843053506967
0 0.5724751966462719 0.5158040089348254
0 0.6478777091851909 0.46682078922137665
0 0.6252349617955781 0.5255045060532543
0 0.6299663401907868 0.536165683795088
0 0.6199119302580397 0.526233053816774
0 0.5750504260440524 0.5223256391458238
0 0.6363671529207299 0.5404784359490148
0 0.632822709117862 0.5428767006237286
0 0.6404505416357832 0.3842681113142556
0 0.6530185649149137 0.39419834263408526
0 0.6617356284345083 0.4020227845103596
0 0.5077681530007927 0.3304044987066104
0 0.4929915766635959 0.31368808662548614
0 0.7259923056732837 0.4802412476402502
0 0.8919193784681727 0.44916544554713433
0 0.6795542691823104 0.5520131907904872
0 1.0065819399534084 0.3780667199113498
0 0.8106787016065858 0.44768783611992297
0 0.8327484588257129 0.45560251409634234
0 0.855900755317377 0.4614147858116954
0 0.8947140444382775 0.45583554197805
0 0.7951129574855741 0.4394795193839759
0 0.8913895151883864 0.4034915690224011
0 0.8606341977199491 0.3988725404008128
0 0.9148921280456104 0.4130733683467292
0 0.9243876047843366 0.4244369592148656
0 0.9019172563255548 0.47151811435199775
0 0.6170816330029238 0.6917990236617506
0 0.9047364296673013 0.4440980467933435
0 0.9550300753659767 0.4612697206747037
0 0.9363713618948591 0.45922029970552974
0 0.779043117587229 0.5369152466710002
0 0.6473675734705204 0.5922008520498062
0 0.628512887931842 0.6085773885440522
0 0.6640687823581467 0.6043153662270251
0 0.670556109586208 0.6146602432567853
0 0.6435200464811256 0.6138751301140831
0 0.6525337187220438 0.6190644666409721
0 0.6795126414127487 0.645937031450363
0 0.6908446067242885 0.5469933713967807
0 0.708258093689843 0.5311925487396435
0 0.9695511710443657 0.4117791667913857
0 0.7614167119673402 0.4761831828961357
0 0.7375842490070443 0.5466621059198349
0 0.7436086302466816 0.5349121162304863
0 0.8458729819428149 0.5478246318646514
0 0.719546388950851 0.5047530670897268
0 0.9370645207466839 0.38497594827280257
0 0.9622030006609946 0.3962169390516921
0 1.0184922618545789 0.3458847961486719
0 0.8194204463089685 0.37633766305332367
0 0.8299004762864514 0.4018108612432267
0 0.7085753859375878 0.6331145550115421
0 0.7820485730251249 0.6018216564251592
0 0.7106924491534702 0.5522175779738746
0 0.6885967071679571 0.5535443225226844
0 0.6709625669520536 0.6301416863267795
0 0.664455555611663 0.628354077141125
0 0.9821900223656524 0.3847371206496851
0 0.7291758306306615 0.5521688887867303
0 0.8932414295004426 0.3772995251055343
0 0.9087612005732328 0.36329911044611335
0 0.9751591442300261 0.2879986690637022
0 1.0010251106975747 0.36790034603387023
0 0.9406605430072446 0.32689411571612376
0 0.9870722471095389 0.4033259004830552
0 0.9964843814035685 0.3946408772240051
0 0.6385144158232984 0.6017421426864478
0 0.6539480634730497 0.609923823572957
0 0.6621515150550458 0.6172414861928922
0 0.7019015593494443 0.5534475169623622
0 0.6676482056542267 0.6292785272811549
0 0.6581565093079345 0.6331046381697487
0 0.6611163393199015 0.6274729102564315
0 0.710053606284894 0.5481819603770686
0 0.6441936081261943 0.6195717292090955
0 0.6348977100363167 0.615626365612871
0 0.6202835819418195 0.6117971758492077
0 0.584355818567802 0.6655825456491293
0 0.6005380490986849 0.6574503057680953
0 0.6077539709260423 0.6457516545304856
0 0.6123069321794762 0.6329151083486149
0 0.6133969670577015 0.6227486986702624
0 0.6407868227512716 0.6248892686618402
0 0.6446853633121334 0.6305941377584927
0 0.6475828820281178 0.6379268725459187
0 0.6483377003841263 0.6455167292025142
0 0.7126995768192574 0.6009231977188549
0 0.8731725861986193 0.5217095061232107
0 0.6490163894580137 0.6254539916309686
0 0.6539885614701598 0.6291032104065624
0 0.676489848313 0.5586280822753906
0 0.7113742233752061 0.559070044051344
0 0.6823729645434043 0.5562693775652315
0 0.7777199802352942 0.4922421656477566
0 0.8090182837250707 0.515230693756201
0 0.7388551126567008 0.5417988795441941
0 1.0119608735009062 0.3164044241554821
0 0.9853678984607724 0.3453056096268919
0 0.9562180745515892 0.3713124377278093
0 0.6524453792068884 0.6552441843782371
0 0.8458950994111937 0.3544481501411706
0 0.8813112062230098 0.31013749925473244
0 0.9183589651716128 0.2626929115563536
0 0.878181084740362 0.46191657084626514
0 0.9144806301565194 0.48883732363057975
0 0.786514780790114 0.43299923918117733
0 0.9377282186091946 0.43485676747160595
0 0.75464894045457 0.46140153948872237
0 0.7335291915088534 0.5403115680804268
0 0.9249174680641229 0.5033168792724609
0 0.8906155776062743 0.5022516959010602
0 0.8570542095376433 0.5046501037792657
0 0.8149096994377154 0.490240682047396
0 0.7881671164533217 0.4738891345624345
0 0.7709678951784861 0.4605232724747338
0 0.7446220795885264 0.43318880480318406
0 0.8933634014724255 0.5418636075223977
0 0.9557659917598148 0.43380264656993145
0 0.6729686517509625 0.551753813466325
0 0.7487445758115188 0.4971475654516738
0 0.946916049618801 0.44804061792148187
0 0.7604289866751618 0.4481789882952413
0 0.7363577941052919 0.5400250536946062
0 0.9136803167329418 0.44567324940008096
0 0.7398016447071835 0.525625190795801
0 0.8316786512196492 0.5608747660542448
0 0.79160666522934 0.4262575052035883
0 0.7326032560792186 0.5137808658063602
0 0.7246918506759534 0.6562940449760364
0 0.6986993062410424 0.6639231751902035
0 0.8949637241500745 0.5357104756961615
0 0.7651641237364113 0.6340957495351188
0 0.9789291949009152 0.4256426252115268
0 0.6063295885813322 0.7052841384570819
0 0.6639727951525498 0.5527771098164324
0 0.7589711891375571 0.5146597414351881
0 0.9511633856976919 0.4640860321422735
0 0.8632666544376804 0.4512218118856509
0 0.8417718644908292 0.44654338961592116
0 0.6612156289372798 0.6372969203863662
0 0.8564623825841671 0.5734471017941118
0 0.5460581619390766 0.7195249380775914
0 0.6217321240358787 0.699757844114456
0 0.6556500656713399 0.6849941369443656
0 0.8230249853157026 0.4394969186082054
0 0.8067227599146269 0.4323105019883226
0 0.7960262916070951 0.42850984552036075
0 0.9726543083465357 0.42995953026670997
0 0.8221487598739368 0.41632206485675166
0 0.8476828774102301 0.415127157022397
0 0.8713838956910643 0.41978105569419005
0 0.8903946636392058 0.42783156218239293
0 0.8989413487825463 0.4353299476087284
0 0.9843987709612584 0.4105100258470724
0 0.8794151438797693 0.451465794834466
0 0.7014792417164901 0.5876773043562429
0 0.7147830944838856 0.5507548259089168
0 0.667639819266413 0.5745668456958125
0 0.682313955659203 0.6751913567320608
0 0.6451234108538365 0.6897518223466964
0 0.5605829293779332 0.7136926178734142
0 0.7374308606703505 0.6371819279826106
0 0.8019266151409927 0.4221791055636665
0 0.7424279745820043 0.4696826393992756
0 0.5864898066440646 0.7129718747001867
0 0.8540457993102588 0.5706004669871955
0 0.629501960260405 0.6242390532082263
0 0.6315059158727705 0.6324936962737062
0 0.6310856405207865 0.6429407131938508
0 0.6275771973516158 0.6541256219053421
0 0.620743138612889 0.6628994134287484
0 0.6583815947425166 0.6236562149974104
0 0.6659969997634705 0.6237049041845547
0 0.6728181312981841 0.6230505000288113
0 0.7153241251298278 0.6169083948714283
0 0.8262641298399269 0.5842278544514324
0 0.7502425671767273 0.44608832472048626
0 0.7870944409633426 0.408283497959661
0 0.7986239426427608 0.4135104254030953
0 0.6508807312670372 0.6231887271990791
0 0.7858133224560488 0.6185512253270743
0 0.767708892730786 0.4041801451113277
0 0.619592617455718 0.6761472758393698
0 0.7351553251417421 0.45832474086993036
0 0.7392461442833038 0.5037728749905912
0 0.5779728866595444 0.6814568674983308
0 0.6931123207513091 0.6529430832725744
0 0.7454077494230201 0.558174700020982
0 0.6571248532485047 0.6664065027389282
0 0.7982279573984855 0.5664281974585292
0 0.7524252875531606 0.5811084169930163
0 0.7900757366518895 0.5957811541450672
0 0.5712202149901173 0.7002291268053146
0 0.7416247063689381 0.5145398085109723
0 0.6975012260089389 0.6634926696935781
0 0.6567824452901058 0.6779456968886403
0 0.728203400719366 0.6362652824328731
0 0.8216056000414512 0.5984159551870328
0 0.7483025740662352 0.6377374501274036
0 0.8115417608540121 0.602760104706493
0 0.7482731999824944 0.6067355052350809
0 0.7453352701749733 0.48288843578423934
0 0.7207354310033418 0.5473621561885261
0 0.7262934334844137 0.551567935334227
0 0.7236644095368236 0.5356446736917709
0 0.8225568249928865 0.3941839864840523
0 0.8724530949581155 0.391444253083616
0 0.9095780260557179 0.3979981577815339
0 0.9338968560564146 0.4080888665141389
0 0.9437359139787779 0.4200253608508613
0 0.9227049390760829 0.45183372040526176
0 0.9282339585484932 0.499273313881871
0 0.8842788142837781 0.4786256974497542
0 0.8560677443762763 0.47957617482438253
0 0.8250313308313311 0.4710728946966104
0 0.799458844484471 0.45893156566558935
0 0.7823449644825156 0.4484259427165071
0 0.7717426149107569 0.4401027767802961
0 0.9085066541493367 0.4838105230666578
0 0.7195287471194919 0.5541767091415941
0 0.7361515237273072 0.49092977724897974
0 0.7075861397978785 0.5471706573193827
0 0.6856423087543149 0.5508320125908898
0 0.7024027437900754 0.5482394207780734
0 0.7079023457259583 0.5566985584295596
0 0.6809008710390086 0.5522212654637834
0 0.6721905861541235 0.5533201016557102
0 0.7832185827570853 0.42574512311064017
0 0.7676149478061594 0.4278126951223745
0 0.757521560723833 0.43126221662893083
0 0.9026572138285466 0.4403237755687092
0 0.9253622942405353 0.434587616509142
0 0.558436274814377 0.345399586918255
0 0.58832301453149 0.35458156209403335
0 0.5718879322353885 0.32733618489469585
0 0.5277984102281164 0.33607345952774387
0 0.5447630516344981 0.3634183452533076
0 0.8419307278786345 0.4272155007615257
0 0.8695766942964184 0.43555950280576466
0 0.8531346812808542 0.4100870564341926
0 0.8143801837802219 0.418904399719482
0 0.831171644105614 0.44424017625875745
