0 0.44257058065546595 0.4049223337484443
0 0.4052146367080834 0.36729284095159476
0 0.41144558706361317 0.3767851024218228
0 0.36293207392420457 0.3367756596509961
0 0.3971613396121108 0.35672388430954755
0 0.38572865837942 0.3424102029074793
0 0.35705791944232973 0.30716703162677045
0 0.24041466309648493 0.3424092960962351
0 0.34061833592536656 0.2852372334919114
0 0.33100800143311854 0.2721355769081392
0 0.28804201883790287 0.21652047341500502
0 0.44533398625967296 0.40864481776952744
0 0.4476778173576231 0.41234131448942685
0 0.4490612388143073 0.4148426578528639
0 0.44850913694371347 0.4151558179570281
0 0.4513499138309904 0.41830958814724634
0 0.4544897366153157 0.4224431678868722
0 0.4581774601145931 0.4275295676096626
0 0.46150178365085437 0.441342116482016
0 0.40876133505093015 0.3724550787305486
0 0.39160139656261256 0.3776187244532765
0 0.1466506457604144 0.32278580531693885
0 0.2912155463481727 0.3344869396608809
0 0.2762614851007643 0.3414560704343561
0 0.2606008976859891 0.3468398326548977
0 0.2363243765886063 0.3484698974567911
0 0.3030029706171025 0.32717376947402954
0 0.244833467244778 0.31642223354698956
0 0.26406185426141904 0.31032263930293097
0 0.23005871895862662 0.32467827265677246
0 0.22287635007144316 0.3324886379034623
0 0.22669399112624966 0.35981188682110415
0 0.41161051424949063 0.48103126397599344
0 0.23234857157196687 0.3418524424019067
0 0.17196696879261214 0.37201024008833844
0 0.20127633112766172 0.359677296941695
0 0.31115474025516404 0.3854419282381085
0 0.4206174736761529 0.4105858711012896
0 0.4285801276564598 0.4192258493191954
0 0.40351892934869166 0.42207827181487845
0 0.3918780999501114 0.43154402098793915
0 0.41252210136988887 0.4262448547111041
0 0.39946382751931314 0.4327866387540016
0 0.369064392602962 0.4494780985557515
0 0.3910824583600397 0.37191428514062497
0 0.3811172535238059 0.3625881848991781
0 0.19448268053162357 0.3339931570749352
0 0.3241110087736793 0.3464830740206484
0 0.3467038849206722 0.3823512052928192
0 0.3407267066447631 0.3767276153616283
0 0.26055048381828744 0.40091188943040545
0 0.3713271286662506 0.3488788931913998
0 0.22576291000713472 0.3099148009458314
0 0.20539904928401762 0.3215497022737627
0 0.14961472020039093 0.2993831190186134
0 0.3050742994831956 0.293602304722088
0 0.28345068086586567 0.3084589274249215
0 0.34829561367792927 0.44416905280904495
0 0.25771830020391423 0.46824143114297284
0 0.3637576964886292 0.3838985116369482
0 0.37992708522664465 0.38210417081912357
0 0.3774465574356525 0.44429137687320297
0 0.38072540027939755 0.4428598082799842
0 0.19138770190108081 0.31831458156955417
0 0.3487764072968908 0.3870900576745254
0 0.2584243489672308 0.2999802184277687
0 0.2495840353810269 0.2930854700397754
0 0.19851575812081929 0.2537823377744011
0 0.17179634458506884 0.30790262259003043
0 0.22592194920972639 0.2718823737316374
0 0.18050613590394674 0.33258762350980786
0 0.16491189173868168 0.32779560335304425
0 0.42476255025552667 0.415502339169599
0 0.40826295704945276 0.42437467583711597
0 0.3957186245723911 0.4321895990034808
0 0.3689941187267718 0.3843937021666679
0 0.37917482375126815 0.4435484359661738
0 0.3892412064192088 0.44156180343766144
0 0.3826828523660484 0.4420418168107669
0 0.3707756633343904 0.3777068521881449
0 0.4021696581950654 0.43312917476978857
0 0.41547347686212993 0.42727260593918787
0 0.4312250415754059 0.42124796680350235
0 0.43842489936429524 0.44878868337558664
0 0.4385220033481069 0.43454026851965033
0 0.4349243819065716 0.4292998540660609
0 0.4325125366449356 0.4251111020212588
0 0.4310714447789866 0.42154265659442847
0 0.40215921895983425 0.43358685195014096
0 0.40121357701718807 0.4357303389604541
0 0.40065743312563584 0.4387540533274844
0 0.40107325205336447 0.4423140272282172
0 0.35469671083695214 0.42002117050730664
0 0.20111332947145338 0.4194894450298254
0 0.41005420887275884 0.37458797036737634
0 0.39238373449315195 0.438021206661411
0 0.39085820576419 0.43955681991317996
0 0.3888154256602992 0.3842286386567613
0 0.3592975809765251 0.39109575316525885
0 0.38447378591998765 0.38317561603110767
0 0.3115070644442154 0.3585146456093028
0 0.2904222599514153 0.3749680197325306
0 0.3410141675368599 0.38222990735717444
0 0.1652854444944988 0.2765271921736607
0 0.1906036930563657 0.28924235625975375
0 0.21424272061204133 0.3040964852316656
0 0.38923315420422866 0.45168723392745724
0 0.29037270541100396 0.2824891897431318
0 0.2640951452371867 0.2575174694259961
0 0.23822737278659706 0.23479703927169676
0 0.2463884199767009 0.34965934744779614
0 0.21425346220317093 0.37286796420812607
0 0.3102192670187872 0.32175788704467856
0 0.2104944304522613 0.3424386242809503
0 0.3309591470853142 0.3356964588165283
0 0.3551200409217373 0.37502858517826465
0 0.19971580868181976 0.38816209947285446
0 0.23212279128315655 0.37635140801253525
0 0.25661336444318295 0.3731378598705582
0 0.2860124150857977 0.3607774498885956
0 0.304795877441116 0.348505454002947
0 0.31757486992232176 0.33813482652539795
0 0.3432689150390418 0.31507246887338336
0 0.2180774209049085 0.4101453756076702
0 0.19557633364330168 0.34593516912149347
0 0.39997057600513747 0.37512289354766626
0 0.3332236972839936 0.3572050192649814
0 0.16507257002851236 0.37174055919699045
0 0.32655122774936585 0.3287163747177608
0 0.3394943040026271 0.38295936541280884
0 0.22553784582439973 0.34500492396561994
0 0.3484811488053073 0.3681326197541278
0 0.2254817826754373 0.4442139876925427
0 0.3071471560422493 0.3183564142040584
0 0.358980775648809 0.35743625613226404
0 0.3164562326653496 0.48200276904348016
0 0.32529697591519874 0.4941143786561662
0 0.20344557556445184 0.4180006996013116
0 0.28360972006845736 0.4745694940936738
0 0.1667442003103054 0.34808011180248816
0 0.41620368227038695 0.49399945226268493
0 0.40287519772739516 0.3766289161167283
0 0.3241546912442731 0.37014189870029257
0 0.1876643004057848 0.36558350175619125
0 0.2581983140629271 0.3401016285238059
0 0.27200391621369385 0.3356357501900714
0 0.38828028754695604 0.4439433045361353
0 0.23638826916399208 0.4311799124099206
0 0.45878630941328796 0.49802578964095184
0 0.3943196397436702 0.5018420331719993
0 0.36325355781161267 0.49961500020994654
0 0.3081267095859284 0.242715649144805
0 0.4961096944044466 0.4868856612322987
0 0.2844955273701445 0.3297621189900067
0 0.2960646665938523 0.3236095956054287
0 0.3038680267560741 0.3201490607166636
0 0.18107394436779228 0.34745925632507907
0 0.2854320508954318 0.3161644843825396
0 0.2686158751501985 0.3183860645453999
0 0.2545012334442657 0.32325567672218103
0 0.2428167534020284 0.3300437316082526
0 0.2371151645708343 0.33553750435079355
0 0.15174356034106534 0.34541979010986246
0 0.24805685165135757 0.34191510783157486
0 0.41853977942272375 0.38543076014173205
0 0.36615003183808015 0.4085598638740139
0 0.36286377331808856 0.38220735639333725
0 0.39559905077128305 0.39425157561250357
0 0.3478229677547579 0.29543933725875354
0 0.351084735446974 0.4883538363636404
0 0.3827339027724836 0.4918024872524151
0 0.4526355629381926 0.4903760254383087
0 0.29189902981338295 0.4846101854590402
0 0.2997142295960499 0.31703141979549243
0 0.3454259220186783 0.3356306672744129
0 0.4904329464973315 0.47897005815436877
0 0.42582286465103214 0.5020384532601937
0 0.2256526455850057 0.44050789786421735
0 0.41534330469110736 0.42770789919987967
0 0.4152580085008041 0.4308747704262319
0 0.41646090757263743 0.4346188031460928
0 0.4190040071211431 0.43932620349569595
0 0.4122125525837359 0.45204659367817035
0 0.38907274644335976 0.4382286039383515
0 0.3860876343982375 0.4385921636569327
0 0.3833401422623707 0.43868597089380457
0 0.34801079442157695 0.4324622389630995
0 0.2637154339691219 0.4292095070299895
0 0.3368219870911992 0.324497411540453
0 0.31393854692578316 0.3075762063372826
0 0.3039460664048143 0.31156667694449425
0 0.39215894083937874 0.43769158077412756
0 0.28019241413668444 0.45628085332936136
0 0.3285095550767753 0.30360894293888757
0 0.4110597809371741 0.4663418047670005
0 0.3758447077125311 0.3302857786201049
0 0.35324516382230364 0.32645760336215945
0 0.3666654054237449 0.31901429383003194
0 0.3459005571253922 0.3566178589843322
0 0.4817946703051743 0.4674456804126933
0 0.47100180598056834 0.45354960945205414
0 0.44233391555431095 0.4626870213643364
0 0.3563151105671473 0.45995890359947644
0 0.3327900234447873 0.396045701659244
0 0.3831712367094081 0.465267710711645
0 0.2943706460621046 0.40720000495945197
0 0.3263592635807784 0.41184049218461133
0 0.2927225836269233 0.4295075138409932
0 0.4469395915613226 0.4781347418176955
0 0.3394059205994658 0.3659843600530555
0 0.3479751323390266 0.4737330323112184
0 0.380145195223715 0.47833927548018057
0 0.33239105688003096 0.4514103701365167
0 0.254168960225323 0.4483729581470075
0 0.3116273702648671 0.4606671231812325
0 0.25077356713945453 0.45991365849107935
0 0.3238253301900366 0.430164665631626
0 0.3394627316814402 0.34608457820570987
0 0.36434576279767183 0.37786890890287317
0 0.3548553522028353 0.384053027500277
0 0.36712333138870157 0.3686709076814029
0 0.29502753812171845 0.3035015812602596
0 0.26308072528437426 0.30700122834979626
0 0.2386381630583302 0.31461522123519925
0 0.22112397485129212 0.3238813048903493
0 0.21149920684325954 0.3330673266580139
0 0.21545583613054908 0.3519043257271034
0 0.1850523910201762 0.3954576584308044
0 0.23968299364914064 0.36102579685225
0 0.258482878703786 0.3582615975452506
0 0.2798372573502686 0.3504510175274766
0 0.29775217851704877 0.3406706525795702
0 0.3107507609478805 0.3319107605063397
0 0.31932103888982016 0.3252034595479136
0 0.18220870196819305 0.395519918181758
0 0.35669393068098504 0.3866529746547989
0 0.35329583230549877 0.3458136802782183
0 0.37755464171261893 0.3745472354517467
0 0.3896971272871546 0.37637851689604745
0 0.37834500003120175 0.37603082637424057
0 0.3634728772322769 0.38802679368983145
0 0.3940466919346996 0.37626065529774927
0 0.3968171631188496 0.37783955685470416
0 0.3133141342550516 0.3169700907192368
0 0.32374057505765685 0.3170428384581338
0 0.3305174369445961 0.3177907310318256
0 0.2343617207978083 0.33908139428366785
0 0.2201790808416579 0.3392975255846977
0 0.3907087464695391 0.3267734361731488
0 0.4630000366950813 0.2638107871879702
0 0.4236627386316009 0.36595560459123144
0 0.48824780450566957 0.2025116714986338
0 0.42344510603858077 0.28682254238621047
0 0.4399042790350707 0.28247561143792194
0 0.45541020345104777 0.2772738677112089
0 0.4722685498873825 0.264655398339897
0 0.4085775026646645 0.28951170306274854
0 0.4312856082359086 0.25393946668592055
0 0.413336425371792 0.2611142407724823
0 0.448905350478447 0.25000159113087517
0 0.4618336749465569 0.24990455039601395
0 0.49056576030409854 0.26567714790935104
0 0.5345921527756297 0.4357531046953754
0 0.4678633835814569 0.2589264273967432
0 0.5311466322644897 0.2439884541799193
0 0.5039311959205762 0.25215349000865134
0 0.47468895659498545 0.32643648420555005
0 0.4594609449901011 0.394997523314711
0 0.4643417012108409 0.4048210333870805
0 0.47908903059104213 0.3912947505064633
0 0.49344313816855784 0.3898631103228832
0 0.4785387428558391 0.39928440188152203
0 0.4905318327895973 0.39533225598110666
0 0.5217067310181649 0.39316063395876816
0 0.41841772312055464 0.361962771502094
0 0.4129892253195462 0.3510159847960956
0 0.47871417293082114 0.23604001498956612
0 0.42061410002086475 0.3117921269242314
0 0.453455934058065 0.34342349288256274
0 0.44954901844587014 0.33707314146601636
0 0.5198136329974817 0.30761249071877933
0 0.401391203150801 0.337974368662074
0 0.43415849850229593 0.24165098115369893
0 0.4586103064534457 0.23608160898953245
0 0.4611788038974223 0.19019549242828204
0 0.37115402195764624 0.2756956223992334
0 0.3999742679297924 0.27026858380523283
0 0.5267176594099273 0.37835450632416684
0 0.5927093804044568 0.3466761532253113
0 0.4456466540856206 0.3539923063438872
0 0.4348908681422472 0.36208342512448627
0 0.5120953462370064 0.38868000801058783
0 0.5089189543024354 0.38988778513410816
0 0.4620196715645168 0.2266137121056301
0 0.45740183766769327 0.34737077063840366
0 0.4049451262082743 0.2543116053161414
0 0.40162233036497363 0.24568966786930527
0 0.3833569787118746 0.1892878220996995
0 0.46077549295580905 0.20645206464805466
0 0.39037208113333455 0.2146494951153147
0 0.4840176226976125 0.2273669262295184
0 0.4861354825451322 0.21456153442462286
0 0.4627631806323062 0.4003167587561884
0 0.479065351350152 0.39557831205319666
0 0.49208727883903874 0.39261621312386746
0 0.44321224352587824 0.3572535575300023
0 0.5104292061017908 0.3893146088373834
0 0.5039036656203477 0.39399907640788867
0 0.5071929795262606 0.39059991832228674
0 0.435296311488618 0.35427167579747626
0 0.48884392302969226 0.3974088060035222
0 0.47753008357856586 0.40187676045773685
0 0.4644102564324503 0.4077800777943238
0 0.4826004965149838 0.4326828327299892
0 0.47593227587640285 0.4193942059857258
0 0.4716467470254587 0.41435985245566437
0 0.4678684122374524 0.41069896000882855
0 0.463921331031167 0.4080932617619418
0 0.48870299335407175 0.3975599809833195
0 0.4925655740434709 0.3979169782521068
0 0.49650511226576305 0.39911256115073745
0 0.5004814742537944 0.40136245530152664
0 0.4943151962335991 0.368850527898125
0 0.5661277775045322 0.2887708144127459
0 0.49740218630303507 0.3943644258855046
0 0.5006520348074643 0.3939886958054874
0 0.43291797999130643 0.3682063100994497
0 0.45629110940448614 0.3555860509691031
0 0.43385079567847046 0.36525702584480896
0 0.4416119214957175 0.3116850874022297
0 0.47312373967598315 0.3093288219061451
0 0.45555281995431235 0.34047781200944516
0 0.4274275469715181 0.1848723314486552
0 0.4297703596074944 0.2057021556125171
0 0.43324735695901123 0.2321425402617973
0 0.5129070604301017 0.40622162721727206
0 0.3665797591371381 0.26184971241847327
0 0.35162342226375704 0.22705400475989218
0 0.3386953205842039 0.19975126648078795
0 0.4672197156140338 0.27103623531866766
0 0.5139089087429254 0.26571058060811914
0 0.3986902419963609 0.2905858806401923
0 0.47979253319942433 0.2481366860801759
0 0.40446473042602127 0.30930424254873523
0 0.44078340268005495 0.3439737125367358
0 0.5362980765816958 0.26773644465467206
0 0.508033656231735 0.27745531348214636
0 0.49077378116224124 0.2893801199785177
0 0.45913608744740486 0.2987219939629237
0 0.43362463346641994 0.302365991084472
0 0.4143709281216497 0.3040183682156646
0 0.3740979817736408 0.3040323999264966
0 0.551794230128112 0.29023447935132013
0 0.491302490234375 0.24232149647845738
0 0.41673153201523033 0.3689907256891762
0 0.42885991825681663 0.32267049710819684
0 0.5320162078284699 0.24118379438700882
0 0.39869285180516867 0.30396854132413864
0 0.4564822301592516 0.3403167814232301
0 0.47476992432190024 0.257008772181428
0 0.435674956554304 0.3364885584383771
0 0.5817191890724327 0.31598386190075806
0 0.3968840951666884 0.28692332968331763
0 0.41790069453418255 0.33612404418164404
0 0.5828023233815379 0.38435587859240133
0 0.5898590554361758 0.3969626310078994
0 0.5662505976531816 0.28761887777110806
0 0.5899871906832509 0.3626684138308401
0 0.5072851503348869 0.2273356889684995
0 0.5469440277665854 0.4457260715788689
0 0.4164412066988323 0.3716709972291753
0 0.44895544607678184 0.32501894732316333
0 0.5187993085254794 0.2479547869036163
0 0.4486505121964475 0.27221110473940335
0 0.43523218021120713 0.27692745388418005
0 0.5071843544264203 0.3947188936281895
0 0.5658742123 0.3123024946105653
0 0.5288174097304759 0.47205614741297736
0 0.5654094753705937 0.4385156574240629
0 0.57806564770315 0.4203307749568552
0 0.4215683352364146 0.28033066875692725
0 0.4081401369008033 0.2834748935656271
0 0.40022382294030295 0.2860238445193871
0 0.5003107863923778 0.2349197690145693
0 0.40759312734007835 0.27498737895402353
0 0.41969382414675277 0.26744570426534914
0 0.43333879574809386 0.2623589823859325
0 0.44780862606737926 0.25925212774587714
0 0.4576220800695212 0.25871664377442305
0 0.5102477289088394 0.21849750090336453
0 0.45718235911234567 0.26779942030923953
0 0.4744548376487649 0.368903862717359
0 0.4443906676834044 0.3524926314535348
0 0.4420791090992482 0.37738063877475436
0 0.5728094927642656 0.4067717275541762
0 0.5611316168113895 0.4260242132173068
0 0.5238969653196957 0.4640835106804751
0 0.5946968771193338 0.3740115247774815
0 0.39999234562982683 0.2826186370482479
0 0.3977920858432417 0.3168381854783798
0 0.5502554613934911 0.45590531415697455
0 0.5800052130513865 0.3125373109959174
0 0.4771696753475977 0.402098356489686
0 0.48182468310646387 0.40344308597454126
0 0.4857905740323274 0.4060790908077489
0 0.4903039519229661 0.41018885482048645
0 0.5006840527057648 0.4196118645477986
0 0.5002611363711564 0.3923183494935865
0 0.5023961509375469 0.3906009683142538
0 0.5039704703604397 0.38892887997022574
0 0.5129595748756243 0.37186078327721445
0 0.5505863978810932 0.3255423921821774
0 0.3883680980652571 0.30608511035856995
0 0.38108428081740503 0.2858708559171013
0 0.3911545781985573 0.2823393153215664
0 0.49760893408371054 0.394178195492081
0 0.5723902683543123 0.34998143248368
0 0.36830968045346113 0.29233680190383526
0 0.5176687520807204 0.4271252729754517
0 0.3829566595023093 0.31576438971619675
0 0.4224513099407372 0.3290541141793348
0 0.49695753217067407 0.4426100295091021
0 0.5393457285573949 0.39272884862578433
0 0.4757282970392186 0.34398993968531705
0 0.5312362569181815 0.41077355716539465
0 0.5097085806014745 0.32945139295812964
0 0.49852784139954526 0.3492737140344537
0 0.5365907570914082 0.341144652362319
0 0.5128482124241798 0.45388722959635913
0 0.4364273135104905 0.33081008256345557
0 0.5587412229050761 0.3963208472815113
0 0.547725347235151 0.41664947925702384
0 0.5423332912766415 0.3745474979497384
0 0.57611768004363 0.33173409935788833
0 0.5624203849583864 0.3690786386529605
0 0.5892911355780519 0.33700961695201154
0 0.5221015759946211 0.35790522072626196
0 0.41279247119698836 0.31972457760054135
0 0.439139891496819 0.350707549655783
0 0.45105354139662307 0.3489813389985458
0 0.42735329472824285 0.3467991931930832
0 0.38796860635604546 0.274323545396328
0 0.410117512649816 0.2594642141914886
0 0.4325907354283592 0.25000406099834305
0 0.45294173806905746 0.2449823073718859
0 0.4688003049434527 0.24426571171784747
0 0.48768634551569173 0.25544270916261536
0 0.5504696566773497 0.264710129171178
0 0.48480374803361687 0.2735384616298952
0 0.4708012962794822 0.28247024216081784
0 0.449182340308376 0.28964476568111475
0 0.42743006129951583 0.29408549193454825
0 0.4101324076561824 0.2966283577075903
0 0.3978198071050903 0.29776724104000174
0 0.5491243957177453 0.2646002737616283
0 0.45268199843880924 0.35154296144627145
0 0.406278515720497 0.32672940810089524
0 0.42854066225497617 0.3559667923744174
0 0.4235447243503902 0.36409408815097116
0 0.42947077265252237 0.3574768001402634
0 0.4504914458679116 0.3561534045831017
0 0.4213071315670791 0.3663281608318937
0 0.42109564157283824 0.36893982494222943
0 0.3918152099232311 0.2898078843195369
0 0.3861446682687687 0.29594508736677794
0 0.38375577022847923 0.3005087939293488
0 0.463530941825846 0.2588287662120833
0 0.4711869432712379 0.25163972178015154
0 0.26207149312224076 0.32834221962569415
0 0.2782323363277575 0.3226231758793195
0 0.2553253601426664 0.3194616500666176
0 0.24593372444581726 0.3341516581350479
0 0.2688837943031736 0.33741899450188095
0 0.4368559268667646 0.267581260614637
0 0.4528486124523308 0.26204641886811325
0 0.4302915893495083 0.25925563567358517
0 0.4206633044649725 0.2731311482687791
0 0.44336743166913156 0.2760250335154326
