0 0.25418110688527423 0.4586373350490777
0 0.20848298508772176 0.4039979609437644
0 0.2370916708624906 0.41698065428688125
0 0.15643263316983513 0.34005803612474433
0 0.19531474353598177 0.38601285352493625
0 0.18476542323041592 0.3580635500411256
0 0.1648050051370113 0.2825362985126508
0 -0.0004072764651666728 0.30178811032170305
0 0.13687620556754745 0.2200172122675009
0 0.11987715652234834 0.19235533647263012
0 0.066288256316448 0.08979195413498071
0 0.2598154778531987 0.4675657204545725
0 0.2686653714671695 0.4772090930908252
0 0.2775279164171333 0.4838094010520667
0 0.28020820043069855 0.4870443012767706
0 0.28612472649386744 0.5003858812319966
0 0.2948588831104535 0.516421661590235
0 0.30629641053487927 0.5311890912893862
0 0.3255360433809477 0.5413539512469746
0 0.21909980443741778 0.4114254556905728
0 0.20033408533469094 0.4141659325304123
0 -0.12941007083840222 0.22285970350423942
0 0.09016085385704498 0.3057290970707854
0 0.06447116083664288 0.31413490970294694
0 0.037754455844847136 0.3184389077817289
0 -0.002239049767418731 0.306393140421127
0 0.10710377680311958 0.29656155040850657
0 -0.00472668499397717 0.2528500004698293
0 0.029887105135037173 0.2499163855379001
0 -0.029727789280797653 0.26148766564865844
0 -0.03859772048979926 0.2725722290837346
0 -0.01086870028818254 0.32148338354433686
0 0.24791055174468518 0.567549489938413
0 -0.012577104125377372 0.293960011424348
0 -0.07789227766670483 0.3068296006693246
0 -0.044781269286748034 0.30290263434187675
0 0.09731944566436238 0.3981205640128626
0 0.22384884703359445 0.45968635204120184
0 0.24606800207988822 0.4811149835586548
0 0.20584268156858943 0.47143973481540863
0 0.20073125774054218 0.4841367371927816
0 0.2307390146118274 0.48554185480355455
0 0.2227747713347419 0.49107216036738677
0 0.19763048725734225 0.5201070967573709
0 0.1863417266655883 0.40741847346004206
0 0.1690692629316728 0.39149959628193526
0 -0.09407841208741534 0.2513453107291517
0 0.11886165953940339 0.3353181567054968
0 0.1419081040066209 0.40752803174832375
0 0.13616896179511392 0.3961300621398341
0 0.02813427010886103 0.40629846790728097
0 0.16036377068189123 0.364920495036311
0 -0.06622081416116345 0.2295667294877025
0 -0.09094357011701278 0.23711662703809647
0 -0.13917497043415225 0.19099150221949568
0 0.062164034417493165 0.23574360262471647
0 0.06469892276276787 0.2543435824183991
0 0.17016388758195103 0.5050053116612541
0 0.09079902663791209 0.4555282025291516
0 0.16975319264032285 0.4143006371233029
0 0.19235152792301682 0.41735231305082765
0 0.2103787726349682 0.5040407066528028
0 0.2156920686042566 0.5018016724540784
0 -0.11404070515426801 0.22135778166615544
0 0.15180686534308702 0.4146885414854787
0 -0.01864109022154225 0.22933599857476572
0 -0.0377928834024379 0.21238096701070525
0 -0.08690673334421299 0.13585314583092833
0 -0.12369488662095379 0.21256817129854197
0 -0.05532964263602698 0.17544938542972358
0 -0.11352616698621847 0.2399131132010073
0 -0.12105821941396315 0.23850944285956435
0 0.23340149584719888 0.47153322841412726
0 0.21788048458328063 0.4796005971134661
0 0.21128455526251302 0.48821358635021855
0 0.17907364777237963 0.4167269841550638
0 0.21302568590898308 0.5030181385076846
0 0.22052629938800272 0.5062660641563587
0 0.2183505158058459 0.5006775060019935
0 0.1682254301844169 0.40814898265436433
0 0.23347102137778303 0.49263890178058856
0 0.24248019303921028 0.4892643400655387
0 0.25735609980224133 0.4866521274700713
0 0.290779452243869 0.5449956065168777
0 0.27604646012365675 0.5343998944797455
0 0.2667559477493917 0.5192689830883623
0 0.26139206537525717 0.5026684782375543
0 0.25985543940850586 0.489694975054683
0 0.2351056005028512 0.4937883954459486
0 0.23214516894136975 0.5015458314182659
0 0.2296337651120101 0.510758532883641
0 0.22969505212289823 0.5202523664163705
0 0.1673051780648083 0.4687663389090151
0 0.0032439975858592303 0.369187768655844
0 0.2273725471336493 0.4141046406742864
0 0.22813874840450515 0.49625906510094103
0 0.22409104057353177 0.5012147685590262
0 0.20531077622223814 0.42334324826066866
0 0.16988866420672666 0.42372840281111745
0 0.19893194609980502 0.4205104356375746
0 0.10106596457872459 0.3512695250800623
0 0.06699555690625875 0.37418710728422905
0 0.141817527637779 0.4040422473852627
0 -0.12856360555266877 0.1623379574797024
0 -0.10454004424081433 0.19118541821885032
0 -0.0892376851835411 0.21228369242086198
0 0.22332637337186068 0.5312529158668396
0 0.030690161944579162 0.21216326152173856
0 0.010225735837035328 0.16156924037506787
0 -0.023751832241062924 0.11306534750393024
0 0.014369313522494383 0.31587666215988014
0 -0.022842811023016912 0.33786430145604923
0 0.11579662718647103 0.289532959270782
0 -0.052023401577695666 0.2798045595613912
0 0.1272607356738701 0.32052000871481606
0 0.14376211184248935 0.40009065938833804
0 -0.051465530689957614 0.35323857118527346
0 -0.0003443985677165665 0.3557889491986162
0 0.03350123956049089 0.3625973021260466
0 0.0787253339799474 0.3502887830185814
0 0.10775795314523527 0.3342361781543817
0 0.12484814673304843 0.32134393914439047
0 0.14166132719825497 0.29195453031375385
0 -0.020837763659388043 0.3949588594345239
0 -0.0718651660483518 0.27521989977778716
0 0.2058880975921091 0.4134646581765562
0 0.1314115765140497 0.35772630010550016
0 -0.06764155161752404 0.29310990351076704
0 0.13496129897286852 0.30971845879722326
0 0.14470347161773298 0.40302485322799925
0 -0.022802849467709767 0.2933072205930472
0 0.1385299700269882 0.38586747532073684
0 0.04322542003590426 0.4107365554894883
0 0.11099582395965246 0.2820833213032244
0 0.14554652786083358 0.3737210503782327
0 0.144008187903203 0.5206209859147239
0 0.16775127023244077 0.5270994699801119
0 -0.021137077602551138 0.3849339142394142
0 0.10563432791536088 0.49358527119548173
0 -0.1029861647305157 0.2704359329165742
0 0.25610780308572506 0.5810222648584042
0 0.216021647270349 0.4156200763897393
0 0.12032906300158237 0.37574838525571
0 -0.05586020330445086 0.3045311560646033
0 0.030252516627025834 0.3089159117719998
0 0.055547726597431464 0.30516317858101843
0 0.2183160465970028 0.5113581727487972
0 0.016464454307258843 0.4282469585680733
0 0.31681775775173016 0.6001320452735828
0 0.23872912873467095 0.5714933712261553
0 0.20770555291530327 0.552736543618833
0 0.09271824188369641 0.14294563390957282
0 0.3752919675634919 0.5975599944020231
0 0.07802551434480315 0.29736212552926794
0 0.09608541010952681 0.288771550876264
0 0.1069991760116687 0.2842257502741707
0 -0.08884958461891833 0.26841397102648457
0 0.07623118369413509 0.27027215630101703
0 0.04730439636347105 0.2682845851483817
0 0.020396993314619544 0.2725414022470054
0 7.300997237793262e-06 0.2797974679416742
0 -0.008536309075298355 0.28641821858220207
0 -0.10723424851179694 0.25556985372171614
0 0.012284286230874004 0.3066981524324265
0 0.24863455664339684 0.4326565349444795
0 0.17860380594107172 0.45479801897042854
0 0.1646531701659699 0.4117875624769412
0 0.21474615396927302 0.44126529091844163
0 0.15378042641017647 0.24954364132195617
0 0.18287171898700064 0.5433538965523814
0 0.2179733052385225 0.5613239161884442
0 0.3044321187537351 0.5941686081810119
0 0.1325572799864433 0.495761240633151
0 0.09909188268567733 0.2772798524877896
0 0.1398937480626918 0.3293532361618627
0 0.3647808664136653 0.5918336562074411
0 0.27358840781150107 0.5891960802169653
0 0.01793814555918284 0.42224433665839245
0 0.24464627978898923 0.4915719024670391
0 0.24366695653620385 0.5024965426411492
0 0.24466239698499226 0.5158011086832601
0 0.24993438672104615 0.5300453867013462
0 0.2541695161403226 0.5407561204684809
0 0.21903817652226637 0.4964206527216366
0 0.2108201868385434 0.4963251691275892
0 0.20276496000141261 0.4949375272939761
0 0.16564755002371698 0.48644940121867025
0 0.04898556573785466 0.44278322317348884
0 0.13362217967887577 0.30496218905281336
0 0.10829415767312907 0.2651843171531019
0 0.10004872519621175 0.2684325684373752
0 0.2273187600165534 0.49612653141204544
0 0.08815459438936887 0.47893098177620397
0 0.12209716296310333 0.26477937119456524
0 0.2502405187494749 0.552863794774674
0 0.17838642265585114 0.332833557083203
0 0.1491059944998446 0.31774204759932934
0 0.17213730660559748 0.3089909165050275
0 0.14030274795256645 0.36416592498937733
0 0.3517666188933009 0.5776167677614255
0 0.3383249531832816 0.5581962586210939
0 0.29342333525776576 0.5611347942687452
0 0.1778832479632444 0.5247089066825354
0 0.1325121385802468 0.42234517514896086
0 0.21243487988158669 0.5405849085067408
0 0.07717403019074913 0.4277463119250898
0 0.12435301169931745 0.4459859578373333
0 0.08583368028668191 0.45825735448648375
0 0.2961588457619829 0.5801027422895828
0 0.138347037011485 0.37569237593263866
0 0.16976877954080521 0.5332440690110667
0 0.20884803673632138 0.5504308988491948
0 0.14520562359754988 0.5052859371843429
0 0.051653880223953466 0.45493995990996927
0 0.12331317793979919 0.5033461982830645
0 0.05916794048224708 0.4575110338747311
0 0.12963947092743514 0.47362261496412866
0 0.13544062930617115 0.3429319873785439
0 0.15678811109037422 0.406994242637683
0 0.15320477168337046 0.4125004873489039
0 0.15287690700815737 0.39520145795596673
0 0.06726890530803506 0.24931186113875514
0 0.011131518464580142 0.24275820952253982
0 -0.0296435480495151 0.24636344787792658
0 -0.05469605312358847 0.254890252226077
0 -0.06266446300833631 0.2654096569877844
0 -0.03218593628858205 0.29786031181439043
0 -0.05279301189118438 0.3464681728960226
0 0.00743318068609535 0.33175110816955566
0 0.036698088228559606 0.33622425585128246
0 0.07077078753523976 0.3296023835770238
0 0.09914275317740955 0.31763940002209845
0 0.11701109862441925 0.3068361857447761
0 0.12724511089513627 0.2990058073982263
0 -0.03006672387500461 0.329746567784026
0 0.16101363837290153 0.41662013949677584
0 0.14412433209179118 0.35081066833898283
0 0.16936685341439373 0.4068692709310367
0 0.1936299567885822 0.41187179355194775
0 0.17604011118554955 0.4080735437405376
0 0.17355137748969832 0.4206883774016993
0 0.19802754602843908 0.41354422180797346
0 0.2075825243545093 0.4159724864715966
0 0.11857547041037672 0.28214340107128644
0 0.13043850317275782 0.28668547495485497
0 0.13652345488111464 0.2927860589073108
0 -0.011536607496458278 0.2906964190851766
0 -0.037717998099269914 0.2816876559592664
0 0.20850597718636765 0.3291386784836888
0 0.40968019270496686 0.20618768545766228
0 0.25438602822575923 0.4034129023171081
0 0.513624781327282 0.07468667750160535
0 0.33126251531733597 0.24825083181119192
0 0.36250775466434104 0.24291420706544822
0 0.3929339525796812 0.23473364381363598
0 0.4287967780511156 0.20909420027138706
0 0.30347404520002774 0.24977151387796614
0 0.34380377711152 0.17364091385667696
0 0.3092804970644075 0.18546982599904363
0 0.3801362929012564 0.1686595394588507
0 0.40733666528614876 0.1713702930048251
0 0.46594962313306704 0.21615314788330858
0 0.46218842639625785 0.5308536866221565
0 0.41914418747099186 0.19568190311852354
0 0.5731811349054606 0.16520049339666154
0 0.4977829223342365 0.18706714097684185
0 0.38792368262220056 0.33784208587183356
0 0.2864689829824068 0.44729334858659736
0 0.3001796221561569 0.4702838369832633
0 0.33201689857373134 0.4491185361204056
0 0.3644445832970617 0.4530489216216456
0 0.33244518796317013 0.4658690504372691
0 0.35882125383944247 0.46402913693802805
0 0.4466506540060615 0.4716396388916162
0 0.2337412069455611 0.398286457259815
0 0.2266920075285063 0.3797893059520295
0 0.44308426511659327 0.13902879846743502
0 0.2985096647442102 0.29737572986097
0 0.3193952212516638 0.37165717195017267
0 0.31966417577626893 0.3584558685747579
0 0.48887248033528136 0.3113484820618797
0 0.21596236780678912 0.35325933950015914
0 0.34607052531459637 0.13934336245631257
0 0.39868587870106137 0.1333665019407059
0 0.45195224559564384 0.05195358595528161
0 0.21383342068258235 0.1995992812866601
0 0.28471764414716394 0.2029209272168315
0 0.45537848495465105 0.44891425405447477
0 0.6453609460835262 0.3488808794143482
0 0.30188039352567936 0.3880431914862733
0 0.28039365234992486 0.3990394714922189
0 0.4054293059330764 0.4602034975545475
0 0.3980634632728083 0.4613660528256109
0 0.41018480677112973 0.11167841121411552
0 0.3275447270567183 0.3789880976509362
0 0.2850149884212503 0.15973468177234784
0 0.2784493048842862 0.1399133513910702
0 0.2706171620092232 0.04936894384055092
0 0.43000520790795344 0.08406444003406804
0 0.2686070200207708 0.09784512150401886
0 0.46057526742239935 0.1205355005142407
0 0.4877865108654653 0.10051529723615311
0 0.2934618953177683 0.4593455562957179
0 0.3320194742948317 0.4579946027396205
0 0.36134974076021775 0.4587038370747917
0 0.2972145315697439 0.3930068911074069
0 0.40155174720773307 0.46089645010975605
0 0.3899817974161473 0.4689841167614483
0 0.39405950482228963 0.4619938058975025
0 0.27745592880020326 0.3868118547403013
0 0.3572920330708547 0.46756192137258124
0 0.3326275717440269 0.4710503831839028
0 0.3055077664000239 0.47677476756488935
0 0.36749018410698686 0.5306843199288122
0 0.341419833598377 0.5214698093767745
0 0.3281754757002961 0.507051099222689
0 0.3162441863287553 0.4913710214840338
0 0.3079311790512048 0.4797234702795839
0 0.3576503234515659 0.4682680440786928
0 0.3658328212136559 0.4729198933409426
0 0.3765103215222164 0.4792379837828322
0 0.3872268364297972 0.4861090396539853
0 0.3916515086194594 0.4236105589059214
0 0.6343227690644115 0.23737074944157951
0 0.3756908255515339 0.46489333763671
0 0.3820241449548186 0.4668615877437896
0 0.2758134331205766 0.40850139273622166
0 0.3258692583591818 0.39202766867872246
0 0.2778557905619093 0.4039989016688289
0 0.3382487042630605 0.30130302182401714
0 0.39880572548873133 0.3048749187122138
0 0.3315647837641142 0.3651929796694186
0 0.3733444193856036 0.042168290470354856
0 0.3590350008125214 0.08122996305124447
0 0.3476050869166422 0.11733258494172995
0 0.4290753347124699 0.49205510951459597
0 0.20442169790359424 0.16758805361037818
0 0.18400300978470763 0.12013040982877103
0 0.1714727705617031 0.06566431004399309
0 0.4176816324250018 0.22293823595625906
0 0.5110400452030649 0.2225229058402796
0 0.28445565922083044 0.24945154071996767
0 0.4460662683422903 0.17104606849316972
0 0.26733069339816234 0.2907324199097606
0 0.29181441864807256 0.3703729013284555
0 0.5578956695483457 0.224838138769229
0 0.4939686581671095 0.24765931474515043
0 0.4532157504301277 0.2691910822932332
0 0.3875443319336688 0.28111773938797535
0 0.3378058317468035 0.2823960942963061
0 0.2999084706929662 0.28083016697210245
0 0.20013503512318473 0.2792114685899533
0 0.571448432169944 0.27311137309089634
0 0.4723536991101089 0.1596555704125962
0 0.23444339397142258 0.4079265373583419
0 0.3023697047782459 0.3216873037929352
0 0.5939235305614609 0.14684752629587824
0 0.26833007318510427 0.2767619652489123
0 0.33882559003303947 0.3629709508853218
0 0.43533543545565156 0.19127833290983692
0 0.29069901777685975 0.35460446779720317
0 0.6455451858987054 0.28952395001920267
0 0.2826208367193346 0.2412960152275646
0 0.2525635729733703 0.3516793555725878
0 0.5804289489341297 0.44158795961556724
0 0.6002437819679864 0.4497889474557992
0 0.6163913563286944 0.2535494657370229
0 0.6079766270068052 0.398943481353906
0 0.5312674860302493 0.12934028911895265
0 0.48037396432112733 0.5441166074892965
0 0.23884774447916796 0.41083095363153815
0 0.33991224131138204 0.3297338679956552
0 0.5320951258249992 0.18045894539775179
0 0.38175017156189295 0.22312493369983027
0 0.35622314669245436 0.23085438310147854
0 0.3982911494424303 0.47132576235567036
0 0.5830531163181333 0.31405820442845644
0 0.4394701117520138 0.5805195558566255
0 0.5258664261522911 0.5234466345546345
0 0.5613876655519151 0.49230197748056237
0 0.33079206743400447 0.23491149512342752
0 0.3060227780462169 0.23764339689248667
0 0.2903500454460117 0.24049784619206438
0 0.496960964277208 0.14462631160077957
0 0.3024316925367863 0.2179972222818734
0 0.32581350157300915 0.20468174744718753
0 0.35218259785100997 0.19728317999611267
0 0.3798369789580933 0.1936910394281625
0 0.3981949765619328 0.19397957065996652
0 0.5578167312722698 0.1052207678270797
0 0.3983189142007622 0.21453824858315074
0 0.3549021805504815 0.41900845952689075
0 0.29816160149139753 0.3853632466861615
0 0.2905121454232031 0.4260745349402626
0 0.5507346724720595 0.47973877515274876
0 0.5179604775042271 0.5110499767449718
0 0.4307682274056853 0.573720284544241
0 0.6288586040194943 0.4035694968586151
0 0.2882049432475504 0.23290062293457908
0 0.23852702932392092 0.30843458617457187
0 0.4866850491907957 0.554165396446618
0 0.6265136372271202 0.30057301917396034
0 0.3341365655263265 0.4730731229812573
0 0.3436606351991923 0.4815732975737355
0 0.3556363368205887 0.4927088772526945
0 0.36844460240942684 0.505182565972447
0 0.40344300830392815 0.512235507416649
0 0.3797847448493079 0.4624186156275935
0 0.38416665249305376 0.45959698316007375
0 0.38855151464041476 0.45635502749738605
0 0.42525762362445857 0.43443360077306487
0 0.5361652954590979 0.34469682378129074
0 0.23300737264059146 0.28371242193368296
0 0.24469093824747942 0.23182946272170582
0 0.2691353837506091 0.2282789854195933
0 0.37603351009263697 0.4649054585173488
0 0.5693074776400193 0.38543589960652797
0 0.20817609549426347 0.24222957630888722
0 0.43565437033307924 0.5197396712562147
0 0.20538141916124084 0.30573188306424565
0 0.278673544133024 0.3354333231624323
0 0.3907873541902867 0.5437998725964238
0 0.4868400848740868 0.4675604741032512
0 0.3762277497662057 0.3721873428874884
0 0.46776368835275406 0.49447494383437185
0 0.45070521780055206 0.3515535516860767
0 0.41631748507634625 0.386688764483784
0 0.49602374270093813 0.3761570941145047
0 0.41385907292080154 0.5601852046795928
0 0.30702437371087016 0.3404163800108547
0 0.5262136182053198 0.4696007620412321
0 0.49662816595974013 0.5006494289769913
0 0.49409297458845364 0.4385710181519627
0 0.5910020946598739 0.34834553448917766
0 0.540244896777814 0.4246677529697601
0 0.6275327894613325 0.34715909927416916
0 0.454738569774216 0.40848373605039556
0 0.2708960216965893 0.31443384318306045
0 0.28462976660373973 0.3820502300993703
0 0.3113646152779925 0.3809881153198096
0 0.25958070845055065 0.3740160762311551
0 0.25710811088982816 0.20537346982346555
0 0.2992460368920287 0.17741144846041743
0 0.3439858199881135 0.16216529824863227
0 0.38640942376294585 0.15615108009344472
0 0.42107719040031344 0.15848842006141003
0 0.4622623268648875 0.19027163045474896
0 0.5998121214141663 0.20826082640943436
0 0.4513013836005323 0.2323728399916579
0 0.41987834374109906 0.24903809205411723
0 0.375647303440588 0.25957831940331016
0 0.33353907398754457 0.2636954026481214
0 0.30041435368055347 0.26434101140537203
0 0.27578629335339405 0.26332949677976175
0 0.6161974954376404 0.1904345025269749
0 0.3156958796995149 0.3855721600139484
0 0.24299096232123799 0.33022612047652466
0 0.2577722302729563 0.39013409766907126
0 0.2514876033619439 0.40118244318916396
0 0.26330620493534374 0.39172193303275793
0 0.31208530582969995 0.3925550536225779
0 0.24451099761384282 0.40468302588112437
0 0.24842166193097615 0.40774128688410066
0 0.27055915146708776 0.24553032728810661
0 0.252573061475365 0.2560850273305997
0 0.23955123830470534 0.2653645383664213
0 0.4095860652500491 0.19487964554716602
0 0.42735846508607017 0.17756981590685372
0 0.054463973005326814 0.27934789181517333
0 0.08412951881365238 0.2720038502361066
0 0.043828631190659044 0.26108138096599154
0 0.024368243894988685 0.28688935902172
0 0.0649165333174973 0.2976910355753792
0 0.35308118361077434 0.21170995867671297
0 0.3860192398944919 0.20421010046340407
0 0.3412328286708402 0.1931632564852413
0 0.3202422925894209 0.2189708003601708
0 0.3648801831890353 0.23003492111596055
