0 0.5481480526018746 0.3586874914621826
0 0.5614154342609116 0.30981963879980084
0 0.5560647385029853 0.32558487177177964
0 0.5305807469766352 0.2475284495670459
0 0.562073801137224 0.2917378363094579
0 0.5606186174893681 0.2665562804342023
0 0.5555949052677879 0.20289437315500786
0 0.31426473093938223 0.1875556283856909
0 0.5544359887702556 0.14904744394591976
0 0.555144809469392 0.1233429277353298
0 0.5556917009474356 0.03290729109785594
0 0.5484335464012774 0.36498775268647454
0 0.5485313289527651 0.3714839950433688
0 0.5484473214873785 0.37572629221252135
0 0.5494772456114805 0.38877146509901345
0 0.5503555204294905 0.3975145469639508
0 0.5510263054431239 0.40845702834259434
0 0.5515017720717418 0.41947602108562826
0 0.5507350548913207 0.43123052538784656
0 0.5596299363842493 0.31822943185430685
0 0.5273056071770342 0.31748236250905665
0 0.20587920784195768 0.11013901219532017
0 0.40496298180350776 0.2080009244161427
0 0.3735322650474838 0.20858124616165885
0 0.3430832390543781 0.20712621819364926
0 0.30221097548551196 0.19409283896640808
0 0.4317712730999234 0.20506181185214403
0 0.36131487390663053 0.1497502575848309
0 0.39890021689330474 0.15389431357242317
0 0.32615450118915945 0.1516948256062726
0 0.3032991044883487 0.15876939952868444
0 0.2781017786717113 0.2067103000580911
0 0.43247585847407954 0.4513995107241231
0 0.30305668353279935 0.18120338660825047
0 0.19049862517586238 0.1903159638175195
0 0.2448252826174603 0.19187207818738364
0 0.39090758298016803 0.28805859791709293
0 0.5104742201068734 0.3566852229628557
0 0.5155755456867097 0.37204319139675174
0 0.47379260500775106 0.3643735978809823
0 0.45025558826289597 0.3721758995474728
0 0.48736147601393204 0.3747810304235592
0 0.46618082138556466 0.37847819517798553
0 0.4075593799352646 0.4015925289755897
0 0.5346747025658812 0.30926607391871025
0 0.5302171258232261 0.2919363825629473
0 0.2628228026854841 0.14263260732200506
0 0.4538756397706044 0.24116094974294958
0 0.45472780360451226 0.302819158541633
0 0.4507563023627559 0.2923895539196643
0 0.2946946100343632 0.2839660507362791
0 0.5301833254627034 0.2683050147437823
0 0.3377968133250369 0.12501752415444362
0 0.2930868313282351 0.12974402474621718
0 0.2354481086323533 0.07917041092015105
0 0.47919626288776157 0.14606562359335867
0 0.4300299788577647 0.16408835459292853
0 0.38483848564232453 0.38583378251619893
0 0.22183602086350887 0.3525613636167307
0 0.47910662202895443 0.31311231052606836
0 0.5048626817857162 0.31836081321836224
0 0.4250686246005795 0.3854888179831092
0 0.4337551938959315 0.3852612888120106
0 0.2778485638054111 0.11759127805524308
0 0.45260095087033286 0.3104704718855635
0 0.39820967388303974 0.12882375077279296
0 0.3936284708825848 0.11381606876072368
0 0.3647168267376815 0.04026908484925013
0 0.25723934909210927 0.09829951983612487
0 0.38312910025632835 0.07689995460945799
0 0.24586661744721328 0.13417900082338183
0 0.2259459925603263 0.122700394437265
0 0.5122630075563358 0.36493922177865695
0 0.4803454340258731 0.370000205288861
0 0.4577511266062531 0.3755099670177111
0 0.48638784470437446 0.31637246123695145
0 0.4294299196593369 0.3854049355816869
0 0.4424658798718754 0.3904718159215165
0 0.4382313156052481 0.385172924820073
0 0.495683396164375 0.3076556792321437
0 0.473163618128511 0.38027864468338085
0 0.49353152211708357 0.37762801976673405
0 0.5191161951309518 0.37605969895954516
0 0.5092542614740662 0.43039736233006454
0 0.5116962347226807 0.41817606499469434
0 0.5136636459751974 0.40720825673280947
0 0.5164660124839107 0.39628623735296625
0 0.5196734693231462 0.3884910413661744
0 0.4732049228269843 0.38697770849524304
0 0.4663428945254676 0.3906399345341385
0 0.4580233798751348 0.39609190733265903
0 0.45135453173631357 0.40209393639864305
0 0.4228725674786145 0.3562426658994645
0 0.18631862669805938 0.26275379830266515
0 0.5578139688395247 0.3216824383780908
0 0.4578700035433226 0.38607850094565577
0 0.4503824218541761 0.38799547180445026
0 0.5149532818718802 0.32515012800764215
0 0.4631432915412927 0.32081979117218146
0 0.5101193163213851 0.3218458690111606
0 0.4199712053884434 0.25148392494321575
0 0.36840365657323526 0.2638487805958179
0 0.44507296911523314 0.3000717961349804
0 0.2849678778195683 0.05536333232022124
0 0.30639675127554544 0.08202884011279929
0 0.3280578068917311 0.1103639762455317
0 0.43457863564732707 0.4127223231472862
0 0.4702811094024513 0.12073675017198493
0 0.4637539390521713 0.07778903435416351
0 0.4525124408021758 0.033708611275660466
0 0.3168393767709973 0.2022524737661278
0 0.24544878002209 0.2199976852214492
0 0.44973928981189487 0.20131309406471706
0 0.2740991909669924 0.1673158221256125
0 0.47723059922079497 0.22962266744102305
0 0.47476498216767854 0.29645541794642294
0 0.21385202207897283 0.23086829898903238
0 0.2649514235650437 0.2345021760195034
0 0.30527192297615585 0.24311489372349576
0 0.3671693677389169 0.2414256731669108
0 0.41227502366410024 0.23465163116636084
0 0.4460619997374619 0.22696661744112082
0 0.5237739629383329 0.2069120158575042
0 0.21982078744640834 0.27061984469740696
0 0.25160768269738065 0.16511348893916764
0 0.5434190038638779 0.317689695038688
0 0.45842283681223667 0.2607725814851012
0 0.18089432674872724 0.1840570393689021
0 0.47182262377648415 0.21765873723465637
0 0.44110913669006735 0.30014618464070564
0 0.2898242124651052 0.18134101861170884
0 0.47152407448503036 0.2838252639289711
0 0.19853959524933296 0.30610345676983236
0 0.4499654890615729 0.19461416293152145
0 0.5000634829077539 0.2739320054455867
0 0.29577749628054945 0.406355309811634
0 0.29458882970900474 0.42021695772806805
0 0.19043778863888752 0.2670075648054392
0 0.2549161499814142 0.37997139037574595
0 0.207138476869728 0.15403863847750646
0 0.4264609362882904 0.4653347215901349
0 0.5450190931935853 0.32105551693645945
0 0.42916313530523564 0.2739270521087013
0 0.22029304674154596 0.19502098520738234
0 0.3451105616515196 0.19550971444674092
0 0.37234781324108945 0.19760297102718874
0 0.43547944403901884 0.39328295254056844
0 0.22818985128704505 0.30606155979534344
0 0.48166843852664853 0.48669468960586676
0 0.3871590736546094 0.4612541154893126
0 0.3451629069787038 0.4447005058805572
0 0.5552601912353612 0.0789776730438427
0 0.5451241950445538 0.4896118217374365
0 0.3988956731708744 0.1973813092015675
0 0.4239568929129009 0.1961519381612504
0 0.441041864926302 0.1957370077446545
0 0.23107404591916483 0.1611663870610659
0 0.42227164476732665 0.17901384954209287
0 0.39513595873796487 0.17130847701257093
0 0.36688379170019414 0.16850344361218128
0 0.3384861021856718 0.17006672263004036
0 0.320726233192637 0.17428185015669356
0 0.188824438218829 0.14350810961649793
0 0.32683519604085365 0.1918144071936466
0 0.5557278040089185 0.340025942167212
0 0.4524871522112738 0.346631187419733
0 0.4796563713233682 0.3102163774970022
0 0.5125862286437916 0.34140270446401755
0 0.5540375392648238 0.1755865384534019
0 0.3395409859433959 0.42971902053409905
0 0.38100033545795875 0.44744359308573134
0 0.4817711554373367 0.4786384704557036
0 0.25494668132896664 0.3911942954872285
0 0.4411664574961119 0.18868690566518836
0 0.5025454861453816 0.23704981280674148
0 0.5477864051921458 0.48153850178135954
0 0.43159100451046906 0.4761901362793584
0 0.20192501797706267 0.3064313794653045
0 0.49408532169800773 0.38777666994119736
0 0.48789779973935476 0.3937599470889724
0 0.4817761720358571 0.4022172980744078
0 0.4774057072929189 0.4119290816260685
0 0.46780301253252393 0.4230744434279762
0 0.44928987248788904 0.3819943272629101
0 0.4409970033772384 0.3806760615159891
0 0.43411589555348024 0.37895271305794676
0 0.39959193181387986 0.37008370439635757
0 0.27229340053811857 0.3202495382632508
0 0.5007246870406067 0.2168967783946018
0 0.47634257904336424 0.17978577402421447
0 0.4556094296748125 0.18167660718569412
0 0.4567388222564625 0.38286405066437
0 0.2699965385696556 0.3600514281545528
0 0.5064180329253402 0.17944259328208642
0 0.44777457189710834 0.4368971722688822
0 0.5588482516475871 0.24504980568642576
0 0.5268925601923014 0.2284891493662679
0 0.5572441737108593 0.22502524844975091
0 0.4792035410675821 0.2663809971735854
0 0.5491751805890964 0.4674203417762177
0 0.5498615499538712 0.44847542033359533
0 0.49760070311117777 0.4469312765278709
0 0.3762167414909677 0.4059009296048437
0 0.41447165646130524 0.3136829467289247
0 0.40815978865080244 0.42346923617140114
0 0.3423095315317564 0.30896551251270027
0 0.387053663406191 0.331178515902052
0 0.3167872781617732 0.33661730928635963
0 0.48686468884160244 0.46487606618186617
0 0.45908060745347906 0.276302088692802
0 0.34906822612768484 0.4152070702465686
0 0.3896545847005482 0.43411380971736613
0 0.35157490116131457 0.38480216165737186
0 0.23860231551188457 0.3357182196733649
0 0.3108432462698297 0.38314656777172607
0 0.22020885423768924 0.3437655051266454
0 0.3645809879408607 0.3544552189033934
0 0.4805725995875612 0.24847593740919166
0 0.4860128128453146 0.30477846863713837
0 0.46565940353689317 0.3089042739370398
0 0.5008734374106685 0.29339499285495435
0 0.45154945948455905 0.16017147396665735
0 0.39922563788257065 0.1451412660654188
0 0.3516458839743952 0.14081375970817828
0 0.3126110832525205 0.14339645314753974
0 0.2860629560449455 0.15186714571000276
0 0.27105006537859955 0.18629610980391362
0 0.18572921749157242 0.22838887377848688
0 0.29411922263193735 0.21561693049269073
0 0.32720451226717306 0.22278368660422265
0 0.3695045737903329 0.22368003419144156
0 0.40944675176958495 0.2203801535909569
0 0.4406139326246479 0.21551525440787364
0 0.46255283378347567 0.2102150954880607
0 0.1821766227860994 0.22264755829231878
0 0.4653837373362312 0.3135781010981839
0 0.5037100360363345 0.2550355559424856
0 0.5102899012309087 0.30650674094791797
0 0.5259763730477683 0.3147343219669971
0 0.5091809451202803 0.3089170405731789
0 0.4737176644273951 0.31874177789631547
0 0.5328969351852997 0.3165124224881119
0 0.5346575145479999 0.32006770952174957
0 0.4617570244436023 0.19554241236701414
0 0.48001446188250674 0.20011242584260192
0 0.4914327952303464 0.2033731072681513
0 0.3107013217633284 0.17788639045977792
0 0.2896072034594379 0.1681189703206009
0 0.5856988139544861 0.24742695038711757
0 0.7748291835754733 0.18589154306538447
0 0.5863281092311763 0.31713250360737777
0 0.8616865292380128 0.11043840897747913
0 0.6884622309781327 0.20674282107347555
0 0.7180903029592731 0.20765856923016224
0 0.7466217136081261 0.2062504947680454
0 0.7843264680874499 0.19209713069003956
0 0.6639315576492986 0.20295369526104004
0 0.7341460910024522 0.14893437223785147
0 0.6979571716694892 0.15241434201509785
0 0.7671570362924021 0.15133040153541882
0 0.7873793150050731 0.1584066560542739
0 0.8043470959874648 0.20500476002551765
0 0.6576801357390005 0.4484289238319985
0 0.7847349096702624 0.17876817287782193
0 0.8747850324534163 0.18987143131620376
0 0.833584284480614 0.18914249472205183
0 0.7076856720296643 0.286833207236773
0 0.5856074460699588 0.3552891485490267
0 0.5811099832571005 0.3709257126985778
0 0.6225296522997603 0.3614730358406601
0 0.6449633052077475 0.36868910418993495
0 0.6087160781968998 0.372611734225091
0 0.6289048443866682 0.37558886659809987
0 0.6848344489743438 0.39871390314147426
0 0.5867756967303119 0.30911142956178245
0 0.5923495900027359 0.291758475213147
0 0.8220415024817744 0.14289957154122396
0 0.6463932002647014 0.24061600897518623
0 0.654108399831796 0.30198749917540546
0 0.6564751652222646 0.29149948645599655
0 0.7948625174504292 0.2822044318539675
0 0.5896284142626992 0.26810405079014643
0 0.7594068027749846 0.12611589712463098
0 0.797910676726812 0.1307877635899246
0 0.8414772854575628 0.08018583023958217
0 0.6276943227158317 0.14604853752951888
0 0.6677206109596204 0.1623000083303395
0 0.7074184764789629 0.3826779467213903
0 0.8294523754451848 0.3485783205620617
0 0.6291168573536451 0.3123827842489539
0 0.6047537055196641 0.3178108454033432
0 0.6673795644995533 0.3819541993373088
0 0.65867847996422 0.3817744344861765
0 0.8100414287440384 0.11840033782193103
0 0.6532762201526497 0.30953278752267005
0 0.7051059068003788 0.12943830361428493
0 0.7097446156453483 0.1144623318035266
0 0.7357957706421236 0.041878565527224736
0 0.8293094846266734 0.09908151315483193
0 0.7208854118479958 0.07798774277046765
0 0.8347968210147906 0.13380074868705633
0 0.8526869982103759 0.12337596472330647
0 0.5843685929533802 0.36371276966900445
0 0.6159078244921528 0.36758819558300865
0 0.6375130396100539 0.37229132998739134
0 0.6211592985104911 0.31561406997882036
0 0.6629441101339799 0.38190065612430957
0 0.6516178231450576 0.3872804222440663
0 0.6539963898779471 0.38174474394901226
0 0.6176895393600946 0.3073210341508985
0 0.6214361983009532 0.3775001470163058
0 0.6021434706223162 0.3755494462920536
0 0.5775215527679347 0.37498338013215704
0 0.590127894772759 0.4295910888153746
0 0.5899984089634086 0.4170658688811079
0 0.587028623758992 0.40611221301032413
0 0.5829338868962058 0.3952343903685238
0 0.5786126629461216 0.38753124389218546
0 0.6221642630009712 0.3844724404288639
0 0.6294199503675292 0.3880357766349403
0 0.6382218191895304 0.39335748846703433
0 0.6455960134162179 0.39924612149932065
0 0.6780171794227406 0.3543274935737058
0 0.8626482358461693 0.2608944689534596
0 0.6358802190309838 0.3831533196416472
0 0.6435977212990387 0.3849223980134351
0 0.5954582774186437 0.3247530060165152
0 0.6409831688373904 0.3197648778363338
0 0.5999126057081585 0.32142265354894095
0 0.6777902811388427 0.25074714556566197
0 0.7273472019388706 0.26279071245612057
0 0.6598637541638145 0.2991179249747651
0 0.8034527845020536 0.05689463577943623
0 0.7884892579875414 0.08319800452264037
0 0.7681475266625609 0.11125892333571455
0 0.6597426978847648 0.4102330060050439
0 0.6371967883049687 0.12124431978199689
0 0.6450310704074328 0.07843783303370538
0 0.6555744801895528 0.03469357347007607
0 0.7709252419351023 0.2011743121794817
0 0.832428863154182 0.21739911456832117
0 0.6479056635989419 0.19886235693029944
0 0.8114377701584297 0.1662277243810475
0 0.6255797853198233 0.2292421745094399
0 0.6385164004337939 0.29598576495090273
0 0.8614292846450323 0.22972129191650897
0 0.8156800032416477 0.23363189241922905
0 0.7803285680239713 0.24322293838430836
0 0.7242154463937011 0.24133385952964231
0 0.6823749176309079 0.23399652287911973
0 0.6517319302015667 0.22615093848317827
0 0.5856405885159215 0.20684286078807157
0 0.856806941424744 0.2687676505120482
0 0.8302065511293049 0.16348922196090718
0 0.5750229577474957 0.3175262349214701
0 0.6441696546500242 0.26008504063492005
0 0.8713491970225226 0.1830457478302088
0 0.6289965412284755 0.21702049388014408
0 0.6606696994998787 0.2991201952541709
0 0.7958246763748459 0.1793306272295729
0 0.6396029052100604 0.2832227848461373
0 0.8510580839990061 0.3034301880274238
0 0.64725482162041 0.19166645573834365
0 0.6157457307924198 0.2735717976079151
0 0.7749241288704208 0.4012079377474168
0 0.7666636003723627 0.4143010813429121
0 0.8731947707224496 0.26528303698147176
0 0.8107673552217363 0.37527533216691383
0 0.8645606701132618 0.15420924850064524
0 0.6603731445119351 0.461933135420685
0 0.5700985495048233 0.3209626123857102
0 0.6705684763721272 0.27304954489213573
0 0.853982431979119 0.19043867684202545
0 0.7460754800446426 0.19499400721184582
0 0.7200730518449711 0.19706789270697397
0 0.658991935132425 0.3899742119535715
0 0.8463659195960322 0.3035812648024282
0 0.6055964118317713 0.48450366359022873
0 0.6882170344455333 0.4561035886212459
0 0.7238777717457542 0.43886733253089844
0 0.6946361834489847 0.19629502473211233
0 0.670890977865533 0.19407967429426923
0 0.6551923963088023 0.1931239456327219
0 0.8458758554881132 0.15841648901767436
0 0.6725570231298857 0.17563041086581538
0 0.6984094879295253 0.1682562337722077
0 0.7268024486831471 0.16600926158549806
0 0.7541698439966275 0.168090975121954
0 0.7701832787900031 0.17234475636680213
0 0.8707862277574177 0.14307141989858407
0 0.7633840607691414 0.19081474715138952
0 0.6521282826043382 0.3452693146177317
0 0.6299468165711511 0.3096412597036305
0 0.5982093060318427 0.34098361678253575
0 0.7359118514423129 0.42479510882853894
0 0.6995351797417749 0.44303836651402717
0 0.6107490753071217 0.4767927038146366
0 0.8004117389268512 0.3859566724455936
0 0.6552021416682231 0.1854482488982901
0 0.6070654528050483 0.2368131435497234
0 0.6503517899332167 0.4722477223808089
0 0.8606387591814693 0.30395055375772295
0 0.6029136418541775 0.3859148049552528
0 0.6096419695811935 0.3917756639200032
0 0.6167007760156559 0.4001360120580997
0 0.6223648447024671 0.4097565126871582
0 0.6287678336795373 0.42118905009182606
0 0.6445803166944769 0.37865645633756334
0 0.6527582357955884 0.3771620228055816
0 0.6598585730866541 0.3752719709740273
0 0.6971184128447424 0.36745908449835907
0 0.8108802286884452 0.3176008003320841
0 0.6052926609033271 0.21678324968223753
0 0.6254685977591744 0.17796679373172114
0 0.6434829563279695 0.17926866629228333
0 0.6366374375699442 0.379639575772721
0 0.8050123709666578 0.35609866532001067
0 0.5993459356736534 0.17892149044808403
0 0.6448125605341755 0.43434776643275647
0 0.5861177410505995 0.22836875084738997
0 0.6290064510665362 0.26593985534930425
0 0.5995190083226071 0.44567389554683284
0 0.7113203210166738 0.40246800178593445
0 0.6851671481434303 0.31227148158977325
0 0.6810247535947003 0.42019366525104745
0 0.7525535946405386 0.30709170644676415
0 0.7108268850966345 0.32935645451607937
0 0.7725153391874289 0.33397184409563513
0 0.6085823159429091 0.4633644728756743
0 0.6453883180135414 0.2755288374240147
0 0.732561997220486 0.4108564188330482
0 0.6956546351879458 0.43024902758083594
0 0.7363145773923849 0.38142551907723765
0 0.8332774495776696 0.3323771349758723
0 0.7696395946454399 0.37900047737791304
0 0.8421391063853155 0.3402260805647003
0 0.7292795792410646 0.35195758723137927
0 0.625175003386751 0.24806616671851803
0 0.627811801584461 0.304357405517732
0 0.6437634335288519 0.30821446280745285
0 0.6173037547099439 0.2930225196116618
0 0.6501528118984609 0.15885353254536574
0 0.7004058474226843 0.1446487186288777
0 0.7452590080756175 0.1411260410630689
0 0.7804408246957804 0.14410118325607915
0 0.8028086039084422 0.15200196197731497
0 0.8118903742560858 0.18440669188154407
0 0.8781151492384416 0.22735191628884874
0 0.7904842605319204 0.2145883759852689
0 0.7605829484100584 0.22214852434318968
0 0.7214387179929999 0.22292855696604627
0 0.6842135009886343 0.2190894850066831
0 0.6558630579634558 0.21368927163020007
0 0.6362916623489766 0.20830916644273986
0 0.86704923193666 0.22132423601399395
0 0.6417298196237299 0.31267317362385993
0 0.6089263230184966 0.25473605596580823
0 0.6077751370170449 0.3061702678494889
0 0.589613816783398 0.3144342323073572
0 0.6062594252296641 0.3086247642127927
0 0.6324119401883476 0.3177703931521125
0 0.5843347925928575 0.3162692372343577
0 0.5795094827307931 0.3197307057086542
0 0.6373179268233383 0.19304329174551957
0 0.6208734346341483 0.19838303313419348
0 0.6114824444432801 0.20283080533164535
0 0.7786249805100357 0.17574993960232355
0 0.7981939089449146 0.1669780222405177
0 0.37009673801404014 0.18193538955380767
0 0.40652836614017246 0.1824791214714978
0 0.37097671929794024 0.16451488702181255
0 0.3336964225090003 0.18133087606475304
0 0.3690521958508069 0.19930834889694748
0 0.7078091954883141 0.1802428815147065
0 0.7446789741516113 0.17982591669188983
0 0.7069483965258055 0.16220577699292454
0 0.670740808867201 0.18054425373479
0 0.7089982938162888 0.19834125409629705
