0 0.3157535884529352 0.6071244714700658
0 0.2505889547907788 0.5561929742927136
0 0.27947657344781834 0.5680928928696591
0 0.21744508506811183 0.49336267975361453
0 0.23955712143493735 0.5374430244383605
0 0.23398109962758812 0.5100973442196846
0 0.22666770527544228 0.4392437986057738
0 0.11167736448671507 0.4616963967680931
0 0.2060958019093327 0.379945101103057
0 0.19201504358130952 0.3533476011908573
0 0.1572809126228094 0.2595678429240766
0 0.31890414541830187 0.6123458717180335
0 0.32325831978865294 0.6173304647207261
0 0.32741487155789917 0.6201211033955865
0 0.33518863080636313 0.635333883114483
0 0.3375409491684126 0.6434158990564554
0 0.3417072166567263 0.6532821311250977
0 0.3472533948395563 0.6622445318361987
0 0.3512403219938278 0.6718020010253657
0 0.26150668938846694 0.5639313377763914
0 0.2523603845873605 0.5666017755866051
0 0.0503952052930127 0.389768397224986
0 0.17294529833547448 0.4652932221474855
0 0.1553756740430127 0.4731667250394821
0 0.13779565497584964 0.477223446511704
0 0.11211182079885317 0.466384494304657
0 0.1851668893966986 0.4561877181024655
0 0.10964091146445792 0.4142290423421756
0 0.1338274105573478 0.4111456181044164
0 0.09242688597220441 0.42236317830241243
0 0.08670283003669718 0.4329330058849376
0 0.10844915141553982 0.48074238041172856
0 0.30389508321557357 0.7028604534657105
0 0.10391943245802236 0.45437238825404125
0 0.08580511848887672 0.4699391751833584
0 0.09036969563559345 0.4630618060412614
0 0.185798863839844 0.5525904109296591
0 0.2950704940797194 0.6095449442448824
0 0.3072894037417743 0.6211832239576008
0 0.2834247073725514 0.6191742701374966
0 0.2793549180192792 0.6281243374814158
0 0.2972348533246828 0.6258570754657621
0 0.29175210590271844 0.6309178121711897
0 0.2697382888392262 0.6623939502498378
0 0.23589283276511275 0.5599593340054803
0 0.22273851526172264 0.5427498349029085
0 0.05608301010468732 0.415743457817513
0 0.20048074310888414 0.4933875113725662
0 0.2135679559863132 0.5606245114103607
0 0.2099634242122588 0.5494923284520273
0 0.1397138652594193 0.5618152089740919
0 0.21822568563663441 0.5167838099858035
0 0.07114260101123997 0.3939604229901148
0 0.05608966136756151 0.40215792409751727
0 0.03762935984717763 0.35736224411622336
0 0.15530379861593246 0.39276688941147014
0 0.15811228565871716 0.41505466893963194
0 0.2496967279230771 0.6506795598113019
0 0.20911355996909348 0.6185002219417821
0 0.2343427751051343 0.5674369819786238
0 0.24996530313206755 0.5687358108551606
0 0.28173777647316456 0.6430416769955469
0 0.2861280104388361 0.641329086733901
0 0.04402582015356292 0.38843472823500635
0 0.2224177920623966 0.5672946536022684
0 0.10109248903134595 0.39007714361600254
0 0.08878650354302448 0.3745789981406668
0 0.061283653440034905 0.30222015516913453
0 0.041667129115565964 0.37657238685566446
0 0.07890960452673228 0.3380158902186414
0 0.04680569980131543 0.4051129197296889
0 0.04814699138312236 0.4036433363738267
0 0.3006133640427952 0.6163997901522595
0 0.2901273695347102 0.6231887481782747
0 0.2849906618990328 0.6299344075114831
0 0.24160924497181954 0.5689405315596124
0 0.28393274545669556 0.6422102959259697
0 0.28924996000917064 0.6464012004759001
0 0.2882980284807475 0.6405137324462766
0 0.2292123879103557 0.5625449222067128
0 0.297645037750835 0.6308991142589113
0 0.3032823486820511 0.6268218481670256
0 0.313130466186482 0.6233222057637962
0 0.32840301938678906 0.6764666519735171
0 0.3255756058446739 0.665771709965623
0 0.32139032479861507 0.6564445845458818
0 0.31955400165980274 0.6461373191812764
0 0.3201090164644563 0.63812003692855
0 0.3017945900235487 0.6399564555157786
0 0.29847268468659854 0.6446024745054867
0 0.29555392945590225 0.6507514824685843
0 0.29430843695350317 0.6570602965743645
0 0.23819180173070534 0.617059790181077
0 0.1513609230194403 0.5347370375109756
0 0.27025379653534165 0.5660410690566767
0 0.2964242350148118 0.6400364575178726
0 0.2925409073738948 0.6430749177284862
0 0.2588706824766553 0.5735842751420063
0 0.23759346665895503 0.5749960829382358
0 0.25445821379189903 0.5713006895521413
0 0.18835225231621577 0.5094235928162284
0 0.16504024629197692 0.5308446729960649
0 0.21541133085670677 0.5571531961793484
0 0.039385049482402595 0.32823653583941254
0 0.050597494225139206 0.3544998311802097
0 0.057690404436510544 0.3785409604401692
0 0.2850267214943533 0.6691721578007159
0 0.1336192016530296 0.36955202979886015
0 0.1201497326888468 0.3248941768446694
0 0.09920723906353764 0.28076382266438527
0 0.12264794354205547 0.4752002136862796
0 0.10208913376149924 0.49675013468317364
0 0.19187662070212158 0.44887846675903903
0 0.08131309582487396 0.4406468840072984
0 0.20532171331022098 0.47820638949456423
0 0.21177221948037978 0.553384857851526
0 0.09486725521476372 0.5133708309220231
0 0.11343556140428004 0.5141735220732896
0 0.13359729775592036 0.5205646465653958
0 0.16399215874464615 0.508483223033988
0 0.18440112358202104 0.4928115695067074
0 0.19702539463406024 0.47970730092214503
0 0.21162799851078054 0.4485074269706788
0 0.11278027271770913 0.5540251047067021
0 0.0715011946209099 0.43713907981696337
0 0.2521393955077814 0.5660664612832277
0 0.20807791306920673 0.5138783786607826
0 0.1031740383123574 0.4591177666964738
0 0.2043345579472573 0.46755454831797144
0 0.21922196472144645 0.5567860311788061
0 0.09896425902843475 0.4539625346336676
0 0.20906118562687998 0.5391856896488563
0 0.17812278413254282 0.5754772491429163
0 0.18983102654633316 0.4410364238464314
0 0.21055660542586577 0.5261307875099389
0 0.23449359510255896 0.6719168266524439
0 0.257314948608046 0.6800230476519336
0 0.12263023586052915 0.5470622593941896
0 0.2079279288325621 0.6498738347836163
0 0.06533019819661327 0.4347617078734481
0 0.3118285424197498 0.715211760090745
0 0.2625649540644625 0.5676646875946418
0 0.20135164066501285 0.5315569414392761
0 0.08703494047665078 0.4646843363409457
0 0.1317134581344283 0.4677880248945692
0 0.14878611817308093 0.4640711305582005
0 0.28690509384740953 0.6498907519423444
0 0.1387764202511829 0.5869055318443671
0 0.35577324470100197 0.7295102877461392
0 0.3055860013903483 0.7115413302312726
0 0.2845833678122448 0.6989760363879411
0 0.1738914404793278 0.30870646753388903
0 0.39504825550576916 0.7259052511142647
0 0.16438132726951785 0.4567464625057967
0 0.1777107888913673 0.44848607441653376
0 0.18618683095859445 0.44376389523563176
0 0.06513555299328722 0.43093996342757473
0 0.16653165269805037 0.4307159017609513
0 0.1465923505956712 0.4292553211035936
0 0.12720526001699592 0.4329659828025362
0 0.11213522210069325 0.4398053955124772
0 0.10599816104640132 0.4464266164471274
0 0.0716517360314079 0.4220774497998797
0 0.11984394871346328 0.4660588802202888
0 0.28900889525918855 0.5821795768064001
0 0.24417045129382092 0.6033916492824969
0 0.22979245812672636 0.5655652451126472
0 0.26676844773085223 0.5902663084475891
0 0.22022019391474518 0.4083559687370839
0 0.262548116967082 0.6893841063198836
0 0.2872048882038697 0.7014235832121061
0 0.3427800200879574 0.7242028507201568
0 0.2353944929883532 0.6541330345298932
0 0.181830863184903 0.4366143840810527
0 0.2099376200981762 0.48454867517170697
0 0.382784232173277 0.7197984865826109
0 0.3277379627461019 0.7230580900026404
0 0.14967501940934555 0.5837503333454547
0 0.3093185786805723 0.6393919236634089
0 0.30684227172447287 0.6460807307906773
0 0.3059476420445287 0.6546775164163631
0 0.30752571510232013 0.6637257890208907
0 0.30481238290667534 0.6746654527342838
0 0.2886939875619567 0.6360690375385077
0 0.28327942429029423 0.6363994662528453
0 0.2788164443133966 0.6359454400513483
0 0.24061770186476086 0.6339287366556084
0 0.15643494859661744 0.5983326933306197
0 0.20797884059341057 0.46195196787948195
0 0.18821771224231823 0.423952006192311
0 0.18260023321794427 0.42782583767953125
0 0.29371191269677616 0.6352704355250234
0 0.18926641790439253 0.6338792053253754
0 0.19686416245025137 0.4220982747233432
0 0.30411276407539845 0.6883431569389675
0 0.23194180850101553 0.4862871852905854
0 0.2145093360348888 0.4725861004513243
0 0.22967778478303683 0.46401675162108047
0 0.2112124338746071 0.5185756108035212
0 0.371391419807206 0.7064671719203824
0 0.36098947149256 0.6881173310072526
0 0.3315674186400745 0.6929175830405692
0 0.25525256958992587 0.6688097414763078
0 0.21220329792603201 0.5749039124535478
0 0.27959309242989705 0.6805608682010484
0 0.17244350233965594 0.5806627375276192
0 0.2068043703456288 0.5969750666100045
0 0.18108579986121343 0.61036560781624
0 0.3344533702601557 0.7114188209823941
0 0.2121762053474136 0.5305533878829168
0 0.25053926184773445 0.6780381999585939
0 0.27841090880658315 0.690301491190558
0 0.2305177417786225 0.6529296078759691
0 0.16456189512720573 0.613042673986891
0 0.21489761656393175 0.6533073584670606
0 0.17760913948649945 0.6175616988669271
0 0.21339324715992677 0.622995767256488
0 0.20917108816945035 0.4987205714635227
0 0.22085662574871726 0.5609877521577089
0 0.22155714998750584 0.5658540239800578
0 0.21445717063287031 0.5478064494936362
0 0.1597053153521341 0.4085994043427965
0 0.1209631542796674 0.40380469243163647
0 0.09311520462126835 0.4082722898086776
0 0.07655112242893032 0.41644418433956476
0 0.07232572486543137 0.42700230511634246
0 0.09547800481643366 0.45826161996178005
0 0.10169514220045961 0.5090193947372229
0 0.1185408061289269 0.49069890328075577
0 0.13689778672288294 0.49468815397957094
0 0.15940834168830645 0.48835338703964065
0 0.1791371191325395 0.47690211942662364
0 0.19228576042729875 0.46608179917801984
0 0.1999877313070971 0.45776538330575695
0 0.12951142000763313 0.4957125489478526
0 0.228497464209795 0.5693538642447927
0 0.21104176455865736 0.5044830899523652
0 0.22598001344696336 0.5604561972229377
0 0.24502127317954664 0.5650173006498296
0 0.23256734062148177 0.5623299456808878
0 0.2386723293558411 0.5722905247107796
0 0.24714650837299618 0.566307456597038
0 0.2571069486439228 0.5681058198213578
0 0.1947940526449162 0.44104918591354203
0 0.20295055550725563 0.44510485212440076
0 0.2061190116826607 0.45018834290297133
0 0.10406156402567159 0.45086555688277535
0 0.08829909830313662 0.44229083281496295
0 0.2532791468598273 0.48322550932998243
0 0.42135316441240517 0.373833175683799
0 0.2900984487293855 0.5562833970007689
0 0.5018104965920034 0.25120982667026315
0 0.358156590682009 0.4128056101824926
0 0.3841500742279965 0.40753194152013117
0 0.40815939203552576 0.3991507589817047
0 0.4359031327716682 0.3766375987102156
0 0.3342121836283933 0.4137326078246469
0 0.361943109365909 0.33746636286377907
0 0.33379242277663684 0.34904381665198697
0 0.3917820327307867 0.3334007211353468
0 0.4149014046010764 0.33743048397743186
0 0.46392378891291824 0.38182653318280757
0 0.4522075719483521 0.670757655021937
0 0.42803535043545393 0.36421275355893634
0 0.5508085045477619 0.3363652141197868
0 0.4868644472697507 0.35622071513663167
0 0.39437442337689194 0.4946475593940071
0 0.33885751616047777 0.5978574629711069
0 0.3459575129267962 0.6109913118507551
0 0.3707248309384222 0.597496992284837
0 0.3946275892465011 0.5989606068186138
0 0.3694283570284429 0.6073697867600815
0 0.3899439510119998 0.6056975932224937
0 0.4429732859134674 0.617129701246386
0 0.269022633847983 0.5507968623353088
0 0.2621521578858728 0.5316052856004756
0 0.4383266649168471 0.30819573752258134
0 0.3276415020227432 0.4570472779481307
0 0.3374324743838414 0.5268561807663544
0 0.33848838848264323 0.5140114735002103
0 0.4741769021619921 0.46980710262837616
0 0.2562358421475991 0.5059402080333751
0 0.3618080643532069 0.3038162544693636
0 0.4030364918644014 0.3003108905709308
0 0.4479708219675914 0.22823198865289274
0 0.25824252119206864 0.3579370317899663
0 0.31407015730181465 0.36694752933538477
0 0.4508084735792616 0.5967975848394892
0 0.6239001725030981 0.5149001354756563
0 0.3263047026551288 0.5428182620069255
0 0.31101414577468584 0.5522942122557889
0 0.4283105943190015 0.6041974402640177
0 0.4227047637104988 0.6053997127258259
0 0.4105255004504453 0.2823315947923971
0 0.3466641138429227 0.5335847580562467
0 0.3141704137720492 0.3206604517672373
0 0.308849455707747 0.3029822517348372
0 0.3044319724583108 0.22197959805312364
0 0.4252735092912031 0.25829190002835317
0 0.2991770569073117 0.26712938417559084
0 0.4504933917652006 0.29333040260750315
0 0.4752648537573607 0.27477918814705765
0 0.3427933922604374 0.6050619301588639
0 0.3701321720753027 0.6028071993718976
0 0.39232806310705515 0.6024397046021793
0 0.3238504563012849 0.5470688547777093
0 0.4254147876863894 0.6048785784970159
0 0.41703224635642505 0.6131146296210911
0 0.42002124031600746 0.605955505695032
0 0.30532411226759787 0.5417640559051348
0 0.3879145148979581 0.607580937963465
0 0.3686036004320435 0.6098601376232894
0 0.3480872055110724 0.614136122620624
0 0.37953918200472125 0.6642031958569651
0 0.37322117874155875 0.653787799179554
0 0.36649852796741156 0.645062139759893
0 0.3601982846208241 0.6357477434303449
0 0.35572578045337094 0.6290803712995156
0 0.392993816215059 0.6168258849045505
0 0.3983248904671358 0.6188658040502797
0 0.40553586930036545 0.6224415571793266
0 0.4122227564778017 0.626498476513054
0 0.3981955913097962 0.5740349376979081
0 0.6148720756173134 0.4091144708187684
0 0.4064580616743668 0.6117396570418192
0 0.41127869503005693 0.6122532065795816
0 0.30750774624555005 0.5608212187238362
0 0.3478365817471691 0.54555171870667
0 0.30909663195843284 0.5567429303475048
0 0.3589215903826382 0.46091279925211615
0 0.4037874577485997 0.46368342093799425
0 0.3497317041391912 0.5203570568691129
0 0.3838113125251687 0.2170897807116094
0 0.368146857165772 0.2542576688139335
0 0.36237004383102706 0.28487779206555824
0 0.42725112823688466 0.6337580481301184
0 0.25035156390589214 0.32780158678474636
0 0.2375927005449067 0.286860331374666
0 0.23139755411640459 0.2366723482699498
0 0.4274971901398638 0.3886939103188722
0 0.49982653979374014 0.3868551173935766
0 0.31743451232171577 0.41282795204416567
0 0.4449854148146899 0.3396468955861486
0 0.3032780828197365 0.4498918309483839
0 0.31447459587260435 0.525059928064761
0 0.5327002150209054 0.39055305000232615
0 0.4878694844310698 0.4077662919850453
0 0.4565603882074356 0.4262878107311933
0 0.40468259236734844 0.43866742803998615
0 0.364264365285635 0.44137747112823567
0 0.3324769004855467 0.4403196705424267
0 0.2518967985297027 0.43665052678274074
0 0.5445338911984278 0.43600454194390253
0 0.4638076181644979 0.32955614017403645
0 0.2725453481240117 0.5603886934726134
0 0.3289315336100433 0.4798431328457335
0 0.5775342886538609 0.3218358150642851
0 0.306181951061539 0.4361343555800293
0 0.35768159997204074 0.5187254908940067
0 0.43976288499391597 0.3605553495819154
0 0.31457236247218173 0.5098328363636265
0 0.6251114684602489 0.459040864524634
0 0.3141107091113277 0.4054002805896427
0 0.28416134344170924 0.505573273871256
0 0.5578502069996751 0.5963544080438821
0 0.5777823703120584 0.6070787984391918
0 0.5888121490893157 0.4203875806344592
0 0.5843744334643302 0.5579414434407068
0 0.514358574119599 0.3020193916947945
0 0.46789051851500635 0.6834411381379418
0 0.27859312206830666 0.5629133073532063
0 0.3587312806883584 0.4874179967719576
0 0.51389712969894 0.3517703646874946
0 0.399601723998785 0.38934447894925656
0 0.3787281806378261 0.3968935054605422
0 0.4226740146784679 0.6142595882001131
0 0.5570223859470823 0.47576685606137564
0 0.43929036674292193 0.7131184513154237
0 0.5094369530029919 0.6702346411088239
0 0.5412634896195453 0.6444432289704033
0 0.35719271473910497 0.4009715135330739
0 0.33584149926900864 0.4032261289008286
0 0.32173486718017125 0.4053139799962873
0 0.4820340285482614 0.317912105989197
0 0.32929721377466037 0.38201684297426886
0 0.34767155381648435 0.3685638434861017
0 0.36922136694192886 0.3610974736187769
0 0.3930193069188491 0.35826256343204044
0 0.40952843783990195 0.35995693394671313
0 0.5427486713489761 0.2810583230269992
0 0.41280528174146364 0.3813608001755632
0 0.3686382845044136 0.5698715029203374
0 0.32222890627125034 0.5405714786571005
0 0.3185988141466742 0.5762798083865124
0 0.5295277367467466 0.6302897667755252
0 0.5006938853665538 0.656821708575539
0 0.4285632030147573 0.7067411111748737
0 0.6060619033549143 0.5653092453013295
0 0.31820292471219663 0.3969329458539901
0 0.27833469787045667 0.4649729503237683
0 0.475666645752347 0.6939232471196548
0 0.5998140691739061 0.4654805310394453
0 0.3752401678458504 0.6227035587896471
0 0.3809528017173643 0.627067427272382
0 0.38815483094557474 0.6337006353165793
0 0.3952341774559539 0.641209974107535
0 0.4062645830537962 0.6498984025872272
0 0.40808755143181136 0.6048498556017876
0 0.4114785811499409 0.6028029123726099
0 0.41436404524290044 0.6005486102855724
0 0.42621607333421707 0.5837775722793911
0 0.5163133141139279 0.5028477975855703
0 0.27674450628135516 0.441928235117508
0 0.28377706759973714 0.3945322592297326
0 0.302602857756226 0.3920635247360105
0 0.40488641352757165 0.6063064460521159
0 0.54749572293266 0.5430416806236558
0 0.25574887219978415 0.4020468248621277
0 0.43154070526361465 0.6594886838094048
0 0.25329053410045477 0.4613810385050981
0 0.30769055150449276 0.4917596717891486
0 0.39739263414040854 0.6781334372966186
0 0.47315748295058374 0.615128859748011
0 0.3862446996828784 0.5270759719221488
0 0.45716478254484094 0.638835372225098
0 0.4429601575045482 0.5072917670011521
0 0.41664347830026044 0.5402745215141255
0 0.48139202497575595 0.5311131380822347
0 0.4144999608397484 0.6942291739842166
0 0.3309208183832791 0.49743902249180755
0 0.5055038627722989 0.6184141521868498
0 0.4805973209440708 0.6453775309998057
0 0.4800555041950682 0.5887529647220736
0 0.5664633486581885 0.5090443912407626
0 0.5193093772167745 0.57760732718136
0 0.6017963196272436 0.5099036707826282
0 0.4485096439071324 0.5604846563028253
0 0.30367506919023785 0.4719746754221294
0 0.30967510029997514 0.5369620560951854
0 0.3316942105150741 0.5361300814410914
0 0.28818669818017795 0.5275132788264233
0 0.29254834216250025 0.3673939708458341
0 0.3262643423741278 0.33976622256247896
0 0.36192420027826144 0.3257046010831128
0 0.3957947988225066 0.32136055172785466
0 0.4238871562740077 0.32556202537987544
0 0.4598833034219949 0.3592145246008168
0 0.5733590019137963 0.37711195518141205
0 0.45367934668193693 0.3957197580324567
0 0.4293394506625507 0.41029586889173675
0 0.3947142297806947 0.42102233683285506
0 0.3602529921285484 0.42583419674116635
0 0.33220782033775165 0.4264410709557326
0 0.3113178751714852 0.4251029171049595
0 0.5986460586604865 0.3641593144639679
0 0.3371334461414296 0.5400879381143529
0 0.2794396606800349 0.485272221720737
0 0.288076499638998 0.5438014028512913
0 0.2864450249497009 0.554194078432477
0 0.2942177046738241 0.5459116617622582
0 0.3361408757450788 0.5462621074655781
0 0.2805274555702572 0.5572801243351854
0 0.2857156669640023 0.5601861492447231
0 0.30456196808296704 0.40883901462606764
0 0.2915106755073952 0.41794799773589425
0 0.28207641629421193 0.4250906002262364
0 0.4196982535979022 0.36213593324241433
0 0.43200072192627453 0.34561055678388347
0 0.1507421292202628 0.4396312773875568
0 0.1757571458330621 0.4309517196986986
0 0.14216480339350906 0.4209482376990111
0 0.12589429958682993 0.44819873004503874
0 0.15911347483811172 0.458143496642942
0 0.37473007518312207 0.3765684131370938
0 0.40041077525719354 0.3692733583566935
0 0.3655952446810577 0.35777473589000497
0 0.34933708575756656 0.3836016147033028
0 0.3840109897048577 0.39517634789580885
