0 0.2978610785678029 0.49164358535781505
0 0.3301414500921965 0.4070062880404294
0 0.32368024000898005 0.4274064186960459
0 0.35873811300843955 0.32555272253230216
0 0.34212896768003703 0.386137742176652
0 0.3611167993396521 0.35872460445389154
0 0.41249237656593324 0.2889377727173269
0 0.2696695502847433 0.17342053968459367
0 0.4593311332166195 0.2210636293515563
0 0.47813377138227225 0.19057443514466285
0 0.532408676855266 0.10069469278678297
0 0.29330062195658685 0.4993996411561966
0 0.2877544777467847 0.5088163377717138
0 0.28362674387171866 0.5164181903004647
0 0.27738011004403235 0.5315076942555607
0 0.27324970327317716 0.539310744125396
0 0.2682259574532509 0.5487153638154268
0 0.2637611809652299 0.5580557003617287
0 0.259658772777766 0.5466255048289895
0 0.3259213867597282 0.4178178483620286
0 0.3087553817778826 0.4046267523430288
0 0.26979467999190093 0.04149347692728043
0 0.3145602623000741 0.2358576511964202
0 0.293272021971643 0.22333235396072268
0 0.2749008464626968 0.20804512742906808
0 0.25899060610681773 0.17426853054203092
0 0.33450596434995533 0.243688880559057
0 0.3358014214783907 0.14298942065797746
0 0.3566616357304156 0.16449439930729567
0 0.31058524623513223 0.13095957399345934
0 0.2884683318436146 0.13075594007968902
0 0.23811708465218545 0.17714701276272535
0 0.18006027983501555 0.5146001680754125
0 0.2681998394429684 0.1601795680820942
0 0.20607757922261954 0.1242771356832236
0 0.2316091466229409 0.14492456787265837
0 0.25002736509777607 0.31299454215914013
0 0.27465789932757617 0.4733445854857564
0 0.2668042632751167 0.49654707135632636
0 0.2446654884144664 0.46866789143532517
0 0.22399218594655396 0.47057299464941027
0 0.24727380513213576 0.489192308485508
0 0.23149536717683078 0.48632300049066546
0 0.18925305576995016 0.45076624359935524
0 0.31361762741580607 0.3948052032850683
0 0.32181557063013316 0.3724269146099687
0 0.28395638829097153 0.0923330957069993
0 0.3252221381291747 0.29040641160681846
0 0.27597489235922695 0.3571790546178818
0 0.2820430531166494 0.34431098457425835
0 0.19406669288873674 0.2660130349453539
0 0.34065085630863906 0.3473066553473473
0 0.3457396107725799 0.09925355538725852
0 0.31365640349686147 0.08810174358077347
0 0.3035351399332285 0.01633677501231432
0 0.4184529723599553 0.18292368166148662
0 0.36773149091750384 0.1912811259739101
0 0.1842428080737591 0.42316898573189976
0 0.12463656375184655 0.33114832229912283
0 0.28509949035942556 0.38051790380850437
0 0.29723365446552635 0.3973166105337441
0 0.20067936070263387 0.48270166022703054
0 0.2073011163622141 0.4860945982858539
0 0.3155642783269286 0.06719544143415987
0 0.27184414193034173 0.36582176862284543
0 0.38082192167639733 0.12719019604846835
0 0.3916436366736889 0.10705370255745947
0 0.40332615775987507 0.024327779980376364
0 0.3022144239395857 0.03997989916242659
0 0.39041803758591415 0.06544278291985392
0 0.28231293922290207 0.07462643724866211
0 0.2705386041663587 0.05857696603052318
0 0.26978471390902997 0.48493830682709815
0 0.24560672002844514 0.4785641479305923
0 0.2273716903757304 0.4779418260790408
0 0.2880264067091048 0.38738992866128685
0 0.20412523886188866 0.48456112537533047
0 0.20845074793323876 0.4910407560877502
0 0.2102585991844535 0.48742322959005835
0 0.2953771946951747 0.38050218261778357
0 0.2344806385692209 0.4918473675847054
0 0.248992773052305 0.4964130386710167
0 0.26572382152080537 0.5048330711200834
0 0.2332373983692378 0.5270387233234942
0 0.23705982072278858 0.5378556652925909
0 0.2432386393658817 0.5300240121781826
0 0.25117920180782677 0.5226500957272947
0 0.2583908560220152 0.5177314394153655
0 0.23023793199099601 0.4991410678252578
0 0.2229141116142273 0.4990179255604744
0 0.214324092771858 0.4993924797512591
0 0.2069090216420591 0.500742849521339
0 0.22280383557081224 0.4042455028742552
0 0.1672848116606474 0.2145991265773773
0 0.32500918470323087 0.42255929168313744
0 0.22073341049253942 0.4935453409329057
0 0.21490542851388456 0.4924807069823146
0 0.29865920525044204 0.40880045304074886
0 0.27240239530801774 0.3821409154683352
0 0.29802738996222616 0.4032113790512085
0 0.296899981610477 0.2868575117085129
0 0.25442370590753854 0.2761054249480367
0 0.2749414935708046 0.3514051824808121
0 0.34603236922994257 0.008189892955124378
0 0.34062473829835654 0.0392086073756218
0 0.3525723533704877 0.07765713110566139
0 0.1978697462938726 0.4743168415501714
0 0.4351848417893052 0.14794718925841152
0 0.4411048859357834 0.10421229861676692
0 0.4629000982269645 0.05545285609550774
0 0.2617311643436551 0.19061560262925922
0 0.2101190358400345 0.17701971773058175
0 0.34874129183590413 0.2468309575691819
0 0.26566314678639175 0.12902485053054988
0 0.3472702636383474 0.28729954836890104
0 0.2896369409747422 0.35751271676272156
0 0.18609334928914906 0.1756834588944912
0 0.2104297217912972 0.2011497538536787
0 0.22787298243492843 0.2274196304846555
0 0.2662991146091372 0.25268542729318144
0 0.29947056276723744 0.2657977478578687
0 0.32663134606555105 0.2723139907233417
0 0.3897694976069033 0.2796288361772895
0 0.16108476258814336 0.2224796806462109
0 0.2575422688852996 0.11530737006105482
0 0.3158152632415295 0.4098631377331913
0 0.3122589181177318 0.3136395771056414
0 0.21578891603276135 0.11991397556848823
0 0.34994283486157657 0.27325785541906955
0 0.2744082699529827 0.3506278734188527
0 0.26093525234609843 0.1543015801347792
0 0.2984470155090094 0.34253603671677413
0 0.14307828461751343 0.26858976352959874
0 0.35396693674847485 0.23950454369187354
0 0.32000873126089574 0.34185896613635125
0 0.12405381519347429 0.41263510994613173
0 0.12184489592909813 0.43279175283387306
0 0.1522523693740368 0.2123807436786592
0 0.11565107088536024 0.36797472424805167
0 0.23979309531860055 0.08880493845790624
0 0.16947605162858964 0.5271290672011674
0 0.31703897221013905 0.416212719026953
0 0.28527231216430665 0.3154606927186251
0 0.21611078996211291 0.13715069331228733
0 0.28336037071421744 0.19752652789466082
0 0.3003058236092329 0.21168638402596116
0 0.20208879774436356 0.48996718097478154
0 0.14252843176946045 0.2673131265677512
0 0.19357161531224848 0.5758407317101956
0 0.15307004638016225 0.5106050787493587
0 0.13766904994845391 0.47741065323352816
0 0.5023952264338731 0.14875869508832693
0 0.23162100282497705 0.6089473134838045
0 0.3186582697555423 0.22236259803175926
0 0.33643157575279475 0.23119333069771528
0 0.3478274860419333 0.2374714886303991
0 0.25032459110952915 0.1009423968847841
0 0.34842336997389795 0.2074410269036889
0 0.3371675576083362 0.18580987616442143
0 0.3210335958749056 0.17003222052007913
0 0.30107338381931187 0.15985213508829474
0 0.2855843918398023 0.15789611809886991
0 0.24208218236453832 0.0744050693232566
0 0.2740926582366228 0.18468886204063892
0 0.3150418035686016 0.4433664359152317
0 0.24623702703975142 0.40560027966275813
0 0.28615558966994287 0.3772200556471944
0 0.28609602227807046 0.42531668683514
0 0.4363545773550868 0.256172671308741
0 0.13760083382949234 0.45552586587145927
0 0.15317581668496133 0.4904888617806137
0 0.1937889981083572 0.5651154048740864
0 0.11738625755533576 0.3872340727597475
0 0.35293657360598446 0.22819579541683196
0 0.35301853604614736 0.3042917401529849
0 0.2337594053708017 0.597936971206218
0 0.16993157034739853 0.5431195097975433
0 0.13209812417626382 0.2628052764106542
0 0.24291208786889912 0.5068797921761871
0 0.2345884517300874 0.5088312962092459
0 0.2257730600424111 0.5124416189268232
0 0.21842887792736293 0.5180106918327511
0 0.21153450598940254 0.5002925708889961
0 0.21849132822826506 0.48575250348076227
0 0.2134057621471584 0.4804089936427772
0 0.2092860469594598 0.4749835725873709
0 0.20121949566528202 0.41064076460897925
0 0.1574191151186824 0.29939575456082823
0 0.36970947198569776 0.2822656315751374
0 0.38430963065475227 0.22977230031974613
0 0.3686835763975978 0.22480677706189453
0 0.22302158111706377 0.48965563867241146
0 0.13357449816539885 0.3473363815341145
0 0.4053749514743686 0.24099881956353783
0 0.1954614480957389 0.5063781548291445
0 0.37833162285387517 0.33530795443803074
0 0.3728163887746632 0.3039160206448287
0 0.3944662146270275 0.3134678940754384
0 0.31785258259624244 0.3273737533949316
0 0.2413436230737716 0.5815843479707837
0 0.25114748026244343 0.5627799817360938
0 0.21961182523518802 0.5386547340080142
0 0.16899993252009154 0.4417366442270577
0 0.24803096014074982 0.35343677559867503
0 0.17888531303033234 0.4743779465556145
0 0.20496912933886052 0.3148585414513946
0 0.21836612215265633 0.3605078366585076
0 0.17300219302996994 0.33652350758202376
0 0.20397063093259932 0.5520241023972631
0 0.3006830455735326 0.3311311603523791
0 0.14923665560781957 0.4411971234716475
0 0.16402763994410635 0.4780586120672524
0 0.16533747343346478 0.40708930101245644
0 0.1303168491460383 0.3069737286772579
0 0.1428356047719717 0.38882894730195405
0 0.11832520766183734 0.3135438092052937
0 0.1906249768100679 0.3775012996979058
0 0.3331906896084547 0.3089363138191402
0 0.29067446365952493 0.3723726743832231
0 0.27834462448954583 0.36903143404051664
0 0.30488926712423564 0.36321493247523906
0 0.38573686154559256 0.19283900698646902
0 0.3652419175952673 0.15156651670113205
0 0.3384238568134606 0.12670667408965527
0 0.31086794314906 0.1145909541286528
0 0.2861821658909321 0.114701913530007
0 0.24837226029485465 0.1513917190954089
0 0.17652384778484703 0.16624932489357888
0 0.24048970923759044 0.19407867160625755
0 0.25575171508826317 0.2164229542016983
0 0.2810633604414761 0.23623894304037094
0 0.30872741183266045 0.2501402046531439
0 0.33234819285571576 0.2579051592387259
0 0.3501739639788866 0.2612497472204268
0 0.1927138639613986 0.16673314347863197
0 0.27690857304260136 0.37473623463884
0 0.3383539796806872 0.3235281001310796
0 0.30187183506786824 0.38260894929990175
0 0.30844547860324384 0.40006654765456917
0 0.3016957866959274 0.386738579813391
0 0.2793905667960644 0.384412987716496
0 0.3104617011733353 0.40442691100761297
0 0.3114744422957301 0.4106371203437448
0 0.3607326278463006 0.24495958499610423
0 0.3692346511408687 0.2568139136768878
0 0.3739210202358663 0.26516347620636227
0 0.2758390137925744 0.1586204158142209
0 0.2717665324918926 0.1374089064542204
0 0.39588479679077865 0.35092072826810183
0 0.5884272649884223 0.38021941306069496
0 0.3496575796045363 0.43232342237606647
0 0.7327710071578621 0.3550816316623241
0 0.5136333022266626 0.35999980065971615
0 0.5312356956303119 0.37384584741666915
0 0.5517549056559801 0.3864136469550431
0 0.5927117642015218 0.3922822276130319
0 0.5026770260185003 0.3458239902742207
0 0.5953882874920964 0.3052417068742216
0 0.5698632400482893 0.2943646133411676
0 0.6153771949931979 0.3245712286792696
0 0.6233988607302308 0.3456029401626438
0 0.5989387713372707 0.4182721526362002
0 0.32919784151017667 0.6186819086782634
0 0.6035801403224468 0.37773355804383757
0 0.6854256603866815 0.45456551723182204
0 0.6402706753462553 0.41800014637410643
0 0.46813798118382693 0.46199753005057576
0 0.32365767313167454 0.5046944195404649
0 0.3072239843197167 0.5226682746782899
0 0.341503662802279 0.530504546687007
0 0.34820634992793204 0.5504197358153761
0 0.3218034471385181 0.5369438786059618
0 0.3310984422452748 0.5501715867780149
0 0.37865301948040725 0.5783964633941651
0 0.3487116226926446 0.4186809883452952
0 0.3633883025497198 0.4006722160615027
0 0.6696703143417835 0.3443406048230827
0 0.45637510139495135 0.37980409394949677
0 0.4089469903148711 0.44670907463878395
0 0.4190958419814706 0.4366849722340703
0 0.5399613257497549 0.502485740557313
0 0.3805402175523341 0.3743963433429599
0 0.6355184193700552 0.28153413007967176
0 0.660097910836339 0.3106111079454422
0 0.7309428609907627 0.304931626515463
0 0.5274344177916646 0.24059028048068284
0 0.5422509664669632 0.2950645453296602
0 0.40449161669239403 0.5712082773447037
0 0.5511039409786462 0.6271591052412987
0 0.3854412965476513 0.447837398480624
0 0.36460147267207504 0.4430533257313073
0 0.3480367546901107 0.5796227586455643
0 0.3422957181930542 0.5744659962132573
0 0.6824069300666451 0.3068345685955137
0 0.4053903969936073 0.45606894614174964
0 0.595449916832149 0.2567746742628515
0 0.6092054404318332 0.24259763499721884
0 0.6627604968845844 0.19885424813255667
0 0.7017520515248179 0.3135069004260004
0 0.6274597149342298 0.22810197677463293
0 0.6919447768479585 0.3468608261086047
0 0.7070128450170159 0.3570418861694634
0 0.3158155305311084 0.5144494819454849
0 0.3317992564290762 0.5338870180770755
0 0.34010739931836725 0.5502327765338123
0 0.37840957595035435 0.44827237967401745
0 0.3451822929084301 0.5772266542539001
0 0.3389905298128724 0.5776460837572813
0 0.34011490251868964 0.5722758775576949
0 0.3768544279038906 0.43512149769812825
0 0.32472727056592704 0.5496476177126169
0 0.3146160876378417 0.5386164268478751
0 0.30073845088481904 0.527563497517258
0 0.2888794232159853 0.5651077773422003
0 0.29073139633983375 0.5744519276544452
0 0.2933818970806897 0.5638528788462281
0 0.2955070974305272 0.5524626854807139
0 0.2961453849449754 0.5430730242282152
0 0.3224921187385917 0.5598318982869387
0 0.32630408816039563 0.5678316537290812
0 0.3301214033737779 0.5772042377851904
0 0.33308217003941537 0.5860574716702104
0 0.39775767577812077 0.5221514670178294
0 0.6404188683256506 0.5415476026013494
0 0.33062188401818277 0.5654203366488219
0 0.33468277640640737 0.5714600706472993
0 0.352784314006567 0.446134551987052
0 0.39237515097483994 0.4639241174794734
0 0.35849411580711604 0.4447155768051744
0 0.4728278823196888 0.40691331690177324
0 0.5011453039944171 0.4449032564647496
0 0.41802450716495515 0.4481330500915647
0 0.7110892783850431 0.2540769433602691
0 0.6785054568201303 0.27119465041905644
0 0.6548724377527833 0.2720434252172709
0 0.3528956019319594 0.5796581419184804
0 0.552373031899333 0.21594542833045124
0 0.5681392604485154 0.19152399930171668
0 0.6041357208043336 0.15051139597781002
0 0.5743480537086725 0.3943180582486093
0 0.6108372433111071 0.44928853642195465
0 0.4963864039629698 0.33476419616490605
0 0.6377212673425674 0.3718883684836328
0 0.44824258685112 0.35605867612175646
0 0.3988694095052779 0.4311168315820396
0 0.6361631218343973 0.48567699091508987
0 0.5795850202441215 0.4537727624177933
0 0.5420778773725032 0.44116195207461717
0 0.5044160502031445 0.4081595708616078
0 0.4842479441314936 0.3803499709814787
0 0.4711573988199234 0.35740648219361904
0 0.4316086981445551 0.30815667412243786
0 0.6041132684797048 0.5270614787936211
0 0.6586120098829269 0.38034302145242693
0 0.33743765372782947 0.4247463593259454
0 0.43849403951317073 0.39922137474641206
0 0.7013792589306831 0.4526518966071308
0 0.4625854602083564 0.33590262648649516
0 0.42194696264341475 0.45046504084020855
0 0.6138520788401365 0.383575145713985
0 0.4102081007324159 0.41799828186631205
0 0.6013276910409331 0.5864785961806774
0 0.503251851350069 0.3288468204904348
0 0.3972079947590828 0.3943362795747817
0 0.45626299250870944 0.642387515027076
0 0.45009154342114926 0.6622375735081732
0 0.630811220780015 0.5426544422283769
0 0.5042145138606429 0.6357316459529102
0 0.6987883064895868 0.40355648249387743
0 0.3259120125323534 0.6374099995940924
0 0.3342424931935966 0.4279205990955234
0 0.4502497406676412 0.42775486977770927
0 0.660257826372981 0.43640902508050206
0 0.5586657159030437 0.37450995119288566
0 0.5397862510755658 0.3645034344866872
0 0.34293121825903655 0.5835846682079137
0 0.5743497338145971 0.5639157636091113
0 0.27658337708562614 0.6353695500642061
0 0.3578606967814267 0.6556778960861266
0 0.3979489214718342 0.6606807518750429
0 0.525445401482284 0.35329422550275924
0 0.5144179880619049 0.3417036611121148
0 0.5068796964362263 0.3341142033226788
0 0.6814268555492162 0.3892710475251079
0 0.5327900227159261 0.3154463699087501
0 0.5554261662065982 0.3151140213944018
0 0.575288569368422 0.3250059556216002
0 0.5918355125933885 0.34168482534587385
0 0.5989793993532657 0.3567716596648097
0 0.7234394697472453 0.40199995748698714
0 0.5746335953474044 0.378956971783191
0 0.3834496455267072 0.49832822717726233
0 0.38668367760255934 0.4445311600342393
0 0.34446542225778104 0.46483980268239977
0 0.4091026292182505 0.6443496552295983
0 0.36847971081733705 0.6412762260064483
0 0.2791547982953489 0.6254682509228587
0 0.4992367036640644 0.6523896247148514
0 0.5132089227437973 0.3234429260250181
0 0.4237943345680833 0.3524600913282484
0 0.31786296870559455 0.6487238328903914
0 0.5953253598883748 0.5825771983712912
0 0.3111619807779789 0.5522349612787366
0 0.31366589227691294 0.5618678984232247
0 0.314893629681319 0.5727428096346557
0 0.31485013784840704 0.5839031176641584
0 0.32270121555775405 0.5761984629556537
0 0.33743093330413104 0.562488398142159
0 0.34435583353042604 0.565114981122315
0 0.35083783492445947 0.566798546910286
0 0.40484088780358435 0.547355629131198
0 0.5314942410215735 0.5552992374636233
0 0.4405650755390525 0.33069670884869995
0 0.49813615791499616 0.2939023001585156
0 0.5110930202528834 0.30817146305926146
0 0.3321425708010793 0.5599572440609336
0 0.50627260543406 0.602490565367043
0 0.47390315011143685 0.2738039019517601
0 0.32729788990691305 0.5975152110680938
0 0.41289504831656815 0.33126171827316286
0 0.4183550107292831 0.3956888104788959
0 0.286322951130569 0.584899230953306
0 0.39760602712631227 0.5980384597554803
0 0.4325584162026644 0.4788990389555693
0 0.3641517006792128 0.6017440842464566
0 0.4880655648186803 0.508148377854377
0 0.44055510945618154 0.5117326822131872
0 0.48719095513224603 0.5509926058351994
0 0.2831872243434191 0.6075370252132416
0 0.4258011829108 0.4156014570966363
0 0.4111283978447318 0.6218190701678395
0 0.37048335168510677 0.6211807304993272
0 0.42900552675127984 0.5866388167254627
0 0.5467543758451938 0.5928007607348263
0 0.46013128366321326 0.6063355618156493
0 0.5554359413683414 0.6150056078098715
0 0.44076558090746404 0.547159855812788
0 0.431215744279325 0.3755212347954512
0 0.3852940581738949 0.43588768327608707
0 0.39719220558181406 0.4489223301410675
0 0.3826523398049176 0.4158649883233011
0 0.533219557069242 0.27748507596552374
0 0.5778152195736765 0.28081771414726975
0 0.6094859035685658 0.297107198368758
0 0.6313869243487715 0.31930960887111726
0 0.641442472860217 0.3445141311734915
0 0.6243149766698479 0.3989002132788301
0 0.6612120501697063 0.5006158087402582
0 0.578419866785407 0.41924428157508375
0 0.549039701744914 0.4100679369643331
0 0.5210168713703751 0.3902341929264367
0 0.5003717297688126 0.3687170102261007
0 0.48750986978411676 0.35052788918837907
0 0.478895546682179 0.33536897469311955
0 0.6722897903993725 0.4965322400443256
0 0.3943471753038466 0.45392683856189253
0 0.40918126963078977 0.37177776927128436
0 0.3672483077272773 0.4269598267041147
0 0.35181630570441486 0.4299084610305727
0 0.36674723522737623 0.43080359427258375
0 0.38581376457586886 0.45642646551132204
0 0.34541073003783823 0.428499105013907
0 0.3422897423617542 0.4316117312759161
0 0.4944758180528879 0.32324895365163686
0 0.4763850102201104 0.3163753821048886
0 0.46196569204330445 0.31099426429718735
0 0.6018323719501495 0.36780615579336884
0 0.6245529025793075 0.3656140455044806
0 0.3061528977006674 0.18859538724645972
0 0.3266637071967125 0.20320185655727982
0 0.32047772901132704 0.17014309517107903
0 0.28542669098824264 0.1739450808148831
0 0.2917693581432104 0.20701252911239862
0 0.5374982140958309 0.3361850570421666
0 0.5606505319476127 0.3504487323574722
0 0.5506539016962051 0.3165207077749074
0 0.5152203531935811 0.3222831598017365
0 0.5244691453874111 0.3560389292892069
