0 0.47258530940687604 0.30483113962843184
0 0.4588153070538356 0.246715342517708
0 0.45985795450612965 0.2634513230369043
0 0.40316405703749836 0.19259404351278556
0 0.451997421713318 0.22935918507344075
0 0.44019314055704367 0.20601258661116287
0 0.4078484315912432 0.14772908370124346
0 0.16923351164608566 0.17434267323212269
0 0.3835925248604787 0.09607384496170714
0 0.3733418619079429 0.07189730071370995
0 0.33507802340551773 -0.005942646931074692
0 0.47571442776088474 0.31031860985648446
0 0.47842350514126225 0.31588220942769896
0 0.480043063183877 0.31949843319568205
0 0.4887742538492388 0.33514261337644546
0 0.4934908003243716 0.34264404592706355
0 0.49892243705218353 0.3521631726307943
0 0.5041363883119092 0.3617368373723782
0 0.5040598224989975 0.3744349239276963
0 0.460666662530054 0.25526824498091727
0 0.4300090474418447 0.25939466329656036
0 0.03498350668557083 0.11512297398962018
0 0.2632261109754506 0.1792549884050625
0 0.23431485162002627 0.1845625044329452
0 0.2052489066425758 0.18758364783628698
0 0.16027963752485025 0.18214235901125528
0 0.2872411482947788 0.17255403350680748
0 0.19771542705061063 0.1302249725037481
0 0.23476815651237712 0.12883397265119767
0 0.1652202954523674 0.13747955779163862
0 0.1461331690917035 0.1480482085248895
0 0.1438864685815095 0.19627509450855912
0 0.3963867435978435 0.40901747773691993
0 0.15562684689393022 0.17014305772589053
0 0.056356372461037293 0.19162948526804416
0 0.10559037415790155 0.1874402789034453
0 0.2870300358106315 0.2524160602055976
0 0.4367097950685879 0.3078530960377142
0 0.4481479211195612 0.32097895699746526
0 0.4068122521231446 0.3205899403188576
0 0.3884847989062217 0.3316551644182714
0 0.4235349312613282 0.32784088707196474
0 0.4051111722797281 0.3347951532965736
0 0.3525358267474275 0.361744994087717
0 0.4332440055372343 0.25000089944328135
0 0.42211886272148746 0.234113297287114
0 0.10357637407910472 0.13778875328043602
0 0.32639023963409136 0.19869202789038526
0 0.3553417138912507 0.25598672898497304
0 0.34714022593156196 0.2466975363548116
0 0.19345649045730945 0.2632467654110557
0 0.4119487555721138 0.21196477636606526
0 0.16848507347489208 0.10890246561837791
0 0.12734522899997888 0.12033187639529454
0 0.04898738546713495 0.0815158807015221
0 0.31134766139058623 0.10846064353752816
0 0.2682629486679528 0.13422285591297445
0 0.3248815193206449 0.34858170819876455
0 0.1541724114478389 0.3413188195879066
0 0.3827581128993618 0.26230828999624556
0 0.4096465311975922 0.26361813586236177
0 0.3693644296267868 0.3490310739085061
0 0.37715696458575093 0.3475172835029883
0 0.1076993360046596 0.11095291991250796
0 0.3571278855267456 0.2637147369616679
0 0.22769465979644518 0.10381995231655569
0 0.21739155997203874 0.0893660528167711
0 0.15521218190716288 0.02687164561321444
0 0.0764314834075638 0.09437998040432324
0 0.18729350951653492 0.056163916454903456
0 0.08377020947540863 0.1320238614351017
0 0.05815109107564773 0.12231654384806487
0 0.4421169038563338 0.31515221006081195
0 0.41512440981241217 0.32461991747078944
0 0.3964430654602212 0.33345252063350744
0 0.39154608742597236 0.26440102059928833
0 0.3733077579912757 0.3483001682399148
0 0.3878954983461758 0.3511214321335581
0 0.38116673678788454 0.3467397832644226
0 0.3961022782929336 0.25435024132225154
0 0.4116761342382632 0.33530382845608225
0 0.429787371983508 0.3293698980149284
0 0.45267282206297926 0.3239586104419025
0 0.46248803007954786 0.37904357471782824
0 0.46508878972459944 0.36611480772283156
0 0.462134726942843 0.35627922178870275
0 0.46017614572863036 0.34631206217185456
0 0.4599662722414556 0.33895678409902225
0 0.4154119831097277 0.3438185596239807
0 0.41028568563582024 0.3479791241891302
0 0.4048021790347522 0.35395362495951804
0 0.40113390799816145 0.3602012424140921
0 0.3486677201991343 0.3130528954424468
0 0.08389719616511702 0.2613532079355007
0 0.4602989954284475 0.2592296630745115
0 0.4001052045117954 0.3451298715663833
0 0.3940662492679644 0.3478335827977915
0 0.4213149426858636 0.26870464755405593
0 0.3718761494894068 0.2722490868958714
0 0.4157927541793147 0.2662082128536093
0 0.29848851081188216 0.2135231088347565
0 0.25445369741081686 0.23300555670105833
0 0.34532301637190804 0.25504268248027473
0 0.08534904861751991 0.05190833681843035
0 0.11596768780096674 0.07180775010854465
0 0.15308051911587453 0.09593515414501566
0 0.3823727218410637 0.3704561794779903
0 0.2929130454355151 0.08490775481379047
0 0.26574169482862897 0.04599747708683761
0 0.23666069288797018 0.00902276658502762
0 0.17803862213082455 0.1872540072472777
0 0.11894535452504701 0.21268283387520134
0 0.3029198359839524 0.16648479755238707
0 0.12285926196142591 0.16057890915220177
0 0.3440370845140787 0.18437561969033056
0 0.37157841221692695 0.2468186875679315
0 0.09462081996197438 0.2253734567694251
0 0.14473308151281333 0.22263402658849424
0 0.1868071927048486 0.2241783646926337
0 0.2437154366497249 0.21414315248016502
0 0.28313238233453614 0.20184098648996682
0 0.31206002164993607 0.18977889715564633
0 0.37932348729185916 0.15603012758641904
0 0.11707526709460005 0.26208216772102094
0 0.10138639443031343 0.16105199864185013
0 0.4452396802258391 0.2570808750454641
0 0.3396946941246966 0.21623977484934978
0 0.045836595166081615 0.1883242829202333
0 0.332841087871463 0.17720313467447726
0 0.3414520958304908 0.255888635153448
0 0.14287561505152707 0.1724786771856876
0 0.36312725586730216 0.23533176661669006
0 0.11255189914743609 0.30056299171979456
0 0.3008243771041999 0.16017515174293293
0 0.38597589303672564 0.22171883513070512
0 0.24571885275438365 0.3827359811408381
0 0.24991653249736576 0.3965177912870477
0 0.08847012399118158 0.2638716071243105
0 0.19784928072353958 0.3622679834829672
0 0.0553408989423438 0.15490246169083483
0 0.39565796137862064 0.4248285507109383
0 0.448065559320812 0.2603851444356382
0 0.31737701965786735 0.233093627901971
0 0.08273346300869551 0.19389034816520212
0 0.20187728088113327 0.17692572638516182
0 0.2282955103282687 0.17455162908683045
0 0.38258927331192083 0.35465979392276825
0 0.14051036983099668 0.2945673261390179
0 0.4599818962032785 0.43947017461521065
0 0.353837970565643 0.4256847392621838
0 0.3064852492718757 0.41433861494629975
0 0.35479470722785983 0.03421196970792569
0 0.5262296783270212 0.43364873220912076
0 0.25294781209044315 0.17015773181672056
0 0.2760700575913055 0.1653587576686841
0 0.29251707040307895 0.16259559037988014
0 0.07967236348848303 0.16011754827284444
0 0.2662381336155823 0.14912021683345628
0 0.23704062395960973 0.14552446482161752
0 0.20949335327128318 0.14690425585456024
0 0.1834954587970605 0.15288434104280257
0 0.16868007899839668 0.16003438176350804
0 0.034544523758224296 0.1490326787511932
0 0.18294320214649795 0.17634675953170442
0 0.4657186201856106 0.27733461231806383
0 0.3725683917979148 0.2989818684288333
0 0.38182033919080904 0.2593853870320575
0 0.42589767748796487 0.28473739126257486
0 0.3946812117653054 0.12220237648925464
0 0.29593038106266456 0.40019729623873745
0 0.34343394498784835 0.41259067882988093
0 0.4569046477225259 0.43072574927713525
0 0.20157908160978227 0.3735894244053751
0 0.28946130486983285 0.1556843201743609
0 0.3716941219341906 0.1871900996491578
0 0.5244262867336031 0.424887780192908
0 0.4042681503396497 0.43534133060971186
0 0.11603003664861751 0.2996014855793221
0 0.43559377379558256 0.34172977409894495
0 0.4319186987756174 0.34781790910949345
0 0.42968384223648265 0.3561401311330241
0 0.42987502576932624 0.36522367324410526
0 0.4188305227565363 0.3770610663955888
0 0.3904291001553274 0.341349740469583
0 0.3825014095266157 0.34139593520057016
0 0.37572279409014225 0.34082272602852837
0 0.3327350591305439 0.33034734440302366
0 0.18915133297694886 0.30124916873368507
0 0.3613439192248799 0.16886642515164393
0 0.31973877888691576 0.14174711926976133
0 0.3000073111006982 0.14712848555857883
0 0.3971129638233265 0.34093380129917095
0 0.20376341227237685 0.34041459704633287
0 0.35038507500278293 0.1359853061846284
0 0.4053232297615663 0.39240731321902744
0 0.4291623295107974 0.18622604786713354
0 0.3913858158175955 0.17543595297480818
0 0.4189792863930328 0.167844370060544
0 0.36239496665664866 0.21810634319326913
0 0.5188271964149636 0.40964082671795593
0 0.510711556245506 0.3908104096160382
0 0.45868271337782784 0.3959341063335414
0 0.32269702065846084 0.3703286841529403
0 0.32176073794626486 0.27306417199923333
0 0.36045455039804997 0.38392656836504047
0 0.25031847151522896 0.2799504122841542
0 0.30316994537281083 0.2943475746316559
0 0.23847221146152994 0.3105148774873319
0 0.45615129556333966 0.415160390688714
0 0.3476558796715636 0.23053257922119377
0 0.29931221279916886 0.3840770144479555
0 0.34675689286823513 0.39745634666965524
0 0.29109879686862605 0.35253904793468943
0 0.1633292920730285 0.32141472818164213
0 0.2508620551869839 0.35739192037819967
0 0.1496394675240738 0.3323786330817009
0 0.2919722267344028 0.32049168655173776
0 0.35552775243666607 0.20131345225822883
0 0.38560520194250825 0.25303269189164873
0 0.36816631955436513 0.2601929818183926
0 0.39488642326387174 0.2397962621239722
0 0.2882918177274712 0.12710238994935513
0 0.2331139905543267 0.12018954704381958
0 0.1867230669104097 0.12261740935796238
0 0.15070674791617736 0.13105016020551977
0 0.12825059978770809 0.14367710207704973
0 0.12777329195400833 0.17933575588047576
0 0.0679248451935088 0.22811067450796016
0 0.16313411854993443 0.2019396400960739
0 0.19779657085233598 0.20326606595219243
0 0.23763076451760304 0.1982262021423376
0 0.2735130408393683 0.1896506687924531
0 0.30090012391911275 0.18057171150175844
0 0.3195379353776763 0.17230400086014863
0 0.06328673352672078 0.22441482946966043
0 0.37039132711756584 0.2647808942930554
0 0.3807825637266103 0.2036752878276196
0 0.40929070806704493 0.2508693763794
0 0.4277774248948077 0.2567978423543955
0 0.4094873935864444 0.25352817236458
0 0.3808604315363405 0.26859538488682194
0 0.4349510493660778 0.2574967875599437
0 0.43807735372696244 0.2608646580050141
0 0.3119702678692492 0.15926681085979105
0 0.33196940100142724 0.16021115057974664
0 0.3455101259147065 0.16086720638993512
0 0.16111486848396592 0.16536119668650598
0 0.1369887414360851 0.1595194158039342
0 0.4557592265213592 0.18475867876802898
0 0.6092850633814365 0.10420939549008298
0 0.4852145105474609 0.25077754669200764
0 0.663451743025317 0.022753917131559706
0 0.533730943997701 0.1352620907525575
0 0.5617093436325653 0.1320737746686698
0 0.5887666015182367 0.12704961120304548
0 0.6204621180703368 0.10803756057721157
0 0.5100876897699219 0.1356210395393281
0 0.5563558267138679 0.07459298850944175
0 0.5234043032308168 0.08267441416691772
0 0.5887463155678053 0.0724229157183094
0 0.6105800042172524 0.07633555345546592
0 0.644541373232749 0.11673780370720199
0 0.6145353865522876 0.3746836237777312
0 0.6162893862663945 0.09582282604554652
0 0.705305018756963 0.09515562805558156
0 0.6673523574941772 0.0958254249989633
0 0.5851486463586992 0.2073254979095142
0 0.5047133829020247 0.29630747872315266
0 0.5074445522284206 0.311070147216815
0 0.5405742812760269 0.29766445227789284
0 0.5646230865128433 0.30188581902502837
0 0.532963899871971 0.3094284349913275
0 0.5532270443590381 0.30995835492902235
0 0.6136231487813378 0.3208584455267249
0 0.4824582252824357 0.24242765581056316
0 0.48079910333649517 0.2252575834309362
0 0.6387585753629982 0.054628668023739564
0 0.5080567007326375 0.17137949315395784
0 0.5415110049871453 0.2272866063553526
0 0.5388230115552491 0.2173454096167396
0 0.664872683553253 0.19184263943211746
0 0.468201696118222 0.20352985306001078
0 0.5728563683948437 0.04888100923875331
0 0.6113320543796201 0.0474575691163752
0 0.6319712239478711 -0.0032246214639249644
0 0.45283989765473054 0.08274719819055333
0 0.49894574699522576 0.09598210857007851
0 0.6259780905920745 0.3012073455756245
0 0.7266202606732333 0.253989906426992
0 0.5226414590948242 0.24047513541236326
0 0.502309686775449 0.24944037849509984
0 0.5938031872113546 0.3122433814289731
0 0.5857807028142712 0.3131054609412966
0 0.6188510440069915 0.03319985727964064
0 0.5434629922174703 0.2350207451965178
0 0.5218352290648448 0.05803990767095437
0 0.5206147960469693 0.04313284399104995
0 0.512366562201504 -0.023806386641618903
0 0.6295717698109301 0.012374376911285508
0 0.5156927440739885 0.008334430440606312
0 0.6481895683183951 0.04252019736690453
0 0.6601303911410303 0.032690355786225124
0 0.507330648506744 0.304227249478106
0 0.537384515070211 0.30397012635340753
0 0.5595675168661126 0.30596068476725585
0 0.5164819221456343 0.24485976974593646
0 0.5897817390377511 0.3127260670543141
0 0.5825840066253888 0.319430460567859
0 0.5815791590807307 0.3135912653107377
0 0.5101166276992122 0.23662897757081092
0 0.5473813726429195 0.3124217096172618
0 0.5284269869579041 0.31273142489674255
0 0.5059446518934225 0.31504169456475145
0 0.5412494296263038 0.3668365704065823
0 0.5393478842727243 0.35431324014460064
0 0.5318856365067043 0.34508794178459284
0 0.5231330678935795 0.33612715024258033
0 0.5150419976640854 0.3300106000080086
0 0.5531858844596123 0.32121502193550483
0 0.5623266581241592 0.3233445643813019
0 0.5733489431912386 0.3269276814811453
0 0.5831320632862139 0.3312450095852075
0 0.585123656419762 0.27613045722422935
0 0.7228695438380985 0.16593030084494595
0 0.5653895426400101 0.3178490440616404
0 0.5738224080343287 0.31836854152973576
0 0.49659064474991105 0.25754967292998326
0 0.5366110869600803 0.24687877003974054
0 0.49931471609365086 0.2536874948730107
0 0.541775982339674 0.1769661900906659
0 0.5939883647588738 0.18196455061364994
0 0.544926184642164 0.22449759614000966
0 0.5853704898166254 -0.019842382922574155
0 0.5846127276682149 0.0028674586246304947
0 0.5761656243086867 0.03308928847171516
0 0.5970569612607675 0.33678659135619377
0 0.4522003232175288 0.057758687583294346
0 0.4415683851966375 0.020664211976853412
0 0.4313564881493774 -0.01847706606096786
0 0.6107169658825871 0.11871130232426337
0 0.6763720874544941 0.12409759996058961
0 0.49445314397288775 0.13446665107143307
0 0.6369815597051307 0.0790530324759998
0 0.48404372140828067 0.16325038003327583
0 0.5247772798759525 0.22323611746337774
0 0.7078006106589917 0.13363386642890468
0 0.6658402771889409 0.1426336022882699
0 0.6348611528863384 0.15721086544357019
0 0.579702687665883 0.16315002044749005
0 0.5373907310550223 0.1620096530000793
0 0.5061606153657164 0.15918061890211818
0 0.4378228343488798 0.14721061248654854
0 0.7174447530935585 0.17165474231274244
0 0.6544554070078371 0.07235225084130592
0 0.47483902389993143 0.25248067418592823
0 0.5136532290575373 0.18986946068624586
0 0.7017663174037692 0.09094351091701648
0 0.48183528280459376 0.1542278400236743
0 0.5451215261648475 0.22483559336385128
0 0.6272434635001396 0.09413141383395077
0 0.5198419559354017 0.2114516096819338
0 0.7294140938465102 0.20772416403567948
0 0.491921096159939 0.12777774465465885
0 0.4945449137486486 0.20531827953786613
0 0.7000254216576427 0.3117118621353294
0 0.7003001009864647 0.32650185295978335
0 0.731876295830127 0.1670850624958957
0 0.718472826581464 0.2813150094355836
0 0.6823834067658533 0.06177555001644619
0 0.625546415646871 0.388706536833219
0 0.47154001596104744 0.25683214853949676
0 0.5439880329345349 0.19886107981417103
0 0.6882995963096619 0.09280130945915005
0 0.5843507743082972 0.11697572123254887
0 0.5600419477068422 0.12222919235732914
0 0.5906704148662745 0.32093934628180054
0 0.7205398515306948 0.20628026548512324
0 0.5849231069098042 0.4200117170881405
0 0.6513421646150356 0.3791716831293253
0 0.6748661391342743 0.3567573492495898
0 0.5361307761337184 0.12483890144284793
0 0.5136362610989985 0.1262535184515753
0 0.49924835625580094 0.1277909126853038
0 0.6686633002908924 0.06340655988504312
0 0.5086689332366493 0.10837107960439661
0 0.5300970288771617 0.09737492102603754
0 0.556326594785296 0.09143765859332373
0 0.5830754054246573 0.08973863611300503
0 0.5999668821503844 0.09169947316213858
0 0.6853970254020851 0.05280417606923928
0 0.5997749006194908 0.11068733352924723
0 0.5573146003711072 0.27046044717055623
0 0.5224774494955812 0.2374524592929039
0 0.5057522503635551 0.2725354515785
0 0.6773634950319926 0.3404540211704702
0 0.6530834803601357 0.3641175853258633
0 0.5843153683948115 0.410676169791397
0 0.7161169263380992 0.29417081914338356
0 0.4967562503452542 0.12075919764887537
0 0.4705268944366069 0.1723317230299274
0 0.6234563747538796 0.4010311737744975
0 0.7348023446803355 0.20558925041948772
0 0.5362705097922796 0.3252923400235204
0 0.5460642978611878 0.32937736167602266
0 0.5567602437256761 0.3358605642618516
0 0.5664654960109212 0.34366992614447434
0 0.5739754136604599 0.35274867018770917
0 0.5700908851522937 0.3113301758381537
0 0.5768248966977566 0.3090003940275697
0 0.5822556094278263 0.30641935339743276
0 0.6084225114890794 0.2870012796080692
0 0.692497948051002 0.22405092267944862
0 0.4601286018448037 0.1540633995762075
0 0.46489748019206373 0.11660569690583299
0 0.48329561923626607 0.11603354064312411
0 0.5634640153450302 0.3130450052864328
0 0.7044213829161245 0.26262437604358896
0 0.4386365403605916 0.12073158210282649
0 0.5947341149366354 0.36267891133807306
0 0.44780268196315204 0.16702402041051737
0 0.5025355202236256 0.19696165803347052
0 0.5568971633911133 0.38054491680287805
0 0.6412049853852027 0.32052831180296476
0 0.574352152739899 0.23455679869170998
0 0.6220694121429186 0.3429261456604954
0 0.6350612823973225 0.22106517835443978
0 0.6054825186729431 0.24792882718791034
0 0.6641826252394085 0.24468874528314719
0 0.5744298105501424 0.3965585748637416
0 0.5210837669010404 0.2041336632425392
0 0.6666290352616129 0.3264201525267333
0 0.6414885686922677 0.35122874891772105
0 0.653666522935473 0.29592957756838906
0 0.7200382047564672 0.23584942482544435
0 0.6840038048064155 0.28977738835209205
0 0.7317611321115293 0.24296978416533374
0 0.6319401860237122 0.26771198062851476
0 0.49139496344554273 0.1807796677589982
0 0.5183619215518613 0.2323966285794938
0 0.5347068116131715 0.2343629034388532
0 0.5043148878757461 0.22303947664947554
0 0.48058091386964047 0.09402012531584833
0 0.5227467528375392 0.07442948101961175
0 0.5642194254991877 0.0655796847804444
0 0.5989992885146966 0.06336003195489995
0 0.6233097951120465 0.06756997663496793
0 0.6440818103556895 0.09557904421505413
0 0.7223093072070351 0.13034985554741513
0 0.6343245621974961 0.1282443434247484
0 0.6079699625948813 0.1398642908070294
0 0.5703117626125802 0.145967939570281
0 0.5339175915416283 0.14742018142770336
0 0.5061171034720376 0.14665894130795026
0 0.4863207038444809 0.14465642770838483
0 0.7119134086093822 0.1280003883306949
0 0.5343099545828903 0.2393246920224752
0 0.48004680117474324 0.188720083533657
0 0.5007423346052693 0.23667213352549543
0 0.48712340588308084 0.24748130073750996
0 0.5000042284088295 0.2394248916726661
0 0.527680396782195 0.24577262880963363
0 0.48304500584863913 0.25002043824178893
0 0.4797320539438272 0.25431924047277776
0 0.48292333214594846 0.13054977504101228
0 0.4684774674443756 0.137444065417542
0 0.46011054188893313 0.14326604094228146
0 0.6094040490906952 0.09384759479287398
0 0.6243474025766558 0.08265348925992122
0 0.2176175404198562 0.1591465126365105
0 0.2519983204105232 0.1544674102168349
0 0.21056015066456693 0.14217488034622808
0 0.18299797001267284 0.16370111852354002
0 0.22450970257887862 0.1760050171493494
0 0.5417688423571204 0.1080985360227587
0 0.5767491708827924 0.10277742546931139
0 0.5336427862131143 0.09118793248988838
0 0.5067821298470477 0.11340699833624444
0 0.5502136777221905 0.12488638898656038
