0 0.5815256346127152 0.42697849505595326
0 0.5753410325271671 0.3789720147812777
0 0.5755689003296542 0.393203195020963
0 0.5193030119948246 0.3283601582121029
0 0.5681009332841962 0.36271045923515854
0 0.5549258743157367 0.3406752965911286
0 0.5193577426395336 0.28558995552617317
0 0.29766077130152707 0.3113439410465326
0 0.4945066950995208 0.24230818024450915
0 0.4835948169482911 0.220186252893785
0 0.4394518841168045 0.13416883006497493
0 0.5846488908373354 0.4330013223955781
0 0.5878151469089814 0.4393298119695444
0 0.589922649447928 0.44358310891781555
0 0.5964725932994472 0.45503836933828334
0 0.6011322701530617 0.46278547491184474
0 0.6064567968312196 0.47229358804890553
0 0.6114885636019808 0.4816072125734666
0 0.6201935609181722 0.49130584280120376
0 0.5769159803913615 0.3866449079762433
0 0.5472753540876043 0.3905134021458111
0 0.16400822305478124 0.25408309019333103
0 0.38924324613080247 0.3135704283612479
0 0.3612389484035315 0.31962559316506167
0 0.3329352210845625 0.32323051743377285
0 0.2897090363603101 0.3182602013557407
0 0.411787465654848 0.3060935602069325
0 0.31957448987518183 0.2699864695504891
0 0.3557437758908493 0.26719815684383025
0 0.2892563413467085 0.27789924846142355
0 0.2725644166962507 0.28807970835503593
0 0.2738578450327684 0.33208567759603225
0 0.5250323492766432 0.5279721788098662
0 0.2842276740174756 0.3071905988956827
0 0.1860173769641023 0.3288756733404501
0 0.23600919136015172 0.3239473336390612
0 0.41152032518185644 0.38434539684055824
0 0.5487173790670146 0.4299393950266629
0 0.5602847694847655 0.4440538936945326
0 0.5212959136640976 0.44188112338666813
0 0.5051121993406915 0.45181288484435345
0 0.5377983996636757 0.449809585460423
0 0.5213108616036202 0.4553884430429407
0 0.47737965201526755 0.4835010197097579
0 0.5518788486593383 0.3823215151172516
0 0.5406603219639903 0.3674317579959494
0 0.23024789844384172 0.2798244509125661
0 0.44593365987141925 0.3335597789443119
0 0.47685319813997934 0.3873911482300764
0 0.4684927488681133 0.37869554468179795
0 0.32332826666691133 0.3953658191051913
0 0.5293942051094795 0.3465781955673743
0 0.28830700986998997 0.2532476646337362
0 0.250917858212306 0.2643200645525967
0 0.17827507010995083 0.22209336607764482
0 0.42577165541266593 0.24898500417050942
0 0.38935370787286555 0.27101726789350045
0 0.44918997629785334 0.4718459366620789
0 0.28642584502948487 0.4700982061569377
0 0.5026419836760573 0.39307781668603065
0 0.5275375611671416 0.3939797869780734
0 0.48851684779557497 0.4664179099412151
0 0.495806538102999 0.46512330978366406
0 0.23217635919273152 0.25615623907969376
0 0.47783352403198115 0.3941523307583086
0 0.34403308534420995 0.24699889538833963
0 0.33338701372911156 0.2352272032418709
0 0.27650276719266353 0.16838338911038417
0 0.20901580198907652 0.2378210418306353
0 0.31282506361289364 0.2003167292118638
0 0.21126122967603336 0.2746019287041498
0 0.189220159365658 0.26387122460814416
0 0.554072586292959 0.43765348188959124
0 0.5294811856394579 0.44622086616031925
0 0.5128444035847982 0.4537838902479106
0 0.5102504064262164 0.3947850202750481
0 0.49223158731742245 0.4657911632126054
0 0.5053413618466019 0.4688427704226221
0 0.49954395455147144 0.46450015771714254
0 0.5157031087432733 0.3863926438674384
0 0.5277877920287571 0.4561892989691466
0 0.5441452320114972 0.4517628784564325
0 0.5650432361329155 0.44750584190002113
0 0.5825987083499442 0.4965651233283933
0 0.576273101291576 0.485492665431112
0 0.5732660152741123 0.47598426240194736
0 0.571123830376798 0.46607247451022005
0 0.5706511066935737 0.458507392188691
0 0.5304502515350213 0.4622359844289216
0 0.5258101913999405 0.46642620085538633
0 0.5208332337407623 0.4721758048870951
0 0.5175084353499272 0.47811296911002055
0 0.4698385146096789 0.43945174058844044
0 0.2123630026724771 0.3952650526098792
0 0.5762159381737689 0.38989143863691555
0 0.5168217325009374 0.4630450153124573
0 0.5110936114556679 0.4657308076765755
0 0.5394346301565693 0.39846557739366417
0 0.4910163708376985 0.40161618275715927
0 0.5337389943971915 0.39628010981164935
0 0.4205506265414918 0.34743610225962573
0 0.38023242417267106 0.36613912910470475
0 0.466330378367428 0.38618592180815453
0 0.21288088404176608 0.19351443998330004
0 0.2474904251501027 0.21624314049667595
0 0.27312451324382414 0.24246214194088503
0 0.5071564183456485 0.4906042459313697
0 0.40616009607596737 0.22924240974627638
0 0.38252120480758733 0.1888651649157206
0 0.3501099524115711 0.1497626191497839
0 0.30691077990873955 0.3232473601650089
0 0.2510249262620628 0.3478510538171336
0 0.4260622378643052 0.2997711438725427
0 0.25138571694933415 0.29955494234146174
0 0.4616349598526452 0.3202202198485604
0 0.4925558516747841 0.3793483527105474
0 0.22659969883126047 0.3609335945735764
0 0.27553058223885324 0.35757629614000785
0 0.3155942969181367 0.3589141192102489
0 0.37022938859110643 0.34775025833261114
0 0.4078095874705898 0.33472418855800606
0 0.4345018209787361 0.32284252584192674
0 0.4931921395571423 0.2937852777761638
0 0.2496997384582391 0.3953627752381005
0 0.2298010492123632 0.30037751118624906
0 0.5625033418840497 0.38854428104092925
0 0.4593095548042265 0.3501857288650205
0 0.1729797331089712 0.3247061262209927
0 0.45352268168694865 0.3111169265399765
0 0.4622026284535726 0.38677112699827687
0 0.27244903115783564 0.3093285096780544
0 0.48368293524794437 0.3685622792226988
0 0.24359884091067416 0.43238077935799163
0 0.42303310265520955 0.2938981907506289
0 0.5050401667502359 0.35587996350488627
0 0.38100243922527327 0.5064708814643597
0 0.3860743418021544 0.519428333777974
0 0.22019244699035515 0.397650023937791
0 0.3311635567669124 0.48878244799368464
0 0.18525340386080844 0.2940976655073155
0 0.5266438234707475 0.5419717352585436
0 0.5647462390143158 0.391181371531594
0 0.43908620886661837 0.3659206664152134
0 0.2149331066678848 0.32945673307348683
0 0.3297815981796522 0.31367384736931053
0 0.3554922699425291 0.31087089511140525
0 0.5004902258200987 0.4721434239390906
0 0.27290519833061766 0.4261231684034264
0 0.5851074120163414 0.5531525838134693
0 0.4889522604801484 0.5436868818912076
0 0.4434114991361079 0.5344948381150179
0 0.4615254593297902 0.17671281544763423
0 0.6420065672588751 0.5465784686598772
0 0.37913757587786967 0.30579334794414426
0 0.40102118278857524 0.2998978847003634
0 0.4160470791506868 0.2963774929691464
0 0.20904689448795238 0.2992682680399251
0 0.3890308166858013 0.2844069638286197
0 0.36019467200910993 0.2821465156539338
0 0.3332511875699844 0.28470829217600796
0 0.3088079323748496 0.29124444595859567
0 0.2955026576287636 0.2981853326020292
0 0.16288732375776718 0.28662001464431963
0 0.3111835366059959 0.31330294491698873
0 0.5811398129925949 0.40555984594926575
0 0.49280470936610227 0.42614728742647
0 0.5021018961813882 0.39064173738020314
0 0.544069354544209 0.4128280207779908
0 0.5053490908337042 0.2631360582326796
0 0.43166457651033685 0.5215634471015432
0 0.47738675326737673 0.5320340020235181
0 0.5820016931380904 0.5458166322108549
0 0.33542273869494343 0.49931080740117517
0 0.41176482796166014 0.2900124480008796
0 0.4886405900560854 0.32324025780846355
0 0.6414209297437709 0.5389709461343387
0 0.535692584162523 0.5509674351127688
0 0.24842284701544523 0.43135209722733864
0 0.5486018365948512 0.46076727507377435
0 0.5455032582021464 0.4669738070396342
0 0.5436920073464953 0.4750976274022004
0 0.5440137999973217 0.48385871757674753
0 0.5420957164925362 0.4956565434963819
0 0.5082560923532091 0.46035159878600673
0 0.5006655600503527 0.46027741539662137
0 0.49411804867193165 0.4596569883158764
0 0.4548696832817818 0.4553223186540434
0 0.31912854301275584 0.43184372524632536
0 0.4770651567837357 0.3057944640287442
0 0.4394582203168909 0.2777060063849706
0 0.4213175029191287 0.28217686735721104
0 0.5147264315609188 0.46021671199006686
0 0.3355430872631475 0.4682307792021004
0 0.4671414315952027 0.27313762570898165
0 0.5311169060976696 0.5118263192024095
0 0.5428132175896239 0.32208497979604195
0 0.5066542303511865 0.31214891344061385
0 0.5315787621188265 0.30468883003911373
0 0.48147185643513996 0.35229089633425786
0 0.6362051581531637 0.5256268647217666
0 0.6277666735749707 0.5077626116900823
0 0.5803403140120366 0.5138551001022719
0 0.45253144889944213 0.4928815223426864
0 0.4443343676595245 0.40297908149438677
0 0.4895750912935925 0.5048715467271997
0 0.37717980775149057 0.41068163065158036
0 0.42731280367082686 0.42319554804624326
0 0.36669800653739315 0.43956126182529004
0 0.5797950084702375 0.532262408012173
0 0.46776018213119186 0.3636233294703075
0 0.433422862225947 0.5063143687174696
0 0.47886373523921405 0.5181177895547091
0 0.42019350418058626 0.4769360651466487
0 0.29587759197009766 0.4512651337140537
0 0.3835675409574549 0.4825064288905224
0 0.2824732920288537 0.4618114084535646
0 0.4169421507839412 0.44743667364403306
0 0.47378951788954593 0.336376428604126
0 0.5061483151802031 0.3852217986490379
0 0.489204296079869 0.39136023495969396
0 0.5150235071463927 0.3730153698089708
0 0.4071144494326306 0.26483904389158547
0 0.3521461677953664 0.26027864974305864
0 0.3073371492860689 0.2644740262489726
0 0.27412881076587403 0.27329729827980415
0 0.2548027531507146 0.2847675171328326
0 0.2576063745635471 0.31594532593854946
0 0.19869599563663015 0.3637124423030432
0 0.29248223224269687 0.33741258995105927
0 0.32551708050418 0.3384401704917175
0 0.3642550188780837 0.33247969894363927
0 0.39867629833865265 0.32303347777075897
0 0.42426097191838774 0.31359150351720066
0 0.4414930232969517 0.3056296313784725
0 0.19050207268839647 0.3595588102600894
0 0.4906705280899499 0.39524815190022244
0 0.4987373150853668 0.33887335626256
0 0.5289637358379766 0.38338307101248564
0 0.5453750433298102 0.38844412331903533
0 0.5283212490725618 0.38567226198927224
0 0.4997725677892629 0.3984278624309481
0 0.5526296589444961 0.38903037212073166
0 0.5551343215668755 0.3917692727182825
0 0.4338838354947698 0.2930026705578977
0 0.45258009836140567 0.29446287157979584
0 0.4647698684080744 0.296023911570032
0 0.2888416635336252 0.30308694425143945
0 0.2655720962250786 0.2982668357670378
0 0.5665644734217647 0.3203073904042001
0 0.7004008695546082 0.24433209095702618
0 0.598723533284312 0.3815355306559752
0 0.7371676612000928 0.1594079961980365
0 0.6335997440643955 0.27291562633582284
0 0.6597569511912543 0.26923712745114436
0 0.6840947076741151 0.2640049518356685
0 0.7116264190351913 0.24779902658428585
0 0.6106263303555517 0.27383991831986504
0 0.6493301944893624 0.21778036585057758
0 0.6191525801324643 0.22587112401869514
0 0.6792525561047003 0.21523237369804338
0 0.700034900053644 0.21861387812228672
0 0.7340573127762677 0.25453858316156786
0 0.7186246833720791 0.4927318800386585
0 0.7065692682306475 0.23748989808036197
0 0.7813641672898949 0.22896079406195263
0 0.7520260700193638 0.23708694805595515
0 0.6848653700784288 0.3373760925351796
0 0.6112248756714511 0.41905481620191254
0 0.6146524656674027 0.43472907933476135
0 0.6443426438021761 0.42052903350703374
0 0.6655064936931626 0.4243446223676417
0 0.6376445544922905 0.4328740597619705
0 0.6550940964292373 0.43291934090859807
0 0.7173289598794929 0.4408969686831727
0 0.5964568606911832 0.37464609986098213
0 0.5934648795469903 0.35838599377538244
0 0.7231543013818154 0.1982367388718493
0 0.6112582633263954 0.3053471315232319
0 0.6476532004553558 0.35792422464309637
0 0.6442040713024542 0.3483911228066803
0 0.756535835909944 0.3209136417610648
0 0.5800368826097577 0.3378978983221812
0 0.6611961905966328 0.1931052282894492
0 0.6969969373212082 0.1913459021001524
0 0.7059751562931367 0.1358028069085498
0 0.5545229469170551 0.2286242003401262
0 0.5969191090467107 0.23868696403955933
0 0.7284908727251528 0.4222293376639786
0 0.8057364491973749 0.37884289683820516
0 0.6313479801773522 0.37076580708278595
0 0.613308641980972 0.3791607345409099
0 0.6895736963940069 0.43333200231848523
0 0.6823824427801849 0.4343972108542283
0 0.7020722532071142 0.1786627312006334
0 0.6495610047996295 0.36447207557207606
0 0.6150383657543971 0.20365754727932622
0 0.61240631216186 0.19004389519934695
0 0.5973559733684556 0.11673321149810212
0 0.7042329562867241 0.1561526093335904
0 0.6010293216141971 0.15310108909120482
0 0.729826810490733 0.188219125867597
0 0.7356725141468934 0.17363294375748822
0 0.6140190810593875 0.42732709031088073
0 0.6414871557855405 0.4270556063555879
0 0.6607934593651366 0.4286344747102133
0 0.6258667943849845 0.3746474623538704
0 0.6859393069512734 0.4339095253678545
0 0.6798667163285526 0.440022132292054
0 0.6786540107888008 0.43499073594773224
0 0.6205215916854923 0.3683707475096588
0 0.6499682086429516 0.4357924325610395
0 0.6337704095156383 0.4366181612297592
0 0.6136988577460438 0.43920918786511587
0 0.653250674155191 0.48402053534913886
0 0.6437207153577845 0.4740709165378539
0 0.636540878674149 0.46523033794842017
0 0.6280906632982729 0.4564037901368147
0 0.6204042052417867 0.4500890704377832
0 0.6540698683211572 0.44178856083789614
0 0.6625189851607954 0.4437583197054065
0 0.6725102899446769 0.4469809342675079
0 0.6813707693719663 0.4508874332918957
0 0.6910204686193023 0.4005235504283882
0 0.7988184172392897 0.2954494323877536
0 0.6643993653325592 0.4387586375572503
0 0.672021598252566 0.43914944110250415
0 0.6086220902229663 0.38658347983942903
0 0.6434789589185755 0.37504774537092145
0 0.6108849964061367 0.3830487964274903
0 0.6421751925713906 0.3096430426107748
0 0.6904263174483545 0.31314015600604944
0 0.6500288635366577 0.354489206136475
0 0.6620231529831383 0.12063273861739135
0 0.6612395435445922 0.14829134424951718
0 0.6621714161418158 0.17888694824838694
0 0.702394869760119 0.45573095056368645
0 0.5518788486593383 0.20584756616737213
0 0.5371231529783096 0.16356200510072538
0 0.5257013970789527 0.1215146483758449
0 0.7033943415694096 0.2566687103409501
0 0.7631571061500517 0.2603818803212538
0 0.5949595950323822 0.27307029826785323
0 0.7240450573369923 0.22133971908055733
0 0.5889435397924753 0.29847977601195
0 0.6326387602568678 0.3553116300352103
0 0.7882270762689003 0.26561433133422835
0 0.7560527153658968 0.2755285978034439
0 0.7297259020905957 0.2880253390909514
0 0.6802258199780299 0.2950097820229943
0 0.640539040545371 0.29561649720722527
0 0.6102937092760947 0.29389534980801074
0 0.5465337636601573 0.28471455384545197
0 0.8007204542683146 0.3009139855137075
0 0.7385323178416063 0.21565331152749656
0 0.5897897265631439 0.38377422242826414
0 0.6187700541210577 0.32284600454717344
0 0.7754244603185211 0.2234989514271701
0 0.5866108765581992 0.2897197439435821
0 0.650140914232922 0.35435272493396364
0 0.7167023626560903 0.2358394118814706
0 0.6271099450719004 0.34388744604827953
0 0.8054162651174682 0.33539636137929535
0 0.5915791636277855 0.2673790495166575
0 0.6037516121119889 0.33897974666468755
0 0.7887211429418893 0.43309469664224104
0 0.7852907281384689 0.44715365198300544
0 0.8107823007720433 0.29676413656270945
0 0.8050635172847957 0.40448176620410997
0 0.7585993969993752 0.19872280096244133
0 0.7266641638952972 0.5053227637869042
0 0.5865462983207863 0.38741173056945255
0 0.6466318363881816 0.33035165898740504
0 0.7698184729628422 0.23529754556087978
0 0.6784709868048817 0.25511040983109573
0 0.6566824228954717 0.26028843360156495
0 0.6871742578498422 0.4412719731087645
0 0.8061924202029715 0.3338530917750276
0 0.6908731862965516 0.5336342644154106
0 0.7443469093821723 0.496623304673644
0 0.7636374018866302 0.4758159800356393
0 0.6343714657715102 0.26343696623651724
0 0.6128556919500294 0.2655033461422541
0 0.598851669689774 0.2673195201731237
0 0.7492603481067384 0.20869564013124786
0 0.6077854371775052 0.2501316433982351
0 0.6274533161131138 0.24013626511835118
0 0.6509156569146909 0.2343139126631713
0 0.6752958247430214 0.232386941870195
0 0.6911510767312995 0.23395870786827513
0 0.7587624511638271 0.18729122472686133
0 0.6920861272369256 0.24962581066615783
0 0.6645902360038918 0.39614093261257183
0 0.6312891692551883 0.3683426569647919
0 0.6178516778261852 0.40005212788904265
0 0.7688274755759581 0.4604077798757406
0 0.748713630161205 0.48252790989542066
0 0.6923742575987482 0.5255688283225678
0 0.7986607772891532 0.4166095473163917
0 0.5962488057744151 0.2610400658485304
0 0.578250898087578 0.3079736264574994
0 0.7221577720803047 0.5164920166576743
0 0.8152142275234818 0.3333370548408934
0 0.6394021732394706 0.44555628851215184
0 0.6485462711833198 0.44966455244084697
0 0.6585002257351131 0.45580727915464064
0 0.6675724087888179 0.46313534569202935
0 0.6820205535566757 0.47060574925242793
0 0.6690333442848946 0.4335763523728539
0 0.6751242569227259 0.4310660316992202
0 0.6802158154515777 0.4284011985342132
0 0.7132685737770821 0.40959618764698574
0 0.784494917100995 0.3509135029918358
0 0.5669221646675078 0.29057908560174783
0 0.566682879934834 0.25760909133675824
0 0.5829385483818215 0.2568897965539817
0 0.663221302917738 0.4356103803197967
0 0.7949923332230451 0.3870854570065246
0 0.5441556288723202 0.26125404970501664
0 0.7011304545503125 0.4810303852651467
0 0.5574065260746308 0.3034993882422487
0 0.6098132958392051 0.3303400922924598
0 0.6687146118421595 0.4978894084373827
0 0.7400587339441485 0.4414424586550621
0 0.6771375207458368 0.36271170577120526
0 0.7237668138013107 0.46264255810462707
0 0.7326431435371753 0.34912959395212917
0 0.7073430693099267 0.3744900509414582
0 0.7610153528205453 0.37062697775423314
0 0.684633578932235 0.5132144675418858
0 0.627119635730856 0.33620475450020243
0 0.7611129656119688 0.447226878728448
0 0.7403797026927964 0.4706940503872728
0 0.751384721023624 0.4180784595960117
0 0.8068881075090497 0.3619091394815864
0 0.7769940332018374 0.4123782531788058
0 0.8145646002725206 0.36857512144290117
0 0.7332732325364769 0.39194016411352556
0 0.5979291738840095 0.3151682411648625
0 0.6277870749622457 0.3642571785554626
0 0.6420784036821454 0.36496538496526537
0 0.614406197382931 0.3558925158329847
0 0.5799189468979332 0.23750836420737975
0 0.6177121637239738 0.21815892145444207
0 0.655458025791474 0.2087825787732044
0 0.6876284241173338 0.20627498308534725
0 0.7107446083036656 0.21008748459504875
0 0.7316364920089014 0.2368424530555345
0 0.7997487597324677 0.2620399471986619
0 0.726142712283235 0.26426927545599527
0 0.7031128808918885 0.2744168905742369
0 0.6693908785968893 0.2808823541672911
0 0.6354230003517891 0.2834480007489522
0 0.6084260799713779 0.2834698296243751
0 0.5891517124095547 0.281908717161113
0 0.7870640402604759 0.2589495669197499
0 0.6417706958352262 0.3690447176619922
0 0.5888841403687554 0.323462228192412
0 0.6123913642223374 0.3689098598552627
0 0.6005799810594648 0.37877100359644045
0 0.6118187522083395 0.3712492891336534
0 0.6358203566024072 0.3747068902351678
0 0.5970915007691846 0.3812455225952438
0 0.5939742080269986 0.384901641809502
0 0.5833256254719279 0.2697241751748896
0 0.5715671289822221 0.2757162159730814
0 0.5652801668593652 0.28030281636779986
0 0.7000921024048882 0.23578218718016275
0 0.7133549658055044 0.2247248326614941
0 0.34700274266271147 0.2963222685233554
0 0.37800057125493947 0.29118164083428794
0 0.33911678257873795 0.28091256092451644
0 0.3154457591253997 0.30144225589462587
0 0.3545013510225191 0.311727627740636
0 0.6401423904966201 0.24771463899284354
0 0.6720583992165352 0.24217877240933275
0 0.6315111912755523 0.2323228032422094
0 0.6079599475055807 0.2532320974277573
0 0.6488735172818985 0.2629495416530369
