0 0.40704823345071656 0.4443550034731376
0 0.4382999144525971 0.3969856963104227
0 0.42655968565478103 0.410236235927133
0 0.44730898297788724 0.34816250213387967
0 0.4472379100976614 0.3836703023322824
0 0.4577057834415999 0.36603026430146035
0 0.48169256363236956 0.3228924119171976
0 0.3440840294592491 0.2797524823027165
0 0.5046818487754854 0.2852064554764777
0 0.5163215041663576 0.26741342384274264
0 0.5491745884408428 0.21490844483135127
0 0.4031561105060175 0.45029846910669025
0 0.39858286491426237 0.45643281602725927
0 0.39523490974168735 0.46048667384128944
0 0.39480693330241656 0.46024481956364394
0 0.3910258711641851 0.4666523657926992
0 0.3860459709972269 0.47429913532834095
0 0.3804786859182366 0.482238806763283
0 0.3674123216781938 0.496993609336244
0 0.4330501485977495 0.4036278824846284
0 0.4135565476075506 0.3978730343303093
0 0.3006424893809773 0.20780459113147745
0 0.38917393221633845 0.30570793410643143
0 0.36934354234848343 0.30146473737991825
0 0.35139244920593776 0.29567642964902713
0 0.3313440723258232 0.2821969096066237
0 0.40796886114128533 0.30746515892466914
0 0.3900903649470977 0.2573468925572243
0 0.4112288428761285 0.2649630633722834
0 0.3671773133901604 0.25464466481315656
0 0.3490330710189755 0.2571102873283942
0 0.3078213029772923 0.2857773455084205
0 0.2781214703990437 0.4924582321436799
0 0.3391684419495144 0.27450791134887714
0 0.25252227139372363 0.2595770666245319
0 0.2907617293329682 0.27031714291799636
0 0.339505396814789 0.35682701496850877
0 0.3855226573058825 0.4358523902105016
0 0.37797882184700626 0.45088743228538364
0 0.3579207422361092 0.4356038191405331
0 0.3383811174062737 0.437100469732151
0 0.3589213608689449 0.44723561180739846
0 0.3430998436006313 0.44496958997069286
0 0.2926422936000904 0.44621647539592924
0 0.42189081610506596 0.39173570216870773
0 0.4274220667810883 0.37822467539490773
0 0.3294101505842893 0.2386313965674542
0 0.4009727697332197 0.3342164635491304
0 0.3751561873069795 0.37550504618332164
0 0.3771586619348969 0.3680331371411556
0 0.2806782380438052 0.3383927286839953
0 0.4381254011065648 0.362049868293837
0 0.3893273047757048 0.23483051305391542
0 0.35746533257045826 0.23299954034367196
0 0.3349316532601787 0.19072559183719112
0 0.46625474937857453 0.26899555183592294
0 0.425868317044737 0.276605826799943
0 0.2872962096572425 0.4294226288127632
0 0.18875759965759792 0.3865342181937701
0 0.385597095207826 0.38693008603168133
0 0.39883148418700143 0.3956987091473171
0 0.31377476579529323 0.44053745236383435
0 0.31845255340704937 0.4417049801316248
0 0.3520801660883779 0.22185444147313008
0 0.3700963414671049 0.3817271840672533
0 0.42549055940491237 0.24517337815100407
0 0.42977975491229997 0.2334828135513124
0 0.4331026308647188 0.18609896577706858
0 0.34111644245904205 0.20339575084317632
0 0.42980365712934404 0.20909263556744873
0 0.32027376955571557 0.22919594523619538
0 0.30944365086937753 0.21662090347260654
0 0.3810451413005716 0.44379512151750194
0 0.35822469574489674 0.44165251452047954
0 0.34057222941756754 0.4410276538183709
0 0.38859978104442483 0.39104412132952393
0 0.31615703518380595 0.44116154187867623
0 0.3234706609057978 0.44614045125763624
0 0.321059041888402 0.44233742832135753
0 0.3989692237306748 0.3845908760356636
0 0.34492732200944476 0.44764807261004835
0 0.359722658551695 0.45086765506354365
0 0.3766030561068893 0.45515605331468983
0 0.34098163033336526 0.4880601760386085
0 0.3571616808573405 0.4747138848157824
0 0.3636647739490879 0.4670565176744755
0 0.3702965828939832 0.46008650228088976
0 0.3761634152649827 0.45491701013901653
0 0.34462356466784255 0.44750500493356826
0 0.33889507543185593 0.44911439812817827
0 0.3320300840627292 0.451595929490418
0 0.3255131234599568 0.45497751102394085
0 0.3268149643507688 0.4118962787112602
0 0.21137069649837187 0.31453458284463537
0 0.4299646198498046 0.40667131084020064
0 0.3334935214449082 0.4451929357539372
0 0.328734626246907 0.445576464595581
0 0.40127667797265676 0.40293834156015007
0 0.37151876481776497 0.3920008910804236
0 0.4001538773629233 0.39946061038837377
0 0.3745605482833798 0.3360774752472629
0 0.33626970963136055 0.3359329149502666
0 0.36976863663910814 0.3734161237708661
0 0.37747458164198994 0.18233300958360946
0 0.37971941328249903 0.19952068408998122
0 0.389516304313885 0.2227358712034733
0 0.3024155087611846 0.4599958504615378
0 0.4730733094839104 0.2488361942667921
0 0.47819970126896466 0.22464225856529899
0 0.4883304386702268 0.19750897991223162
0 0.3373137264815061 0.28908055202633726
0 0.27943382886894647 0.2896117383525485
0 0.4215550382429034 0.3075955642037699
0 0.32449667564424284 0.25899336493315817
0 0.4211756961758127 0.3295792771988556
0 0.39116192065210786 0.3733234569138172
0 0.2514631194907402 0.28931296547921764
0 0.28758475649708937 0.3021711200392213
0 0.31085536047376155 0.31357256404492034
0 0.3503639446532173 0.3220189055140947
0 0.38168202070244256 0.3245598929268973
0 0.40670531812096444 0.324146673375485
0 0.4605412744771579 0.32030679515095983
0 0.2369845325936748 0.31857936055052516
0 0.30942531678244034 0.25273057801716803
0 0.4233091350346175 0.40022455844558585
0 0.39499703439479134 0.34828096644885065
0 0.2463784358672452 0.25671682012181324
0 0.4274002771337324 0.32122109984817293
0 0.36659069805708616 0.3737871394771822
0 0.3291129120291537 0.27234445741864477
0 0.3946699331581341 0.3646172750897768
0 0.1971580217659222 0.34839883371561514
0 0.42500024707005496 0.3031806166098565
0 0.41698816053978 0.3615895938806507
0 0.21043371148250273 0.4345845832210295
0 0.19891696237813572 0.44798117575525237
0 0.2154068061571081 0.3145171565001084
0 0.1993943276787609 0.4084148906192192
0 0.2818828856391746 0.23650063102652713
0 0.2629385074985681 0.5044957936978808
0 0.422553981909772 0.40393695443952116
0 0.3702508004908823 0.353271219743734
0 0.2705319732553345 0.2684257190768458
0 0.3595237752053305 0.2886451421832504
0 0.3746256757889116 0.2939032711067787
0 0.31819886396705854 0.44718307156522735
0 0.2245321867335195 0.3462462137226297
0 0.2864584248780198 0.5346222491491408
0 0.23514237182552805 0.49600044452175707
0 0.21670925063925955 0.47530854482944607
0 0.532086796901397 0.24207258341359159
0 0.3293856296861222 0.5503739729648879
0 0.3909744753616269 0.2975823443476893
0 0.40743199682436915 0.3003381447297852
0 0.4186589315470764 0.3026453877697472
0 0.29524144844666816 0.2457530995210012
0 0.4139059968135528 0.2872465816365571
0 0.4001898664965408 0.2779804929798725
0 0.38440302555068134 0.2726295976912608
0 0.36644487038946355 0.27053358533135313
0 0.3537323766619847 0.2715610928562175
0 0.2726013258036682 0.2288669592359153
0 0.3501325277336539 0.28386447768585354
0 0.41898396548339584 0.4215613697089401
0 0.3508841800287303 0.4093103634209192
0 0.38738322760988386 0.3843530518334119
0 0.3915058319075701 0.41487808671652104
0 0.49216668414667186 0.30457900301748964
0 0.22482781068182192 0.46017093484809085
0 0.24210805731986645 0.481981354601243
0 0.293949476274257 0.5253844456512387
0 0.19002541308664572 0.420200273937204
0 0.422022323568159 0.29740672510545124
0 0.43413232751033476 0.3374939472401509
0 0.33724156713686915 0.5413866560666167
0 0.2571304951036027 0.5161174365452358
0 0.20302156456412143 0.3455247431576085
0 0.3592891894312348 0.45063306487241045
0 0.35248713754903416 0.4539880031297187
0 0.3455161102713412 0.45887668359847295
0 0.33859914968788374 0.4652559695457544
0 0.3179224342233521 0.4743580938387318
0 0.3303530507952855 0.44325265346788895
0 0.32678747076525466 0.4409295637734464
0 0.32408312503798603 0.43859438385282246
0 0.30490603225643625 0.41890132093295995
0 0.24792071736814603 0.3623542384941037
0 0.4417622803635738 0.32397976108625826
0 0.44743763847190116 0.2945179197968555
0 0.4340077462578625 0.2935345192082456
0 0.33370945624661347 0.44528443339158175
0 0.22328134931089505 0.3933028044486914
0 0.46654260208838094 0.2979708112755409
0 0.29755190555556416 0.48256138693384765
0 0.4659540401732368 0.3512331210598558
0 0.4531746836151252 0.3348577555154218
0 0.47347671975566363 0.33759466180948317
0 0.40665927919154427 0.35450208437542957
0 0.347071640602144 0.5274654571749583
0 0.3579616204595767 0.5110224759211394
0 0.325151210092794 0.49950693351547926
0 0.26821852836930804 0.44446257165834013
0 0.3426198224981123 0.37956892943181914
0 0.27882023300299663 0.4645778471682252
0 0.2987985027490286 0.3638831048118634
0 0.3161641273820451 0.38768485447271867
0 0.26846363172249454 0.3808165611673136
0 0.307434793263045 0.5128587971882326
0 0.3889386070428518 0.35894633708547813
0 0.24277555389243338 0.4484330417395306
0 0.25886422068760867 0.47115313906629547
0 0.26485795813773755 0.4233339063259734
0 0.21523307747981718 0.3704560333941163
0 0.2373961366178617 0.4166112430289346
0 0.19594004989173341 0.3762540929123801
0 0.289883654831834 0.40146947858714255
0 0.4150447775039995 0.34266877550036967
0 0.3943289493206684 0.38077009091524183
0 0.3792002040122632 0.38136091986958054
0 0.40869851253203704 0.37469589660147656
0 0.44171981771284013 0.27631751470873
0 0.4165359046388779 0.25819526074313315
0 0.38952252130468185 0.24910686855890504
0 0.3633133178018819 0.24632401442995258
0 0.34127983463464406 0.24938249337573012
0 0.31241829988825676 0.2719031268475102
0 0.23098623802893273 0.2857968117676529
0 0.31539326579258914 0.29413444070922895
0 0.33348267189058073 0.3032821023664555
0 0.3596453234113218 0.3105892136651261
0 0.3860689829170452 0.3145296074429146
0 0.408329039183347 0.3156624815377201
0 0.4247793929989328 0.3150019472052737
0 0.22781474278445987 0.2848740986415318
0 0.37679994760183344 0.385493986079005
0 0.42731055328111606 0.34964862975085814
0 0.4084981202073238 0.3855771996727845
0 0.4143263981815129 0.3951620374407087
0 0.4068815366125308 0.3876738588349158
0 0.3795012753724046 0.39143996429042655
0 0.4175829545355044 0.3975541110800094
0 0.41675162818361433 0.4012105089275777
0 0.43194290555479153 0.3051539853173478
0 0.4404327195404954 0.3101581946140578
0 0.44622873555758835 0.3136622705379454
0 0.34584727065975657 0.27299883469146174
0 0.3353117649062273 0.26246172991119515
0 0.4811424806651184 0.35803245529741135
0 0.6164784934450303 0.3589049417431615
0 0.4493934856688423 0.4083242636768758
0 0.700192990685314 0.32715946569496174
0 0.5560267987633556 0.35366984892960024
0 0.5732107122236163 0.3598869865348025
0 0.5907988809835055 0.3649594832201298
0 0.6197656518799343 0.3659476228788787
0 0.5429371057180413 0.3469339883794971
0 0.6117792028918045 0.3202436697416279
0 0.589206365593375 0.3157306072257814
0 0.6299529457897074 0.32916720198983906
0 0.6384465322212831 0.33968449223275277
0 0.6267099702408545 0.37862255827051583
0 0.4278164986316665 0.5347374296989762
0 0.6260126411663329 0.3572846275417745
0 0.6785005215351089 0.38566108494579626
0 0.6532064832212553 0.37506320563351075
0 0.5341442587003427 0.41336899762060125
0 0.43072386230597515 0.4479641101273502
0 0.41779247617922755 0.4617647550353149
0 0.448503550597887 0.4594391278859948
0 0.457818594662952 0.46913889743366827
0 0.4333370355614127 0.46728461496636314
0 0.4447074137659516 0.4724928406106324
0 0.4689795115829017 0.4965332602920319
0 0.4544461487717769 0.40122414152829255
0 0.46572947401537673 0.38937549597742843
0 0.6700732396121769 0.3352581012148817
0 0.5175699423134076 0.36830138592492967
0 0.4963984026687558 0.4106772057816428
0 0.5022245077141226 0.4041658726726927
0 0.588830328188868 0.4281569363690224
0 0.47458720710207136 0.37263978696336936
0 0.6408351242290771 0.3053248406124382
0 0.6614920720772401 0.3188881588583233
0 0.6999176926753692 0.30037067141853463
0 0.552800391796772 0.2905719162536268
0 0.5665093997359779 0.3174375307326223
0 0.49051731045236063 0.4875279324395316
0 0.5796578523981923 0.49998046737425134
0 0.4765291415186371 0.4133934019660415
0 0.4590015733292334 0.41321214808135476
0 0.4660753318529089 0.4829260838799784
0 0.46175162601068553 0.48135395644425677
0 0.6757017288529923 0.31393509669130254
0 0.4916718901461187 0.416772247028618
0 0.6074792785483574 0.29459471512241525
0 0.6174603554769911 0.28508020465781375
0 0.6517291330587008 0.2523566765778539
0 0.6871365253432391 0.30742153709008246
0 0.6316336458745385 0.2706076815014794
0 0.6832139964848128 0.33328047853891923
0 0.6905256303553843 0.3305125132996161
0 0.42458502149783106 0.45563993600904107
0 0.4407907397435184 0.46381598877973584
0 0.45148740438469354 0.4709562624202055
0 0.469814187866726 0.41457645298720075
0 0.46381633090570507 0.4821473340026471
0 0.4541334884579172 0.4821875103715421
0 0.4592657652585315 0.4804860971221069
0 0.47293001689991365 0.4062998722247383
0 0.43959297308941936 0.47320290506720875
0 0.4277164231875778 0.46918417358932707
0 0.4129147640260463 0.46501677710802947
0 0.3938642292586057 0.5031475095855755
0 0.4037229582227232 0.48741907064988166
0 0.40815722690855905 0.4791596052693386
0 0.4113214488773909 0.47121023180104105
0 0.4125765265291753 0.4647671612036996
0 0.43924512340046684 0.4731191690562486
0 0.4415357223542934 0.4771621058635017
0 0.4433942404477405 0.48216915113919256
0 0.44403878545962305 0.48758077120580595
0 0.4858837208164392 0.4574757597359623
0 0.6389805596589037 0.44065760831539036
0 0.4481393737632011 0.4764593801244634
0 0.45122100934700626 0.47922085246452095
0 0.45017341621817414 0.41708935425728977
0 0.4788304240391727 0.4228084292732367
0 0.45438723825704197 0.4152232552108978
0 0.5320518187832731 0.3820349375406901
0 0.5569468832217188 0.4003246635282073
0 0.5001761601444035 0.41103055881185024
0 0.6866266717387655 0.2756819195774089
0 0.6699508312885268 0.2874833983199603
0 0.6536764092586211 0.29749166765132873
0 0.4481308631253142 0.5015140852006543
0 0.5708169896894366 0.2742922028072742
0 0.5857232210505361 0.2573780012564833
0 0.6068314137841075 0.23340717500665276
0 0.6075982765809393 0.36777812292595874
0 0.6382513006025226 0.3938751995396547
0 0.534945164048722 0.3414666935676286
0 0.6499062268542841 0.352022990960033
0 0.5103326105367282 0.35569506132302164
0 0.4902059176803138 0.40220820135763047
0 0.6533071622566835 0.4075237464170162
0 0.6198401954103623 0.39909738118575067
0 0.5934165359046388 0.39601773190565137
0 0.5604974489171797 0.3826684803188014
0 0.5390452996587954 0.3695024976543352
0 0.5243285054395973 0.3577072630409433
0 0.49753994478958063 0.33128551658795996
0 0.6329170621397123 0.4344713928318825
0 0.6639242132001788 0.3541612196035412
0 0.4427938783219092 0.405895595957919
0 0.5079819542446217 0.38115906782176984
0 0.67826237457211 0.38480650994624077
0 0.5151259406206476 0.3462728943143572
0 0.5002086031789015 0.41225430861908513
0 0.6331189030836403 0.3602171541929913
0 0.4960885490546247 0.39406197612025157
0 0.613237268311062 0.4703029424202542
0 0.5379591672229365 0.3372044534910293
0 0.4870223656988345 0.38196189864342955
0 0.5260210359146826 0.5247832181073037
0 0.5138056751041976 0.5376831162877443
0 0.645070373760497 0.44066265834813695
0 0.5585258781658446 0.511801325306505
0 0.6855592506344308 0.35645826306997563
0 0.42357712958935445 0.5496837354841686
0 0.43777202855685593 0.4083701368807411
0 0.5179866919537637 0.3961657501068436
0 0.6660784005112789 0.3824014256314403
0 0.5953654116216088 0.3570736705088148
0 0.5792318678103419 0.3529615507406347
0 0.4564723747189035 0.48545746876746
0 0.6113191455728394 0.45902119414145204
0 0.37437376694337227 0.5592764095098031
0 0.4449109145860632 0.5547630733468619
0 0.47658566784758105 0.5485545680636451
0 0.5645425671766579 0.34792656858428184
0 0.5514104114806099 0.3427090638158034
0 0.5423100346754371 0.3396458706768955
0 0.6769404793590433 0.3557951166516259
0 0.5620134591050289 0.3294375653193444
0 0.5811038158110928 0.3281902445464575
0 0.5988051277675709 0.33174509444490535
0 0.6139639319246831 0.33933643800537794
0 0.6211293457932613 0.34695080523731325
0 0.6933258716567157 0.35400155896232244
0 0.6073827341136047 0.35870791583501993
0 0.4743864224429875 0.4447344027313532
0 0.47881633018139547 0.4111144192078534
0 0.44399421023920116 0.43001873169292587
0 0.4913113650390368 0.5358282118952241
0 0.4587538292639366 0.5431282954389641
0 0.3825601253831437 0.5503371549921543
0 0.545781228109754 0.5224640589802205
0 0.5461579294647345 0.33398411228877156
0 0.4973170083283372 0.3559594044164449
0 0.41169780316735116 0.5593610659700816
0 0.6201993926164973 0.46739730781533806
0 0.4274514465895383 0.4690108305933763
0 0.4284972591239189 0.4746215662368539
0 0.42791080977846296 0.4813180837978502
0 0.4255551738578056 0.4890048306863181
0 0.4231527746981206 0.5042762540969528
0 0.4534215524729797 0.4769027630488078
0 0.45867355161578344 0.477040109013309
0 0.46351824732269414 0.4767172551956497
0 0.49147499865117455 0.47233780709301393
0 0.5828795513523279 0.45965742363649253
0 0.5043106401016944 0.34245274355765487
0 0.5329561495076754 0.3194071181348058
0 0.5426687188289336 0.32604373185908425
0 0.4482637437587046 0.476473783912445
0 0.5632797937352949 0.4914300653780876
0 0.5169067463291346 0.311729812071103
0 0.42632164432026665 0.5189711777102045
0 0.48931100298080765 0.3454547890094148
0 0.4967938153552607 0.38080476946523545
0 0.391347977682508 0.5182316091214242
0 0.48471531888100666 0.5063280600125716
0 0.5088253222437348 0.42739268978770706
0 0.4568669423775331 0.5151334513469237
0 0.5523062919262592 0.4374177262228744
0 0.5168945537840767 0.4455486023459448
0 0.5523884105279979 0.4629321335410537
0 0.3881973214290313 0.535758282624039
0 0.5020153934945537 0.3917054766032542
0 0.49497275010442937 0.5202888631019271
0 0.46161618011410227 0.5286026598692608
0 0.5097460102934375 0.4936464327056201
0 0.5908713723033793 0.47953271064437736
0 0.5319516226209166 0.5011778226753577
0 0.5927770308804411 0.49150439787979555
0 0.5183288075249909 0.4672725247401817
0 0.5023709691526518 0.3681999374838436
0 0.4804267118751751 0.4059336577810827
0 0.4875650546721768 0.41289715539841426
0 0.47975491471431425 0.3954083198258857
0 0.558554246958801 0.3088165526630498
0 0.5954304787680067 0.3082245544893067
0 0.6232412213514625 0.3151505748931767
0 0.6426043409838456 0.3255277453851299
0 0.6519395449996498 0.33789187986977626
0 0.641082747576106 0.36691499023544355
0 0.6647828218806142 0.4136875228387635
0 0.6134745702461855 0.38107478451662036
0 0.5919260878100174 0.37842073109971375
0 0.5680211546048837 0.37055011824065565
0 0.5475312808394935 0.3606795680289175
0 0.5329545499906259 0.35169279842483564
0 0.5236280980492443 0.34384576896993385
0 0.6592560377805042 0.4125003671111847
0 0.483592789887376 0.4163846383575632
0 0.4909379532568565 0.36820001211486947
0 0.4682499507308509 0.40300108137584867
0 0.45284636010600543 0.4064337851620522
0 0.46565447779144414 0.4049330298640147
0 0.47494492550942463 0.4188734089293066
0 0.44897595135974483 0.40671628847175617
0 0.44403193469791974 0.40912818908691406
0 0.5313405467488092 0.33525892215616565
0 0.5192855601572286 0.333399017484916
0 0.5116608132792928 0.3323724428478743
0 0.6241395161624699 0.3525165508107311
0 0.6405665864421346 0.35011626775859117
0 0.38007314798701164 0.282972363280315
0 0.40016674894823806 0.28833915497742446
0 0.38754544278237385 0.27044120455990317
0 0.3596039321352158 0.2775403813821595
0 0.3725203039273934 0.29547959031845006
0 0.5806453881887444 0.340331916381665
0 0.600948359895859 0.3465822399163446
0 0.5888210328822397 0.32866153947445526
0 0.5604023531016418 0.3340030561308233
0 0.5726767451451298 0.3520188738151091
