0 0.6266593093052506 0.5960526505485177
0 0.5967262736521661 0.5397418490611017
0 0.6031802631914616 0.5585790569894016
0 0.5421367324888706 0.48748032124713064
0 0.5864438996650279 0.520792783703655
0 0.5707083083689213 0.4959322616457939
0 0.5283473652787507 0.43342551388777795
0 0.3854730067774653 0.5044774744659662
0 0.49080654298886656 0.3734703313559294
0 0.47440008651465176 0.3451174605637789
0 0.41908016689121724 0.2542153570335358
0 0.6312023081816733 0.6036002826876938
0 0.6354600268416106 0.6120287747122347
0 0.6378049021586776 0.6178874291479588
0 0.6475320247001946 0.634692444652319
0 0.6532557982951402 0.643186001572758
0 0.6598857599310577 0.6538968367502094
0 0.6659510442055762 0.6647388091310859
0 0.6726320032961667 0.6846032295376062
0 0.6007612481713295 0.5493173660710454
0 0.5831266598775983 0.5595273439772427
0 0.2516126677859575 0.4685131398495287
0 0.4489107200875878 0.4944099584594369
0 0.43101152358576655 0.5060662668198347
0 0.41148204994387927 0.5147552268579603
0 0.3793020222336054 0.5156392131932079
0 0.4616398342885077 0.4808094151318073
0 0.38380338456481694 0.4451119924895465
0 0.4065743006300181 0.43454386238008735
0 0.3662460725288838 0.4614547797478735
0 0.35822856733575464 0.47843067310750487
0 0.3678100594785064 0.5377306038513779
0 0.6122927835211158 0.7393173530697823
0 0.3743119911756366 0.5022250410169363
0 0.2936515533365309 0.5579814187251031
0 0.33420913997106255 0.5341505060903728
0 0.4844204037915915 0.5807287385687232
0 0.6036407029256224 0.6056605784222484
0 0.6167660956270993 0.6233960601501167
0 0.587348235026002 0.6278331178240478
0 0.5786838357336819 0.6456476292572916
0 0.6016516396775842 0.6360686384141445
0 0.5911966414190829 0.6479012785479427
0 0.5686467630788684 0.695327056851238
0 0.5817555466666817 0.5483049868606031
0 0.5690316979773342 0.5319555993191898
0 0.31811305615119634 0.47496074796654286
0 0.49263138403184714 0.5095750120468437
0 0.5343913599848747 0.5696386302821338
0 0.5253073124215006 0.5609012450091541
0 0.42360855559818444 0.6123530917800963
0 0.5547531582415104 0.5082476256415248
0 0.3528287527151406 0.42507367199286816
0 0.33002853505313395 0.4486607562750578
0 0.2531300452072173 0.42294810293242335
0 0.4449182759504765 0.392376390658319
0 0.43070836663246154 0.43392089987173676
0 0.5455194336362184 0.6838841460645199
0 0.41947169993072747 0.7156536012887955
0 0.5549388487823308 0.5715933909639717
0 0.5719252916052937 0.5683139534667134
0 0.5720017715357244 0.6716183536686003
0 0.5764765787869692 0.6684542126953602
0 0.31022078562527894 0.44127193042077123
0 0.5378758285194636 0.5783496491611004
0 0.3884686278179288 0.4041725555434823
0 0.37595015033148227 0.3893560663796961
0 0.3097638887353241 0.3312236562371254
0 0.2814454149454832 0.4327078373171389
0 0.3448178619146347 0.36111210025846957
0 0.29804477766156195 0.4716123027727008
0 0.27579844631254674 0.4717848480679095
0 0.6103400588035583 0.6154102734290063
0 0.5947613927535713 0.6323872089385987
0 0.5849256771616638 0.6469714723527431
0 0.5608047911897301 0.5725228845141828
0 0.5743168414570391 0.6700325835496187
0 0.5854952950030565 0.6711112087592482
0 0.5787230995483696 0.6668498228304088
0 0.5603347955271601 0.560246427450329
0 0.5955265495926142 0.6481257229112088
0 0.6064068516716361 0.6378523475490511
0 0.6208181018009782 0.6277197666466237
0 0.6468184503726662 0.6985346207395196
0 0.642939328495413 0.6764205459505319
0 0.6378327248618006 0.6649719728156924
0 0.6331288353540003 0.6532006805762649
0 0.6300822818651796 0.644090240355581
0 0.6009519441984594 0.6575190721079707
0 0.5996268879622221 0.663497400097549
0 0.5985881520435214 0.6716547247022391
0 0.5986233204603195 0.680044518224895
0 0.5468244029209017 0.6386245111934841
0 0.3358516382984817 0.63727294690907
0 0.6018494213931262 0.5537191990762949
0 0.590760481543839 0.6618981167674065
0 0.5880990904755891 0.6660870037972927
0 0.5809050690382719 0.5721194682642817
0 0.5492628223262728 0.5858888746239245
0 0.5765932976268232 0.5702077831141651
0 0.4786864242050797 0.5323778784833848
0 0.4550774954725057 0.5640197398141027
0 0.5266295733861626 0.5711345323361456
0 0.27016758299432697 0.37751319580711423
0 0.3020128769334406 0.3958181603811681
0 0.33604202554561197 0.4129441407043487
0 0.5910136161372066 0.7011705653741955
0 0.4236838816665113 0.36680698082782326
0 0.3934513944201171 0.33313607089221475
0 0.3583038934040815 0.2923296991270036
0 0.39316063742153345 0.5188401073217392
0 0.35290071470662954 0.5639026021584869
0 0.468628224497661 0.46966763357631863
0 0.3429143144749105 0.4983417123556137
0 0.49931964008137586 0.4892857071012259
0 0.541425855923444 0.55614053029567
0 0.3381587124429643 0.5892016261816024
0 0.3765862533822656 0.5713815218769014
0 0.4076555831823498 0.5650367392227054
0 0.44378887247294185 0.5410413753241301
0 0.46656970200128856 0.5179240575060249
0 0.4815131750889122 0.497586674708873
0 0.5125022058375179 0.44871173477731646
0 0.3680177384056151 0.6279123559594154
0 0.32326023997738956 0.5029858104884625
0 0.5916972225531936 0.5542197437025607
0 0.5078586746938527 0.527727423235774
0 0.28008293132297696 0.5571766010485589
0 0.49085575276985766 0.4784731580875814
0 0.5235387505963445 0.5732779568992555
0 0.363829007698223 0.5074153299443424
0 0.531508069857955 0.5447382980957627
0 0.37282986342906954 0.677405308187008
0 0.46410854663699863 0.4626661053858697
0 0.541339657548815 0.5245834304951131
0 0.5044181179255247 0.7390362157486379
0 0.5101754347793758 0.7549204570241272
0 0.34470892758108673 0.6379028918221593
0 0.462317135091871 0.727990572527051
0 0.2821185553446412 0.5129972935654223
0 0.6165659736841917 0.7549127103760839
0 0.594640968553722 0.5572971777990461
0 0.49855454824864864 0.5518527779728174
0 0.3163966293912381 0.5462342696264386
0 0.4088622466661036 0.5023118173703551
0 0.4258366633206606 0.49571365332230927
0 0.5834545517340303 0.6764539989642799
0 0.3965063662268221 0.6615575768984854
0 0.6607288593426347 0.759342438261956
0 0.5895747013390065 0.763777376897633
0 0.5550504321232438 0.7612389080226422
0 0.4481355685275048 0.3018676292616874
0 0.6997478602454066 0.7406688131392002
0 0.4403147724457085 0.486319887265563
0 0.4526780473534018 0.47512620664201677
0 0.46058569187298415 0.46749299662187693
0 0.3029794070869684 0.5057175981812179
0 0.4381807938683778 0.45192410992458465
0 0.4178037191275507 0.45346235800534485
0 0.4007619396783412 0.4623757624067366
0 0.3869629190303385 0.47578468909487126
0 0.38017450449988244 0.4875888437964022
0 0.2600726222153753 0.5111673824489117
0 0.3957944820635021 0.5045120043680071
0 0.6116376823745668 0.5731470281258225
0 0.5578347826376557 0.6173509303480387
0 0.5535222636535764 0.5683744676411152
0 0.588603181950748 0.5897925946861505
0 0.5090740327723324 0.4042228566482663
0 0.5445183038711547 0.7474411899223924
0 0.5793897718191147 0.7509088049642741
0 0.6570384507998824 0.7510198286734522
0 0.4669060609303415 0.741566451638937
0 0.45530430250801146 0.45791391893289984
0 0.519232927262783 0.48737044390290973
0 0.6969064666889608 0.7314588823355734
0 0.624563408177346 0.7648001428693533
0 0.37805237332358954 0.6745998404920102
0 0.6142997560091317 0.6514539677649737
0 0.6146511151455343 0.6595326447859406
0 0.6164707394316793 0.6699849572964013
0 0.619837156496942 0.6811635788530112
0 0.617319461889565 0.7034986589103938
0 0.5832448413595557 0.6585831766948104
0 0.5782221608795226 0.659625222440809
0 0.573477317392826 0.6598796459846199
0 0.542956137098372 0.6613555040210486
0 0.4340028217062354 0.6585028616711497
0 0.5052415041718632 0.46753834751434625
0 0.4672681136056781 0.43479467313736675
0 0.4573381388559937 0.4450989656150341
0 0.5873699796386063 0.6573780692182482
0 0.45950751337222756 0.700513038225472
0 0.4845487262587994 0.4223243067041039
0 0.6130439640022814 0.720980585552752
0 0.5566468572244048 0.47512466078624127
0 0.5281378824263812 0.4696750154718757
0 0.543362199049443 0.45553026143461467
0 0.524208868201822 0.5252984843216837
0 0.6900098491460085 0.7171028845012188
0 0.6805971621535718 0.6995878869667649
0 0.64885438317433 0.715974757168442
0 0.5522131014615297 0.709725296497345
0 0.5158421653322875 0.5977204031310975
0 0.5811898942105472 0.7186653451994062
0 0.46933469688519835 0.6204667850397527
0 0.5107143046334386 0.6264115905389189
0 0.4729827213101089 0.6579746653325855
0 0.6524623637087643 0.735892223007977
0 0.5188585558906198 0.5426160639151931
0 0.5418453416787088 0.7289174259640276
0 0.5766552161425352 0.7346754434518517
0 0.524986928794533 0.694920514151454
0 0.4229223976843059 0.6880259973928332
0 0.4995712795294821 0.7087422364391387
0 0.41539291115477683 0.705382622871548
0 0.5128474868834019 0.6580824583768845
0 0.513429715950042 0.5071390212513507
0 0.5531241649761796 0.5606369557790458
0 0.544600666873157 0.5719004430808127
0 0.553852008190006 0.5436645709909499
0 0.4394945552572608 0.4206305698491633
0 0.4005729338154197 0.4240183562040329
0 0.37228649188764396 0.4383545010816306
0 0.3523888062220067 0.45692920880392196
0 0.34215034400112926 0.4770027887076139
0 0.35131574696861206 0.5194676205515861
0 0.316150515479967 0.599471527710557
0 0.38466518954373896 0.5408553168177604
0 0.4088649606797844 0.5362022214569151
0 0.43534929752349855 0.5222895194776356
0 0.45707271806895733 0.5046169141307473
0 0.47161796246655285 0.4878737675957382
0 0.4805036595091224 0.47408402194269
0 0.3061363900545985 0.5971005323342979
0 0.5472814623266459 0.576840546540916
0 0.5313888807781041 0.5048195080831647
0 0.5671345536597073 0.5537919411435723
0 0.5806924333795905 0.5570493892766535
0 0.5682031599804759 0.5568064641207456
0 0.5545902199111878 0.5796283324249089
0 0.5854289885610342 0.5565662138164044
0 0.5885466264560819 0.5597886457107961
0 0.471059720730409 0.45894212145358326
0 0.4836352250073105 0.45672220308333633
0 0.4928330173715949 0.4558518515434116
0 0.3768810407724231 0.4955165132880211
0 0.3559122135397047 0.49375666938722135
0 0.5729690980166197 0.4683752807788551
0 0.6480086510069668 0.3429831548128277
0 0.6142621823586524 0.5398756263777613
0 0.6517888657748699 0.22608840698376298
0 0.6109777057543397 0.39366884767077864
0 0.6286239626817405 0.38388406694866717
0 0.644141522794962 0.3721332876943052
0 0.6574969403445721 0.34483340522274375
0 0.5943841936066747 0.39934027986600995
0 0.5949756535701454 0.31465555615723134
0 0.576893366780132 0.33156853839755057
0 0.6159706133417785 0.3057508884463459
0 0.6337124295532703 0.30666247438639405
0 0.6767581166699529 0.34864225490018724
0 0.7372410654090344 0.6580628312192858
0 0.6496911119669676 0.33204196975566447
0 0.7085893042385578 0.3052812088280916
0 0.6822396442294121 0.3209754487965256
0 0.6658018222078681 0.4677586406469345
0 0.6445108886808157 0.5807467677630485
0 0.6525212919339538 0.601668449304998
0 0.6678082746453583 0.577873560320586
0 0.6837648549117148 0.5805075248703361
0 0.6674868509173393 0.5956660823896527
0 0.6794528234750032 0.5934372710064053
0 0.7221359703689814 0.5969421602785587
0 0.6100735654123127 0.5305651975795627
0 0.6031401542946696 0.5107113723643124
0 0.639205658249557 0.2733729913365096
0 0.6018619351089001 0.4419520722236484
0 0.6416976103559137 0.5021413563750684
0 0.6369600150734186 0.4910010164603591
0 0.7138730825856328 0.4317525852937251
0 0.5876124206930399 0.4877991149201989
0 0.5874262426048518 0.27739569018594923
0 0.6145101164467632 0.2687749736011028
0 0.6192837252281607 0.20206962944939733
0 0.5255072393454612 0.3448985569644719
0 0.5670751053839922 0.35338792791590096
0 0.7227010052651167 0.5705027810297907
0 0.7717721277847887 0.49463443756103515
0 0.6340271251276135 0.5214711191132665
0 0.6245301249437034 0.5352408728562296
0 0.7036590952426195 0.5907054485753178
0 0.698778161033988 0.5930170414038003
0 0.6129556529223918 0.25004583662375807
0 0.6456434612162412 0.5105701610445976
0 0.5576535775326192 0.2996830050367862
0 0.5488225995562971 0.28190177292563023
0 0.5306873976252973 0.1992047244682908
0 0.620881417952478 0.22646941700950265
0 0.5431743958033621 0.24135916931554674
0 0.6409527679905296 0.25757035040296616
0 0.6508311277255416 0.24363463427871465
0 0.6496744053438306 0.5914952940307557
0 0.6682987147942185 0.587182286940515
0 0.6821197075769305 0.586908757314086
0 0.6317862274125219 0.5274548315443098
0 0.7012099822983145 0.5919514430686832
0 0.6985894802026451 0.6007400326430797
0 0.6963544005528093 0.5941407569684088
0 0.6250479327514767 0.519431944284588
0 0.6762947191484272 0.5981096461415291
0 0.6656550379469991 0.6015108067542314
0 0.6529167903587222 0.6081601056270302
0 0.694523497670889 0.6681508775800467
0 0.6850129111669958 0.6494479680433869
0 0.6777893118560314 0.6395004034973681
0 0.6695265540853143 0.6302416305989027
0 0.6623308424837887 0.6239655256271363
0 0.681462493725121 0.6070235716179013
0 0.6877400561235845 0.6081891121342778
0 0.6952808862552047 0.6105942900292576
0 0.7022990331053733 0.6142032553441823
0 0.6893929067067802 0.5480891923420131
0 0.7422314702533186 0.3878992449492216
0 0.6875753626227379 0.6013706028461456
0 0.6930091755464673 0.6007967256009579
0 0.624236426409334 0.5452010126784443
0 0.6458422180265189 0.525039023719728
0 0.6243377062492073 0.5404698950238526
0 0.6260299506597221 0.44113983791321515
0 0.6627115519717336 0.4352981705218554
0 0.6434896719641984 0.49797695986926555
0 0.5809582767076791 0.19093179069459437
0 0.5864044083282351 0.22365505630150437
0 0.5816364225931465 0.25796417887322604
0 0.7183472722768783 0.61926115648821
0 0.5118921540677548 0.3142467380966991
0 0.49977622819133105 0.26900402079336344
0 0.47895855689421296 0.2202946437522769
0 0.6551564854569734 0.358548897691071
0 0.7019422134384513 0.35068177711218596
0 0.5824754916131496 0.40152782211080196
0 0.6528275691904127 0.3059104068670422
0 0.5832643757574261 0.43726965771056714
0 0.6298446512781084 0.5007062811404467
0 0.7225553911179304 0.35282617434859276
0 0.701967240869999 0.3719077317044139
0 0.6868947790004313 0.39351288992911576
0 0.6533388763666153 0.4127636577002704
0 0.62483113668859 0.42152596772648393
0 0.6019675703719258 0.42518460885621606
0 0.5474444006569683 0.42715067686513064
0 0.7424385478720069 0.39623630568385126
0 0.6607181983068585 0.29444884159602225
0 0.6087216940708459 0.543471877463162
0 0.6122710064053536 0.46284287138842045
0 0.7038184907287359 0.2993421525228769
0 0.5823820450343191 0.42454161969944837
0 0.6444147443398833 0.4977912487462163
0 0.6559198221191764 0.3273949362337589
0 0.6229241764172911 0.48768357522785666
0 0.759263482503593 0.43800902836956085
0 0.5778784399852157 0.3947092780843377
0 0.6048306435346603 0.48507191268727184
0 0.7712375158444047 0.5682893239893019
0 0.7739022222347558 0.5852281862869859
0 0.7509793701581657 0.3876123410649598
0 0.7767327597364784 0.529056859202683
0 0.6793010662309825 0.2714585965964943
0 0.7455233575776219 0.6707035196945071
0 0.6079998639412224 0.5489735955372452
0 0.6352971535176039 0.46690053436905143
0 0.6964802527800202 0.31492950264364483
0 0.6364214377477765 0.3621621184516698
0 0.6226168590597808 0.37312301751226185
0 0.7039522737264633 0.6013394425623119
0 0.7563945262692868 0.43760361466556785
0 0.7301759189926088 0.7139520135708153
0 0.7559103917330503 0.6546090072952211
0 0.7646001109853386 0.6245627122931182
0 0.6075544081628322 0.3812990660779178
0 0.5926018829457462 0.3881250093691051
0 0.5831187291070818 0.39327187538146974
0 0.6667681085877121 0.2817701667547226
0 0.5831975167617202 0.3679006998427212
0 0.5929119630716742 0.3502839016262442
0 0.606800692435354 0.33801937717944386
0 0.623409578576684 0.3305793643929064
0 0.6358689490705729 0.3297590881586075
0 0.6789892309345305 0.2568217567168176
0 0.6440939381718636 0.3520279916934669
0 0.6691730172373355 0.547056074347347
0 0.6328887345269323 0.5180817695334554
0 0.6360137831419707 0.5599426059983671
0 0.7634104304015636 0.6059316416271031
0 0.7540320017375052 0.637073861528188
0 0.7286652697250247 0.7043857369571924
0 0.7764934064820409 0.544785646442324
0 0.5790290192700922 0.3853499377146363
0 0.5779017772525549 0.4509855149313807
0 0.7463478976860642 0.6847926924005151
0 0.7657811457291246 0.4340858027338982
0 0.673238479718566 0.6144913750700652
0 0.6804903892800211 0.6179869544692338
0 0.6888668105937541 0.6238788187503814
0 0.6969424476847053 0.631638493668288
0 0.7101515360176563 0.643809380941093
0 0.6892816483974457 0.592947703693062
0 0.6929166390560567 0.5888209288008511
0 0.6954654391855002 0.5845079911872745
0 0.7076006881892681 0.5563203011639416
0 0.7435525611042977 0.46471078624017537
0 0.5644250579178334 0.4310360029805452
0 0.552955896127969 0.38503784853965045
0 0.5658143403939903 0.3816065350547433
0 0.685458366945386 0.5963995127938688
0 0.7619991107843817 0.5093358038924635
0 0.5357706314884126 0.3941707297228277
0 0.7237277150154113 0.6492416223511099
0 0.5613775618374348 0.4491059280000627
0 0.6073144698515535 0.47373542278073727
0 0.7066215630620718 0.6786635305732489
0 0.7379641631618142 0.5905066758394242
0 0.6671815812587738 0.5028477256186307
0 0.733503267262131 0.6202488367445766
0 0.7040346367284656 0.4735180997755378
0 0.6929526200518012 0.5116822045296431
0 0.7302377074956894 0.49576781038194895
0 0.7204537369310856 0.6918859124183655
0 0.6217837381176651 0.4784828848205507
0 0.7540822516195476 0.5920866446569562
0 0.7457774022594095 0.6249550122767686
0 0.7379783995449543 0.5589540920220315
0 0.7650635410100222 0.47373542278073727
0 0.7553935265168548 0.5455875460989773
0 0.7752095317468047 0.48039415311068295
0 0.7162216307595373 0.5292091520503164
0 0.5945266874507069 0.45680140648037193
0 0.6288804451003671 0.5128501419909298
0 0.6395851326175034 0.5118970611132682
0 0.6169588718563318 0.504133703932166
0 0.5521274881437421 0.3542477884795517
0 0.5701797420158983 0.320831302087754
0 0.5931243387050926 0.30129931014962497
0 0.6161542886868119 0.29210853753611443
0 0.6362091271206737 0.29304713252931835
0 0.6668544044718147 0.3254900250583887
0 0.7322532283142209 0.34469132544472814
0 0.6747424983419478 0.3633120093494654
0 0.6619143795222044 0.3814159605652094
0 0.6399929822422564 0.3966715769842267
0 0.6164261125959456 0.4067057789303362
0 0.5966992635279894 0.4120095927268267
0 0.5816992837004363 0.41371455006301405
0 0.722690246719867 0.343028488336131
0 0.6411432039923965 0.5175486056134104
0 0.589959928765893 0.4684048430994153
0 0.6193928708322346 0.5208620519377292
0 0.6144424123689533 0.5356669732369482
0 0.619842291995883 0.5242580712772906
0 0.6394871030934155 0.5259170003235341
0 0.6129238648340106 0.5392019806429744
0 0.6122311900369823 0.5447884602472186
0 0.5722449926659465 0.39929319205693903
0 0.5655613033100962 0.4088883883319795
0 0.5619091834872961 0.41629703240469096
0 0.6436376913450659 0.33066438646055757
0 0.6471511851996183 0.3128564405720681
0 0.4312881417106837 0.46762260533869265
0 0.44962972244247795 0.45710269203409554
0 0.41877852133475246 0.44874312086030843
0 0.41210459917783737 0.4787665927782655
0 0.4435699312016368 0.4866151283495128
0 0.6171610414981842 0.3522798272315413
0 0.6342281246557832 0.3411858282517642
0 0.6049665717408061 0.3354686630424112
0 0.5999066101387143 0.3632688469719142
0 0.6291177831590176 0.3689522117841989
