0 0.46389562375843524 0.6332537766546011
0 0.4217336961068213 0.5845651876181364
0 0.43433200251311066 0.5981497649103403
0 0.3860844247508794 0.5162110019475221
0 0.41414302997291086 0.5641140423715114
0 0.4068028959911317 0.5341944567859173
0 0.39078043568879367 0.45655599404126407
0 0.25408736341632904 0.48195891845971345
0 0.3708836970385164 0.38888694513589145
0 0.36080466890707613 0.35905695147812366
0 0.33530074707232416 0.26757537527009845
0 0.4672293421812356 0.6410887835547328
0 0.4708258336409926 0.6502413496375083
0 0.47343465881422164 0.6567502612248063
0 0.48123830715194343 0.6765283251181244
0 0.4848510993644595 0.6857796182855964
0 0.48922426654025913 0.6973964303731919
0 0.49358217474073174 0.7087732199579477
0 0.48018059665337204 0.7148270210251212
0 0.4270453362260014 0.5931501759216189
0 0.4103096260689199 0.5968901615589857
0 0.17854317934252323 0.41896581565961244
0 0.31178619116544726 0.4874753738753498
0 0.295447382889688 0.494997482933104
0 0.2783222011756152 0.49926442485302686
0 0.25004451628774405 0.49066101647913457
0 0.32423068219795825 0.4779892809689045
0 0.263962065288797 0.42417534478008745
0 0.2858957392629236 0.4220016454346478
0 0.24586458350531756 0.4338958630338311
0 0.2363833824172616 0.4477190401405096
0 0.24311194708570838 0.5094823598861694
0 0.4222753284499049 0.7521148968487978
0 0.2447863591834903 0.47498709028586744
0 0.19884182959795 0.5088282976299524
0 0.21907078800722957 0.4982083782553673
0 0.3299245320726186 0.5819460183382035
0 0.4402287079021335 0.6378631746396423
0 0.4516897303983569 0.6567296696826815
0 0.42330599869601426 0.654610650241375
0 0.41543379221111537 0.6686288854107261
0 0.4378366337157786 0.6648406781256199
0 0.42925221915356815 0.6728281373158097
0 0.38851276198402046 0.7015978537499905
0 0.4057167051360011 0.5893082059919834
0 0.3957562711089849 0.5704363197088241
0 0.21031579771079123 0.43449934497475623
0 0.3522045970428735 0.5170563783496618
0 0.36676662326790394 0.5906235188245773
0 0.3628195277415216 0.5783531311899424
0 0.2757344413548708 0.5936826732009649
0 0.389723583124578 0.5421414816752076
0 0.24331589033827186 0.397879795730114
0 0.2214705989230424 0.4126578588038683
0 0.17913565961644054 0.38166384398937225
0 0.3273707219399512 0.3977016414515674
0 0.30675658164545894 0.4288099018856883
0 0.36926466766744853 0.6877014830708503
0 0.29212933708913624 0.6727678602561354
0 0.38494226899929346 0.5975690085440875
0 0.40116226868703964 0.5991399934515357
0 0.4130590758752078 0.6895160846412182
0 0.41812134818173946 0.6874319959431887
0 0.20880059371702372 0.4014158689416945
0 0.3705682376399636 0.5976116891950369
0 0.2769526468589902 0.39164306689053774
0 0.2693666380830109 0.37496097879484297
0 0.22784148156642914 0.3172033317387104
0 0.1900322379078716 0.40015965383499863
0 0.24528642767108977 0.35263707023113966
0 0.198021184746176 0.4281215640716255
0 0.1865652638953179 0.4312786780297756
0 0.4455479621887207 0.6479106865823269
0 0.430500743445009 0.660164526104927
0 0.42187516335397957 0.6709928318858147
0 0.39068811582401397 0.5992547070607543
0 0.41576300919987264 0.6884880051016807
0 0.4233529399614781 0.6926711581647396
0 0.4206272518727928 0.6864166082814336
0 0.38880764627829195 0.5922081315889954
0 0.4349852276034653 0.6735122257843613
0 0.44358313931152227 0.6673537822440266
0 0.4564947756007314 0.6617171283811331
0 0.45526195457205176 0.7210564866662026
0 0.4681608444079757 0.7139231646433473
0 0.46551439268514516 0.7022772248834371
0 0.46374386129900813 0.6899565938860178
0 0.4634340244345367 0.6806867308914661
0 0.43891082881018517 0.6846731036901474
0 0.4354355205781758 0.690024433657527
0 0.43178764497861266 0.6971201293170453
0 0.42937015448696914 0.7043848628178239
0 0.37281660782173276 0.6514920799061656
0 0.23891168432310222 0.5820232553407549
0 0.4305937833618373 0.595675447769463
0 0.4310930551961064 0.6853678997606039
0 0.4271979412995279 0.6887633327394724
0 0.40976362745277584 0.6047353519126772
0 0.3813025744166225 0.6060104925185442
0 0.40550064356066284 0.6021311957389116
0 0.33660215688869355 0.5347773846238851
0 0.3096212550997734 0.5585124315693974
0 0.36401740326546134 0.5866320542991161
0 0.19291391684673725 0.34801816269755365
0 0.20725910016335547 0.3740019370801747
0 0.2327797210775316 0.38298482885584234
0 0.4063442228361964 0.7111362304538489
0 0.31363752158358693 0.36980680348351597
0 0.2924943575169891 0.3364077901467681
0 0.27395969689823685 0.2921458585187793
0 0.2617388203274459 0.4985857650637627
0 0.23116691173054277 0.5306966651231051
0 0.3316412893589586 0.46992422910407183
0 0.22494252137839793 0.46345910262316464
0 0.36043439363129437 0.5002370569854975
0 0.3726175517309457 0.5826117616146803
0 0.2192905877251178 0.549962299130857
0 0.2479256635531783 0.5434957686811686
0 0.27285256325267254 0.5452265813946724
0 0.30453622455243023 0.5307946434244514
0 0.3255135545041412 0.5140051236376166
0 0.34026371347717943 0.49860261268913747
0 0.3743991749826819 0.46725206468254327
0 0.2362882283050567 0.591345083899796
0 0.2123467581346631 0.46449785232543944
0 0.4169939458370209 0.5957752605900168
0 0.3599433640949428 0.5391545100137591
0 0.20146982041187583 0.4994413997977972
0 0.35062255077064036 0.4833307644352317
0 0.3639975482132286 0.5860374080017209
0 0.2381387773901224 0.4776068773120642
0 0.3686369354836643 0.5671728972345591
0 0.2618207530584186 0.6267274558544159
0 0.3286958015523851 0.4624637823551893
0 0.377326998533681 0.552747398801148
0 0.33744115540757774 0.7220567114651203
0 0.3495082012843341 0.7366174027323723
0 0.22925293678417802 0.590734338760376
0 0.30854372018948195 0.6996262323111295
0 0.1909330843016505 0.467743959184736
0 0.42496535098180177 0.7695712082087993
0 0.422235036175698 0.5978166311979294
0 0.34836344108916817 0.5586438056081533
0 0.20640220758505165 0.5063098022714257
0 0.2752068730071187 0.4869359690696001
0 0.2909017862286419 0.4837978180497885
0 0.42003199863247576 0.6967932105064392
0 0.25622150576673447 0.627128054946661
0 0.4671786014921963 0.7863102974370122
0 0.4081506342627108 0.7697987634688616
0 0.38184912456199527 0.7565186789259315
0 0.3488171964418143 0.3166156491264701
0 0.507836202532053 0.7793569080531597
0 0.3046857885550708 0.4774828413501382
0 0.31687018759548663 0.47009055260568855
0 0.3249859708361328 0.4656213268637657
0 0.1994984864257276 0.46396576687693597
0 0.3075413617771119 0.4478741506114602
0 0.28954321653582155 0.4432998331263661
0 0.2728953680489212 0.44545722771435975
0 0.25809737923555076 0.4532788688316941
0 0.2505898714531213 0.46231849966570737
0 0.18518806477077304 0.4564505840651691
0 0.2632424728479236 0.48567194789648055
0 0.4399949820712209 0.6119705459102989
0 0.3844973840750754 0.6367886705324054
0 0.383044349681586 0.5955704683437943
0 0.41435867790132763 0.6216851487755776
0 0.3822262020315975 0.42235231939703227
0 0.36804508334025743 0.7412654753774405
0 0.39594990382902323 0.7548407677561044
0 0.46002670750021935 0.7767461625859141
0 0.3220651026815176 0.7100209176540375
0 0.32170290118083356 0.45667931865900757
0 0.37191527117975054 0.5067917566746474
0 0.5006029579788447 0.769198388978839
0 0.4354084650054574 0.7812658937647938
0 0.25206099906936286 0.6303751539438963
0 0.4494559451006353 0.6831433393061161
0 0.4470636870712042 0.6908940332010388
0 0.44560391176491976 0.7010886810719967
0 0.445957993529737 0.7118021983653307
0 0.42851353767327965 0.7190942250192165
0 0.42340455390512943 0.6802245069295167
0 0.4174431510735303 0.6804492168128491
0 0.4121380067430437 0.6799281010404229
0 0.3677482533734292 0.6692669611424208
0 0.2810106304008514 0.6355408230796457
0 0.36714299600571393 0.4823956650681794
0 0.33822002192027867 0.4393505251035094
0 0.32718257387168703 0.4457473812624812
0 0.42840156191959977 0.6795086700469255
0 0.30112286377698183 0.6772360751405359
0 0.35557123869657514 0.43230469841510055
0 0.42506814990192654 0.7339314794167876
0 0.4015517249237746 0.507964276522398
0 0.38033952778205277 0.4934765167534351
0 0.39658750225789846 0.4836036772467196
0 0.3695789627265185 0.5441188313066959
0 0.49342186357825996 0.7520448856055737
0 0.48627732330933215 0.7315183378756046
0 0.4561269975267351 0.738116392120719
0 0.3732382825575769 0.7102212172001601
0 0.3533243086189032 0.6059728287160396
0 0.3978745263535529 0.7245049335062503
0 0.31013308954425156 0.6133942076936364
0 0.34391283001750705 0.6300170857459306
0 0.30937432320788505 0.6465296305716037
0 0.4565796804614365 0.7594058752059937
0 0.3646004003006965 0.5573817312717437
0 0.36371076833456756 0.7244336493313313
0 0.3931734597310424 0.738610214740038
0 0.3502354998141527 0.6916515024378895
0 0.2758603585418314 0.6562629530206323
0 0.32957187509164215 0.6960431167855858
0 0.2776107591111213 0.6664953395724297
0 0.3421651564538479 0.6577799506485462
0 0.3661950398236513 0.5224649902433157
0 0.38142406404949725 0.5908036012202501
0 0.37459699013270437 0.5961325051262975
0 0.38233767221681775 0.5765054708346724
0 0.3171086014248431 0.42024176120758056
0 0.2831488785799593 0.41141143403947356
0 0.2561360953375697 0.415117106679827
0 0.23645382495597006 0.4263463672250509
0 0.22557201539166272 0.44216587562114
0 0.2307044544722885 0.4874660889618099
0 0.21142012774944305 0.5505038566887379
0 0.2552972347009927 0.5168018294498324
0 0.27610767344012854 0.518671803548932
0 0.2990150875877589 0.5112408027052879
0 0.3186937117483467 0.4992536049336195
0 0.3327987500466406 0.4871781443245709
0 0.34228505278006194 0.47692290116101504
0 0.22048012902960182 0.5397438773885369
0 0.3779060889035463 0.5997128501534462
0 0.37572813061997296 0.528697301261127
0 0.39246120569296183 0.5900500630959868
0 0.4069004553835839 0.5950760841369629
0 0.3951737490016967 0.5920061472803354
0 0.3854188362136483 0.6029886275529861
0 0.4107747184112668 0.5963113520294427
0 0.41566993864253166 0.5984587129205465
0 0.3355851063504815 0.46106664622202514
0 0.3478829518891871 0.46221447493880985
0 0.35603789370507 0.4634038798511028
0 0.24713022052310407 0.46904208743944764
0 0.2330243242904544 0.4619418054819107
0 0.4208570710383356 0.5037247775122523
0 0.5480515690520406 0.3850708831101656
0 0.44947074446827173 0.5830404026433825
0 0.6064346147701144 0.26123619414865973
0 0.4982345689088106 0.42911645378917457
0 0.517748898640275 0.42246074322611094
0 0.5364603243768216 0.41243981309235095
0 0.5596934624947607 0.38772762259468435
0 0.48077643206343057 0.4301204225048423
0 0.4987290455028415 0.3488141568377614
0 0.47771133901551366 0.3610591794364154
0 0.5224811419844627 0.34359545512124895
0 0.5411094706505537 0.3470340367406607
0 0.5818336841650307 0.3936426553875208
0 0.5660919675603509 0.7065925382077693
0 0.5531817713752389 0.37490045838057995
0 0.6480813834816217 0.34618420507758857
0 0.6012824738398195 0.36635186094790695
0 0.5326923686079681 0.5111360853537917
0 0.4858924171887338 0.6228484585881233
0 0.49085143096745015 0.644140936806798
0 0.5128748203627765 0.625415512546897
0 0.5305098755285144 0.631420418061316
0 0.5089169546961785 0.6420493602752686
0 0.5228763433173299 0.6429480500519276
0 0.5642486955970526 0.6428835798054934
0 0.4389337785542011 0.5777131086215377
0 0.4348573341034353 0.5565537640824914
0 0.5636834394186735 0.31497051594778896
0 0.47343787606805565 0.47386174378916623
0 0.49111506193876264 0.5475748408585787
0 0.49012105306610465 0.5339939326047898
0 0.5978578450158238 0.48147007524967195
0 0.42703884043730794 0.5287479938939214
0 0.5005842366255819 0.309180679731071
0 0.5345019360072911 0.30629127454012633
0 0.571381745673716 0.23518838007003068
0 0.4165953740477562 0.36358402073383334
0 0.4634157014079392 0.3794908747076988
0 0.5734004652127623 0.6192208278924227
0 0.689859691914171 0.5396653674542904
0 0.4794638537801802 0.5652753679081798
0 0.4650245734490454 0.5770123971626162
0 0.5500468792393803 0.6460685297846794
0 0.5445476732216775 0.6474007276818157
0 0.5420638919807971 0.28763861330226065
0 0.4958877201192081 0.5545629363507032
0 0.4617420553229749 0.3249491585418582
0 0.45787087166681883 0.3061883168295026
0 0.4654427245259285 0.22621960286051035
0 0.5600533353164792 0.2600690093822777
0 0.4635704972781241 0.2676966407336295
0 0.5751171918585897 0.2996604984626174
0 0.5928321268409491 0.2800693496130407
0 0.48932197913527486 0.6336174607276917
0 0.5114639166742563 0.6339961953461171
0 0.5271925191394985 0.6370477495715022
0 0.4762209844775498 0.5700914300978184
0 0.5472787234000862 0.6467965718358755
0 0.5441030487418175 0.6551693549379707
0 0.5419630540534854 0.6479901699349284
0 0.465435401443392 0.5657422717660665
0 0.5189198258332908 0.6467604430392384
0 0.5060804398730397 0.6474527306854725
0 0.49073132015764714 0.6508329633623362
0 0.5080528615973889 0.7036410214379429
0 0.517648612242192 0.6991012977436185
0 0.51165517475456 0.6882074359804392
0 0.5047230958007276 0.6774131998419761
0 0.4985408514738083 0.6700629178434611
0 0.524099665787071 0.6587303813546896
0 0.5308280466124415 0.6609738111495972
0 0.5389849187806248 0.664622594974935
0 0.5461382528766989 0.6690487656742334
0 0.5359445832669735 0.5963884018361568
0 0.6829459666274488 0.4266926420852542
0 0.5321082072332501 0.6541330013424158
0 0.537911888025701 0.6544232672080398
0 0.46099966634064915 0.5871162176132202
0 0.4942261463962495 0.5677493480965495
0 0.46296507138758897 0.582304610684514
0 0.4999367719516158 0.4768664428964257
0 0.5396948594599962 0.47743325317278507
0 0.49748908523470164 0.5404710957780481
0 0.5267588026821614 0.22141952719539404
0 0.5190187946893274 0.2537819623015821
0 0.5021555740386248 0.28915123054757713
0 0.5514890668913722 0.6629781918600202
0 0.41059620678424835 0.3314850450493395
0 0.40922890454530714 0.29112955359742043
0 0.40359818944707515 0.2425192872993648
0 0.552416555210948 0.40079286247491835
0 0.6096119746565819 0.3987379763275385
0 0.46834903843700887 0.4288668094202876
0 0.5674158215522767 0.3483890725299716
0 0.45358484610915184 0.4666857972741127
0 0.4747925237752497 0.5470483712852001
0 0.6399704108014703 0.40024572648108003
0 0.5987667651847005 0.4209570365026593
0 0.5723800748586655 0.44038702845573424
0 0.5309169040992856 0.45374545445665715
0 0.4996724668890238 0.4569618533365428
0 0.47464057747274635 0.4557418044656515
0 0.4130664449185133 0.45311570893973113
0 0.6489661282859742 0.44731394834816457
0 0.5837207107804716 0.3376765660941601
0 0.43767261505126953 0.5885196622461081
0 0.4764371839351952 0.49806150440126656
0 0.6573674198240042 0.33490241738036275
0 0.4540630219504237 0.45064897323027253
0 0.501264946255833 0.5385832631960511
0 0.5632735306397081 0.37029506638646126
0 0.4725946491584182 0.5307606860995293
0 0.6905481842346489 0.479805548582226
0 0.46610167939215896 0.4215405259281397
0 0.4495027025230229 0.5272360131144523
0 0.6503012579865753 0.6207785218954086
0 0.6605615094304085 0.6367578206583857
0 0.6751090120524168 0.43444985039532186
0 0.6695791961625218 0.5804562764242291
0 0.6203137252479791 0.31019082590937613
0 0.5777291117236019 0.7220590701326728
0 0.43875630870461463 0.5918340768665076
0 0.5012422416359186 0.5049785029143095
0 0.6232367382384837 0.3614010551944375
0 0.5307290164753795 0.4023599911481142
0 0.514456881955266 0.41166351195424794
0 0.5497420674189926 0.6564113244414329
0 0.6567555287852883 0.4897975195199251
0 0.5498823396861553 0.7612868189811707
0 0.608810939732939 0.707607588917017
0 0.6336589554324746 0.6774193773046135
0 0.49843379352241757 0.41727045783773065
0 0.4831835507415235 0.41991838039830326
0 0.4727446651086211 0.42164198607206343
0 0.5998554226011038 0.32573762740939854
0 0.4741120899096131 0.39711933135986327
0 0.4867498306557536 0.38296526689082383
0 0.5030536474660039 0.37404592810198667
0 0.5222810900770127 0.3696068596094847
0 0.5360983067192138 0.37042703945189714
0 0.6338037624955177 0.2926935748197138
0 0.5411065598018467 0.393318638112396
0 0.5119638472795487 0.5935666492208839
0 0.4776439911685884 0.5631036341190339
0 0.46923461053520443 0.602961259521544
0 0.6275936659425497 0.6586780039593577
0 0.604055164474994 0.6898030932992697
0 0.5437662788666785 0.7508130995556712
0 0.6788120405748487 0.5929163683205843
0 0.4680263938382268 0.41248137056827544
0 0.43756457660347226 0.48318905718624594
0 0.5819070069119334 0.7364957628771662
0 0.6816884187050164 0.4827371289953589
0 0.512840717472136 0.6639611197635531
0 0.5202388386242092 0.6687725769355893
0 0.5284553985111415 0.6761364493519068
0 0.5359301209449768 0.6849616847932338
0 0.5333656938746572 0.684173702634871
0 0.5344929276965559 0.6448117343708872
0 0.5391461185179651 0.6415012134239078
0 0.5429843636229634 0.6378162633627653
0 0.557047868706286 0.6054378604516387
0 0.6284565640613436 0.5170153824612498
0 0.43266793158836664 0.4585679187439382
0 0.4393603251315653 0.406873732060194
0 0.45562973264604806 0.4060735072940588
0 0.5301914286799729 0.6471378298476338
0 0.6476412325166165 0.561490342952311
0 0.41482600700110195 0.4129111347720027
0 0.550550210941583 0.6936600014567376
0 0.41771505498327316 0.4799173793755472
0 0.4627512925304472 0.5114573882892728
0 0.52005646629259 0.7177146291360259
0 0.5879379177466035 0.6396070910617709
0 0.5249666390940547 0.5465253461152315
0 0.572832543309778 0.6676810005679726
0 0.5737490316852927 0.5225019052624702
0 0.5508358724415302 0.5590992156416178
0 0.6021959288045764 0.5471493447199464
0 0.5334556544199586 0.7352004051208496
0 0.4800520597025752 0.5170014925301075
0 0.6120842044241727 0.6439290685579181
0 0.5902700897306203 0.675783098489046
0 0.5966149432584643 0.609549617022276
0 0.6617088740691542 0.5258833359926939
0 0.6266015261411667 0.5979523481801152
0 0.6820004310458898 0.5302962906658649
0 0.575344605743885 0.5788770548999309
0 0.45675166565924885 0.49033602578565477
0 0.4704284261912107 0.560105842538178
0 0.48627998903393743 0.5577535396441817
0 0.45543127404525874 0.5508900791406631
0 0.44534291587769986 0.37676674472168087
0 0.4711243947967887 0.34810090325772763
0 0.4993199477903545 0.3335664006881416
0 0.5268284792080522 0.3287302711047232
0 0.5500579098239541 0.333512881398201
0 0.5794058525003493 0.36904738740995524
0 0.6646846806630492 0.38878595298156143
0 0.5727839474566281 0.4082418341189623
0 0.5524500759318471 0.4238199347630143
0 0.5251376437954605 0.4359227821230888
0 0.498537664860487 0.44179539633914827
0 0.4770619133487344 0.442490173690021
0 0.4607290493324399 0.4404979794286191
0 0.6713577553629875 0.3792411180213094
0 0.4884227720089257 0.5618397627025843
0 0.4416023833677173 0.5053060207515955
0 0.4544041121378541 0.5686021748930216
0 0.4487047622911632 0.5806114992126823
0 0.45694194324314596 0.5707664208486676
0 0.4857654122635722 0.568812283501029
0 0.4443473136983812 0.5846273366361856
0 0.44526009457185867 0.5879439976066351
0 0.4581437254324555 0.42433191537857057
0 0.4452441921457648 0.432353294454515
0 0.4354690719395876 0.4384214721620083
0 0.5452346028760076 0.3724565044045448
0 0.5560966646298766 0.35495032407343385
0 0.2799535786733031 0.4668780661188066
0 0.3008791797794402 0.45939635392278433
0 0.27305574049241843 0.44449895350262525
0 0.2590122589841485 0.4743821669369936
0 0.2867719047237188 0.48917541159316896
0 0.4936358262784779 0.4015110205858946
0 0.5126415234990418 0.3935540743172169
0 0.48754703551530837 0.3826937018893659
0 0.4755160382017493 0.40894086081534625
0 0.4997755415737629 0.4200581220909953
