0 0.5936518397344195 0.5555137400177942
0 0.6028533132503862 0.5014516715554224
0 0.6014301365484362 0.5144007508305536
0 0.5999193750321865 0.4470418993977533
0 0.6067460075668667 0.48613143010415893
0 0.6136097148384737 0.46521788878717285
0 0.6317729685941468 0.414274990990542
0 0.4859302647249854 0.38947348339834076
0 0.6410491528070491 0.38440656705179077
0 0.646181622925012 0.3658774648455606
0 0.6709737035891284 0.2839412395504938
0 0.5915393620405508 0.5606369678524957
0 0.5896256763650023 0.5655706529168115
0 0.5886361380310162 0.5687887374905573
0 0.5884865465695444 0.5687789623288141
0 0.5866418233060319 0.5736014549283014
0 0.5842784618877847 0.5794787411240564
0 0.5817175499447014 0.5860358182934747
0 0.5805167876507925 0.6073590223340021
0 0.6016868365847546 0.5087556545285211
0 0.5793918925135032 0.5042979721573816
0 0.42228390227841295 0.31935770852842194
0 0.5396434548108474 0.4081842456606851
0 0.5180301927030087 0.4068843428639398
0 0.4977858727392943 0.4038212452677713
0 0.4750503005216951 0.3932466511277185
0 0.558966161440248 0.407425523236178
0 0.5193508186418078 0.36890350325384
0 0.5433626291544541 0.3730891351250635
0 0.49672894511857757 0.36868745131769043
0 0.48142545459711034 0.3719406132248865
0 0.45208843635476154 0.3988379542378412
0 0.49025503278750443 0.6211981777695642
0 0.479745288743921 0.3851904873398767
0 0.39161670029811235 0.38228228731431824
0 0.42980718272535695 0.38618412657060486
0 0.5002492168999236 0.4683840577153192
0 0.5666360571656538 0.547959506943606
0 0.5646237492885279 0.5608717207459436
0 0.5377149562472883 0.5482502584008203
0 0.5171386133069578 0.5500005189923273
0 0.5427333450187808 0.5578441326169
0 0.5244736459268176 0.5561127368954645
0 0.4816260748421368 0.5645907227543817
0 0.5833754879624947 0.4981762473134027
0 0.5840930371828701 0.4830853049305902
0 0.4532479572555293 0.35874232692994934
0 0.5584254485109578 0.4365327362565027
0 0.5310921497319055 0.4834732715634332
0 0.5330471618343955 0.47465795321740967
0 0.43748352401282475 0.45689916653909546
0 0.5919396331452805 0.46376317782678467
0 0.5097933936378231 0.35341119809427124
0 0.47759237747801386 0.3530870233324991
0 0.44786110002061597 0.2966832820919977
0 0.6008629270869753 0.3795645986346231
0 0.5629535834102527 0.3808998469857202
0 0.4663981623623682 0.5480111543683038
0 0.3725025305605453 0.5268729035405145
0 0.5461228943389395 0.49458134217538696
0 0.5638714722641136 0.5017746989277826
0 0.4905261545563522 0.5533588830975519
0 0.496022739407161 0.5541794006375299
0 0.46865752744285955 0.3423142139462457
0 0.5284144523675027 0.4891524617222772
0 0.5510445146457009 0.3617239449767099
0 0.5510929839118667 0.3497414146212564
0 0.5408616660405761 0.27481870396413666
0 0.45576854617051454 0.3169463579205499
0 0.5446071498419928 0.30863171859063965
0 0.4422451447209586 0.3498545144347177
0 0.4297878120256507 0.33359852476396423
0 0.5647534598474917 0.555055886938952
0 0.5399997124205465 0.5533519689587579
0 0.520610135210597 0.5530517403630243
0 0.5508612497993137 0.49784237189569336
0 0.4933713344938081 0.553773224785708
0 0.5043810602763424 0.5579572026280389
0 0.49898495136395743 0.5546839539555536
0 0.558979562767174 0.4927165512589441
0 0.5275111893272918 0.5583100621251093
0 0.5451597675033237 0.5608123843220697
0 0.5655560258613981 0.5644264821557031
0 0.5504406386095545 0.6020496193913446
0 0.5550606440266838 0.5807260577229486
0 0.5579707557740419 0.5741537515667902
0 0.5615128727386827 0.5687318150547968
0 0.565594886308131 0.5645210449246393
0 0.5272962749004364 0.5585671667603479
0 0.5225850962426352 0.5600427691487299
0 0.5174625240590262 0.5623725657013879
0 0.5128786239935004 0.565692067578219
0 0.4976384751498699 0.5268030468968378
0 0.37355177962909575 0.4478782717732416
0 0.6016421428193217 0.5115830008534418
0 0.5135920575779417 0.5567933325318323
0 0.5090881403049697 0.5572223965672479
0 0.5700287187229032 0.5087487701920496
0 0.5350314595777056 0.4989772741345392
0 0.5670359711284223 0.505308002665423
0 0.5331098997722501 0.4417558614758478
0 0.49435312624858774 0.4468921725300775
0 0.5276212400716284 0.4803174738434778
0 0.48552740859272686 0.2810267363337503
0 0.4925944571909697 0.30776514156141144
0 0.5063676539322605 0.3410799805668817
0 0.4994735045601492 0.5777697865513788
0 0.6002348164177459 0.3608883921650873
0 0.5980177301427593 0.3140254621056543
0 0.6004430471878984 0.2760865096596704
0 0.4821933778407781 0.39934210522451263
0 0.4251132999425349 0.40503455741681915
0 0.5718608909974927 0.40611162824907165
0 0.45818435643678124 0.37458193345346313
0 0.5766498585758002 0.4294041995553003
0 0.5469535045001818 0.4811881188897119
0 0.3972922812985337 0.41248112960138184
0 0.43665821996072063 0.4172957096842752
0 0.46220774770430895 0.4265199754981027
0 0.5035171338721461 0.4298444990662561
0 0.5354176150715869 0.4279413227585779
0 0.559701975920926 0.42469994766988617
0 0.6095013577976952 0.41486823601999145
0 0.3904622304050819 0.44422683162965637
0 0.440583601270033 0.3704147343186365
0 0.5896243498377178 0.5064992312935815
0 0.552892333139544 0.4519392852334009
0 0.39048660109224526 0.3797201667574869
0 0.5791049034375212 0.4203729782847391
0 0.5270668026869711 0.48035824342050415
0 0.4697525587094867 0.3848041300324426
0 0.549774517831595 0.47060886068620544
0 0.36923451154776243 0.48591297908105713
0 0.5733571287406527 0.40147875292577606
0 0.5711023894988972 0.4657177035359369
0 0.40412719612536224 0.5699501935986505
0 0.4041956483345965 0.5880321268586145
0 0.3721192322023537 0.44580575866975647
0 0.3834759214002153 0.5450899605301843
0 0.41141350437765534 0.35516616745271545
0 0.48088262432619283 0.637500852778338
0 0.5917961471106695 0.509593069985293
0 0.5298287685474624 0.4599784318951593
0 0.41015711297159607 0.38502404136934143
0 0.5036910109869812 0.39614208085813385
0 0.520916699067406 0.3990546320227609
0 0.4999200000387171 0.5593709055928217
0 0.38497931898935983 0.47561758799829346
0 0.5178458564307379 0.6664628986863123
0 0.45613114730171533 0.633979797795199
0 0.43142629430993745 0.6143472497014032
0 0.659114141503106 0.3223521117714868
0 0.5659430997203225 0.6767449383286462
0 0.5388719261340473 0.40010526819505554
0 0.5566456400505875 0.4004495744256006
0 0.5679448123859323 0.40135088606157165
0 0.42587362116445665 0.3643525992182718
0 0.5562830559261467 0.3887026314286218
0 0.5386740694875303 0.38245905978956085
0 0.5204685199195924 0.379739776685618
0 0.5022482935177244 0.37987645013608795
0 0.4910286617991717 0.381853178575419
0 0.404676820596923 0.34540344817914825
0 0.492898767652071 0.3927344088105188
0 0.5981315053675486 0.5272873346356378
0 0.5209437738294187 0.5211371485737787
0 0.5468766339447187 0.49248653693475586
0 0.5648025923772998 0.5230667595414148
0 0.6373198084209276 0.39828023357667786
0 0.42842075763189275 0.5953164701012598
0 0.453347803943831 0.6164734367875085
0 0.518464528348135 0.6544201080349908
0 0.3853016821262629 0.5610237125901208
0 0.5681652880233267 0.39646709008493286
0 0.5874244914106701 0.4367320541886316
0 0.5675186399856339 0.6646567885426508
0 0.483414590763657 0.6518673007039056
0 0.3688341213957123 0.48048228068628174
0 0.5450875908136368 0.5609977547673212
0 0.5398545257099296 0.5638781790284143
0 0.5355812201033467 0.5680176918057428
0 0.5317434406150943 0.5736715797928796
0 0.5214515956847564 0.5907780830410944
0 0.5093791089628054 0.5549699370411859
0 0.5051120278304038 0.5532528464344965
0 0.5017391451351021 0.5515011553315149
0 0.47788662844054075 0.535937041476153
0 0.4095769783724909 0.48754510326661926
0 0.5938724174123743 0.421141446068667
0 0.5924985943281132 0.39500497324743133
0 0.5783624393136605 0.39373169882573944
0 0.5139053050914536 0.5566063229588495
0 0.396691823621159 0.5241746906784998
0 0.6107645008874976 0.3986753974703775
0 0.5058566007925116 0.6053518657235132
0 0.619948355400044 0.4475344721821771
0 0.6042913878741472 0.4314192835835443
0 0.6258183406746906 0.4311718050984369
0 0.5631872052731721 0.45806536121644836
0 0.5711486648930155 0.6471244399098383
0 0.57615885640616 0.6259999875573145
0 0.5391342043876648 0.6190761034039484
0 0.45960013519810594 0.5686766211537347
0 0.5063302050466123 0.4901539985684381
0 0.48023694567382336 0.588816017344378
0 0.45980382516332297 0.4813221399334894
0 0.48250782433087414 0.5031623248604761
0 0.4335514250332895 0.5031808023003564
0 0.5260533868618633 0.6380420033482538
0 0.5469039127878521 0.46377214832582336
0 0.4388905272859594 0.5783163015393243
0 0.46404029412761977 0.6008548740891443
0 0.44527476297124574 0.5469239060429559
0 0.3829908375830754 0.5027297441510187
0 0.4186941323720891 0.545129985049151
0 0.3707430281716844 0.5133837763813959
0 0.4593933159890382 0.5205763582734094
0 0.570852730261243 0.4441574518231378
0 0.5523092053506685 0.4892310504464136
0 0.5367951626363008 0.48977097912111145
0 0.5644865047348582 0.4814504389313684
0 0.5797054801622162 0.3826146130112634
0 0.546796345030484 0.36993767364301544
0 0.5160233780093815 0.364070654347323
0 0.48940280703422817 0.36318039937295776
0 0.46985851082464924 0.3665967885998712
0 0.45193974625157274 0.38586130781450134
0 0.378886000941629 0.4131184820679651
0 0.46213990773843683 0.40661877436914307
0 0.48196658419202204 0.41347341282644134
0 0.5104380178710689 0.4171325270680414
0 0.5383408050174299 0.4172235433606134
0 0.5607820582454619 0.41570797605790955
0 0.5766981917878856 0.4137308005837427
0 0.38173871487379074 0.4133611921814905
0 0.5361045521238575 0.49321049495019775
0 0.581291649652564 0.451105863287829
0 0.5677243367485378 0.4932583574799524
0 0.5785318266438402 0.5020317737606989
0 0.5677756291368733 0.4953330163506494
0 0.5418010004188704 0.4982745949772821
0 0.5825207452087299 0.504333287909411
0 0.5842851965647676 0.50736144228258
0 0.5804784884271414 0.403333634570025
0 0.5903882254724917 0.40840500636377197
0 0.5956311034767524 0.412278205588244
0 0.4846926147685103 0.383648336365603
0 0.4710807526565116 0.37677943749704224
0 0.6397813498649908 0.4523875121621118
0 0.7988068182831225 0.4306466583756433
0 0.6275404962184636 0.5107298795727716
0 0.9050506333941999 0.3825158481148706
0 0.732516576414523 0.43366491837777954
0 0.754517167482687 0.43803152485170227
0 0.7763189155122509 0.44082179708757263
0 0.807346320670584 0.4371203039435373
0 0.7141728809346324 0.42813003106393677
0 0.7779178230658822 0.4017309997824655
0 0.7515797938989557 0.3995596472767816
0 0.8005562356632688 0.4073743824509607
0 0.8138029711401981 0.4146603052166925
0 0.8251874323772348 0.4487639371899591
0 0.6637747760700143 0.6468363706616388
0 0.808745840969293 0.428164408042811
0 0.900821188221807 0.4505460266617761
0 0.8550568812567255 0.4428549413231836
0 0.7320637884347335 0.5002483431843744
0 0.6228864432676978 0.5573069755581842
0 0.6156400838947814 0.5694058839825616
0 0.6485070932818495 0.5670033101586328
0 0.6650423239106718 0.5749786798504816
0 0.6372859139481316 0.5739345554856287
0 0.6543911261403043 0.5782094304112421
0 0.6988023072481155 0.5955224935559259
0 0.6233391972339671 0.5035778884438501
0 0.6302554213806338 0.48931008620538574
0 0.8470812550057536 0.4099317495373712
0 0.6950193915678107 0.4549037520436273
0 0.6871543772842573 0.505043805077456
0 0.6914678018378175 0.4965484146622644
0 0.8024491220712662 0.5068791512993799
0 0.6352546435335408 0.46956011696138245
0 0.7951543784659841 0.3890022639779077
0 0.8266579729059468 0.3976569180039392
0 0.8888048918350883 0.3540575210598932
0 0.6893789975539498 0.38943669243135315
0 0.7271836986360343 0.4021597210911737
0 0.7215970119704371 0.5841031078843103
0 0.8483926802873611 0.5935944621113763
0 0.6670334413647652 0.5112840537575708
0 0.6459214875231618 0.5131894354371057
0 0.6854706740249759 0.5863928203133569
0 0.6801003133473189 0.5854472522286401
0 0.8415712008009786 0.3903135363606439
0 0.6878640693814858 0.5114522282628046
0 0.7500703419032304 0.38567936463632446
0 0.7567978760470515 0.3748838011769281
0 0.8031019095493399 0.3087084297684656
0 0.8654620932496112 0.3702155504969583
0 0.777577619837678 0.3387435380963312
0 0.8629545145060705 0.4051319961098657
0 0.8852465334145919 0.3933158819226251
0 0.6194724382265754 0.5641326610592828
0 0.6428710529985635 0.5708178584126459
0 0.6599331530539886 0.5766556565312372
0 0.6609164499070334 0.5131828789261804
0 0.682705885042315 0.5859191720036493
0 0.6705418339242106 0.5859709684399591
0 0.6770388584422029 0.5849244896916376
0 0.6535743934952695 0.5054930452851282
0 0.6501715789022653 0.5790883307007776
0 0.6330345640687839 0.575692683890246
0 0.6125670133725457 0.5723001067189203
0 0.6121948714489522 0.6109460298565851
0 0.6102571212079214 0.5897822980431543
0 0.6119512326043585 0.5829558376816736
0 0.6128255161254302 0.5771604780701624
0 0.6124111294098522 0.5723327104596124
0 0.6501789258226104 0.5794271533040033
0 0.6537334747288538 0.5820941631344781
0 0.6566804401252581 0.5856182281521783
0 0.658610639364823 0.5898430649785028
0 0.6988476472704307 0.5550969843415247
0 0.8905040032189825 0.5185176436451898
0 0.6631339613510214 0.5821443800477014
0 0.6669120130979497 0.5839140717534052
0 0.6356406459665817 0.5180927817372308
0 0.6773017149256624 0.519162983134173
0 0.6406678272330243 0.5157226328400598
0 0.7168024661748306 0.4666213397530542
0 0.7515856442244156 0.4819379751233087
0 0.6946418755080389 0.5036105219868646
0 0.856999801552814 0.32913181228914123
0 0.8313590495482736 0.35162998779096466
0 0.8055913590866587 0.37892818494119507
0 0.6746132182686225 0.6029186551121698
0 0.7009921316867289 0.3722595576790796
0 0.7220593917628993 0.3300812695769296
0 0.7430974682388098 0.2945166681555734
0 0.7952583237834598 0.44089850826539856
0 0.8491900252259296 0.46187958164491516
0 0.7024466518474661 0.4235932384280191
0 0.8341157773266668 0.4237932865170465
0 0.6809356513878574 0.44329920454301697
0 0.6713498250945754 0.49819308562555176
0 0.8724453410376674 0.4769698981789575
0 0.8290436812069105 0.470030069783114
0 0.7969102924284728 0.47191405339517456
0 0.7532697216324185 0.4640919868496881
0 0.7227596621150556 0.453900874092959
0 0.7005826429180477 0.44455000801362854
0 0.6536759238528169 0.42069666130819183
0 0.8609235332064007 0.5087218884972559
0 0.8531477363861125 0.42480388326921326
0 0.6144846276096676 0.509862810805224
0 0.6895595753322477 0.47050130410470825
0 0.9090591947669568 0.448849022820376
0 0.6841359494820886 0.4352245335129724
0 0.6969490465910538 0.5041003231553064
0 0.8182574497616809 0.43040917856969696
0 0.676023690920809 0.48788908167161804
0 0.8744058803371761 0.555773467257403
0 0.7045779050044392 0.41886046572007996
0 0.6560067343323127 0.4772198502568231
0 0.7829619260585826 0.6247032587079034
0 0.7788480248140253 0.642749876215838
0 0.8854750362427338 0.5160206262616144
0 0.8189831622268843 0.6068671052006708
0 0.8940879398066065 0.4190191928891168
0 0.6663224227402521 0.6653347913769708
0 0.612095177821491 0.512309521868609
0 0.7079112639893657 0.48439821644105774
0 0.8757359450278075 0.44772812767305237
0 0.7756576926811881 0.43182607038297516
0 0.756753930579061 0.4297354821709619
0 0.6736842069936835 0.5884934370068536
0 0.8503039339962213 0.5399013464001642
0 0.6170394341258899 0.6814462844876276
0 0.6980330234636432 0.6703144018200861
0 0.7353153789173001 0.6596029107121454
0 0.7386674453382907 0.4260676209477411
0 0.7213147337669912 0.4220264856366144
0 0.7097982320448627 0.42015846116819244
0 0.8714062960251517 0.4234510068444238
0 0.7300845416991607 0.41197322352208954
0 0.7511478221934774 0.4104225192812906
0 0.7707416846052461 0.41229048414506775
0 0.7888249385616054 0.4169960920361505
0 0.7990033143888349 0.4219586853531824
0 0.9107618435569431 0.41206817372121674
0 0.7890020129473313 0.4316997532395349
0 0.6781680732965469 0.5433067981747614
0 0.6667009592056274 0.5089538101700769
0 0.6327269287860912 0.5326876346615778
0 0.7436681470793226 0.641677529051684
0 0.7065218797196513 0.6543511752633081
0 0.6195561114860617 0.6695041362790094
0 0.8150500428417454 0.622316629126452
0 0.7130241083062213 0.4159248773602472
0 0.662071821158347 0.4467388991860376
0 0.6593975081391956 0.6784373228100763
0 0.8705802436756052 0.5498221520928369
0 0.6330734755357971 0.5758740012196527
0 0.6358167679737443 0.5798670653847681
0 0.6368227688514668 0.5847252611664758
0 0.6367052181259446 0.5908693079499231
0 0.6462055684431739 0.6086771790532098
0 0.6680289490715318 0.5818597678688989
0 0.6729254674004472 0.5816191141156183
0 0.6772845721115237 0.5811162893322931
0 0.7146276416985885 0.5692901019600854
0 0.8152105186296545 0.5436715487984644
0 0.6671433730617814 0.4309135828761087
0 0.6886720945653708 0.40754085822381836
0 0.7039215801202733 0.41021794123926025
0 0.6629747440633567 0.5818990175274835
0 0.8116166500941567 0.582380414441012
0 0.6665566738532938 0.4059153352526651
0 0.6556862249322559 0.6273420159367548
0 0.6468107369930848 0.43707758231439453
0 0.6727796174261881 0.4730719332245813
0 0.6153931797522566 0.6302385632542596
0 0.7199459957039874 0.6061088149098383
0 0.7122376476940901 0.5188385252503381
0 0.6896079765713733 0.6192844216374384
0 0.7648599306526391 0.5233876113442407
0 0.7287048852961996 0.5374377374199854
0 0.7801253005214359 0.5514413718728052
0 0.6188030521506849 0.6517396871594415
0 0.6867544463147288 0.48295685692109924
0 0.738463534285193 0.6217373017815576
0 0.7014162462690602 0.6358341280964838
0 0.744741035544354 0.5894938413647638
0 0.8388712075741395 0.5661835376767145
0 0.7756387811640034 0.5958736841229425
0 0.8509321977262911 0.5804587010888086
0 0.7429016864170199 0.5603207056073175
0 0.6754142366673636 0.4583036605862604
0 0.6614171629366667 0.5040206317452417
0 0.6778336523667626 0.5092391972092615
0 0.6519374928396681 0.4932927493599878
0 0.709373131070448 0.3988571022299753
0 0.749612587949504 0.39505508585252624
0 0.7836388631359391 0.39753837926664215
0 0.8102569256139838 0.4039486501959787
0 0.8274125968632491 0.4126122598198877
0 0.8338444854902185 0.4365072105673776
0 0.896283036340838 0.4832165543583856
0 0.810015293567077 0.4533161525277124
0 0.7852825664955637 0.4544261698273645
0 0.7547981871858888 0.4500807528046594
0 0.7271788347026577 0.44284129185953003
0 0.7061703499892483 0.4356777076271997
0 0.691813073080519 0.4295708392409311
0 0.9009622082762097 0.48338121218957764
0 0.6774598777942036 0.5128899817017541
0 0.6570176161501718 0.46132883472719055
0 0.6423691154822059 0.50332912845888
0 0.6287356632883134 0.508869797423266
0 0.6427758491557577 0.5055065159348474
0 0.67013836554859 0.5163002912549005
0 0.6229015112571095 0.50977563901224
0 0.6207819077307764 0.5122531060723291
0 0.6958144916140515 0.4186072055844293
0 0.6816890508584355 0.42080493314542633
0 0.6728968620300293 0.42305010600366455
0 0.8045009876722875 0.42543993933477264
0 0.821053565196369 0.42222230179586273
0 0.5226010145700496 0.3884866688994394
0 0.5445495479456757 0.391457453802012
0 0.5264804946339648 0.3766047064808832
0 0.5005137230391088 0.38550645156183105
0 0.5185188479397608 0.40043705745019775
0 0.7667839054180228 0.42009696407594543
0 0.7893196992252184 0.4229952846316324
0 0.7698472990937855 0.4083117250946985
0 0.7442735537238743 0.41708925409593445
0 0.763706158036771 0.4319308404473291
