0 0.6712094329077484 0.5220916522213855
0 0.6899820867973038 0.4689284548923497
0 0.6811000805363876 0.4838924965117467
0 0.7072274996761532 0.40962885332560056
0 0.7020284395177656 0.4533374636198702
0 0.7194896317735503 0.43206078846400886
0 0.7637348854089085 0.3778359991799894
0 0.5609722227989873 0.3099227934050532
0 0.7987012081005402 0.3325780121032878
0 0.8160851572636311 0.31030698334477835
0 0.890450470055206 0.218100516821566
0 0.6664647740402302 0.5282143381990996
0 0.661129835914459 0.5344958224754741
0 0.6572965619936271 0.5386931380767415
0 0.645578967116553 0.5518063787605132
0 0.639914074904808 0.560128517139566
0 0.6323783922044537 0.5702380566975965
0 0.6245153377830731 0.580218940372286
0 0.603256360136507 0.5902690446249531
0 0.6846470727196222 0.47642542105411156
0 0.6589257874317813 0.47006040012567774
0 0.5317100974326395 0.20961608765105477
0 0.6281194458027932 0.34706603639349254
0 0.5987964259924264 0.3410634795824687
0 0.5724949250744364 0.33327386769535705
0 0.5456762296238026 0.31307313203246
0 0.6554148154419686 0.3501284176910192
0 0.6288149374446789 0.2855685713523082
0 0.6604623705274445 0.29716182253538925
0 0.5956270856947838 0.28010263134010605
0 0.5701910757817297 0.2817192622068231
0 0.5149879362512741 0.3185246615788832
0 0.4810570659516733 0.5797475797001578
0 0.5555802637766182 0.3018707725996083
0 0.460468990516059 0.28091553263675556
0 0.4959397288314401 0.29734322764553917
0 0.5595348518860491 0.41660298387633804
0 0.639005405238912 0.5121248329095852
0 0.6310915200016166 0.5282343177750158
0 0.5989261328671049 0.5114877204170997
0 0.5704923580215953 0.5142428567401031
0 0.6029639073062044 0.5249402677885578
0 0.5799389148311775 0.5240352087315009
0 0.5031998200255607 0.5318845076351686
0 0.6671198402779012 0.4628455078191746
0 0.6742281605674245 0.446988237568775
0 0.5448970769528095 0.2582527311388425
0 0.6483941246688617 0.3872034469462516
0 0.6065391156240858 0.4424867604550942
0 0.6100581195284043 0.43262128636223285
0 0.47427738957767246 0.3924008268478502
0 0.6909770947971424 0.42684772380871844
0 0.623986370704345 0.25772898307474484
0 0.5804910472425228 0.252972380935368
0 0.5757688701404298 0.18824295991256143
0 0.7386636155567089 0.30738858084944504
0 0.6823170579938446 0.3130981458322292
0 0.49539868539898707 0.5122065131915987
0 0.3768998442319878 0.4359258452909838
0 0.6223807852982469 0.4573808263629357
0 0.6414573607565481 0.46750609787050657
0 0.534115228597625 0.5228669541586336
0 0.5420657606316015 0.5243663033415273
0 0.5754509734202035 0.23880694027048838
0 0.6012974844200198 0.44970851189159694
0 0.6765622007444438 0.2738489454185694
0 0.683092526997192 0.25958110549413155
0 0.7105107868271034 0.18177999186628938
0 0.5758632783648334 0.21149462401371974
0 0.6979924689365339 0.22291708915259065
0 0.5363382270819024 0.2468887573883627
0 0.5331497658908618 0.22547658295111017
0 0.6339320644799165 0.5205483794353752
0 0.6004201259291122 0.5185702126362711
0 0.5747476777195427 0.5192189667714165
0 0.6273561480930586 0.4622139959007254
0 0.5380649557848017 0.5236637459389538
0 0.5455153065140237 0.5310508087012267
0 0.5462184313228865 0.5251271633490973
0 0.6373022216281811 0.4546956342875887
0 0.5844448568448739 0.5272436454485603
0 0.6058635423706553 0.5290530713568944
0 0.6306093203116067 0.5328938065898801
0 0.5667978482407356 0.5796438117609896
0 0.5889133735548092 0.5706097082735381
0 0.5987726720325052 0.5612262925784924
0 0.6096235796620574 0.5519099579162869
0 0.6186121274650348 0.5454314152399699
0 0.5767975248364959 0.5343144016333746
0 0.5674398127738937 0.5363241581871557
0 0.5555409396751018 0.5395670478737086
0 0.544868936770073 0.5435398056272369
0 0.5477745910234089 0.48845633507340547
0 0.41314627940644694 0.34565777519843754
0 0.6826331318682256 0.47985228015858933
0 0.5630839137588373 0.5300981133009616
0 0.5546272571831313 0.5304059560895673
0 0.6456756728862408 0.47537613148366853
0 0.604517199822116 0.4618629217147827
0 0.643589881527776 0.47157815568953365
0 0.6117565561447466 0.3890933889723333
0 0.5555667633245766 0.38932073137514106
0 0.6011872402223354 0.4388948102721399
0 0.6323849430567101 0.17795352551153687
0 0.6289078646068331 0.20907892023399915
0 0.6255802595162694 0.24260636340398098
0 0.5160942327875628 0.5478497305233142
0 0.7485723397399806 0.2827980963785029
0 0.7699461186988444 0.2420106731346352
0 0.7938170065859702 0.1954465881431937
0 0.5526858693939724 0.3234005748235741
0 0.47638792227089155 0.32283148728090105
0 0.6748881446912822 0.35072802521580054
0 0.5386158539776058 0.28276806408683036
0 0.6763894291366706 0.3823739901485534
0 0.6258318122429184 0.4403525641804488
0 0.4436398890451037 0.32335767379717756
0 0.48353317417675934 0.34048363138631005
0 0.5133337985865677 0.357330110891858
0 0.5696790459789808 0.36926521733845113
0 0.6150646605823613 0.3729029002987193
0 0.6510743536526644 0.3734024368924744
0 0.7318032972420319 0.37389341530567954
0 0.41878872782872195 0.3618371099198275
0 0.5202713410059611 0.27525911017951876
0 0.6708813586315525 0.4726335492563983
0 0.6386273546057915 0.4060341657834262
0 0.4658787412733971 0.27293688564396695
0 0.6810733834399453 0.3709003647097772
0 0.5982295589104987 0.43846605171936687
0 0.5435140116556787 0.299108855806353
0 0.6317994297808233 0.42872001458741593
0 0.3916606422718064 0.38793800313419013
0 0.6804548690590677 0.34480785662451957
0 0.6617474388724138 0.4256035153834704
0 0.3951115173126575 0.5063540077152908
0 0.3868805328501931 0.5164747798852932
0 0.40240912875042684 0.3509158961572115
0 0.37964212592644025 0.47165807399319865
0 0.4974937049145437 0.25070309441001953
0 0.4653461854669112 0.591386107434016
0 0.6716778853020084 0.47652509868639925
0 0.6043675365830272 0.4118256627594166
0 0.4723087540407221 0.29428449616030583
0 0.5824702590829712 0.32352125460849823
0 0.6054377749499389 0.3310315457315207
0 0.5369071638533838 0.5321309328927688
0 0.4027788056854457 0.39682194516327884
0 0.500286475641315 0.6255862644982932
0 0.4353654980659485 0.5769497468661018
0 0.41156801770005047 0.551356130364668
0 0.8543459700129706 0.26353238913653726
0 0.5577180252296512 0.6449625516135781
0 0.6302884804548593 0.33627579111080014
0 0.6549480339897333 0.34044804571644977
0 0.6713799259582149 0.3438418834588423
0 0.5053808360914641 0.2669962969821826
0 0.6646330418214517 0.324870206353786
0 0.6443252289345496 0.3123189895673437
0 0.620260511772542 0.30399513640579096
0 0.5937285917469218 0.2995632889007758
0 0.5752682331242139 0.2995746945641926
0 0.49688603266885006 0.2369585777870418
0 0.5689605978722311 0.316359552023391
0 0.6734790278889459 0.4971184408820255
0 0.5789006142425135 0.48402867226696805
0 0.6237402105633216 0.45431847652930807
0 0.6349297497845903 0.489893668911211
0 0.782165262015057 0.3543434789313682
0 0.41622316724137415 0.5379393574464646
0 0.4389743910560125 0.5638679700814108
0 0.5048584578409476 0.6175478675611503
0 0.3755251906089139 0.479791743616758
0 0.6762411140439882 0.3375570168133167
0 0.6916868274221943 0.3947878984794074
0 0.5636868959740747 0.6378196801720706
0 0.46295482058565324 0.6024002655545163
0 0.3846022413752753 0.38985484679398585
0 0.5955977682574389 0.5395128041116934
0 0.5851294683756204 0.5436874027778246
0 0.573009746109886 0.5500860586143757
0 0.5618336693647039 0.5578568236259379
0 0.5364137422686388 0.5642688830834973
0 0.5600963643583065 0.5240092195508602
0 0.5536707188258191 0.5209443840692052
0 0.5487989924125027 0.5176838745991672
0 0.5196671625481376 0.4988185297410542
0 0.4318354621466705 0.42137860594270915
0 0.7049912096075871 0.3768541052813773
0 0.7137220715671652 0.3375108907372643
0 0.69402648804057 0.3344797845554239
0 0.5661078441243634 0.5263394673806775
0 0.4051959182642683 0.45801428904312785
0 0.7400073567523232 0.3440872861397224
0 0.5063156332144757 0.5708244179208649
0 0.7344906657053951 0.4138656875841134
0 0.7185841710758611 0.3928368535613109
0 0.7485194012585572 0.3967488230618152
0 0.6508725494272095 0.4152237323962355
0 0.5744266289950423 0.6244088539307935
0 0.5891274060378094 0.6065629079389968
0 0.5428663127532991 0.5916958065926675
0 0.46748755463567965 0.526676791842722
0 0.5650732461913226 0.44555445915156555
0 0.48173404431544276 0.5496339853123838
0 0.5013253268813282 0.4263654136997101
0 0.5289922722532779 0.4570589192114408
0 0.4609301135509829 0.4475326259506696
0 0.5195058596788077 0.6054796373575466
0 0.6281700297749998 0.42006366667232764
0 0.4341863636477587 0.5278090517150408
0 0.4558756088657218 0.554274375540506
0 0.4612506496000893 0.5018022512908791
0 0.3937598771183803 0.42711161153030847
0 0.4239710975548386 0.48979465202080397
0 0.3750023376589586 0.42892531652891763
0 0.4948101530346689 0.4760269307722542
0 0.6651722434200819 0.3998342044695699
0 0.6301517100525305 0.44990311610741124
0 0.6122368950129561 0.4502021175403753
0 0.6489518015696529 0.4423724206458349
0 0.7044534700832287 0.3142568196478263
0 0.6662845211693004 0.2892770166216089
0 0.6257132513110648 0.2755393748605803
0 0.5886927142676421 0.26989931363086545
0 0.5594043475163134 0.27181914636107385
0 0.5228666747421152 0.2989795391811312
0 0.4275075324225526 0.3146776021021824
0 0.5228114766913627 0.33014116458338494
0 0.5471654187274885 0.3436220451959653
0 0.58456945595359 0.3536024097163199
0 0.6231955024512005 0.3591936389746615
0 0.6553135525576675 0.36158099378131037
0 0.6791806238613048 0.36179200642049525
0 0.43969120619669244 0.3083460587623705
0 0.6102785699478182 0.4550367029536237
0 0.6786849616952083 0.41027241591739766
0 0.6488561401387307 0.4558139871165139
0 0.6586817729322216 0.4669316300010907
0 0.6475273234934746 0.45829872269081756
0 0.6149179784557487 0.46191332688111003
0 0.6629006357132634 0.46964570593579386
0 0.6635821711916461 0.4737496366845897
0 0.6900799508336224 0.34825069938973036
0 0.7024294276277727 0.3567353645394847
0 0.709344355365898 0.36250338944676086
0 0.564280118368849 0.3006003704783755
0 0.551873658654056 0.2870509300296983
0 0.7590633492429548 0.4224125411304008
0 0.9924722278671425 0.41062128763040473
0 0.7117998426473593 0.48282159124263524
0 1.16657888034225 0.3643174090843608
0 0.8865049202230912 0.40339739664876445
0 0.9122990244048558 0.41258145707923466
0 0.9420690591828229 0.4201657355609455
0 0.9969781129169062 0.4142819235050523
0 0.8695782395354806 0.39547097972844986
0 0.994095130308771 0.37129210598528173
0 0.956165809671587 0.3654833195967465
0 1.0235398630552655 0.3804379377783688
0 1.035636875699844 0.3899485305534987
0 1.0058630433263658 0.4289110004548359
0 0.6948622628606321 0.6321854397636857
0 1.01136112615529 0.4051214924627917
0 1.1204542726404054 0.4438957767837271
0 1.0583265974551817 0.41612413479622856
0 0.8570415412826378 0.48851378815312685
0 0.7058802646926686 0.5269083032121579
0 0.6891120196897772 0.5410014555688996
0 0.7323607462870924 0.5403940449971463
0 0.745294824934207 0.5522587981653949
0 0.7106222082793964 0.5484918457757536
0 0.7249514095893892 0.5557189146112009
0 0.7545766420505218 0.5918909771586652
0 0.7137303123494241 0.4741410161252548
0 0.7306853610755019 0.4607544170862698
0 1.1041568915049236 0.38048713158458153
0 0.8319013070959582 0.4317478799876511
0 0.787617431914253 0.48617853756335566
0 0.7990306115351649 0.47813048120919494
0 0.9471667994929769 0.5073210821174359
0 0.7460870033578028 0.44028601803389306
0 1.0580053208749505 0.3579640297985869
0 1.0921975037216638 0.36830822711596145
0 1.1570334721215163 0.3304694274424941
0 0.8985148160266474 0.3444406257263989
0 0.917883046820194 0.36568118032611563
0 0.7876399136796782 0.5815047755360179
0 0.9673767293555827 0.5850325079009485
0 0.7560710718360129 0.489470762643667
0 0.7296134137906103 0.4885879800271592
0 0.7526221715448275 0.5706331803422523
0 0.7450384112853038 0.5685554303025577
0 1.1249438660054267 0.3574439787426312
0 0.7824943616420408 0.4931971895312924
0 0.9979655637016779 0.34942082606459285
0 1.0213702207879176 0.33659261684259345
0 1.0633476263360133 0.26900394545472534
0 1.1220628581469572 0.3464766231720134
0 1.0159888760450018 0.3018095595839468
0 1.1336907917940164 0.37150291410912256
0 1.1381444599055037 0.3749912536724041
0 0.6980155962931959 0.5347001175722053
0 0.7213953031769281 0.5450208742847646
0 0.7355751830314282 0.5542469075566084
0 0.7467536332738047 0.4907583597857474
0 0.7487705742256551 0.5696325339597881
0 0.7352581217822143 0.572015263573272
0 0.7410402647553617 0.5674903458547762
0 0.7470678843023405 0.4811521167574121
0 0.7167315141058169 0.5560007996830651
0 0.7023164111853651 0.5500462253181394
0 0.6824949373675802 0.544234811694031
0 0.6411920227581942 0.5977044044723149
0 0.6611334436301943 0.5859816478806176
0 0.6665355232446003 0.5756419184369125
0 0.6706728516500208 0.5648182112975477
0 0.6721197735156691 0.5566468793867887
0 0.7112053290701114 0.5628244384044996
0 0.7154488002700645 0.5678608647303508
0 0.719571280077037 0.5746107206084409
0 0.721910750815637 0.5815073555757425
0 0.7790303469207216 0.5431514781847826
0 1.0710976833029637 0.5103085793351505
0 0.7241761304658173 0.5646224429174674
0 0.7298371681181187 0.5680760778000629
0 0.717057955415943 0.49269650450522084
0 0.7657251292643165 0.5003005423155543
0 0.7228977079129923 0.49070134720061315
0 0.8550484112546414 0.4480514656465107
0 0.8943155108624873 0.47160427072577066
0 0.7976707305586288 0.4860772867361139
0 1.125614065661209 0.29908769633422116
0 1.0841119671672708 0.32191580915790435
0 1.0885573565205442 0.3456912842509585
0 0.7215560174189539 0.5971295905000091
0 0.9342225432898927 0.3254769561836587
0 0.9410128719193019 0.2844827993908811
0 0.9871504673977944 0.24336676718501435
0 0.972865887835056 0.42079444719237646
0 1.0202598038604993 0.44472060289812826
0 0.8606500924891057 0.39015826890477084
0 1.0570554662857377 0.39747620548076334
0 0.8189736463852573 0.41712544192057344
0 0.775381882985433 0.4764872161519061
0 1.064776053911523 0.4765266718813533
0 0.9827607507947125 0.4596917868226166
0 0.9340540819530245 0.46304486308375004
0 0.879913357742728 0.4464891572015566
0 0.8490485901068031 0.42890801138442325
0 0.8296131038967567 0.4167663129764661
0 0.791582387459429 0.3886042040013758
0 1.0286325905393447 0.5119879964124832
0 1.0853340334027126 0.3959995417691069
0 0.6991549508984078 0.4794769158425563
0 0.8143034773536876 0.4484458656214876
0 1.1361943946106021 0.43744473355520663
0 0.816943261945298 0.40657241870500016
0 0.8001198758555867 0.48683433961189515
0 1.0248099308979661 0.40514055958563466
0 0.7873049277796524 0.4662974121873206
0 1.0266642208340802 0.5477912076710241
0 0.870371291406044 0.3843310289394247
0 0.7692145119236491 0.45180746859927196
0 0.8518832673000384 0.6189013186440067
0 0.8432697130657952 0.6310315327287993
0 1.0623098194347655 0.5151840678172038
0 0.9107002746706774 0.603251773055338
0 1.1334789619164125 0.40738044309729216
0 0.6890320043523603 0.6464949693544055
0 0.6942413559945827 0.48202851220240656
0 0.8305743132965474 0.4664168806121301
0 1.0799901329515353 0.41824986728202124
0 0.9519665804593372 0.41228912599287565
0 0.9248858509184439 0.4057247497998664
0 0.7398044512241702 0.5760399367602836
0 0.9933737010895451 0.5423964389985425
0 0.6204892029742148 0.6551814596848131
0 0.7271062412342442 0.6490980406531518
0 0.7779838435257538 0.6425204496225287
0 0.9037631309988127 0.3972125380064669
0 0.8862976094841454 0.3895445970171004
0 0.8748621759535391 0.38591498454694645
0 1.11256803389843 0.39083154914924967
0 0.9070618743634928 0.37603745978073716
0 0.9389485749514294 0.3767043371217531
0 0.9678358966288184 0.3834158385068638
0 0.9908345907549315 0.3916721229451407
0 1.001647636357239 0.39794772347238705
0 1.1595654809525244 0.398313302515806
0 0.9741099801244615 0.413054799977005
0 0.760237641726868 0.526969940990457
0 0.7582959311420907 0.4868194257237309
0 0.7111978098309996 0.5079996954928089
0 0.7939046550903642 0.6308320516086275
0 0.7436241867170053 0.6391035960379586
0 0.6282878311877512 0.6480552641098185
0 0.9040837619878068 0.6130164997433428
0 0.8826770578758626 0.38100787484631704
0 0.7909434420147022 0.41906792865812
0 0.6752502644112341 0.6546012653857647
0 1.0216248115909754 0.5488629939293098
0 0.6939318139844806 0.5601766569051595
0 0.6961177859125258 0.5671136915188809
0 0.6965500662095436 0.5762606245484357
0 0.6946097607351054 0.5860978125960236
0 0.6836210003885036 0.5996654234464199
0 0.7354547612777742 0.562208784291187
0 0.7441646984860867 0.5625098623414905
0 0.75215028232663 0.5621149274802293
0 0.7875462269984217 0.5619949556330345
0 0.9404483213706358 0.5454651445397845
0 0.8060539986010845 0.40173264174840345
0 0.8605507094145827 0.3692984117519813
0 0.8780310415517428 0.3740431677333542
0 0.7275313060997911 0.5614348038377004
0 0.9104094168304894 0.5815295376245945
0 0.8285735121256188 0.3672064872257509
0 0.6919710774461931 0.6162097079332471
0 0.7746845305217469 0.40663314403022593
0 0.7920240098414039 0.4495893266418792
0 0.6391020160687121 0.6154283963912747
0 0.7797906635179801 0.6021771235822359
0 0.8160521181826853 0.5057052221162464
0 0.7378676775135572 0.6118014583525426
0 0.8858788486271468 0.5194280443808079
0 0.8289909438241886 0.528992125784375
0 0.8865398960777476 0.5504648839593075
0 0.634804391156772 0.634013618155872
0 0.8025716414934472 0.46206196234036734
0 0.7964759310589561 0.6159764660493617
0 0.7464448887587599 0.6254551544308238
0 0.818539467290484 0.5878313475797751
0 0.9597331949427158 0.5665311059635022
0 0.8556778247346355 0.5947563000562494
0 0.973960734620879 0.5782690910823546
0 0.8301557802952795 0.5560947194218211
0 0.8028823987341128 0.4333062869091192
0 0.7583649714284808 0.480881558689217
0 0.7727998598215449 0.4889411308304412
0 0.7549481608193634 0.4680304122847877
0 0.9071674854946539 0.3590519885010001
0 0.9701122513300255 0.3602226972579956
0 1.0174521655473026 0.36803040088707867
0 1.0490620593984419 0.377669397834357
0 1.0627539862057327 0.3872211768533836
0 1.0387838671479044 0.41011025098153564
0 1.0953153296361995 0.48027377055067466
0 0.9789980931624078 0.4363396899555926
0 0.9394364900226835 0.43733174669360775
0 0.8987825085342181 0.42714508911893034
0 0.8685618890488701 0.41367605466435386
0 0.849663079036439 0.40395068931409894
0 0.8368881196412357 0.3972126009342651
0 1.1050558583142889 0.473319430792459
0 0.7684933485361091 0.49300544853029443
0 0.778043997438648 0.4345805433579894
0 0.7363785643617815 0.477016879429031
0 0.7155405881535655 0.4807406948130326
0 0.7344175619918083 0.4793181175438959
0 0.7572409211331782 0.49582703660815636
0 0.7089225564324906 0.4807873557753693
0 0.703696191562379 0.4833684652725573
0 0.858087133254683 0.38414743708828875
0 0.8327978814201515 0.386685205064493
0 0.8143059837667248 0.39166825288555374
0 1.0074025125946173 0.4020954834326023
0 1.0384015252318564 0.39704515006335744
0 0.6170277706178432 0.31655492710473276
0 0.6491983984341602 0.32499908248442066
0 0.6292580598768805 0.3013483145553729
0 0.5848821879439213 0.30798277658358447
0 0.6045338143024767 0.33166049334219483
0 0.9326209453590811 0.38710205453146396
0 0.9657110280125453 0.3967303852169539
0 0.9492784145009165 0.3714011283955964
0 0.9000274362946361 0.37747833330718933
0 0.9163179058062879 0.4031433885914858
