0 0.3431283813991627 0.37563946267136006
0 0.3243280845352366 0.3320488495653083
0 0.32542191426965256 0.34697732738420073
0 0.2920900050094862 0.28896521119510427
0 0.32045160164812947 0.3177483252116612
0 0.31428863579713845 0.29955446987258955
0 0.2985466688494139 0.2558912402775441
0 0.15724029420297356 0.2679958166528483
0 0.2868258344473215 0.21719927847886286
0 0.2815056141418747 0.19776024170616427
0 0.26289266071239104 0.13541456163764334
0 0.34467367482084765 0.38186337099689727
0 0.3454059070675685 0.3886992907991596
0 0.34517392377813155 0.39347267317838697
0 0.34489968657996584 0.3931007665746352
0 0.34711141878039525 0.39914419403931006
0 0.34903177229161003 0.40669552885851606
0 0.3502742771357927 0.41495725721204313
0 0.3487145614020432 0.43234716343278645
0 0.32557928008872244 0.33960320702453956
0 0.3054249387250168 0.3422551836286272
0 0.06854074237718864 0.2276274596943575
0 0.21471941923793358 0.2737382232975893
0 0.19588738528988028 0.27715392840676617
0 0.17727283234334695 0.27891698070600923
0 0.15008238875916236 0.2742947547041735
0 0.23064669023586226 0.268728550909614
0 0.17564970908788688 0.2343978564612338
0 0.1986141219923768 0.23345280611882357
0 0.15532060715719617 0.23968026117116464
0 0.1430878739819748 0.24755333652015493
0 0.1358328245360137 0.2858989622746529
0 0.279038132494512 0.46187299373103125
0 0.14886452980685336 0.264941048889267
0 0.0734291730550774 0.28899797271279726
0 0.10964647777975862 0.2784104934927462
0 0.21389105601652766 0.3348844271748006
0 0.3173693322934179 0.37637996072528745
0 0.322935544991795 0.39172534348250104
0 0.29202393162602613 0.3864161981587984
0 0.2759742442565628 0.3953469781314625
0 0.30284259842417915 0.3958443486723913
0 0.2870259740181613 0.40011280391062676
0 0.24662013395929136 0.4206049138424443
0 0.30726475655278074 0.3338640180288577
0 0.30062172231794915 0.3205277889716525
0 0.11125014024444774 0.23905497689207061
0 0.2449291245343816 0.29504688480655017
0 0.255588825996415 0.33745893644017666
0 0.251217052654878 0.33038595878109545
0 0.15265595837484433 0.3412062056592199
0 0.29586365227960837 0.30347366393113334
0 0.15417102092429052 0.21714721106681503
0 0.1279697853301648 0.2257916202732161
0 0.08035472198880675 0.19962087165073855
0 0.24329732389892708 0.2186959606258809
0 0.2195854300185095 0.23789502659431694
0 0.22712733951801992 0.40962319948426146
0 0.1239003340403239 0.4164718192498557
0 0.2730649093535379 0.34340339682015386
0 0.29104634679319485 0.3453610437590869
0 0.2593369476402862 0.4081043472477034
0 0.2641986130662105 0.40711145875166777
0 0.11424366306152021 0.21861935863975718
0 0.2556924080546898 0.34405128995911416
0 0.19108690139110582 0.2135341202511507
0 0.18469586440279515 0.2033180844883959
0 0.15009489165076725 0.1562816739416256
0 0.09684906176876922 0.20940401173439346
0 0.16800275130613948 0.17953580651296622
0 0.09675795594348183 0.2349253558978981
0 0.08286916279088596 0.23253912785473993
0 0.32003809983217263 0.3846111214127527
0 0.2976883146833267 0.39146022870093167
0 0.28158393716007346 0.39779660848676324
0 0.2785000682883122 0.3454269080602822
0 0.26189418885275284 0.40761358263779757
0 0.272435619358272 0.40837421537447377
0 0.26689217311923513 0.4065773046317221
0 0.28266053209827924 0.3370465898380226
0 0.29054704421683203 0.40161837115675125
0 0.30622179146054423 0.39856370089768695
0 0.3247320425661304 0.3958789871520355
0 0.32127116752576224 0.43513540259930267
0 0.32513570735223185 0.4173941632278827
0 0.32467544632118966 0.40903719733743105
0 0.32443453239489206 0.40143518454554367
0 0.3246612372780651 0.39559634593354553
0 0.2906515459974104 0.40165410656221107
0 0.2877880772457847 0.4048190544299385
0 0.28463929464042437 0.40905689324985367
0 0.2821473537115105 0.414030866796563
0 0.24479764423289882 0.3828542118980771
0 0.08460754457908341 0.3505667367903124
0 0.3255347335388892 0.34316348695621435
0 0.27891416992316265 0.4041634340580104
0 0.27595066470938895 0.4060588974912627
0 0.29892226211129364 0.34990477862478303
0 0.26467864146212483 0.3515515080353125
0 0.2951802852787549 0.34767531346874075
0 0.2252884280832508 0.3059290958051922
0 0.19521296225519624 0.31921203864388775
0 0.24913352174597952 0.3372658531204993
0 0.10534604289863683 0.17555163788194417
0 0.12316285004595665 0.1913480277822799
0 0.14402375140773596 0.20775486908706964
0 0.2671496420469968 0.42739876044564556
0 0.23217036351875917 0.20126797889127118
0 0.21675371168031973 0.17315370929675275
0 0.2012108712759702 0.14395111866024027
0 0.1606971437921001 0.2782155210230531
0 0.11746878261807599 0.2988617734080937
0 0.24107258229316036 0.26402743156550645
0 0.12519250388889877 0.25713042518337903
0 0.25724273995508123 0.2839493838344969
0 0.2673286413341635 0.3301375904003111
0 0.09478003314778774 0.3131520354113325
0 0.13457133875617497 0.307289186312037
0 0.1623671462264242 0.3092684061253438
0 0.19960174379469472 0.3017994869990843
0 0.22520890542726477 0.2924310092498608
0 0.2438505435291725 0.2833740828084011
0 0.280208739047312 0.2616819847865599
0 0.10464733386341529 0.3419905807457718
0 0.10846050253397302 0.2575046718955374
0 0.31523003155672097 0.3404163459435898
0 0.25087077054293344 0.30830610967149924
0 0.06704306124634883 0.2894389856429327
0 0.2572529235469641 0.2739157058945557
0 0.24680193240129494 0.33858279787859663
0 0.1397245428230189 0.2663918795371924
0 0.26294709760931473 0.321525625821923
0 0.10004472355299358 0.3831386813262598
0 0.23995421330134073 0.2590591376569091
0 0.27875339180105346 0.3108769625174899
0 0.17991404820092116 0.4432951656042361
0 0.18445202469322752 0.4586675327365138
0 0.0866559794180504 0.34768784279916803
0 0.14813175105847387 0.42821891968991577
0 0.07722722628951575 0.25907490901252467
0 0.27908891716083895 0.47537927066578584
0 0.3173741575031844 0.34367241178240093
0 0.23495057740794958 0.3209938605626424
0 0.09284833639482909 0.2837714137149458
0 0.17702133494590405 0.27022199103144373
0 0.19332513225732473 0.2692733452099712
0 0.26906655659655476 0.4111838080302006
0 0.11561840797778423 0.3694468045435032
0 0.3214789714491317 0.4884286901864017
0 0.25374868826524116 0.4795214819307087
0 0.22244102114866554 0.47164197128360014
0 0.2722163255707624 0.16717111246258604
0 0.3638100835341441 0.48524823910048026
0 0.20912297566731772 0.26668219923639164
0 0.22413255041661645 0.26316473597571965
0 0.23462074366299915 0.2609417426819895
0 0.09226380621833641 0.25707574952550294
0 0.21901084350634226 0.2501729050604235
0 0.20072719064945913 0.2474246061816603
0 0.18363054605978954 0.24854159355163574
0 0.16754420975592568 0.2528770100168821
0 0.15819840491572512 0.2578940074316928
0 0.06449844288926587 0.25605000200725736
0 0.1655928656018736 0.26948138328493476
0 0.3282610570328145 0.35833058270419677
0 0.26248135823237745 0.37236031263816255
0 0.2727791023153796 0.3408827344242598
0 0.30052417843653684 0.3626855244489611
0 0.2923443415496923 0.23724944918763405
0 0.21398490767941697 0.4568180670591296
0 0.24526099766357035 0.4664429085595267
0 0.3183915303226262 0.4798059513588913
0 0.15310748870865706 0.44172680544919996
0 0.2331792322392202 0.2554896435483831
0 0.2734443947735718 0.2852682299306747
0 0.36186627043953423 0.476284063830763
0 0.28616780646239653 0.4857045602397758
0 0.10062128280285541 0.3776345513447994
0 0.3061959592601921 0.398454885856778
0 0.30391435482330964 0.4033092457373269
0 0.30241584727532755 0.40944686256536916
0 0.3019172244937108 0.41689006487528485
0 0.29182861726495285 0.43281603827863846
0 0.2747101059442834 0.40374747978872944
0 0.2698661151817579 0.4032259281275987
0 0.265371725529055 0.402359210476488
0 0.2321007045512461 0.39571820220359566
0 0.14485478049089134 0.3732709316980271
0 0.26874208123372073 0.27171324948970677
0 0.2506875325355852 0.24531507158145852
0 0.2394968713889142 0.24867485785016827
0 0.27898322907178214 0.4040669777146241
0 0.1518531074503806 0.4071519475023286
0 0.26799578656627154 0.24216879582872577
0 0.2842122769053978 0.44734338251482536
0 0.3088950376470381 0.2846656276398346
0 0.2861499318593665 0.2761552871442309
0 0.303910329372068 0.27094351226876096
0 0.2647941132638022 0.30901374870321663
0 0.3583727652513528 0.46325902043938305
0 0.3533173050055524 0.4470193506288929
0 0.31908977283204154 0.4503973458661419
0 0.22982691108928954 0.428531665428012
0 0.2331517738632009 0.3516980573242786
0 0.25529280870775634 0.4401704139736186
0 0.18661046631728548 0.3552558265146421
0 0.21874300437637523 0.36773759911374215
0 0.1755871013247011 0.37986911111185195
0 0.3175308568568169 0.4667670867022346
0 0.253878582378983 0.31890906773361505
0 0.21602550488484057 0.4409365313393729
0 0.24714084340550224 0.45236832654776693
0 0.20809768523848007 0.41356340576620665
0 0.12763595279259018 0.39257655791541773
0 0.18287909961450954 0.41896001264160754
0 0.11931354561938515 0.4048563011554109
0 0.20807093331582435 0.38771759094644326
0 0.2624305735660505 0.2965200074246618
0 0.27592641869677775 0.3354568274415174
0 0.26364492691015895 0.3410505153217903
0 0.28286028511916533 0.32481976717460054
0 0.2309921859185907 0.2323779407001677
0 0.1961722592764263 0.2262934272696658
0 0.16736756975640726 0.22812834039789623
0 0.14460012404727535 0.23442281761757133
0 0.13004905086026414 0.24389951319253744
0 0.12691005196752428 0.2717592472455749
0 0.07720752557118733 0.31841883939855237
0 0.14860059616434926 0.29052940303204106
0 0.1703598929356925 0.2921289890086284
0 0.19640977422899336 0.2885794589499466
0 0.21991122498290952 0.2823033613317153
0 0.23784888897264053 0.27554631049559564
0 0.24996973593023758 0.269428133630619
0 0.07485979443360985 0.31978663276223573
0 0.2644285303127917 0.34502869961308497
0 0.2775071280918041 0.29752318264723493
0 0.2915370786240332 0.33411250829028816
0 0.3038537331271272 0.3398482602517478
0 0.2916307836645263 0.3366328537965021
0 0.27086352069669634 0.3486116005926907
0 0.30841083717748585 0.3404449391431835
0 0.3106050546662214 0.34369198581417737
0 0.2471196364752854 0.258467541188419
0 0.25804937640322917 0.26021344488074466
0 0.2654542739381267 0.26144786425331396
0 0.15299350978955942 0.2616303195806445
0 0.13651571168175228 0.2562463395401877
0 0.3263194566034566 0.2847079202240589
0 0.4336889846415459 0.23520867964800665
0 0.3423126277038317 0.33765555429859323
0 0.4736484927970146 0.17852608629969322
0 0.382795071300072 0.25365240249981064
0 0.4017103201226343 0.2526636213815513
0 0.41942465154430536 0.2500823843045061
0 0.4418761126602752 0.239373365704085
0 0.3660197097037915 0.25236971839135436
0 0.3980081312767061 0.2074341036024548
0 0.3763481111969123 0.21188168682638003
0 0.41943467518448324 0.2075613226209368
0 0.43440386212827786 0.2122542515856211
0 0.4575016081081664 0.24672750982583738
0 0.42653589107819245 0.4423016189527111
0 0.43922016791653534 0.23003139699540553
0 0.5017405974714062 0.23633770882582464
0 0.47418880965639265 0.23355783067163632
0 0.41562158648977804 0.30998216356549946
0 0.36531266985060296 0.3701463019480558
0 0.3649658145783823 0.3862587283639347
0 0.38836693562535796 0.37323617133773673
0 0.4025914940652968 0.378108959571988
0 0.38116870902258637 0.3853389195033482
0 0.3935463051252727 0.3857052927257634
0 0.42976536931870857 0.39703202681715083
0 0.3404547353334065 0.3297769699443956
0 0.3395434371529752 0.31570594684750425
0 0.454662332051917 0.1974890085161567
0 0.3650777007960066 0.2802004814147949
0 0.3831393406863957 0.3216670561237496
0 0.3823688533235703 0.31420798495370134
0 0.4717532250448621 0.3017084421563883
0 0.332864680370701 0.29883864046144887
0 0.4077577208667868 0.18624482418642657
0 0.4348968332829858 0.18872705761458025
0 0.4529269626874964 0.1549046907772203
0 0.32706955012389877 0.20623431052146507
0 0.3595020509470364 0.22098745084276386
0 0.44086351173336497 0.3823260299297942
0 0.5181359138166854 0.3658944956060885
0 0.3698548717337822 0.3314114381619194
0 0.35508607761769356 0.33751965737810324
0 0.41682405009048396 0.3871953080014354
0 0.41202981763751195 0.3873608706712055
0 0.4413108966521573 0.17922047690517096
0 0.38497249385978605 0.32805950100682363
0 0.3726667427312473 0.1900480122459369
0 0.37250399187144345 0.1787755150420993
0 0.3756183848602359 0.1298051877182071
0 0.44851813386764205 0.16607479605020262
0 0.37375017560484036 0.1544262483006432
0 0.4624012753933291 0.19045162000575988
0 0.46951286148924365 0.18502828470465182
0 0.3662029610404485 0.3786635165121041
0 0.38516256980252167 0.37973626120751647
0 0.39838167182503875 0.38198008390367866
0 0.3655336164723972 0.33462645459909734
0 0.41434501193243745 0.38731614047405766
0 0.40715851512136336 0.3904177835341595
0 0.40940095804914645 0.38748433576578517
0 0.3604380883245025 0.32747296258515
0 0.38922790233595966 0.3882665657529644
0 0.37746150835656916 0.3891208028259064
0 0.362811451722801 0.3909235150874162
0 0.37490990544170266 0.4282374943003935
0 0.3724359590795976 0.4109945030105548
0 0.370084855626907 0.40291435244370577
0 0.3665879114770688 0.39580963706435945
0 0.3623950974347722 0.39061225629320334
0 0.38888891135589987 0.38828384842859265
0 0.39394890356667434 0.39057693528194054
0 0.39910097464227473 0.393732693348946
0 0.4035753303439305 0.39779268392995626
0 0.41365578003573517 0.3616614588836328
0 0.514898224721981 0.296779223182956
0 0.39793745928172825 0.3880234869922243
0 0.40263334809476314 0.3890972311089353
0 0.35081896600843987 0.3436049874089345
0 0.3797586014502159 0.33731204588540126
0 0.3528458206965451 0.34068189949548544
0 0.38828298763886787 0.2858600335962632
0 0.423003944163584 0.2911695689380336
0 0.3868675483429985 0.32031011013757615
0 0.42255328023483985 0.13788324193794185
0 0.41837635472857 0.15501417616168325
0 0.4108554522196452 0.17506897833500923
0 0.416611474274583 0.4080402624039423
0 0.32743762565564505 0.18662832163962997
0 0.3266711370854438 0.15995117112034174
0 0.3240103404733199 0.12962848515737624
0 0.43434073452205096 0.24584659307944676
0 0.4793796157032126 0.2543324111890392
0 0.3544763950355948 0.2503915467516047
0 0.4531037093214848 0.21711557085106686
0 0.3486748400619764 0.272594019979322
0 0.37078429777410965 0.3174023791855457
0 0.5017447295571178 0.2629005962393197
0 0.4702131833708236 0.2661565036332908
0 0.44819065941033986 0.27442258312588647
0 0.41176946957906085 0.2762763390020162
0 0.3839288089848772 0.27339274041792927
0 0.36233836789674395 0.26920926036621007
0 0.3180292397108762 0.2569893117712325
0 0.5093315321684889 0.29183162460807993
0 0.4653472125781739 0.21361787663120516
0 0.3351855529511528 0.3379265924795669
0 0.3680984953787759 0.29382091176276115
0 0.49997083849041773 0.23613638637446555
0 0.3453682384410488 0.26334041473912256
0 0.38803263656197723 0.3212237274613367
0 0.4469601776026472 0.22949303799316662
0 0.3687965246192514 0.3084746218529068
0 0.5192052975988589 0.33019155915043935
0 0.35255428205562545 0.24546751989369966
0 0.35082061884272453 0.301957883086859
0 0.49585373492180546 0.40212627218550995
0 0.49557776491350264 0.4171446004167658
0 0.520735502243042 0.29362190504367947
0 0.5128357008036681 0.3812585992305553
0 0.4851027410241622 0.20912572165497212
0 0.43305898819291644 0.454739660775962
0 0.3330351089123432 0.3417433092908031
0 0.38864546486094026 0.3020845902066271
0 0.4894935219599728 0.23427621957634678
0 0.4164790342628704 0.24215081843341432
0 0.4005377941493747 0.24479448277743257
0 0.4113617793417178 0.3922779503322783
0 0.5135181614115268 0.31972474177010585
0 0.4031928325001198 0.47727017576287106
0 0.4530409016186678 0.4521520127769278
0 0.4732446147419732 0.4375382307864705
0 0.3843012298712751 0.24571920342806006
0 0.3687369159505337 0.2456815179322614
0 0.35833880217266484 0.24606356500577525
0 0.4758567327185522 0.2096101240951474
0 0.36618851206976655 0.232416052778228
0 0.38113690529191546 0.22558971279475534
0 0.39787318535494903 0.22233376883659042
0 0.41552017710882905 0.22247458973518608
0 0.42707418188264096 0.2251062122713618
0 0.4882248383534106 0.20437068231299477
0 0.4268538750676666 0.2387505556021084
0 0.39354659837006517 0.3560576792858562
0 0.36950977593031614 0.3289219528353181
0 0.3561458376389516 0.35587037310880776
0 0.4753703995596004 0.42236360281455415
0 0.45514336014598733 0.43840921426019747
0 0.40264963651005226 0.4685413763970554
0 0.5098732086173593 0.39501117257510915
0 0.35657896019738433 0.2405003229109179
0 0.33801512527063426 0.27724619205592393
0 0.43100902048344353 0.46576235140739036
0 0.5239112900279242 0.3244686290329578
0 0.3770821295710053 0.38893025462366954
0 0.38238050313941535 0.3927785872745247
0 0.3869124947720942 0.3980726681503595
0 0.39063438433635084 0.40495546324914244
0 0.398925987477041 0.4188441285232202
0 0.40319435204131693 0.3863946252844247
0 0.4078165297769796 0.384688661879852
0 0.4118597356578972 0.3826418470601742
0 0.4303472736213781 0.370634409559875
0 0.4935772222808645 0.32967724719969166
0 0.33268406823717595 0.26383581081358326
0 0.3348356052793028 0.23448584209971068
0 0.3472151741196838 0.2355764423097883
0 0.39816773641964553 0.3878991443569921
0 0.5024095421601952 0.3625289565708791
0 0.31725885898252076 0.23502766251230106
0 0.41359803747024215 0.43026573450959366
0 0.3226697319167576 0.27160519010880413
0 0.35859795059332866 0.2974705058319562
0 0.38583553994255226 0.4415926392338857
0 0.44879828927889154 0.40027739153522734
0 0.4069761435190837 0.3301694987534809
0 0.43364881010498174 0.4168164489649925
0 0.450720135672686 0.32241620770355567
0 0.42863144502358097 0.341604609115451
0 0.4720038427079277 0.3427173306628102
0 0.3969214727103962 0.4562930539876473
0 0.3721021665299492 0.3043458418351929
0 0.46696688354266846 0.408207336393725
0 0.4472907444595788 0.42597441446213496
0 0.46002455300922634 0.3814583859857725
0 0.5143084294685332 0.3437628715979953
0 0.48362601356667306 0.38035792563141896
0 0.5228928242051651 0.3536399816598545
0 0.44776060259291894 0.35765858157342223
0 0.3524890750772339 0.2853903055858879
0 0.3660457551730836 0.32429724046830033
0 0.3779760729914476 0.32692047761601895
0 0.35607039375144217 0.31576513208928897
0 0.34615157525750656 0.21762900526116208
0 0.375004810119983 0.20421908716527687
0 0.40259890516096025 0.19950575538042212
0 0.42614011724286943 0.20025913621865066
0 0.44326444014215266 0.20594171165418224
0 0.45868996930021777 0.2317962165640182
0 0.5136742209583395 0.2644361948766628
0 0.4498404012953682 0.25414679915297267
0 0.4316773253654126 0.2605046908728549
0 0.40692338611506207 0.2632620820478231
0 0.38251992770891147 0.2627081466990025
0 0.3629991817071971 0.2604721731164542
0 0.34884366908656894 0.25745348202414203
0 0.5073947036316626 0.2661726771950388
0 0.3781141379714515 0.3309183090674777
0 0.34281471610572267 0.2894104655717267
0 0.35323823554606376 0.3264588668566792
0 0.343706393543678 0.33488813234644443
0 0.35309729143537044 0.32905577778482303
0 0.3734748454033574 0.3358402883305269
0 0.3408082819186182 0.3363931145654673
0 0.33867612569140987 0.34012098038563876
0 0.34606666756078663 0.2465550730876228
0 0.33643296298095443 0.25058606826290697
0 0.33071018422203224 0.2533307472864787
0 0.4338936695066685 0.2276378073612181
0 0.44444157805623885 0.21903814054002949
0 0.18627254168192545 0.25863869817984875
0 0.20651472319027542 0.2560512695659776
0 0.1824323011853021 0.24661229605100402
0 0.16584235027369568 0.26126724932374074
0 0.18995820218500709 0.2706472082298343
0 0.39290828443277737 0.2329425284174644
0 0.4147835195316041 0.23013790849210167
0 0.3890596331423345 0.22069241436255746
0 0.37089045238897267 0.23566413543471434
0 0.39687812579835013 0.24502762826550908
