0 0.5023096003772124 0.4581541975123295
0 0.5156919567481332 0.41221124614062515
0 0.5109277190235646 0.4220107356491296
0 0.5285455841247154 0.3701577945139961
0 0.523075446324504 0.40117130002033885
0 0.5342728937773601 0.38599717924776283
0 0.5627157356104125 0.3485053986364949
0 0.45626535145160946 0.3123277005456064
0 0.5796728673512521 0.32598078380460327
0 0.5887444165089856 0.3128993734717369
0 0.6266133971512318 0.25909589233713737
0 0.4999770334233408 0.4610499577137871
0 0.4971647712037615 0.46356496301250183
0 0.49508597313062 0.4651221227494703
0 0.4950961047054633 0.4649290063998837
0 0.4930089538835961 0.4678890105822812
0 0.4899161166470984 0.4712105012782242
0 0.48627598875242734 0.4744899955348692
0 0.4675986548156842 0.4872287552857745
0 0.5127684328219165 0.4173997284277626
0 0.49640378939068835 0.4113963278199452
0 0.42522218292983976 0.2534230815489655
0 0.4934512319286232 0.33341030949267786
0 0.4776575298089048 0.32974350139282754
0 0.4626925286391507 0.3251586818824644
0 0.4466677647407936 0.313940467123968
0 0.5077837598712548 0.335336043242959
0 0.4868790108062651 0.3023090871671836
0 0.5036115000105422 0.30827073158993235
0 0.4701422524193059 0.29928040631331393
0 0.45769528016124084 0.2995893131887567
0 0.42758229075242643 0.31601126637795696
0 0.390445026366607 0.48750956442908966
0 0.4519695791861285 0.3082796089837085
0 0.38359148776077706 0.2958578406630651
0 0.4128950494139091 0.3037344194084838
0 0.4452417185125144 0.3746677988573261
0 0.4826758921794269 0.449912468376367
0 0.47880538310045784 0.45735518402163533
0 0.4604919969873584 0.44585685685708903
0 0.44481350092784216 0.44386611031233403
0 0.46238845764942793 0.45230460766216984
0 0.44905224248119024 0.44857780808123987
0 0.40294581198174023 0.44618598112593527
0 0.5012922819865786 0.4074046479511088
0 0.5059750649430181 0.3961461665837661
0 0.43926449152438535 0.28626716811803804
0 0.49925370085174625 0.356589388858149
0 0.46531377586981526 0.39056287452146626
0 0.4692392584098422 0.3840069852877354
0 0.400127316136723 0.3586975836829431
0 0.5176446747196757 0.3823070184368154
0 0.4841114203243152 0.28998707240258437
0 0.4596586556214353 0.28547398079240666
0 0.45137050148585567 0.2401647239761508
0 0.546675611935232 0.3204534709777521
0 0.5163768512075362 0.31623403009945067
0 0.3962030710409517 0.4329578715606012
0 0.3247950509514498 0.4025951907362627
0 0.4738436028685259 0.40060643830161163
0 0.48521269930769567 0.4080663321242816
0 0.42494039367074554 0.44239731608093646
0 0.42917362086312927 0.4436873131148193
0 0.455512799727528 0.2760448792166468
0 0.4617731384932995 0.39477296951024426
0 0.5132791570023351 0.3011564915270909
0 0.5162472289217555 0.292067121444405
0 0.5291510810670645 0.23639930352784586
0 0.4524618035749249 0.2554954064173111
0 0.5232460125470939 0.26038155278217967
0 0.43270752190247824 0.27779779809972516
0 0.4281240361135291 0.2646384132567091
0 0.4801937336830989 0.45399544485237286
0 0.4612794910436091 0.4492982344134994
0 0.44688569414226903 0.44628890603780746
0 0.4764966214804546 0.4037215025636597
0 0.42715951018845255 0.44308792686332826
0 0.4337253507388675 0.4470268709288127
0 0.43136776420895173 0.44434969402525737
0 0.4841348853610132 0.4003939814865589
0 0.4506996520187544 0.45024125628929207
0 0.46340984413805214 0.4543201724688212
0 0.47827515370495943 0.4594066428101581
0 0.44592245206560777 0.4799627946770709
0 0.46638161292218644 0.4676586308017157
0 0.47044533345362416 0.46444599929711095
0 0.47446551141531573 0.4615423587569292
0 0.47816970798632374 0.4592507178152817
0 0.4505224035971839 0.4503143656512965
0 0.4465241748029771 0.4507549438571584
0 0.4419443936127683 0.45151395501865854
0 0.4374489751846894 0.45268930273427477
0 0.42735404415946937 0.420234175749879
0 0.35049763435254927 0.3425647284079721
0 0.5119977989436492 0.41959824683009717
0 0.4409377327107865 0.4473190200717553
0 0.43751203843756864 0.44716266261926596
0 0.4880840958946425 0.41424814552284667
0 0.4638047126000342 0.4031420574132083
0 0.4866349249268356 0.41120671918210777
0 0.4783768716227749 0.35786642417635606
0 0.44683690790248953 0.35746661711322225
0 0.46364304050803185 0.387798893764831
0 0.48473793835095735 0.23367128882935082
0 0.4832528196275234 0.2533121922093889
0 0.4845051441503608 0.2801101729813693
0 0.41268488497513794 0.45723118881384534
0 0.5508348786312601 0.3062595874611018
0 0.5631763123623703 0.27115679880523164
0 0.5746085648627385 0.2448911253038956
0 0.45132983597400395 0.3196703142661979
0 0.40473272789107717 0.3175719578520975
0 0.5175636221209298 0.33591329006721143
0 0.4386206183420575 0.2985148362113514
0 0.5152828267411046 0.3531948608764704
0 0.4779480353159749 0.3904187460092531
0 0.38005111334116565 0.3195231345252714
0 0.41143124566777894 0.328551624186229
0 0.42926181196842506 0.33896633269994153
0 0.46049798312394513 0.34646517173319624
0 0.48547867248239723 0.3488694678830064
0 0.5047724702112053 0.34935569439245306
0 0.5451329829900161 0.3461959068056034
0 0.36645706119420735 0.3431278122454018
0 0.4259303645433291 0.2932596233119999
0 0.5038876975684062 0.41425936539535935
0 0.4908001313552908 0.3681410284361977
0 0.3830607633875764 0.29365683562945627
0 0.5205259553926147 0.34839689982650074
0 0.4631053709789463 0.3877424340209235
0 0.44456653799051826 0.3069271098120489
0 0.48313549444403336 0.3826635797386584
0 0.33550915267804393 0.37096065207236056
0 0.5193925647307998 0.33229777624533663
0 0.5008468329906464 0.381272387623355
0 0.3348570659594691 0.4395413179544435
0 0.32743020396193734 0.4530386083583901
0 0.3509448312384927 0.3414624660289374
0 0.3277650718455729 0.4181767826818902
0 0.4072985530871412 0.27820493291685544
0 0.3764485882838135 0.49888853329247324
0 0.5047753936732593 0.4169230880620687
0 0.470690393820405 0.37177898200309795
0 0.39725288781134976 0.30049182820147363
0 0.4694429417343243 0.3195888080188762
0 0.48203718532686646 0.3238599155692087
0 0.429760679886069 0.4471072119431219
0 0.35338109602098877 0.36617552059824054
0 0.3975875236741874 0.5255064435195231
0 0.35523633432129154 0.49370725863221765
0 0.3406364874833304 0.4760908815415873
0 0.6082452077256597 0.2847261895034192
0 0.4348723378194415 0.5391834200616332
0 0.4949972019733294 0.32693024449374364
0 0.5077295288767504 0.3294835463166237
0 0.5156221958282201 0.33155086188428645
0 0.41560723332931165 0.28658025541707227
0 0.5094578672686348 0.3210076413832713
0 0.4978168269862299 0.31429527456993644
0 0.484963942076201 0.3099727886526481
0 0.4711802361290092 0.3076613988133444
0 0.461875567941562 0.30752209941114206
0 0.40397078705870587 0.27018948722684727
0 0.46147621374415315 0.31569369833754457
0 0.5047459270319213 0.4316351999515209
0 0.4468153918404942 0.41858531097355095
0 0.4749201793709527 0.3989971914477106
0 0.4802042210231657 0.42478117924453557
0 0.5720996775704882 0.3365262146445288
0 0.3459085259262634 0.46136151939846465
0 0.3595232279242381 0.4801128814941731
0 0.4026222667130439 0.5160125573908073
0 0.32266845659393334 0.4301580688983634
0 0.5165919963594364 0.3280883179302665
0 0.5215866462044094 0.3604811950438265
0 0.4399784968599029 0.5297029881697634
0 0.3729453835960316 0.5103416446110477
0 0.3380609019456998 0.367264400816698
0 0.463180638525797 0.45427308263986005
0 0.45865986795853014 0.4555413366659828
0 0.45415454997640586 0.4574941710933395
0 0.449709619273958 0.460162963124289
0 0.4263263853752743 0.46873624309681466
0 0.4385253041982651 0.44584657397607097
0 0.4356984710725753 0.4442755996209124
0 0.4333521994235723 0.4426728876820509
0 0.4093817904915499 0.42519816448507103
0 0.36992270944882993 0.3785420184334119
0 0.5310422052507815 0.34902181308986485
0 0.5359947355869024 0.3304027589982834
0 0.5250684431065684 0.3274391029515992
0 0.4413601033713507 0.44736125676528266
0 0.346829524749647 0.40437624338960304
0 0.5497125166913738 0.3359151400247778
0 0.4085996329136517 0.47767098555746285
0 0.544166353409705 0.37295608357458876
0 0.5362296179746804 0.3584669155973023
0 0.55329245839106 0.36089278657691204
0 0.49706835882819217 0.3742529759048552
0 0.4483517562241658 0.5162736897127352
0 0.4586670296671598 0.500699137216029
0 0.43146122992038727 0.4913049806179344
0 0.3822714441010486 0.44588611982222914
0 0.4436924228363711 0.39258418140420015
0 0.3925166936672252 0.4628115497745465
0 0.41055253650183265 0.37984635864478955
0 0.42168349452802667 0.3995194801169893
0 0.3836339320987463 0.3934237738342389
0 0.4147321436878132 0.5041020740957364
0 0.48301337416405266 0.3768821980642236
0 0.36106031930640986 0.450102629598932
0 0.3744119251875774 0.46964637416860333
0 0.37826798710486165 0.42841274204893387
0 0.34311570704955124 0.38629434970409976
0 0.3566445922883956 0.4231632351875305
0 0.3288222823453986 0.3923568048015021
0 0.39867076690754166 0.41045248907977255
0 0.5067553818225861 0.3642010753029499
0 0.47992259417863 0.39704796083379484
0 0.4679451701433762 0.3959298176501972
0 0.4911884722988243 0.3925812743280245
0 0.5290546841595484 0.31957399634563405
0 0.5075356522979944 0.3063358201280884
0 0.4860863349521938 0.2982065660096165
0 0.4661680919158718 0.29417571268867754
0 0.4501139387164427 0.2941760370318872
0 0.4304844068930201 0.3059222945484562
0 0.3651741717982551 0.317500253977335
0 0.4338171072304249 0.3232157219039357
0 0.4478127564425054 0.33108488880637765
0 0.4689968430801578 0.3371946739869705
0 0.4901924998216007 0.3406417936194634
0 0.5073567178586255 0.3422622843713
0 0.5197781523608643 0.34268847134882124
0 0.3666484010122392 0.31758813897444715
0 0.4665767733493577 0.39863219722241594
0 0.5129545599060215 0.3710297251633112
0 0.4904290682271771 0.4017826028816078
0 0.49633849873814895 0.4095256363136181
0 0.49003478755121643 0.4033201818988807
0 0.4694371876185355 0.4032656682142313
0 0.49891807503350405 0.41178614030713623
0 0.49945258907973766 0.41432860666427057
0 0.5245359399072502 0.3348255030054977
0 0.5313612183798915 0.34029149094029615
0 0.5349272852358611 0.3442203323154346
0 0.4562703321647385 0.30790653020359465
0 0.44814383465310803 0.30161752738058567
0 0.5582735582214334 0.37884867893180985
0 0.6889972003257793 0.3780414247210475
0 0.5325705571828977 0.42195386747303215
0 0.7831105900847394 0.3571346818698921
0 0.6362657407703607 0.37156313760341075
0 0.6507739703292432 0.3778204148554284
0 0.6666064508583235 0.3829346826111061
0 0.694066483527422 0.3833604851818603
0 0.6252805768795635 0.36499238864559197
0 0.680589540011209 0.3539475293263145
0 0.6620390441106714 0.34889648447110166
0 0.6958816286338412 0.36084162443876266
0 0.7040112970963769 0.3675836746621391
0 0.7038930283616418 0.39458182324533875
0 0.5227353193027817 0.5274023136690907
0 0.6986855226366416 0.3768710022171338
0 0.7623482553855233 0.40647102001568547
0 0.7301530803999176 0.3929904993569505
0 0.6151953443236973 0.425156576477963
0 0.5233841422621323 0.46264036863610364
0 0.5146161845844724 0.46858947178807814
0 0.5394786980165087 0.4702933307575143
0 0.549155558499953 0.4761347759892975
0 0.5290092390192591 0.4731118492242219
0 0.5400081694774006 0.4768830237613208
0 0.5619019613317822 0.4937179259200027
0 0.5311935446832491 0.416186492620171
0 0.5406484386033338 0.40630245764834294
0 0.7309051371462967 0.3682521700427152
0 0.5998728145723757 0.3862263337317584
0 0.5795359750804694 0.42425189917718154
0 0.5852026344965333 0.4181742359870586
0 0.6672217081422391 0.4380357408005258
0 0.5500614450353644 0.3917672209225703
0 0.6952996276642965 0.347592552691914
0 0.7174975833167201 0.35738932732762635
0 0.7772957776551661 0.33441666238333867
0 0.6162037067115307 0.33433222503441834
0 0.6436573046704998 0.34750499203801155
0 0.5822379036766031 0.4883856755019962
0 0.6849144386208575 0.5085343321704346
0 0.5622438671796218 0.4267094356642253
0 0.5455978907968687 0.42591474674966023
0 0.560315387647437 0.4844026928362639
0 0.5561553630168024 0.48310950042113016
0 0.7318486574551334 0.35311463998927584
0 0.5779821782008462 0.4291644014310146
0 0.6624155055893504 0.33933458237004455
0 0.6705289635321369 0.3319537922524024
0 0.7221206131836643 0.2920696921646595
0 0.7556746257064135 0.34317097391771234
0 0.6963329554899879 0.31029838118432224
0 0.7460422049398008 0.3657735272216192
0 0.7645151440216147 0.36230294676362607
0 0.5191692369787589 0.46617712712158327
0 0.5342366057245628 0.4719859218035919
0 0.5447332111551709 0.4766284023290095
0 0.556936530639296 0.4275270688576975
0 0.5581732478964588 0.48377370726371155
0 0.5498246136728836 0.48314979105539946
0 0.5539539187498714 0.4824146371388781
0 0.5536457023218923 0.4208480973822483
0 0.5361107305178175 0.4768398500762988
0 0.5248160199464663 0.4735939914117689
0 0.5110231414437294 0.4697190510729949
0 0.49076738548667537 0.49357687266192574
0 0.5059035716011472 0.4798544640450374
0 0.5089160213651864 0.47632020420354343
0 0.5106311964438014 0.47277486864207446
0 0.5109640998846811 0.4695661052305629
0 0.535704678653375 0.4769445528694685
0 0.5381311521581982 0.47931922567279445
0 0.5399824925090956 0.48201165871991625
0 0.5408626247359358 0.48476449168030766
0 0.5730013103912706 0.46365717258574307
0 0.7373506130407685 0.45618012461109436
0 0.5444249947271917 0.4795545306650625
0 0.5472160193097332 0.48135797501258226
0 0.5361310400716637 0.42858908865330875
0 0.567504304582658 0.43404852966035623
0 0.5407625154956527 0.42730862971233285
0 0.6129890740241694 0.39763780899237894
0 0.6352131397503874 0.41339521898307663
0 0.5853535098874051 0.4238004134293052
0 0.7589337445147659 0.31275558131544484
0 0.7344957982068476 0.32578587756100774
0 0.7066819802250551 0.340945811321338
0 0.5412476091119258 0.4958787484337454
0 0.6294503309156584 0.32278828560442163
0 0.6551265258180059 0.2977695916171955
0 0.6792609889222228 0.275138760390489
0 0.6822635236641635 0.38529549274539604
0 0.718300499022007 0.407578904343688
0 0.618754543364048 0.36023834606875543
0 0.7179474561758663 0.376483472145122
0 0.592423833258774 0.3758219561499098
0 0.5694888558076776 0.4174180358000424
0 0.7320759759648986 0.4232030212879181
0 0.698631755683733 0.4121685769894849
0 0.6718986287065174 0.4101933989187945
0 0.640921098868484 0.3984916965490666
0 0.6217971094276594 0.3866227532102578
0 0.6087410825750103 0.3771170705988787
0 0.5778817595994991 0.3557205935265275
0 0.7135854651746543 0.44580625931637874
0 0.7330979193034379 0.3793566484490167
0 0.5224878304516491 0.41971553894488706
0 0.591071677920611 0.3976918661939925
0 0.7703956028689509 0.40641359925486037
0 0.5992401093244553 0.36855330469383707
0 0.586923795711735 0.42441152408719063
0 0.7052752535952174 0.3792302026480868
0 0.5760092280157234 0.4100201996448247
0 0.7151534926632176 0.48258591437901277
0 0.6226896160970563 0.3568818263061669
0 0.563920511337726 0.39981369544630463
0 0.6242778757991998 0.5254268232679021
0 0.6178281307220459 0.5390014274828676
0 0.7325130722121053 0.4536854207947634
0 0.6567634789516097 0.5153845808860185
0 0.765038335452909 0.38233659373245377
0 0.5205616401913373 0.5422579294097596
0 0.5200343961301057 0.42136632575505023
0 0.6011130121415076 0.41037450255691144
0 0.7454421682202298 0.3985744160802468
0 0.6686918847262859 0.3762910765582237
0 0.6547276975344056 0.3720809575440227
0 0.5520182465729506 0.4850296602732893
0 0.6966768721847431 0.46784043117709784
0 0.4760250314746214 0.5490775937619417
0 0.5459637257230022 0.5506769181161687
0 0.5791038904824982 0.547038411964541
0 0.6430215986202592 0.3667101943730444
0 0.6324502670246622 0.36117841281752655
0 0.6255417394897212 0.35827724689590756
0 0.7487978386166303 0.3796390192448229
0 0.6428597409116186 0.3543083671534407
0 0.6587347585869872 0.3558833057033843
0 0.6728399525518003 0.3601232883182989
0 0.6852772572766179 0.36604413757289667
0 0.6920590395836727 0.370936314318923
0 0.7808763844811398 0.37951793111320853
0 0.6798020614230115 0.37784292667672253
0 0.560759305306103 0.45252170138384984
0 0.5627647074668304 0.4249415249172328
0 0.5294366986693247 0.43952815202267276
0 0.5892398891889531 0.5339859762917394
0 0.556219648245884 0.5391217948517938
0 0.48130520611353544 0.5397423475008943
0 0.6513431946868482 0.5269995755043583
0 0.6295212364715078 0.35554245702814363
0 0.5769180380131887 0.3767023677735225
0 0.5119730964626955 0.5520327688343283
0 0.7119450162610282 0.47747123819114506
0 0.5246815406919821 0.47358671170861827
0 0.5261450505451016 0.4765798229238261
0 0.5261287162809268 0.479810641673596
0 0.5247031186261902 0.48337238659893256
0 0.5175807761919239 0.4962587585483772
0 0.5486796993114378 0.4800180531498315
0 0.552504948866756 0.4804706200417401
0 0.5561541874447594 0.4806516756290111
0 0.5807422357408897 0.47625341352777206
0 0.6671386756326841 0.4667953733300817
0 0.5853339892042719 0.36493120790607686
0 0.612559897420199 0.34717473857428716
0 0.6242663675676221 0.35062997879973357
0 0.5445639751851559 0.47939392071271286
0 0.6555002030471097 0.4957916803010132
0 0.5943623206213765 0.34417449180846627
0 0.520825092073368 0.5115570907575496
0 0.5680475735470004 0.3677378337884295
0 0.5775431948511497 0.3980455444450828
0 0.4882111968877523 0.5085107151796853
0 0.5775733884909878 0.5042516323535339
0 0.5948232995427173 0.43739344514366507
0 0.5502292115403258 0.5101962427514187
0 0.6335387229919434 0.44618463570225064
0 0.6020137787513111 0.45316173865095427
0 0.6378251680213473 0.46904280749352084
0 0.4853526078488516 0.5254870069523653
0 0.5852951643907506 0.4070398459291976
0 0.589250314656807 0.5182255631231744
0 0.556119941174984 0.5241921087322028
0 0.6007378190431906 0.494710608345011
0 0.6812213481120442 0.4863555993398894
0 0.6241575962175494 0.5026492327451706
0 0.6887371514154517 0.49852647016877716
0 0.6061616918962934 0.4722365550156953
0 0.5838401155627292 0.3869160795989244
0 0.5601429497904103 0.42071485238662665
0 0.5712052837986014 0.42640349592851556
0 0.5562598961202995 0.41171223810617474
0 0.6303177174666653 0.3432510026015233
0 0.6605514504987261 0.34585360459227493
0 0.6848143603166809 0.3519717506200507
0 0.7033386533351048 0.35976615040630533
0 0.7144167802256086 0.36780520107435144
0 0.7154215230889942 0.38561265235361847
0 0.7499354829930741 0.4302990981310174
0 0.689725683759088 0.39653852576578874
0 0.669280629767024 0.3946834507843722
0 0.6472818407675495 0.3873248241193917
0 0.6293219460741334 0.3781291175147761
0 0.6168125602214233 0.3702366219266601
0 0.608138818455779 0.36423485504760256
0 0.754820077639559 0.43111689950245013
0 0.5696989119700764 0.429104409949935
0 0.5689992919240309 0.3875059998337773
0 0.5459875619929769 0.41810151103182114
0 0.5338852798323268 0.4206300906944966
0 0.5454983229384475 0.41967383081066434
0 0.5628652188764967 0.43097193010043405
0 0.5290798352140448 0.42064330467711325
0 0.5268954522097888 0.4223316191979077
0 0.6159197751270689 0.3559922730091257
0 0.6032748891283637 0.3566265561874362
0 0.5943113379180431 0.3581214180027229
0 0.6958311718443165 0.3742872842088126
0 0.708369575764822 0.37372991842204245
0 0.483168333120968 0.31660080220604286
0 0.4994682427495718 0.3214547545041727
0 0.48898094908698747 0.307932549736638
0 0.46679320234967314 0.3116895973250486
0 0.47733362877498503 0.32514835095060046
0 0.666084589679604 0.36614995754823304
0 0.68183694569313 0.3710547356285911
0 0.6721770536640416 0.3567611706321654
0 0.650483851523503 0.36114746807278064
0 0.660081840403702 0.3754925435759883
