0 0.32818861144909756 0.5598453675596097
0 0.25033542964098265 0.5460738500657554
0 0.2841628403972379 0.5424705917081132
0 0.14708752104704328 0.5054851141029273
0 0.2231247622332127 0.535222093708599
0 0.18893039998390693 0.5134757546761546
0 0.10227802524463736 0.4506761476445122
0 -0.037786212756479386 0.5186245800397647
0 0.025696745879358524 0.40715298075645495
0 -0.012321667276698051 0.389768791227295
0 -0.15390125581686445 0.3193108954559119
0 0.3391381888080844 0.5644706099178083
0 0.3522005630054062 0.5685926514883011
0 0.3632980199168912 0.5706746460149844
0 0.38149856320388026 0.5788836433483769
0 0.3962305749920632 0.587139218950424
0 0.41467373662715334 0.5964629850067651
0 0.434435681473437 0.6043842989987078
0 0.45470557967535885 0.6119729738456373
0 0.2655742331374463 0.5480165830054603
0 0.2484162591344161 0.5556358818809826
0 -0.23143653346480225 0.5000169335272365
0 0.04758601737536972 0.48668043948590944
0 0.03373147343560089 0.5024751033455419
0 0.01411558269596786 0.5161130378802363
0 -0.03695174429914076 0.5205381424091875
0 0.051663676183000745 0.4748149128577199
0 -0.07338436130139468 0.48085420114544636
0 -0.04692227420189398 0.46757128225347866
0 -0.08952316491723918 0.4946954846382141
0 -0.09050226769001364 0.5051113387075857
0 -0.03129319407099442 0.5340432038131994
0 0.411234744161153 0.6632526393134754
0 -0.0574636892449084 0.5161884825069684
0 -0.10954992848334552 0.5523716511246496
0 -0.08202943313036033 0.5301459412605237
0 0.13454931717124774 0.5712227688048975
0 0.3052284670390671 0.5732472334235621
0 0.33670957139927704 0.5810717403317411
0 0.3001652887399248 0.5902562448011038
0 0.3037730335331649 0.6019613163920637
0 0.3287103570622506 0.5910313098956221
0 0.32658317792329855 0.5986053149540204
0 0.31775794012083425 0.6375543133328898
0 0.23275421034517907 0.5566340359255147
0 0.20458074010533395 0.5481967442332746
0 -0.1617149384759313 0.5088708607343059
0 0.10192902396908766 0.5088541290630548
0 0.18563628153835268 0.5669973626875648
0 0.1703001578077138 0.5578278998216502
0 0.07357516648958055 0.6016397978931951
0 0.17308490310641503 0.5271801426768684
0 -0.14523632534973913 0.4859205850016195
0 -0.1648645148002844 0.49908036555345064
0 -0.2649198568982186 0.4773571128471972
0 -0.02482447778578285 0.4463505543078097
0 -0.016504409073068084 0.45929765672729417
0 0.2790216842143656 0.6342233248983329
0 0.1678526774584818 0.6195460324660658
0 0.2157713131938907 0.5645028564114921
0 0.2407217467431542 0.5596447227100214
0 0.3214740684564165 0.6131417909369301
0 0.32656838996804877 0.6091154072040947
0 -0.20263306314139057 0.49396361767674407
0 0.19784895679075942 0.5691858990885579
0 -0.10125447563130222 0.4699168597547391
0 -0.1340185365230917 0.4626648464141943
0 -0.2546938198933498 0.4114052589518574
0 -0.2233271654561269 0.49001386161810295
0 -0.18758714842281754 0.43392632506525936
0 -0.19360687878492067 0.5059089831079537
0 -0.20134758048777956 0.510677374209078
0 0.32059047891081666 0.5784123510407945
0 0.31472722060388797 0.5914469313697693
0 0.3151068764624836 0.6008645299905405
0 0.22572161568154533 0.5632937143024165
0 0.32417336813837505 0.611096031463946
0 0.33558391667098453 0.6124354778006434
0 0.3287764418897011 0.6073870424645397
0 0.21360113466386316 0.5615751181547635
0 0.33596456822731513 0.5958021008930268
0 0.339943560764944 0.5895285692077856
0 0.3488644593053584 0.5811909239132184
0 0.4261920417813088 0.6274311452056653
0 0.4082805089813342 0.6186338352700012
0 0.39083013174345166 0.6097721675523935
0 0.3751329569507846 0.598719901551073
0 0.36516605950087955 0.5891708832579299
0 0.3447759768945708 0.5998556271147805
0 0.3457780544706386 0.6064641302386031
0 0.3484633037512251 0.6143392377768081
0 0.35370366093066097 0.6215412589117361
0 0.25332021799018917 0.6073047699638829
0 0.015443234992541854 0.5739599012147886
0 0.27486403768868756 0.5459465203574672
0 0.33848073328141687 0.602600601439278
0 0.33668832984759656 0.6075523986983985
0 0.2588345211186855 0.5593460201264951
0 0.22032050863444377 0.5705161852577624
0 0.25009329070290215 0.5597148943252076
0 0.09805293863625836 0.5279517938344243
0 0.08541481464886837 0.5596376920279603
0 0.1803068647281729 0.5623171255230522
0 -0.27454342301800955 0.44874051298958045
0 -0.22159354506636694 0.46470955804514047
0 -0.18269602300451815 0.479779453228076
0 0.3522940848371108 0.6390669578180527
0 -0.07100263388036825 0.4381972954105645
0 -0.1399639583320069 0.4002029825323306
0 -0.21483504386256924 0.37054675436629275
0 -0.011098397292679162 0.5227024432378836
0 -0.030131767979628746 0.5505858916824999
0 0.05100749293677241 0.46756678667312235
0 -0.10266932523507866 0.5149351620255187
0 0.0985833136297816 0.49386126717058615
0 0.18533436385847682 0.5615180276643735
0 -0.043624338915022154 0.5821943171679402
0 0.011473793777630484 0.5593695120689587
0 0.0528363868486967 0.5546239030818207
0 0.0826723865039057 0.5283176935138032
0 0.09221201899240343 0.505047352740559
0 0.09518056271745147 0.489597868329039
0 0.08939792826878938 0.4660948052193029
0 0.017852583806291757 0.6082525937892378
0 -0.12648117842434123 0.5181151936038996
0 0.25484706515030897 0.5544777122168495
0 0.13245312451458663 0.525110485645148
0 -0.11687700997153633 0.5348361498250748
0 0.09461915514451995 0.4783496220652669
0 0.18011768215851817 0.5595608953469858
0 -0.0672786321571405 0.5168440260064487
0 0.16739189067332866 0.5496314427913568
0 0.08779219050201581 0.5964226261876262
0 0.03828937201191195 0.4644906604632783
0 0.16637983768106365 0.5384323436992998
0 0.27307152362178555 0.6585149060423001
0 0.300386444270182 0.6551424433438542
0 0.009359042421519328 0.5995890020181577
0 0.21386556616790003 0.6495014364346148
0 -0.16056177298799693 0.5304934530022045
0 0.4306102845308592 0.6727958099720196
0 0.26536897189325565 0.5513174206304093
0 0.13644206481014223 0.5438153448577125
0 -0.09527497883323285 0.5341006999198621
0 -0.0001780639449469477 0.512226760768281
0 0.01835308786776426 0.49933316589544374
0 0.3357163075920489 0.6170769448097522
0 0.07827382722346903 0.6256396733343411
0 0.5001998573756047 0.6679502841763603
0 0.40667319469314683 0.67026530525174
0 0.3612728444792384 0.6639606425175651
0 -0.082607527859777 0.356142881103217
0 0.5494670919377169 0.6452127203773766
0 0.029173685492371485 0.48501967745847974
0 0.03428308998080466 0.4727395771981809
0 0.037217374328229066 0.4664430267894611
0 -0.1526927000327076 0.5183187115687532
0 0.0039218321120996266 0.46622162790725025
0 -0.020008361596855328 0.4735185294486463
0 -0.0392688804393192 0.48555346847342223
0 -0.05246427247850157 0.49829495724397727
0 -0.05632219554709016 0.5069739286320659
0 -0.18429846943711206 0.5183337869735571
0 -0.01955598292590903 0.51768534175885
0 0.3062465126565892 0.5502144823820827
0 0.2550918592823495 0.5920706677931947
0 0.21052688102927997 0.5645036676440376
0 0.28167602998747243 0.5691504752674041
0 0.06369041410281504 0.4257253386532537
0 0.33029812617267634 0.6645288771143356
0 0.3792064301401591 0.6683688801698411
0 0.4842365731438287 0.6671334406057485
0 0.23990027767291172 0.6399934529877318
0 0.025800538148811395 0.4650486870505178
0 0.12077150649304012 0.4996191929704465
0 0.5346679258689606 0.6442387005010732
0 0.45283057020722534 0.6739244710523099
0 0.07566314463992771 0.6186653381338516
0 0.3529530154715339 0.5960061934809334
0 0.3580971218699174 0.6046221253399651
0 0.3668979466390267 0.614517539930039
0 0.380003984025914 0.624005141159216
0 0.3890753804350928 0.6366319757300063
0 0.3267701478313199 0.6039948397741531
0 0.3190970798190549 0.6070096503240994
0 0.3112739195926584 0.6090331685047942
0 0.26193431255628735 0.6216940748424956
0 0.12051924462798688 0.6273357915802124
0 0.0926806699457786 0.4791985431227821
0 0.029807594611490372 0.45194180562092473
0 0.021691201402129028 0.4575542165829351
0 0.3337571801041528 0.6008122392927115
0 0.1853141917599191 0.6439106921418406
0 0.04919827327453833 0.447634972036837
0 0.3987242815305861 0.6486561997249104
0 0.16026055598430497 0.4921998291160352
0 0.1201234179006206 0.4871601145297955
0 0.13311058004125417 0.47223431452775533
0 0.14960907024445294 0.529493507485801
0 0.5110622189885421 0.6357860967945367
0 0.4815371628287885 0.6226986511446797
0 0.4443968260030952 0.6406890172927905
0 0.3074386209892712 0.6480899256067916
0 0.18556604797033954 0.5802287345115369
0 0.3537955970215283 0.6504303315005744
0 0.13814089109571717 0.6045885267920388
0 0.1968649861623915 0.6033638022578182
0 0.16870263454725418 0.62757807970047
0 0.4646105594772229 0.6572390062550005
0 0.15432981149755792 0.5389509241040141
0 0.3089405388283215 0.6592996045232962
0 0.3608043502560622 0.6609362999852092
0 0.260291171588486 0.6432779983590586
0 0.13187238381063338 0.6366425217530979
0 0.2392193863717772 0.6505545176827489
0 0.1418941183913526 0.6348236707833629
0 0.22012094499395907 0.6243574526934578
0 0.12618330807136974 0.5119355282844446
0 0.20264799860741595 0.5642174377608985
0 0.20021408924953543 0.5684254023785027
0 0.19177765297375138 0.5559840696497848
0 -0.016175072827785134 0.4545086129976157
0 -0.06742114600517767 0.46862534374093856
0 -0.09984349818538418 0.48444180947523147
0 -0.11715823926514002 0.4987601653074685
0 -0.11899047060836133 0.5083844254192073
0 -0.07332526479693625 0.5221710859205776
0 -0.052481494361548114 0.5774476941401204
0 -0.00287976067700832 0.5368809966614452
0 0.029814287912931375 0.5308875092111838
0 0.05466229366741592 0.5133719507116861
0 0.0677999905545077 0.49365027910604264
0 0.07196606363323953 0.48005145274031275
0 0.07409132513210928 0.471450562484729
0 -0.05060661396534323 0.5520813312774269
0 0.20890520287932252 0.5686275344877578
0 0.14413138666598918 0.5181288831531049
0 0.2159707662012937 0.5613714311831295
0 0.24135491830839528 0.5569221924859494
0 0.22199158445536663 0.5597137450791014
0 0.2226615415202628 0.5676645676548869
0 0.247278065990201 0.5570988383727332
0 0.257354084536326 0.5544534428431965
0 0.047054775756040064 0.46166797682119254
0 0.06668128727151336 0.4614240324344879
0 0.08230121251490476 0.46486048109996053
0 -0.05701138432934987 0.5124989968900102
0 -0.08616803232714426 0.5119850134697205
0 0.18339933594353766 0.47805649670549094
0 0.24802600093882718 0.2889675871251871
0 0.2893520482152486 0.5256788892486987
0 0.2269109950648795 0.13374881936719243
0 0.20864152736801037 0.3550174649531087
0 0.23312400142065912 0.33892693782385924
0 0.2549626214041127 0.3205761478160517
0 0.26714643986105063 0.2842239724180569
0 0.18441585113676331 0.36636332953319
0 0.15817632091988762 0.28466600965196714
0 0.13644625042839872 0.30770364498939756
0 0.18727151224081465 0.2669080616281436
0 0.21487581215316442 0.25927255500238927
0 0.3064101758620722 0.27704468269508103
0 0.5720068859539443 0.5543784714354494
0 0.24744130510220425 0.2754915610860331
0 0.3582034402614017 0.19039588666762025
0 0.3111394266430423 0.23960461065220756
0 0.3443291298777079 0.41303955451749
0 0.3484385956963189 0.5393632330452672
0 0.3742336575075877 0.5517717108558923
0 0.3883354663848877 0.5237705322881095
0 0.41820178872389757 0.5147491193617495
0 0.398271497205007 0.537144985252295
0 0.41934724677380897 0.5263770900595303
0 0.5037951743860039 0.501201164036894
0 0.26791329306664224 0.5317145945926824
0 0.2453748819639357 0.5182031109310187
0 0.21858275794296814 0.21909502943674217
0 0.22921603532146206 0.4128207921410521
0 0.3152041598189649 0.47137890360987605
0 0.30225977580324354 0.4591665074657708
0 0.40903299832515577 0.3497080155454885
0 0.21180319957595936 0.4979972348997768
0 0.13002141859891603 0.2546710580968247
0 0.17285168857025585 0.2304289621381333
0 0.15382615439325786 0.13830456613732603
0 0.06071150774578396 0.35475722831278184
0 0.12846846203152223 0.33219566817481677
0 0.4934936856194366 0.47659648093171775
0 0.5747470461207328 0.32331334782865484
0 0.3151128137711998 0.49228436630754807
0 0.30596131901089235 0.5100874729430713
0 0.45663409867732646 0.5061095941561861
0 0.45099642122392175 0.5105845556853298
0 0.16594309515232664 0.2084459460105378
0 0.32671468377970964 0.47295093707764113
0 0.091965841946842 0.2942175461461369
0 0.07091551032855356 0.28063780064590443
0 -0.007688667276780382 0.20718297524193224
0 0.16462305809954086 0.1764958564180155
0 0.033926390486655474 0.2510079544382735
0 0.220271571934652 0.19683447037451565
0 0.22926711092749946 0.1680431513074107
0 0.3621525249892859 0.5457239722291501
0 0.39372359248374006 0.5308446828930523
0 0.4189812725396465 0.5206921413874093
0 0.3148649956682603 0.49775484537545106
0 0.4536771714258537 0.5085595164436121
0 0.45324083455174946 0.5202288600012136
0 0.4481419402060749 0.5127840775270431
0 0.29547555240795764 0.5036126879838329
0 0.4192147820973568 0.5301701430314646
0 0.40082335986679407 0.5414172400491306
0 0.3819181576049585 0.5550210690155578
0 0.4846389087841665 0.5863441434531166
0 0.4572375652601393 0.582571945917873
0 0.43645193250916847 0.5758534531814222
0 0.41534874593611243 0.5683090243095787
0 0.3997134150360986 0.5627435634311396
0 0.42888278583828493 0.5343854763446906
0 0.43900560217795614 0.5340579750057989
0 0.45249830218527815 0.5342259339440745
0 0.46638496659642503 0.5351384015509877
0 0.42207435223696044 0.4826833953301366
0 0.4700434550964575 0.22985815863830214
0 0.4384888350534782 0.5241710783574528
0 0.4452962360793738 0.522287125975941
0 0.3098795739866847 0.520135264046276
0 0.33607007530953387 0.48366978650275894
0 0.307811509791038 0.5154745978669236
0 0.2666755301489247 0.4008216487523466
0 0.3234860416796568 0.38020670871003365
0 0.3173474545101468 0.45927453659974726
0 0.07654690013515006 0.1605687757460073
0 0.09953478579040911 0.20146819687308595
0 0.11455224936814618 0.2361265018153876
0 0.5072779037969576 0.5274241884676413
0 0.02751024335408382 0.33222118819864416
0 -0.0214052333248605 0.3025074808266216
0 -0.08106622464365239 0.25938374456315755
0 0.2685953460151343 0.3008288040804787
0 0.3527430338825253 0.26514129854810126
0 0.16659680759306433 0.373123431738954
0 0.24972519600134102 0.24525383129097023
0 0.19731271824390767 0.41916726715267655
0 0.2925451402183917 0.4833108499027289
0 0.39493443468491807 0.24951420491114973
0 0.3571239564058592 0.29459585092319085
0 0.33735150141681697 0.3291431015101485
0 0.2866044756319883 0.36325478782288184
0 0.24238408255062516 0.38185487973233
0 0.2071058111225101 0.39417555852058217
0 0.1304194856461861 0.4347816007777144
0 0.4480176992553601 0.28516155443252467
0 0.2639580497638785 0.22561101824902116
0 0.2765717883761838 0.5388639870162208
0 0.2547270098178507 0.4327185012090701
0 0.3573601211575295 0.16492531422418527
0 0.17560604664919188 0.4025023535798533
0 0.3205527530299674 0.45352729202840275
0 0.25793048289182374 0.2661135945552454
0 0.27544130266999167 0.4690686485257012
0 0.5248795533351761 0.27117587154665695
0 0.15880692948540337 0.3666004122446139
0 0.24158455570824713 0.4821104623448734
0 0.6003234969626228 0.429497874202058
0 0.6237902486924645 0.4303765404529084
0 0.4719442789503139 0.25068914004788995
0 0.58859948803195 0.38085109776201337
0 0.29122875405730103 0.17579814572684682
0 0.5998061029173487 0.5602342521611113
0 0.28225751746472694 0.5385381081424201
0 0.2940812621185248 0.42440968847122434
0 0.3379410651090334 0.2200740350130648
0 0.23582355924647488 0.31527575717185635
0 0.21788956793092137 0.3316718147585567
0 0.4616387705151126 0.518421569095252
0 0.494910895395622 0.3154715346261716
0 0.5934203614433893 0.60725251306741
0 0.6224428115131186 0.5249551346126836
0 0.6266617672048884 0.48373279223045984
0 0.1976819192762855 0.34434144184612236
0 0.17712745434946295 0.35530589192439194
0 0.16503046442278854 0.3632503429445596
0 0.27517060195799353 0.20314253014497483
0 0.15635351182745516 0.3385293155718154
0 0.16640476700213316 0.3177122603209255
0 0.18460988312316456 0.30117972975912183
0 0.2075549998729349 0.2876825778724286
0 0.22540951975815587 0.28128262911551294
0 0.29121308103739785 0.14251810797868064
0 0.24444355424359548 0.3011939770307023
0 0.38552627117513755 0.49516785858919066
0 0.31055170683552036 0.49231194821409524
0 0.33727424264811784 0.5283432811403427
0 0.6065913773269105 0.4758955760124012
0 0.6044784329777999 0.5166202272279575
0 0.5799234205012699 0.6047641248367845
0 0.6075553602451901 0.3781184947338348
0 0.15654971959779587 0.3571956919405026
0 0.1899687283330684 0.44699534897606213
0 0.6141475430495448 0.5666468764265505
0 0.5211407820955455 0.28767965405512924
0 0.4154806205694624 0.5475943364655248
0 0.42957376318869833 0.549893470903555
0 0.44769092600980254 0.5535277589060628
0 0.4672354399729118 0.5583696003539113
0 0.5015398083830909 0.5558210795108502
0 0.4364054666148673 0.5175701805387443
0 0.4386423200154476 0.5132189657741462
0 0.44049048252242934 0.5085878757813487
0 0.45876448617564686 0.47623693590727856
0 0.4811986624765739 0.35925554657896486
0 0.16230059313259537 0.42636749681573327
0 0.1166306300986585 0.3725235590729089
0 0.135430260742311 0.3601215035199357
0 0.43414914179191316 0.5212299547637232
0 0.5450807115156874 0.3821055674895692
0 0.09231422552101903 0.3949787801447006
0 0.5376051973095901 0.552640304302636
0 0.15914998423281335 0.4573178098986324
0 0.24784076428241866 0.45572211548162345
0 0.5175453175743707 0.5907972017035317
0 0.5375216324552358 0.48571835148829623
0 0.36231559815166664 0.446959722346772
0 0.5438137414644091 0.5178327494726395
0 0.41279430183575305 0.399426092164585
0 0.41230264842081416 0.44287689034931194
0 0.47384971251590646 0.4020743946107432
0 0.553465076487699 0.5981444672654612
0 0.2750175779671978 0.44801956386611863
0 0.5754848950200802 0.4746605420645814
0 0.575660654109159 0.5143005753667972
0 0.5204633019810958 0.4561906698793649
0 0.5320678271835656 0.34195996730472333
0 0.5512625193424362 0.4278317377590143
0 0.561403516385195 0.3281506598947909
0 0.463807990225099 0.44437273556051166
0 0.222207318964622 0.4394423007584228
0 0.2976265545371625 0.49678626751747373
0 0.3176114987983978 0.48297131528107884
0 0.2687459545169803 0.5003103630992171
0 0.10511118173599243 0.34442995069697263
0 0.1206970504290766 0.304631541140925
0 0.14833901168631136 0.2750974541750198
0 0.18168059570326223 0.2542824608068497
0 0.21562363646870894 0.24357625308889932
0 0.28159239137773034 0.2554701390548255
0 0.41869779370671556 0.21782960806982204
0 0.3063022717297506 0.2967830690712974
0 0.2908641442978125 0.3231252432821658
0 0.2584149451564542 0.34833444673984576
0 0.22311845614755754 0.3671205813130632
0 0.1937622260704315 0.37958114701338086
0 0.1709360030057619 0.38806704505563927
0 0.41368353366851807 0.1951655960216309
0 0.3235749169219312 0.4840181770796974
0 0.21358352556503077 0.4657334349216364
0 0.2820212789576688 0.5151137345895981
0 0.2855392265662873 0.5258456651395121
0 0.28790587101051274 0.513671599733182
0 0.3259753966503006 0.4905400811292874
0 0.2826767799665602 0.5318719061037984
0 0.2877929330729752 0.5319350470369235
0 0.15101077295035767 0.3749485021582046
0 0.14401003139482127 0.3906746506690979
0 0.1401287463071535 0.4036199616167111
0 0.23735300628401393 0.2780743058021076
0 0.23872351046088788 0.2573617136421295
0 -0.01377376335130321 0.48106772431169453
0 0.004655200371639334 0.46342801343137846
0 -0.04339210163775108 0.4703847381253593
0 -0.03167598453357065 0.4983100664501373
0 0.016100450814199106 0.4913731493508092
0 0.20012744510774133 0.31131917323929054
0 0.2248490341275716 0.29242818685956656
0 0.17429434395522522 0.29895791592308507
0 0.175423944596764 0.32997150514453366
0 0.22604494086272425 0.323594744117877
