0 0.486766941472888 0.809789627790451
0 0.446419189684093 0.7325722217559815
0 0.4585379036143422 0.7516320243477821
0 0.40331649873405695 0.6530716508626938
0 0.438615264557302 0.7081788599491119
0 0.4306127080693841 0.6734815075993538
0 0.4124502989463508 0.5839904852211475
0 0.22316640233621002 0.6136571928858757
0 0.3906343736685812 0.5022221088409424
0 0.3797595621086657 0.46688721552491186
0 0.3513931447640061 0.36584370508790015
0 0.4902091907337308 0.8190182313323021
0 0.49435576777905227 0.8299687474966049
0 0.4976950855925679 0.8378197193145752
0 0.5141862440854311 0.8684455677866936
0 0.517290222644806 0.876246003806591
0 0.5210148554295302 0.8862055748701095
0 0.5253418277949095 0.8965442568063736
0 0.5052906325086951 0.8895588144659996
0 0.4517213186249137 0.7434328913688659
0 0.42790516689419744 0.7490218088030816
0 0.13353804871439934 0.5406093135476112
0 0.3048095512203872 0.6188781782984734
0 0.2821361193433404 0.6277940049767494
0 0.2586355022154748 0.6339341968297958
0 0.21854965770617127 0.6248373374342918
0 0.3221925660967827 0.6087096042931079
0 0.24153129439800977 0.5384955406188965
0 0.27258425592444835 0.5369832083582878
0 0.2157109074294567 0.5505506381392479
0 0.20166897894814612 0.5688036695122719
0 0.21112259766086935 0.6482617884874344
0 0.42425874471664426 0.9352370783686638
0 0.21037181513383985 0.6050376519560814
0 0.15587843703106047 0.6459617629647255
0 0.18089521983638407 0.6343506783246994
0 0.32116861632093785 0.73522290289402
0 0.4541847169399261 0.8173099458217621
0 0.46837612986564636 0.8399513691663743
0 0.42956989342346785 0.8402900144457817
0 0.4186326705850661 0.8598628431558609
0 0.4492255749180913 0.8523042768239975
0 0.4374991520307958 0.8643109172582626
0 0.3843274349346757 0.883306972682476
0 0.4248053150251508 0.7382192969322204
0 0.41366289742290974 0.7159265890717507
0 0.16983374431729317 0.553458894789219
0 0.3537710223346949 0.6574424430727959
0 0.3687344211153686 0.7439819946885109
0 0.3636019974015653 0.7299342438578605
0 0.2509614106267691 0.7493853062391281
0 0.407247269526124 0.6829222783446312
0 0.21489238822832704 0.5061794221401215
0 0.18487299559637904 0.5250854693353176
0 0.13701270231977106 0.49699555709958076
0 0.3303877997212112 0.508525687456131
0 0.3012428920716047 0.5470066651701927
0 0.3609321270138025 0.8684417337179184
0 0.2559965918306261 0.844204968214035
0 0.3919909150339663 0.7521490231156349
0 0.41382041908800604 0.7536804795265197
0 0.4168695519678295 0.8897405862808228
0 0.4240783297456801 0.8867508441209793
0 0.16932653477415444 0.5117013819515706
0 0.37252010926604273 0.7534505277872086
0 0.26133790467865764 0.49925495535135267
0 0.25170718217268584 0.4783076591789722
0 0.20780340237542988 0.421212000399828
0 0.15285125421360135 0.5160558447241783
0 0.22916900748386979 0.46034795716404914
0 0.1550224435515702 0.5462621629238129
0 0.14612769661471248 0.5530470095574855
0 0.46056630946695803 0.8295382231473922
0 0.438958624843508 0.8466636687517166
0 0.42745500393211844 0.8622829258441925
0 0.39962599957361816 0.7544763490557671
0 0.4206085102632642 0.888268581032753
0 0.42974761622026564 0.892080107331276
0 0.42746726609766483 0.8851554095745087
0 0.399398756492883 0.743416677415371
0 0.44464308181777595 0.8649825721979141
0 0.4569454727694392 0.8550152868032456
0 0.4747934084385633 0.8458416536450386
0 0.47229412756860256 0.8978903383016587
0 0.4894832469522953 0.905384972691536
0 0.4874625835567713 0.894544905424118
0 0.4868682615458965 0.8836304664611816
0 0.4876912022009492 0.8754444062709809
0 0.4521097384393215 0.8826968014240265
0 0.44700653562322257 0.8879339084029197
0 0.44124545976519586 0.8951527670025825
0 0.4372244716621935 0.9022916182875633
0 0.372115398850292 0.8214529573917388
0 0.1968105085194111 0.7349043518304825
0 0.4550591429695487 0.7473095044493675
0 0.441176347527653 0.8839999228715897
0 0.435637641325593 0.8877531990408898
0 0.4246599769219756 0.7604115799069404
0 0.3860622758977115 0.7642996951937675
0 0.4192842160351574 0.7571690201759338
0 0.3322356726974249 0.6788028255105019
0 0.29676818419247863 0.7071349307894707
0 0.36423347927629945 0.7407290413975716
0 0.15832695960998536 0.45734262466430664
0 0.1773844282142818 0.484968776255846
0 0.2019562555477023 0.48816812187433245
0 0.4081379272043705 0.8914276689291001
0 0.3125264228321612 0.4733260259032249
0 0.2921195854432881 0.44273232817649844
0 0.2704476521816105 0.3927891939878464
0 0.23501340318471192 0.6341025263071061
0 0.19532688474282622 0.6749153569340706
0 0.3325261130928993 0.5996796794235706
0 0.18721954962238668 0.5900882944464684
0 0.36637648921459914 0.6370639979839325
0 0.37872065799310806 0.7325623363256455
0 0.1793766174465418 0.6957810059189796
0 0.2169528840109706 0.6903979271650315
0 0.25087600778788327 0.692164508998394
0 0.2947200095281005 0.6739633530378342
0 0.3238147484138608 0.6531862571835518
0 0.34437757469713687 0.6345661252737045
0 0.3896972415968776 0.5966266058385372
0 0.19849512176588177 0.7460845425724983
0 0.1723277390934527 0.5917730212211609
0 0.43814478255808353 0.7466919422149658
0 0.3623612981289625 0.6837374106049537
0 0.15767576787620782 0.6355648308992385
0 0.35892631970345973 0.6158046871423721
0 0.36358260195702313 0.7406357303261757
0 0.202562446705997 0.6084877364337444
0 0.37357872324064373 0.7150255829095841
0 0.22170392293483018 0.7887366637587547
0 0.3283367560245097 0.5909282326698303
0 0.3885048835538328 0.6964848577976227
0 0.3133195137605071 0.9043033495545387
0 0.32650523260235786 0.9195165649056435
0 0.1874044056981802 0.7448010072112083
0 0.27725712354294957 0.877455721795559
0 0.14937210055068134 0.5965544283390045
0 0.4257362963631749 0.9540588915348053
0 0.4438225582242012 0.7498465031385422
0 0.3457008274272084 0.7075713679194451
0 0.16599533278495074 0.6444047152996063
0 0.25319622959941623 0.618235532939434
0 0.2751601163763553 0.6135484531521798
0 0.4246594659984112 0.8965395450592041
0 0.22022362016141414 0.7896322652697563
0 0.4794624637812376 0.9706526950001717
0 0.4015864525921643 0.9555724710226059
0 0.36755642788484694 0.9419188439846039
0 0.3664700471796095 0.42120507135987284
0 0.5331336479634047 0.9607676342129707
0 0.2945774815045297 0.6062689192593098
0 0.3116566540673375 0.5986660994589329
0 0.32302203085273506 0.594275651872158
0 0.15756965298205614 0.5917824447154999
0 0.30026184022426605 0.5712887465953826
0 0.27575280736200514 0.5634986117482186
0 0.2521545940078795 0.5648426607251167
0 0.23054834390059115 0.5746686860918999
0 0.21918615056201815 0.5870776265859604
0 0.1399429865181446 0.5845542781054973
0 0.23618693565949797 0.6177268952131272
0 0.46512056421488523 0.7704903304576873
0 0.3884723220020533 0.8025652259588242
0 0.3900752464309335 0.7489964485168457
0 0.4302460025064647 0.7826948180794716
0 0.40293912272900345 0.5435234367847442
0 0.35156803783029317 0.9261814236640931
0 0.38754403283819555 0.940020102262497
0 0.47210878022015096 0.9605529725551605
0 0.29206631183624265 0.888580572605133
0 0.3190597203560174 0.5833547458052635
0 0.383140048570931 0.6435339197516441
0 0.5260756319388747 0.9497890323400497
0 0.4375315563753247 0.9667823642492295
0 0.21190574523061514 0.7929964065551758
0 0.46739358454942703 0.8797546848654747
0 0.4634869057685137 0.8870001047849655
0 0.46018728278577326 0.89648457467556
0 0.45939904563128947 0.906660008430481
0 0.43707993924617766 0.8976295292377472
0 0.4295903696678579 0.8758121073246002
0 0.4213824808597565 0.8764565080404282
0 0.41408975441008805 0.8760661259293556
0 0.3631900751031935 0.8447088018059731
0 0.25345611283555625 0.7999463260173798
0 0.37778287744149563 0.6151523873209953
0 0.3437736237421632 0.5611977085471154
0 0.3280885061249137 0.5692795097827912
0 0.4363987405784428 0.8743370532989502
0 0.27271600542590024 0.8509806454181671
0 0.36769199948757886 0.552166397869587
0 0.4299774925224483 0.9153104990720748
0 0.42455317424610256 0.6432041436433792
0 0.3964484676718712 0.6268261566758155
0 0.4188845166005194 0.6150739043951035
0 0.37612662045285106 0.6883606046438218
0 0.5189345318824052 0.931105661392212
0 0.5116134688258172 0.9085556089878082
0 0.4712150963023305 0.9178529947996139
0 0.3629518668167293 0.8927747204899787
0 0.3485318745486438 0.7647865295410157
0 0.3941097740083933 0.9072296679019928
0 0.2942222127690911 0.7731318652629853
0 0.33563626203686 0.7940965995192528
0 0.2894704664126039 0.8140320479869843
0 0.46979681178927424 0.9415931329131126
0 0.3669274220243096 0.705201867222786
0 0.3484051851555705 0.9079862266778946
0 0.38598011545836924 0.92234365940094
0 0.33558845138177273 0.871431291103363
0 0.24162129554897546 0.8253125250339508
0 0.30759233571588995 0.874766007065773
0 0.24004924269393085 0.8372937589883804
0 0.33087034737691284 0.8295147567987442
0 0.37294470639899374 0.6631415784358978
0 0.3900797661393881 0.741781285405159
0 0.3789468988776207 0.7500765010714531
0 0.3939179222099483 0.7238179340958595
0 0.3157346101477742 0.5367390751838684
0 0.2691226112190634 0.5240427181124687
0 0.2312738553620875 0.5276833511888981
0 0.20366205247119068 0.5417124167084694
0 0.18811635803431273 0.5624990284442901
0 0.1944424957036972 0.6211430504918098
0 0.168313451949507 0.6961171567440033
0 0.22698964336887 0.657092110812664
0 0.2560872414615005 0.6585280388593674
0 0.2874567987397313 0.6487443268299102
0 0.31466548293828966 0.6342420771718025
0 0.33431988712400196 0.6203045442700386
0 0.34767629373818637 0.6081366419792176
0 0.17748077660799028 0.6839422330260276
0 0.3824819004163146 0.7553373977541924
0 0.3874447957612574 0.6686956658959389
0 0.4061937647871673 0.7396603062748909
0 0.42439457178115847 0.7463549137115478
0 0.4087616469711065 0.7426197916269303
0 0.3921327356249094 0.7598403960466384
0 0.4296986854635179 0.747512848675251
0 0.43493549479171634 0.7508033573627472
0 0.33855255478993057 0.5889335006475449
0 0.3559711378067732 0.5899241223931313
0 0.36713580023497344 0.5910586372017861
0 0.2138428726233542 0.5965782642364502
0 0.19645746033638717 0.5879161790013313
0 0.4494214551523328 0.6389583513140679
0 0.6025085788220167 0.5001135095953941
0 0.4807023573666811 0.7328349709510803
0 0.6744448088109494 0.37088296487927436
0 0.5332917984575033 0.5498006157577038
0 0.5581472080200911 0.5447320461273193
0 0.5829235816374421 0.5356910347938537
0 0.6145046710968017 0.5044537216424942
0 0.5126236826181412 0.5488010093569755
0 0.5486606543883681 0.4470104791224003
0 0.5209028452634812 0.46026982069015504
0 0.5778109660372138 0.4437195546925068
0 0.599400670081377 0.4506556622684002
0 0.638530733808875 0.5164919584989548
0 0.611379862576723 0.8802514970302582
0 0.6104201516136527 0.4856286980211735
0 0.7187348861247301 0.4724315099418163
0 0.6647529818117619 0.4808613799512386
0 0.5841429989784956 0.6555303052067757
0 0.5174468796700239 0.7961852431297303
0 0.5225445605814457 0.8219073176383972
0 0.5555678693577647 0.7983550950884819
0 0.5804579431191087 0.80580635368824
0 0.5485846053808927 0.8188690260052681
0 0.5695846643298864 0.8195773124694824
0 0.6153730053454638 0.8132566422224045
0 0.4688997872173786 0.7247401431202889
0 0.4658917050808668 0.699998851120472
0 0.6280881242826581 0.40860098600387573
0 0.5128987167030573 0.6086494140326977
0 0.5357152268290519 0.693113648891449
0 0.5348859585821628 0.6776473388075829
0 0.6616864185780287 0.6248702734708786
0 0.4569532938301563 0.6677056908607483
0 0.5573327565565706 0.39659404531121256
0 0.5964335404336453 0.39560954421758654
0 0.6370456755161286 0.33911333978176117
0 0.4484608009457588 0.4589268572628498
0 0.500845361687243 0.4825389698147774
0 0.6281959291547536 0.7872511699795723
0 0.7572095135226846 0.6939314603805542
0 0.519565679691732 0.7136263325810432
0 0.5007197137922048 0.7274794697761535
0 0.6117550376802683 0.8243056431412696
0 0.6040101045742631 0.8260768443346024
0 0.6072732947766781 0.3718374863266945
0 0.5405874332413078 0.7027640461921691
0 0.5095081493258476 0.4133900612592697
0 0.5074996694922447 0.3904190003871918
0 0.5141972485929728 0.32394530177116393
0 0.6260330324992538 0.3652133472263813
0 0.5125622145831585 0.3689690947532654
0 0.6427796527743339 0.38944232910871507
0 0.6609663307666779 0.39040082320570946
0 0.5210045583546161 0.8092678710818291
0 0.5525618309155107 0.8087503641843796
0 0.5754273504018783 0.8123907893896103
0 0.5149638697504997 0.7198298096656799
0 0.6081103447824716 0.8252579241991043
0 0.6037117645144463 0.8351454332470893
0 0.600718499161303 0.8267489612102509
0 0.5023032231256366 0.7118823394179344
0 0.5646368412300944 0.8242935866117478
0 0.5449671486392618 0.8256062239408493
0 0.5222907887771726 0.8301805913448334
0 0.5404571477323771 0.8775277376174927
0 0.5601382771506905 0.8836648344993592
0 0.5537650952115655 0.874154680967331
0 0.5468520635738969 0.8652477696537971
0 0.5406186781823635 0.8592131301760674
0 0.5774222711101175 0.8419679045677185
0 0.5855074793100357 0.8434879511594773
0 0.5954226978123188 0.8462854355573655
0 0.6039619598537683 0.8497734218835831
0 0.5845243837684393 0.7573440939188003
0 0.7528018545359373 0.5656462907791138
0 0.5882967289537191 0.835192920267582
0 0.5958516377955675 0.8350159987807274
0 0.4947514977306128 0.7396562412381172
0 0.5369637668132782 0.7194773063063622
0 0.4976639192551374 0.7338112726807594
0 0.5450477566570043 0.6137868583202362
0 0.5928979886695742 0.6170877143740654
0 0.5430049270391464 0.686504776775837
0 0.5872162828221917 0.32113014832139014
0 0.5794770877808333 0.3556433267891407
0 0.562055498175323 0.3717802293598652
0 0.5972090438008308 0.834407351911068
0 0.44557056529447436 0.4194809183478355
0 0.4441025246866047 0.3941241197288036
0 0.4378826001659036 0.33993209823966025
0 0.6042155744507909 0.5218406230211258
0 0.670110329799354 0.5271508544683456
0 0.4989521147683263 0.5459967806935311
0 0.6283529005944729 0.45393395274877546
0 0.4889931533485651 0.5992347426712513
0 0.5156253585591912 0.6907610088586807
0 0.7124582294374704 0.5329353556036949
0 0.6546444376930595 0.5568288333714009
0 0.6213576102629303 0.5803267553448677
0 0.5702300000935793 0.5905576214194298
0 0.532851618155837 0.5891056180000305
0 0.5045955013483763 0.5845423370599747
0 0.4405967440456152 0.5807560786604882
0 0.721421479433775 0.5876049265265465
0 0.6478948622941971 0.4408067248761654
0 0.46567664556205274 0.7382912665605545
0 0.5165529992431402 0.6364941075444221
0 0.7261196967214346 0.4594113126397133
0 0.4813245443627238 0.5771367639303208
0 0.5465835142880678 0.6852602750062943
0 0.6212832905352116 0.48126954659819604
0 0.5133959632366896 0.6723171517252922
0 0.7602590590715408 0.6263610795140266
0 0.4990704918280244 0.53554797321558
0 0.4850611248984933 0.6670650780200958
0 0.7120825041085481 0.7857919603586196
0 0.7211619302630424 0.8022747606039047
0 0.7475021623075009 0.5746107593178749
0 0.7353685922920704 0.7403056770563126
0 0.6895251894369722 0.42827798128128053
0 0.6236319668591023 0.8964491441845894
0 0.46610283441841605 0.7429466113448143
0 0.5464854955673217 0.6464901253581047
0 0.691036619246006 0.4761157728731632
0 0.5778907880187034 0.5217425771057606
0 0.5561289420351386 0.5308863461017609
0 0.6108489343896508 0.8358317777514458
0 0.7278555005788803 0.6365281522274018
0 0.5871324127539992 0.9397291749715805
0 0.6593407291918993 0.8801848396658898
0 0.6887772366404533 0.8472393795847892
0 0.5356004262343049 0.5348563626408577
0 0.5167740326374769 0.5355627089738846
0 0.5050037292763591 0.5363050401210785
0 0.6676312893629074 0.4261892683804035
0 0.5121659737080335 0.5045936882495881
0 0.5296359045431018 0.4871333621442318
0 0.5518914598971605 0.4778008460998535
0 0.5760404586791992 0.4749047845602036
0 0.5922840550541878 0.47808110266923903
0 0.7025797188282012 0.4090398482978344
0 0.5924878742545843 0.511044716835022
0 0.5565561134368181 0.752038112282753
0 0.5176855988800526 0.7102421894669533
0 0.5033434635028243 0.7607430651783943
0 0.6848210375756025 0.8277847602963447
0 0.6558153565973044 0.8614708423614502
0 0.5815334372222424 0.9289637103676796
0 0.7431487005203963 0.7535429149866104
0 0.5027274075895548 0.5244120590388774
0 0.4700154084712267 0.6167906433343887
0 0.6268282260745763 0.9119724571704865
0 0.7531591473147273 0.6296660006046295
0 0.5615022072568536 0.8501002877950669
0 0.5700443776324391 0.8537147521972657
0 0.5790654798969627 0.8596724793314934
0 0.5873289611190557 0.8671909958124161
0 0.5729575458914041 0.8566853240132332
0 0.5882556978613138 0.8221258595585823
0 0.5946423210203647 0.8181745052337647
0 0.5997941598296166 0.8139293134212494
0 0.6089648447930813 0.7701205044984818
0 0.694326888397336 0.6670232266187668
0 0.4640367774292827 0.5884860694408417
0 0.4686171285808086 0.5173999167978763
0 0.4882874106988311 0.5162867665290832
0 0.5825423933565617 0.8248471707105637
0 0.7132331039756536 0.7185293212532997
0 0.438397060893476 0.525291146337986
0 0.593104244582355 0.8669991075992585
0 0.44596670791506765 0.6115788966417313
0 0.5005072481930256 0.6505908235907555
0 0.5546335080638528 0.8933520942926407
0 0.6432876287028193 0.8086799651384353
0 0.5750504853203893 0.6962683945894241
0 0.6225337170064449 0.8390757694840432
0 0.6317291621118784 0.671064381301403
0 0.6043343838304281 0.7130509451031685
0 0.6635733772069216 0.7012734711170197
0 0.5703999018296599 0.91222213357687
0 0.5214747652411461 0.6580217570066452
0 0.66996990442276 0.8121306270360946
0 0.6418573571369052 0.8466523975133896
0 0.6556572061032057 0.7749586373567581
0 0.7309880122542382 0.6780509322881698
0 0.6890049513429404 0.7604765281081199
0 0.7514952264726162 0.6836083456873894
0 0.6316859694197774 0.7387423470616341
0 0.49296507313847543 0.6262973785400391
0 0.5091236989945174 0.7054049804806709
0 0.5289336990565061 0.7046040296554565
0 0.4917262800037861 0.6939773306250572
0 0.4806837676092982 0.4782698035240173
0 0.5161012249067426 0.44428378641605376
0 0.5519350849092006 0.42966388165950775
0 0.5845726070925593 0.42674684822559356
0 0.6104387020692229 0.43409313187003135
0 0.63968384899199 0.48215567842125895
0 0.7368974328041077 0.5220769956707955
0 0.6263928405940533 0.5350197032094002
0 0.6000563029199839 0.5539796352386475
0 0.5649638323113322 0.5646202385425567
0 0.5323869528248906 0.5672555141150951
0 0.50764040928334 0.5653221733868122
0 0.4892495976760983 0.561952119320631
0 0.740084495395422 0.511172765493393
0 0.530972401984036 0.7105124682188034
0 0.4749645285308361 0.6419977977871895
0 0.4888932481408119 0.7145022094249726
0 0.47999720424413683 0.7294659793376923
0 0.4913378994911909 0.7174664527177811
0 0.5266896834596991 0.7195800870656968
0 0.4743997614830732 0.7339764147996902
0 0.47484104223549367 0.7385669037699699
0 0.4886598739773035 0.5396210476756096
0 0.4722424063831568 0.5508682422339917
0 0.4604234080761671 0.5604563474655151
0 0.6023395024240017 0.4819201372563839
0 0.615137430280447 0.4616756074130535
0 0.2588100219145417 0.5946581810712814
0 0.282739637978375 0.5867436468601227
0 0.2514166828244925 0.5692605704069138
0 0.2348171692341566 0.6027217358350754
0 0.26604486661963167 0.6200906679034233
0 0.5322319857776165 0.5113361291587353
0 0.5603246856480837 0.5030536398291587
0 0.5250165266916156 0.485430296510458
0 0.5047897702082992 0.519239091873169
0 0.5398378297686577 0.5372998885810375
