0 0.3364198185503483 0.7744674829766154
0 0.30461343210190533 0.7023279774934054
0 0.31726265251636504 0.722852761298418
0 0.26040169773623345 0.6257131541147828
0 0.2955426570028067 0.6781228717416525
0 0.28560257563367486 0.6445799546316267
0 0.2627180075272918 0.5589243236929178
0 0.09393939562141895 0.6005019975826145
0 0.23771741054952145 0.4781493783928454
0 0.2250444524921477 0.4407289259135723
0 0.18684710189700127 0.32256091237068174
0 0.33966851439327 0.783036744222045
0 0.34358182940632104 0.7919559435918927
0 0.34670077804476024 0.7975096970796585
0 0.35344338323920965 0.8164802761748433
0 0.35729111060500146 0.8280948607251049
0 0.3623185448348522 0.842257160320878
0 0.3677851341664791 0.8554938983172178
0 0.3777912385761738 0.8769376749172807
0 0.31027309224009514 0.7135646425187587
0 0.292622247710824 0.7188332501798869
0 -0.0046175910159945485 0.5112499888986349
0 0.1709306553006172 0.6052341386675835
0 0.14811458326876165 0.6140286587178707
0 0.12532122135162355 0.6196442613378167
0 0.08944645021110773 0.6099662370979786
0 0.18955413363873957 0.5953927047550678
0 0.11039135856553912 0.5324403546750546
0 0.14018438188359142 0.5295234642922878
0 0.08583049140870572 0.5443971995264292
0 0.07289472995325923 0.5611047828570008
0 0.08125546565279365 0.6304456790909171
0 0.3088633932173252 0.9176272805780172
0 0.08291781470179557 0.5929304054938257
0 0.025870946981012822 0.6215152189135551
0 0.054813769087195395 0.615248579531908
0 0.19513857522979378 0.7100894037634135
0 0.3094431977719069 0.7776513483375311
0 0.3220012294128537 0.7983785707503557
0 0.28983667101711036 0.7940351834520698
0 0.2796152210794389 0.80919342469424
0 0.30548515915870667 0.8063344165682793
0 0.29421799900010226 0.8149708587676286
0 0.2683302968740463 0.8581773828715086
0 0.2867997156456113 0.7074838917702436
0 0.274655725620687 0.685499937646091
0 0.04391232188791037 0.545879147388041
0 0.2179393562488258 0.6332822935655713
0 0.24140578396618367 0.7146839838474989
0 0.23530547097325324 0.7015910344198346
0 0.1297014869749546 0.7261324714869261
0 0.2661710769869387 0.6537671100348235
0 0.08334026811644435 0.5034396804869175
0 0.05670966310426593 0.5210267158225179
0 -0.00334798414260149 0.4632203415036201
0 0.18853590544313192 0.4950546870008111
0 0.16817896962165832 0.5371937803924084
0 0.2454878748394549 0.8394669540226459
0 0.14718947699293494 0.8235940780490637
0 0.2637003244832158 0.7229869952425361
0 0.2821500634774566 0.7244639098644257
0 0.27261157147586346 0.8344669848680496
0 0.27824334902688863 0.8320352476090193
0 0.043313725758343934 0.5069867921993136
0 0.2461705192923546 0.7246618270874023
0 0.1241105493158102 0.49223603010177613
0 0.11461321068927646 0.47157622324302795
0 0.0580282430164516 0.38015117729082704
0 0.014882159885019064 0.4832587565295398
0 0.0839660850353539 0.4237953373230994
0 0.030444614309817552 0.5353885961696505
0 0.009485059324651957 0.5235300274565816
0 0.31526625230908395 0.7893172889947891
0 0.2976127780042589 0.8010234955698252
0 0.28654713528230785 0.8125521311536431
0 0.27037368472665546 0.7254727758467198
0 0.27545789424329997 0.8332866474986076
0 0.2855145913548768 0.8380906188860535
0 0.281059333588928 0.8308262037113309
0 0.2672989372164011 0.713146286457777
0 0.30039973054081204 0.815836064144969
0 0.31180766206234695 0.8089010275900363
0 0.32744458615779876 0.8029730228707195
0 0.34773586466908457 0.8842738350853324
0 0.3403736425563693 0.8614870365709066
0 0.3364443747326732 0.8478005487471819
0 0.334030763246119 0.832962728664279
0 0.33345325756818056 0.8213481441140175
0 0.3038557432591915 0.8266179461032153
0 0.3006240103393793 0.8336345382034779
0 0.29729703078046443 0.8428789786994457
0 0.2955862137489021 0.8521564338356257
0 0.24913110667839647 0.7917663440108299
0 0.07524266671389342 0.7155180087313056
0 0.3135224498808384 0.7179900972172618
0 0.29393663043156265 0.8281865254044533
0 0.2895682597532868 0.8329289462417364
0 0.29116815598681567 0.7311946736648679
0 0.25894426219165323 0.7356158202514053
0 0.28687199093401433 0.7278950864449143
0 0.19963185153901578 0.654743174649775
0 0.1686279123649001 0.68310880754143
0 0.23699620766565205 0.7127754049375653
0 0.014689628966152668 0.4194656421430409
0 0.036957175098359586 0.449372448772192
0 0.0711391719058156 0.4848036412149668
0 0.28991262102499604 0.8704190749675036
0 0.17027965523302555 0.460307290032506
0 0.14006104366853833 0.40596634391695263
0 0.1139328476972878 0.3499322244897485
0 0.10385148990899325 0.6188211986795068
0 0.06553268199786544 0.6538372768089176
0 0.20092449942603707 0.5866736406460404
0 0.05991283422335982 0.5788586402311922
0 0.22727814204990865 0.6126592336222529
0 0.2477017104625702 0.7026109479367733
0 0.05607115011662245 0.6718429241329431
0 0.08289799559861422 0.6699915876612067
0 0.11262689419090748 0.6736561700701713
0 0.15496722105890512 0.6582762956619262
0 0.1847068825736642 0.6394489506259561
0 0.2056279313750565 0.6219256412237882
0 0.24358557183295487 0.5715374091640115
0 0.07980666831135749 0.7233851756900549
0 0.046373373828828335 0.578080044966191
0 0.29948721583932636 0.7163254598155617
0 0.22857770398259164 0.6583439031615853
0 0.02460848055779934 0.6134286368265748
0 0.21977075980976224 0.6038959367200732
0 0.23631037613376976 0.7135641306638718
0 0.07530017346143722 0.5953561497852207
0 0.2416341564618051 0.6862199041992426
0 0.10753819141536951 0.7688649326562882
0 0.19845327669754625 0.5776563784107566
0 0.2516567535698414 0.6674476262181998
0 0.20937884468585252 0.8800589233636856
0 0.2222285027615726 0.8953041799366475
0 0.06838551824912428 0.7226840198040009
0 0.17207692395895718 0.8547581069171428
0 0.015340750943869353 0.5700001383200288
0 0.314148998260498 0.9342065162956714
0 0.30485746134072544 0.7200025826692581
0 0.21570761725306511 0.6822412135079503
0 0.04199775820598006 0.6220983495935798
0 0.12114170687273144 0.6049202649854124
0 0.1425612635910511 0.6001033692620694
0 0.28225110955536364 0.8433358944952488
0 0.10656425142660737 0.7674818580970169
0 0.36291531231254337 0.9519802080467343
0 0.29370296355336906 0.9315262308344245
0 0.2623719395138323 0.9167446294799447
0 0.20636341515928508 0.3851449402049184
0 0.4086096305400133 0.9448882453143597
0 0.16228172406554223 0.5926510820165276
0 0.18057606248185037 0.5851814983412623
0 0.19291791263967753 0.5808993843384087
0 0.03323134044185281 0.5743343762122095
0 0.1700431670062244 0.5620089958421886
0 0.1457306133583188 0.5565855307504535
0 0.12266403343528509 0.558502875175327
0 0.10205920208245516 0.567116838414222
0 0.09112323690205812 0.5777999963611364
0 0.003908698633313179 0.559075022302568
0 0.10538987377658486 0.6042624248191715
0 0.32490676566958426 0.7409168027341366
0 0.2627243991009891 0.7724825523793697
0 0.26137107480317356 0.7194374522194267
0 0.2969022335484624 0.7524381443858147
0 0.2512741647660732 0.5190639656037093
0 0.24663524068892 0.9014947662129998
0 0.2796431907452643 0.9167109750211239
0 0.3551629429683089 0.9442250519990921
0 0.18614026699215175 0.866712093912065
0 0.18902960661798715 0.5715880827978254
0 0.2422362705692649 0.6174698591232299
0 0.40245644338428976 0.9361399628221989
0 0.3261341568082571 0.9451425518840552
0 0.09858180284500122 0.7713884625583887
0 0.31694300416857 0.8243615617975593
0 0.3149771163240075 0.8341213975101709
0 0.31430260501801965 0.8466736149042845
0 0.3158073242753744 0.8599108647555113
0 0.31612794790416954 0.8806985713541507
0 0.28586436891928313 0.8234576687216759
0 0.27941608959808945 0.82346794847399
0 0.27390019632875917 0.8223959537222981
0 0.24365366734564303 0.8149879205971956
0 0.13838540641590952 0.7777085907757282
0 0.2349644361063838 0.5902482219040394
0 0.2077449006959796 0.5481214983388781
0 0.19540928537026048 0.5570009863004088
0 0.2916367785073817 0.8227980583906174
0 0.16465554060414433 0.8281421646475792
0 0.226757063344121 0.5390530079603195
0 0.31105335187166927 0.8983597829937935
0 0.27813277654349805 0.6160518504679203
0 0.2523006654344499 0.6007224790751934
0 0.2709864572621882 0.5892261756584048
0 0.24084459682926534 0.6614298336207867
0 0.3947151156142354 0.9193517196923494
0 0.38575162142515185 0.8968676406890154
0 0.3481768658384681 0.9046916838735342
0 0.2508792978711426 0.8678732793778181
0 0.22471231706440448 0.7379923198372126
0 0.2796159699559212 0.8858413906767965
0 0.17321138475090264 0.7487592300400138
0 0.21450345870107412 0.7676879649981856
0 0.17435599891468884 0.7897233178839087
0 0.34979287162423134 0.9276970870792866
0 0.23524216478690504 0.6785948872566223
0 0.24092190526425838 0.8833169650286437
0 0.2749505739659071 0.9004228994250297
0 0.22385967765003442 0.8445812800899148
0 0.13222610633820295 0.8029251217842102
0 0.20016560889780521 0.8498389255255461
0 0.13161591133102774 0.8154546469449997
0 0.21366045018658042 0.8024775046855211
0 0.23557903729379176 0.6373357150703669
0 0.25869209980592134 0.7114488050341606
0 0.2513474501669407 0.7205403715372085
0 0.2591815167106688 0.6933352842926979
0 0.17917136177420617 0.5249307183548808
0 0.13462855434045196 0.516390995401889
0 0.09902155008167028 0.5223007013089955
0 0.07330295471474528 0.5361702199093997
0 0.059776590950787065 0.5551541072316468
0 0.06767823053523898 0.605279267206788
0 0.043834996037185193 0.6730163088068366
0 0.09495311314240099 0.6396815460175276
0 0.12103388607501983 0.6422548964619637
0 0.1512127723544836 0.6339836627244949
0 0.17858161283656954 0.620463058538735
0 0.1989544840529561 0.6071195561438799
0 0.2121305651962757 0.5953320926055312
0 0.04943695785477757 0.6636831467971206
0 0.25521348146721723 0.7262519896030426
0 0.24816369758918883 0.6414259474724531
0 0.27186246858909724 0.7087330309674144
0 0.2887938866391778 0.7156138109043241
0 0.2749322351999581 0.7117952454835177
0 0.26385112730786203 0.7309868179261685
0 0.2927727370522916 0.716885514371097
0 0.29813941232860086 0.7208030384033919
0 0.20676491744816303 0.5760413269512356
0 0.2199003154411912 0.5772210884839296
0 0.22748779263347388 0.5793769572861492
0 0.08597114086151122 0.5858652085065842
0 0.06861949861049652 0.5775775101035834
0 0.2997188102453947 0.6125916687771678
0 0.4367564143612981 0.49328366909176113
0 0.3322321709245443 0.7054064434021712
0 0.5025739144533873 0.3401206061244011
0 0.3783990824595094 0.5436221019364893
0 0.40257222317159175 0.5362658301368356
0 0.4246966468170285 0.5248553477227688
0 0.4483226897194982 0.49752564514055847
0 0.35677762515842915 0.5437181813642382
0 0.38578450232744216 0.4441809179261327
0 0.35804789382964375 0.4574394737370312
0 0.4144270423799753 0.44047702932730315
0 0.43485033214092256 0.4466679781675339
0 0.4747336823493242 0.5046511130407453
0 0.4712255965918303 0.8674637954682112
0 0.4417684182524681 0.4820398807525635
0 0.548709512501955 0.44874192886054515
0 0.4927396684885025 0.47388641629368067
0 0.42495534010231495 0.6336563741788268
0 0.36158067509531977 0.760124072059989
0 0.3673017431050539 0.7833755068480969
0 0.39256542213261125 0.7606537565588951
0 0.41430628169327977 0.7654292346909642
0 0.3892384599894285 0.7789830667898059
0 0.4072164764627814 0.7782340524718165
0 0.4651484813541174 0.7928792871534824
0 0.3230608722195029 0.6954451501369476
0 0.318101254850626 0.6709587801247835
0 0.46266207210719584 0.41057956404984
0 0.3566722948104143 0.5867284944280982
0 0.3775066306814551 0.6689986744895577
0 0.3765617575496435 0.6541992435231805
0 0.4975612487643957 0.604454711638391
0 0.30804565493017433 0.6397009111940861
0 0.3957488786429167 0.39876507883891466
0 0.43310959488153455 0.3978440172970295
0 0.46102360002696513 0.3055344007909298
0 0.295355002488941 0.4541029689833522
0 0.3384370131418109 0.47906924560666087
0 0.47244016975164416 0.7633716206997633
0 0.5897795010358096 0.6817887764424085
0 0.3642723809927702 0.6890881257131696
0 0.3489506468176842 0.7018441466614604
0 0.4422395138069987 0.7793591521680355
0 0.4361179884523153 0.780710150487721
0 0.44155204519629476 0.37607442373409866
0 0.3825407177209854 0.6789291711524129
0 0.3506469391286373 0.4133717111311853
0 0.3478098466992378 0.39037253549322487
0 0.33700314108282325 0.2843888223171234
0 0.4485787358134985 0.3374052159488201
0 0.33689230736345055 0.3376434204168618
0 0.474484846368432 0.3922656947746873
0 0.48771355785429477 0.36398735446855424
0 0.3652006046846509 0.7725231595337391
0 0.3911377849057317 0.7704904558137059
0 0.411029302701354 0.7720187265425921
0 0.36069195028394463 0.694982348009944
0 0.4390885550528765 0.7801399867981672
0 0.4320299239829183 0.7902737325057387
0 0.4329497184604406 0.7813830690458416
0 0.3499515986070037 0.6852710105478763
0 0.40378888621926307 0.7821839939802885
0 0.3869320597499609 0.784294456988573
0 0.3679285701364279 0.7896553691476583
0 0.40862547885626554 0.8648152023553848
0 0.39533323477953675 0.8436307229101658
0 0.38827380258589983 0.8308304691687226
0 0.3807623276486993 0.8175553420558572
0 0.374616246111691 0.8078498909249902
0 0.4076959664002061 0.7927398920059204
0 0.4144920378923416 0.7963464215397835
0 0.42297001630067826 0.8017916191369295
0 0.43073335755616426 0.8080223860219121
0 0.4307563114911318 0.7309217697009445
0 0.5845460735261441 0.5488945698365569
0 0.4193241372704506 0.7873629417270422
0 0.42535043340176343 0.7885734785348177
0 0.3458126801997423 0.712938686646521
0 0.3808618411421776 0.6948267441242933
0 0.34722098596394063 0.707618509605527
0 0.3871415013447404 0.5921430020593107
0 0.432577857747674 0.5954593311995268
0 0.3846896100789309 0.6634096883237361
0 0.408020874299109 0.28506818171590564
0 0.40023632068187 0.32648197673261165
0 0.3979465002194047 0.3744284690357745
0 0.45305844526737926 0.8172858078032732
0 0.2917617538012564 0.4146529478952289
0 0.275238212198019 0.3598301543854177
0 0.2658714915625751 0.2975359857082367
0 0.4413356721401215 0.5120679543353617
0 0.506153404712677 0.5123417327180505
0 0.3414593044668436 0.5412747780792415
0 0.4614384427666664 0.45062305955216286
0 0.33392494525760413 0.5766708871349693
0 0.3600593412294984 0.6649321580305696
0 0.5406698532402515 0.5121639911085367
0 0.49806282185018064 0.5373266493901611
0 0.4703963290899992 0.558131716400385
0 0.42102293744683267 0.5717225726693869
0 0.38346688635647297 0.5739536201581359
0 0.3546041766181588 0.5708237128332257
0 0.2880173365585506 0.5564602969214321
0 0.5515564970672131 0.5684407724067568
0 0.47909447718411685 0.4387887826189399
0 0.3212706046178937 0.7090490160509944
0 0.36091793682426215 0.6138139355927705
0 0.5581857606768608 0.43574339533224704
0 0.331393638253212 0.5632833225652576
0 0.38885663747787474 0.6625781374052166
0 0.4532223969697952 0.47678903872147205
0 0.3574911477044225 0.6472959419712424
0 0.5910684742033482 0.6124004056677222
0 0.33664636239409446 0.5324296270497143
0 0.33241249341517687 0.6404949260875583
0 0.5495236283168197 0.7723338158801198
0 0.5579212505370379 0.7904422607272863
0 0.5773605514317751 0.5564699368551373
0 0.5699301641434431 0.7270771849900484
0 0.5188281565904618 0.40254853954538705
0 0.481228357180953 0.8836142674088479
0 0.32180996984243393 0.7142329970374703
0 0.38880808241665366 0.624395895563066
0 0.513119836896658 0.4702557229436934
0 0.4187725462019444 0.5131310129538178
0 0.3995231116190553 0.5239963699132204
0 0.4384549707174301 0.7922494497150183
0 0.559506674297154 0.6193054987117648
0 0.4525382025167346 0.9253015635535121
0 0.5080850183963775 0.8669252388179303
0 0.5312536545097828 0.8346800871193409
0 0.37912591062486173 0.5302027383819222
0 0.35898040179163215 0.532391045987606
0 0.345201631821692 0.5335402668453753
0 0.4941735753789544 0.425166404619813
0 0.34651167802512645 0.5009908387437463
0 0.3632906910032034 0.483889084495604
0 0.3851233314722776 0.4746133781969547
0 0.40856455862522123 0.4715479859150946
0 0.42407312877476216 0.47448381492868064
0 0.5331563580781221 0.38139594439417124
0 0.4299541080370545 0.5026235065422953
0 0.40361521653831006 0.7252264030277729
0 0.3624230740591884 0.6853041531518101
0 0.35690120719373225 0.732365669682622
0 0.527534281089902 0.8142528543248773
0 0.5051866922527551 0.8478988248854875
0 0.44826580993831155 0.9161180764436722
0 0.5775064604356885 0.7423143371939659
0 0.3389515783637762 0.5206787824630738
0 0.31704209968447683 0.5923211488872766
0 0.483290658518672 0.8981735531240702
0 0.5838472846895456 0.6139973502606153
0 0.3924410041421652 0.7995699983090162
0 0.3996447779238224 0.8062110595405102
0 0.4082355057820678 0.8158807661384344
0 0.4164182526990771 0.8270022638142109
0 0.4349266478791833 0.842190064676106
0 0.4225736690685153 0.7788534821942449
0 0.4272132897749543 0.7752694316208363
0 0.43099323511123655 0.7712569585070014
0 0.4541397880762815 0.744145753979683
0 0.5300198543816805 0.6488758247345686
0 0.3102361012250185 0.5648927222937346
0 0.31199111938476565 0.5104732491075993
0 0.3274377591907978 0.5115777892991901
0 0.41813408546149733 0.7816356267780066
0 0.5481059528887272 0.7030950346961617
0 0.2888455068692565 0.5138436002656818
0 0.45444209035485983 0.853305633366108
0 0.2947701996192336 0.5864382087253034
0 0.34637193419039247 0.626193231344223
0 0.4235888320952654 0.8811527572572231
0 0.48942796252667903 0.790804909914732
0 0.41621696166694166 0.6740691516548395
0 0.4757743768393993 0.8235017308965326
0 0.4713108640164137 0.6500743756070733
0 0.44643792435526847 0.6905516041442752
0 0.5017961975187063 0.6817164769396186
0 0.43870659321546557 0.9004714403301477
0 0.36557445079088213 0.6346883162856102
0 0.5134597223252058 0.7969608180224895
0 0.49327447079122066 0.8324888790026307
0 0.49660059697926046 0.7550941167399288
0 0.563486621901393 0.6623208023607731
0 0.5265637371689081 0.7440544305369258
0 0.5837508363649249 0.6695796724408865
0 0.47352757323533295 0.7160242332145572
0 0.3386427626013756 0.602715194132179
0 0.35546952951699495 0.6789799300953746
0 0.37207901775836943 0.6799873458221555
0 0.33967798855155706 0.6664755284786225
0 0.3214993080124259 0.4740500605665147
0 0.3553899396210909 0.4421563825570047
0 0.39082670509815215 0.4275060719810426
0 0.42261247131973506 0.4239884772337973
0 0.4465492457151413 0.4318569451570511
0 0.46983860768377783 0.4756001917645335
0 0.5664960604161025 0.5012743636965752
0 0.4659052645787597 0.5212890414521099
0 0.44427551738917825 0.5381297923624515
0 0.4120529994368553 0.5513118898496032
0 0.3798678208142519 0.5571594480425119
0 0.3543789563700557 0.5565081980079413
0 0.3356125645339489 0.5527521641924977
0 0.5729823060333729 0.4906949203461409
0 0.374324044957757 0.6861935863271356
0 0.322855331748724 0.6164685430005192
0 0.338778605312109 0.6865425007417798
0 0.33194669224321843 0.7014011789113284
0 0.3410160044208169 0.6899010792374611
0 0.37144135814160106 0.6947727860882879
0 0.32799596823751925 0.7051975639536977
0 0.32833418175578116 0.71050323843956
0 0.32911663576960565 0.534909691940993
0 0.31799111776053907 0.5418481195345521
0 0.31047093495726585 0.5472963456064462
0 0.43364255111664535 0.477941501326859
0 0.4487288245931268 0.45758268646895883
0 0.12909777062013744 0.5818073509261013
0 0.15269673205912113 0.5739702554419637
0 0.12217256147414446 0.5566395314410328
0 0.10540822995826601 0.5897782538086176
0 0.13600364830344916 0.6070628255605698
0 0.365886889025569 0.5080864697694778
0 0.3924304502084851 0.4990324392914772
0 0.3580319758504629 0.4824767062440515
0 0.3408397572115064 0.5169320899993182
0 0.37413598988205193 0.5335821962915361
