0 0.29360659858211874 0.5736919703893364
0 0.29195440411567686 0.5002678516320884
0 0.29484578436240555 0.5234753938391805
0 0.28275822857394817 0.4167286372743547
0 0.29331456320360305 0.47586426287889483
0 0.2974990832619369 0.4428990948945284
0 0.31045277854427694 0.35958011280745267
0 0.1529934645164758 0.3312442565802485
0 0.31896844329312446 0.2819770290516317
0 0.32170620309188963 0.2459754951298237
0 0.3322931084781885 0.13483331920579075
0 0.29355995981022714 0.5813916293904186
0 0.29403329542838036 0.5898642487823963
0 0.2950059214606881 0.5955649161711335
0 0.29427000316791235 0.6142392844893039
0 0.29358462085947395 0.6245833612047136
0 0.2931080908048898 0.6375648167915642
0 0.2933938171714544 0.6503391633741558
0 0.29096617326140406 0.661000862903893
0 0.29254769082181153 0.5121855670586228
0 0.27545839827507734 0.5105447213165462
0 0.09804954123683274 0.22390929930843412
0 0.21405398286879063 0.3662725014612079
0 0.1911192629719153 0.3646922812331468
0 0.16983346324414014 0.3601962700486183
0 0.14511202317662536 0.3379657550249249
0 0.23417438031174242 0.3642028828151524
0 0.1932685676496476 0.27813077862374486
0 0.21956949681043625 0.2867892314214259
0 0.1680447705090046 0.27925842511467636
0 0.15088409828022123 0.28879740932025016
0 0.12777554513886571 0.3529192796442658
0 0.21562594906426966 0.6767224565148353
0 0.1470400093123317 0.3205327482894063
0 0.0813492032699287 0.3282235789112747
0 0.11150640817359089 0.32936407029628756
0 0.19509596098214388 0.4664446208626032
0 0.26893251603469254 0.5675726310350001
0 0.2731739449780434 0.5877073405310511
0 0.24639579895883798 0.5738443991169333
0 0.23330550957471133 0.5827970516867935
0 0.256542447116226 0.5886768317781389
0 0.2448475195094943 0.5921094408258796
0 0.20338453324511646 0.6161707906983793
0 0.27438022806309165 0.49808481615036726
0 0.27202584855258466 0.4744092903099954
0 0.13224047282710671 0.26200188654474915
0 0.24380303462967276 0.4081176668405533
0 0.23311199061572552 0.48898458648473025
0 0.2328844828531146 0.4752441686578095
0 0.13250607424415647 0.4555671827867627
0 0.27696130075491965 0.4436367815360427
0 0.18210281440988182 0.23905323059298098
0 0.15291925775818527 0.24473930331878363
0 0.11659851553849876 0.18335955939255655
0 0.27409815932624043 0.27416753228753804
0 0.24027912402525545 0.30400727507658304
0 0.18940896969288587 0.5947936260141432
0 0.10800885166972876 0.5469628592953086
0 0.24930947637185455 0.5044340910390019
0 0.2643703017849475 0.5121504921466112
0 0.22205697251483797 0.6015981191769242
0 0.22774945823475717 0.6014863328076899
0 0.14758977182209493 0.22707562535069883
0 0.23335234001278876 0.4997225600294769
0 0.22088669072836636 0.24541881014592945
0 0.22113695885054768 0.2238035575952381
0 0.19942306471057236 0.13579338556155562
0 0.12396562066860498 0.20546635780483485
0 0.20498057750519366 0.18077115416526796
0 0.12518385094590484 0.24816014119423926
0 0.10484803668223322 0.23801555801182986
0 0.2701736025046557 0.5782434373162687
0 0.2510984566062689 0.5818600902333856
0 0.23850870346650482 0.5876579493284225
0 0.2540939115919173 0.5090684333816171
0 0.224934137519449 0.6016037263907492
0 0.23095296686515213 0.6081638086587191
0 0.2305881941691041 0.6014229434542357
0 0.25605532750487325 0.4966430066153407
0 0.25031466968357563 0.5948790465481579
0 0.2615488956682384 0.5929000977426767
0 0.2765898357145488 0.5933120092377067
0 0.2641963008325547 0.6575959320180118
0 0.26757302777841685 0.6453242463059723
0 0.26899985475465654 0.6328219490125775
0 0.27203214159235356 0.6201706429943442
0 0.275452376762405 0.611137103382498
0 0.24963642694056035 0.605472425557673
0 0.24449657872319222 0.6096073281951249
0 0.23842577589675784 0.6154733885079622
0 0.23360668104141952 0.6220108430832625
0 0.21083450205624105 0.5579124355688692
0 0.08798848800361156 0.42770084124058483
0 0.2936674845404923 0.5173326314426958
0 0.2414194419980049 0.6035644616931677
0 0.23623135779052973 0.6056029821746052
0 0.2694539598654956 0.5211804924532771
0 0.2403897793032229 0.5141441151499748
0 0.26704041939228773 0.5167358409613371
0 0.22004045257344843 0.42032763343304397
0 0.1824629232287407 0.43318302612751725
0 0.2301724382676184 0.4856759326532483
0 0.1478220392949879 0.1528630567714572
0 0.15517047294415534 0.18477015146054326
0 0.1794583800714463 0.2181703954935074
0 0.2186794309876859 0.6310932171531022
0 0.2727601217105985 0.23666740087792276
0 0.2603466535452753 0.18660400863736867
0 0.25901556382887064 0.13111653178930283
0 0.15294120353646576 0.351188300922513
0 0.10369136319495738 0.36790933068841697
0 0.24765793676488101 0.3602889282628894
0 0.1326933480799198 0.2987305687274784
0 0.25947982724756 0.3932679154444486
0 0.24279978992417456 0.48021422801539304
0 0.0882992587517947 0.3817881790921092
0 0.11123146302998066 0.3887878112494946
0 0.13451000810600816 0.40341756897978487
0 0.1768664143513888 0.4063374758698046
0 0.2103002405492589 0.40132659520022573
0 0.23567210780456663 0.3938270461279899
0 0.288962926203385 0.3633026863913983
0 0.08981233551166952 0.43500970527529714
0 0.12073339405469596 0.2925506635103375
0 0.2821089913137257 0.5105053912848234
0 0.24389453926123678 0.4342971914447844
0 0.08368840920738876 0.3219264988321811
0 0.25533124459907414 0.38328335657715795
0 0.22955904258415102 0.4862551061436534
0 0.13963409177958966 0.31953223841264844
0 0.24402892920188607 0.46367429932579396
0 0.09511303957551717 0.48569470290094613
0 0.24968245876953005 0.3512178481556475
0 0.25937421917915343 0.45038587860763074
0 0.14021262018941344 0.6145561517216265
0 0.14565959749743343 0.633328109420836
0 0.07949178223498166 0.43065023571252825
0 0.11768361767753958 0.580401498824358
0 0.09239294501021504 0.2802156480960548
0 0.21289296494796872 0.6926507614552975
0 0.2854188746772707 0.5158510146662593
0 0.22366898097097873 0.45051297545433044
0 0.09754865360446274 0.3310646865516901
0 0.172942672111094 0.34591131620109083
0 0.19233274152502416 0.3507411156781018
0 0.22630327297374606 0.6111517775803804
0 0.09627014431171119 0.4827045467682183
0 0.2487754943780601 0.7237055397592485
0 0.1955566146876663 0.686437014117837
0 0.17315069381147624 0.664587570913136
0 0.3260640213266015 0.19342309646308423
0 0.2907423071563244 0.7331547290086746
0 0.2119866873603314 0.3522246412932873
0 0.2309403648134321 0.35214733332395554
0 0.24343733554705976 0.352391545381397
0 0.11079617314971983 0.28469225275330245
0 0.23179776752367615 0.3267027116380632
0 0.21310759913176297 0.3132053128443658
0 0.19276637029834093 0.306456096470356
0 0.17217621500603855 0.30633007334545254
0 0.15913666924461722 0.3113298390060663
0 0.08723619822412729 0.2680593278259039
0 0.1606430696323514 0.338997820392251
0 0.2944333027582616 0.5424929156899452
0 0.2296090355142951 0.5470703110098839
0 0.24869793346151708 0.500381984282285
0 0.26640835222788156 0.5422380061820149
0 0.3155828358139843 0.3219011868350208
0 0.1649349067825824 0.6451509794220328
0 0.1885973592288792 0.6681000728160142
0 0.24531761277467012 0.7138920804485679
0 0.12512742122635245 0.5970090719871223
0 0.24403734654188156 0.34210548941046
0 0.27046277886256576 0.40283632758073507
0 0.2892121721059084 0.7225263148546219
0 0.21926998645067214 0.7070034393109381
0 0.08707139724865556 0.48352252393960954
0 0.2607849142514169 0.6079151028767228
0 0.25579795176163317 0.6147108869627118
0 0.25076401508413254 0.6242214771918952
0 0.24743431024253368 0.6351613899692893
0 0.2385360797867179 0.6458285376429558
0 0.2358581038657576 0.5965509109199048
0 0.23002814557403325 0.5944586645811796
0 0.22529376717284322 0.5917790526524186
0 0.19710955002810807 0.5749208648689091
0 0.11997842094860971 0.5026643191464245
0 0.2744942534714937 0.37647353457286953
0 0.2691094239242375 0.32904499596916137
0 0.25545927761122583 0.33181839948520064
0 0.24122938900254667 0.5978721454739571
0 0.12236247677356005 0.5548631054349243
0 0.28789906706660984 0.3288831423502415
0 0.22616279763169586 0.6609296393580735
0 0.30192029508762064 0.41496896632015706
0 0.28528467640280725 0.39173794141970575
0 0.30600211401470007 0.3887363919056952
0 0.25308474120683966 0.44140829183161256
0 0.2890351683832705 0.7048563536256551
0 0.2900361290667206 0.6817962294444442
0 0.25600105402991175 0.6766379904001951
0 0.18307318836450576 0.6186501336283982
0 0.20981987717095762 0.5024498929269612
0 0.2024432366481051 0.6419953905977309
0 0.16123245912604034 0.49083357518538834
0 0.18942577242851258 0.5232315396890044
0 0.1457262174692005 0.5260292212478817
0 0.24764600554481148 0.6976206617429852
0 0.24202938769012688 0.45485276011750103
0 0.16756955017335712 0.62763412296772
0 0.19167524664662777 0.6523928750306368
0 0.16761879241093994 0.5906538717448712
0 0.10431838314980268 0.5222350463271141
0 0.1446199042722583 0.585652475617826
0 0.09816904510371387 0.533034500386566
0 0.1749492094386369 0.552443175110966
0 0.2575745535548776 0.4181044725701213
0 0.24917492670938374 0.49202850824221966
0 0.23951364122331142 0.49772865865379573
0 0.25581830032169817 0.47578981816768645
0 0.2546148283407092 0.2971893007401377
0 0.2201494467444718 0.272343418141827
0 0.18764889910817145 0.26393677298910917
0 0.1607561047654599 0.2662494902033359
0 0.14225228382274507 0.2775773943401873
0 0.12799490708857775 0.32499505653977395
0 0.07689954498782754 0.3788339528720826
0 0.13538622604683043 0.3662918284535408
0 0.15556290945969523 0.378680629376322
0 0.18453362081199884 0.3834471588023007
0 0.213605803437531 0.3823057129979134
0 0.2368303146213293 0.37808471377938985
0 0.25310612795874476 0.37253253813833
0 0.08573419018648565 0.3739372843876481
0 0.24062174330465497 0.5043132376857102
0 0.266487095085904 0.426141638122499
0 0.26107755657285453 0.49391416255384685
0 0.27317616511136295 0.5061308100819588
0 0.26285772016271947 0.49795966790989044
0 0.24638535315170884 0.5117266901768744
0 0.2761106223333627 0.5085643011145293
0 0.2793746176175773 0.5141354856081307
0 0.25722048222087324 0.3529756898060441
0 0.26734984847716986 0.3595688188448548
0 0.272178111365065 0.3645998417399824
0 0.15196912055835127 0.3160522265359759
0 0.14099092865362764 0.30149969724006953
0 0.3220431682188064 0.420196321234107
0 0.4855844656005502 0.36482985680922864
0 0.3146913005504757 0.5140429069288075
0 0.5940881947986781 0.2643753485754132
0 0.4202999918721616 0.38701185551472006
0 0.44084299728274345 0.3895011999644339
0 0.46248370688408613 0.38839604198001326
0 0.4953750938177109 0.37237708708271383
0 0.40408477699384093 0.3800345130264759
0 0.45604231748729945 0.3040780412964523
0 0.43053576480597255 0.3066195805557072
0 0.4809715077280998 0.3102125917095691
0 0.49713637828826907 0.3224657855462283
0 0.5143281643278896 0.389325706101954
0 0.37405697870999577 0.6933811308816076
0 0.49524054415524005 0.35596019895747305
0 0.596685463283211 0.3741997894831002
0 0.5455432068556547 0.3687194736674428
0 0.42176607847213743 0.48696368299424647
0 0.3203884022310376 0.5721562698483467
0 0.3173228133935481 0.5917938859201968
0 0.34752922859042884 0.5835725174285471
0 0.3644141251221299 0.5952951336279512
0 0.33769445326179265 0.5964472768828273
0 0.35309920767322184 0.6025069650262594
0 0.39499516785144806 0.6336990206502378
0 0.31077902633696797 0.5015007228590548
0 0.31588220242410897 0.4783538658171892
0 0.5323604065924883 0.3007067139260471
0 0.3809840502217412 0.4201390163041651
0 0.367437946703285 0.5009803654626012
0 0.3721382724121213 0.4875417827628553
0 0.49579311776906254 0.48890966456383467
0 0.31897135023027656 0.4472596779465675
0 0.4748425981029868 0.2681932646781206
0 0.5080460814759136 0.2795550308190286
0 0.5720527806319297 0.21942076440900565
0 0.37401672881096604 0.28280067308805884
0 0.4093506457284093 0.31909696352668104
0 0.4127156970091164 0.6149881457909941
0 0.5495362843386828 0.5900214893743396
0 0.34830017387866974 0.5132670435123146
0 0.3303711119107902 0.5179083849303424
0 0.3817005303688347 0.6164810962975025
0 0.3758552547544241 0.6153742084279656
0 0.5239187888801098 0.2641497874632478
0 0.3680943395011127 0.5117759223096072
0 0.4322022384032607 0.26595815368928016
0 0.43659347044304014 0.2462336854543537
0 0.4745121017098427 0.15684654475189747
0 0.5517159441486001 0.24071833449415864
0 0.45584863880649207 0.2008844687603414
0 0.5512547314167022 0.28960520601831374
0 0.5748872360214591 0.2779555432498455
0 0.3192834626417607 0.5826030261814594
0 0.34264594153501093 0.5905881361104548
0 0.35898741651326416 0.5990549494512379
0 0.3429128047544509 0.5170039135031402
0 0.3786737699061632 0.615986866131425
0 0.37004815265536306 0.6217095249332487
0 0.3728751969523728 0.6147835023701191
0 0.33728705081157384 0.5038854987360537
0 0.3485365302301943 0.6042831394821405
0 0.3336600397713482 0.5997911646962166
0 0.3155811108183116 0.597027921769768
0 0.320215040165931 0.6630760887637734
0 0.32096391189843415 0.6511289056390523
0 0.3190862541086972 0.6380544736981392
0 0.31706805708818137 0.6247205192223191
0 0.3150347503833473 0.6151334561407567
0 0.3483937069773674 0.6152724036946893
0 0.35309233963489534 0.6204873511567712
0 0.3588466696441174 0.6278282280080021
0 0.36373601015657187 0.6355771191418171
0 0.3884928924962878 0.5738851607777178
0 0.5918705211952329 0.4742767850868404
0 0.35974925765767696 0.6150008713826537
0 0.36464853286743165 0.6180146096274257
0 0.3232738887425512 0.5259846419095993
0 0.36023826198652387 0.5249992436729372
0 0.3266287018544972 0.5220572459511459
0 0.40489517357200383 0.43671187246218324
0 0.4427581258118153 0.45672950651496647
0 0.37564857471734286 0.4986987066455185
0 0.534849319793284 0.18288670424371958
0 0.5145948039367795 0.2139003629796207
0 0.485347118973732 0.24901897944509982
0 0.37511951215565204 0.6458403088152409
0 0.3821318751201034 0.24901788583956658
0 0.39443620536476376 0.1974021503701806
0 0.40883717201650144 0.14245368186384438
0 0.48259920086711644 0.3832340846769512
0 0.5394419610500336 0.4078249384649098
0 0.3932198917493224 0.3731103197671473
0 0.5211093459278345 0.33567894631996753
0 0.3654090642929077 0.40245501715689896
0 0.35407156217843294 0.49016424883157017
0 0.5682999886572361 0.4256606505252421
0 0.5182499419897795 0.42741968519985674
0 0.48399989735335114 0.43602027632296086
0 0.4386037292890251 0.4287545997649431
0 0.4086111975833774 0.4164143946953118
0 0.38682012585923076 0.4036124892532825
0 0.33345038890838624 0.36709393840283155
0 0.5570014267228544 0.478449824731797
0 0.5417697468772531 0.3320731896907091
0 0.3038242910057306 0.5125563192181289
0 0.37369629489257933 0.4455473700538278
0 0.6079225323162973 0.3672824958804995
0 0.37027345625683666 0.38944630096666516
0 0.37936392789706586 0.4996259250678122
0 0.5073726942762733 0.3554156629368663
0 0.35836315974593164 0.4737591716460884
0 0.5753866542130709 0.5314903691411018
0 0.3941938754171133 0.3642598298378289
0 0.33966743303462865 0.45752581041306256
0 0.4812004529871047 0.649017570912838
0 0.48144038710743187 0.6675930375233292
0 0.5842895166017115 0.47788162706419823
0 0.5162415359169245 0.6195270461961627
0 0.5871142609044909 0.3230766139458865
0 0.3775742448866367 0.7105456077493727
0 0.3023100642487407 0.5173532309941947
0 0.39383130688220264 0.4656176562421024
0 0.5696221658959985 0.3726856230292469
0 0.4613988123834133 0.37575990725308656
0 0.4424409182742238 0.37771857464686037
0 0.3750352109782398 0.625621491111815
0 0.5452578478492797 0.5249527952633798
0 0.3361749077681452 0.7332918472588063
0 0.407374120131135 0.7091284938156605
0 0.44051534393802283 0.6927932880818843
0 0.4257552267983556 0.37570198592729864
0 0.4108112059533596 0.3709098661318421
0 0.4003262989223003 0.367623720690608
0 0.5634545716457069 0.32604273064062
0 0.41087113358080385 0.3404276002664119
0 0.42873448599129915 0.3310378435067832
0 0.448292039707303 0.3302635310217738
0 0.4685034306719899 0.3354249315802008
0 0.48101789094507696 0.343086612643674
0 0.6051800766959786 0.3112935114186257
0 0.4751644695177674 0.37081402651965617
0 0.36752199232578275 0.5593675274401904
0 0.348036537040025 0.5091915932483971
0 0.3246417464222759 0.5474819043651223
0 0.4455969256348908 0.6745403754524887
0 0.4125063336454332 0.6921494526788592
0 0.3365164888557047 0.7238929638639092
0 0.5168989509344101 0.6357467274181545
0 0.39927162379026415 0.35517359832301737
0 0.34464564276859166 0.4092639245092869
0 0.3732909528538585 0.7236922971904278
0 0.5692878042347729 0.5296028457581997
0 0.3331925659440458 0.615201617591083
0 0.33722605304792524 0.6229886059649289
0 0.34157409630715846 0.6338176072575152
0 0.3451634609140456 0.6457660231739283
0 0.35019290940836073 0.6563084600493312
0 0.36561098461970687 0.6087472372688353
0 0.37113630548119547 0.6076108021661639
0 0.37610205691307785 0.6058395588770509
0 0.40384838869795203 0.5934030767530203
0 0.5079964399337769 0.5389009981416166
0 0.3493845572695136 0.3829934914596379
0 0.3764199991710484 0.33780964780598877
0 0.39136727834120394 0.3436771795153618
0 0.36069727055728434 0.6092092160135507
0 0.5047962535172701 0.5912765508517623
0 0.3506405457854271 0.3330706374719739
0 0.36372735323384403 0.6747998582199216
0 0.32781024402938785 0.3954205685760826
0 0.356562583707273 0.45061362693086265
0 0.32721389066427947 0.6838700634427368
0 0.418808413669467 0.6417131608352065
0 0.39896502178162335 0.5194950276054442
0 0.393823704123497 0.6610545092262328
0 0.4559270622208714 0.5179569410160184
0 0.41892194394022225 0.5442328222095967
0 0.47142004696652295 0.5564629906788469
0 0.33369426815770564 0.7068353819660842
0 0.3696197787299752 0.46587825249880555
0 0.438859539758414 0.6551182990893721
0 0.40684393951669334 0.6747316967695951
0 0.43875179141759874 0.616528101451695
0 0.5333307486027479 0.5629385272972286
0 0.47028726786375047 0.6173184799961746
0 0.5493709083646536 0.5767221723683178
0 0.43290456719696524 0.5762105638161301
0 0.3590491969138384 0.42696824483573437
0 0.3445796137675643 0.5006104086525738
0 0.3584963038563728 0.5084007772617042
0 0.3361625452991575 0.483099795691669
0 0.3945061954669654 0.309016863303259
0 0.43036237079650164 0.29229609202593565
0 0.4631725232116878 0.2909904264379293
0 0.49118597377091644 0.2984874701593071
0 0.5110009032301605 0.31350909657776355
0 0.5231854740530253 0.36125647090375423
0 0.5943745121359825 0.42622634284198285
0 0.49889472387731076 0.40080359326675535
0 0.47266552578657867 0.40808173692785205
0 0.4416644785553217 0.4069361751899123
0 0.4147961376234889 0.39988977648317814
0 0.39537933077663184 0.3906409954186529
0 0.3815183197148144 0.3814525813795626
0 0.6018155045807362 0.42000070502981546
0 0.3581427755765617 0.5148260080255568
0 0.3404043256305158 0.43264111476019024
0 0.32774648307822646 0.5001798462122679
0 0.3160082389134914 0.5103646144270897
0 0.3280607197899371 0.504164030123502
0 0.35217873081564904 0.521147564984858
0 0.3111172372940928 0.5119513366371393
0 0.309439439419657 0.5167999063618481
0 0.38586760880425575 0.36386839859187603
0 0.37084145899862053 0.36646712347865107
0 0.3585538676008582 0.36890321928076447
0 0.48869581473991275 0.34949516095221045
0 0.5075476855039597 0.3369048582389951
0 0.1905800900189206 0.3290507622528821
0 0.2138517750427127 0.3319045954849571
0 0.19516067227814346 0.304472037544474
0 0.16722955033183098 0.32611522674560545
0 0.18599513936787843 0.3534620857797563
0 0.426806515827775 0.35434725009836254
0 0.4485471474006772 0.3551225567702204
0 0.42739090602844954 0.33154042484238744
0 0.4060062943957746 0.35360075496137144
0 0.4262338811531663 0.37716258559376004
