0 0.4752741285599768 0.7006185875274241
0 0.4177973044104874 0.6500836976803839
0 0.4344683556817472 0.6643058637157082
0 0.3523646967485547 0.5977598439902068
0 0.4031252625398338 0.6326607317663729
0 0.3839664530940354 0.6067333821207285
0 0.3354951852932572 0.5375696864910424
0 0.17930842558853327 0.6241169530898333
0 0.2918599100783467 0.47628671322017907
0 0.27093478916212915 0.4496537607163191
0 0.2039594642817974 0.3657332308590412
0 0.4815316407009959 0.7072684936225414
0 0.48870347877964376 0.715265273489058
0 0.494047971162945 0.7212654781527817
0 0.5058229455724359 0.7349489577114582
0 0.513141234125942 0.7428346438333392
0 0.5222064789384604 0.752936689555645
0 0.531326068751514 0.7630218742415309
0 0.5244329615496099 0.7675102978944779
0 0.4257377304136753 0.6575927287340164
0 0.40879214387387036 0.6686427744105459
0 0.06169917499646545 0.5787475678138435
0 0.24986962992697953 0.6069978009909391
0 0.2317058327142149 0.6208757733926177
0 0.21223518270999192 0.6317756849341094
0 0.1771544953342527 0.6348665335215629
0 0.2633916397579014 0.5928265726193785
0 0.17729033804498612 0.5574373057112098
0 0.2036055291071534 0.5474437930621207
0 0.15715521848760544 0.5743841049261391
0 0.14873526613228022 0.5930895338766277
0 0.17344336113892495 0.6555471068248153
0 0.47035620287060736 0.8344300574623048
0 0.16744813388213514 0.6212717319838703
0 0.11591116287745536 0.6637383795343339
0 0.143089283676818 0.6506831705570221
0 0.30847121351398527 0.6917622493579983
0 0.4523574790917337 0.7151654466986657
0 0.4708894805051386 0.7296279612928629
0 0.43870671158656477 0.7388859309256077
0 0.4345265400595963 0.75677887853235
0 0.4582931960001588 0.743812859710306
0 0.45130770625546573 0.7557412550784648
0 0.420256959926337 0.7968524407595396
0 0.4015480700880289 0.6604836085811258
0 0.3841775396838784 0.6463092286139727
0 0.11157799018546939 0.5843332982622087
0 0.3084791495464742 0.6152945733629167
0 0.35642525386065244 0.6828390579670668
0 0.3467988662421703 0.6729966249316931
0 0.24783349335193633 0.7267905009910465
0 0.3669182324782014 0.6212300915271044
0 0.14046809724532067 0.5331211699172854
0 0.11815300299786032 0.5566337276250124
0 0.05141902454197407 0.5396985893137753
0 0.2438753130380064 0.5022204842418432
0 0.2306491925381124 0.5472367923241108
0 0.39495787788182496 0.7928226530551911
0 0.27507923864759504 0.8086817184463143
0 0.38006247924640774 0.6822772860527039
0 0.39969091974198817 0.677679147478193
0 0.43917475938796996 0.779293168336153
0 0.4434854697436094 0.7751545717939734
0 0.10014319648034871 0.5474433203227818
0 0.3640745600685477 0.6901013190858066
0 0.17986347288824617 0.5140910478308797
0 0.1653921077493578 0.4974566899240017
0 0.0934183687902987 0.45344731663353743
0 0.07339565986767412 0.5503095389343798
0 0.1275065969210118 0.48125199298374355
0 0.09585473076440394 0.5802046292461455
0 0.07873453171923757 0.584789058379829
0 0.4611874531954527 0.7230433720164001
0 0.44854671899229287 0.7418504005298019
0 0.4425865408964455 0.7566658150404691
0 0.38781869430094956 0.682410834915936
0 0.4415113965049386 0.7771953481249512
0 0.45110790031030773 0.7774341208860278
0 0.4457226788625121 0.7730747550725937
0 0.38207751903682946 0.6716155563481152
0 0.4578538049943745 0.7543589652515947
0 0.46571783926337956 0.7443243636749685
0 0.477942574955523 0.7330910921096802
0 0.4994429691694677 0.7830614917911589
0 0.5070921962149442 0.7782207591459155
0 0.4996594783850014 0.7672306725755333
0 0.49296894781291484 0.7553391902707517
0 0.48903758376836776 0.7462910775095224
0 0.46425958834588527 0.7620081241242588
0 0.4630376768298447 0.768752578087151
0 0.4620597834698856 0.7774459787644445
0 0.4624559122137725 0.7858782303519547
0 0.3893095601350069 0.7496618271805346
0 0.1832946689799428 0.7294048677198589
0 0.42983422726392745 0.6605824111029506
0 0.4559196691960096 0.7669664900749922
0 0.45348510816693305 0.771873445622623
0 0.4113950437866151 0.6808472101576626
0 0.3803834828548133 0.696062168199569
0 0.4057468447834253 0.6793194741941988
0 0.2972914811223745 0.6399536421522498
0 0.2751392239704728 0.6755613934248685
0 0.3516640895511955 0.6821204941719771
0 0.059234354132786396 0.49871492506936194
0 0.08646935313008726 0.5159965025261044
0 0.12342246919870377 0.5193631354253739
0 0.4431683846749365 0.7964421424083412
0 0.2187530798371881 0.4756990391295403
0 0.17887136987410485 0.4496706020552665
0 0.14081435366533696 0.4115724993404001
0 0.19249038335401564 0.6377678136341274
0 0.1645234981086105 0.681568058859557
0 0.27104476555250584 0.5817380774766207
0 0.1390705045312643 0.6131347061134875
0 0.3123467680532485 0.594383854791522
0 0.36000798661261796 0.6699464713223279
0 0.15816062078811227 0.7006054296158254
0 0.18637158356141298 0.6893979223445058
0 0.21602817084640263 0.6824189502745867
0 0.25119342347607015 0.6562081540003419
0 0.27341413632966577 0.6308959170244635
0 0.2880652199499309 0.6088776883669198
0 0.31965717994607984 0.5544044070877134
0 0.19476866787299513 0.7399361213669181
0 0.12461077626794577 0.6165978369303048
0 0.41581772938370704 0.6637904596515
0 0.3268322043120861 0.634960963204503
0 0.11333122006617487 0.6545181896537542
0 0.29661970883607863 0.5884279694408179
0 0.3511928158812225 0.6824683515354991
0 0.15993233509361743 0.6261176647618413
0 0.3492841110099107 0.6573125518858433
0 0.22439409485086798 0.7697015629149974
0 0.26618563774973153 0.5747239651158452
0 0.3552608538419008 0.6377492980100214
0 0.3538570072967559 0.8435174863785505
0 0.3675280997529626 0.8533004330471158
0 0.17988425302319228 0.742018380574882
0 0.31037020119838415 0.8313643428497016
0 0.09519647546112538 0.6219258456490934
0 0.4779566262848675 0.8524476112797856
0 0.4218552095815539 0.6653658241033554
0 0.321121387835592 0.6602865156717599
0 0.1315983440261334 0.662650172971189
0 0.20472021512687205 0.6198684840463102
0 0.22273785872384905 0.6102310229092837
0 0.4493190671317279 0.7830280454829335
0 0.23058182531967758 0.7714388799853623
0 0.5317746821790934 0.853627647459507
0 0.4523562124930322 0.8619163438677788
0 0.4146946521475911 0.8601144584827125
0 0.23828120175749062 0.4107249367982149
0 0.5770970668643713 0.8298195882700383
0 0.23837645393796264 0.5984602861106396
0 0.25220416923984884 0.5867920549586415
0 0.261854008724913 0.5794224426150322
0 0.11033531832508743 0.618777874391526
0 0.2374692526180297 0.5692380220629275
0 0.21518897004425525 0.5716686113737524
0 0.19582350710406898 0.5797403204254806
0 0.17961593200452625 0.5931418897584081
0 0.1720815300475806 0.6055693402886391
0 0.0811987588647753 0.6151032715104521
0 0.19044674613978713 0.6237741382792592
0 0.4475607114844024 0.6797512427903711
0 0.3966573366895318 0.728556970320642
0 0.37684611016884445 0.6797323332168161
0 0.4242119539529085 0.6994446181692183
0 0.31402655499987303 0.5065374216996134
0 0.3976440170779824 0.8501063697040081
0 0.43650389853864907 0.8515612250193954
0 0.5228618646040559 0.8447426691651344
0 0.32391039859503507 0.8370485606603324
0 0.25627626427449285 0.5719221572391688
0 0.3303634814918041 0.5952185942791403
0 0.5684922702610493 0.8203481768257916
0 0.4909202244132757 0.861648615822196
0 0.2196970521006733 0.7770487201400101
0 0.4750713144429028 0.7551544673740864
0 0.47591530457139014 0.7638521621003747
0 0.4783556048758328 0.7748059265315532
0 0.48304348457604646 0.7855532614514231
0 0.46991526819765567 0.7926729522645474
0 0.4467770431190729 0.765954433940351
0 0.44059707056730985 0.7684918623417616
0 0.4345863868482411 0.7701444408856333
0 0.3894431071355939 0.7723337361589074
0 0.2670373066328466 0.7702664470300078
0 0.31513560069724916 0.5728710238821805
0 0.27020926559343933 0.5454134563915431
0 0.259507139865309 0.5572311125695706
0 0.4520189410075545 0.7632672653533519
0 0.3009799748659134 0.8085357207804919
0 0.2882361711934209 0.530803013779223
0 0.46862792894244193 0.8133292976766825
0 0.36764719961211084 0.5834845341742039
0 0.33653854597359895 0.577726805396378
0 0.3523394835181534 0.5616196306422353
0 0.34108191467821597 0.6346730649471283
0 0.5544978586956859 0.8041943584568798
0 0.5382606966421009 0.7844271963462234
0 0.5059148531407118 0.803300250787288
0 0.4009967434220016 0.8142709156498313
0 0.3460643181577325 0.7078143893741071
0 0.43390072155743836 0.8170416015200317
0 0.2968553357757628 0.7334016030654311
0 0.34407936008647083 0.7375368510372937
0 0.30649882247671484 0.7705800307914614
0 0.513668653741479 0.8266939539462328
0 0.3398955668788403 0.6515206282958388
0 0.3907868891954422 0.8336849020794034
0 0.4305743958801031 0.8349080757237971
0 0.3695414375513792 0.8049783572554589
0 0.2625294026918709 0.7958864767104388
0 0.3425187521614134 0.8178415946662426
0 0.2610930401831865 0.807562586851418
0 0.35230235634371637 0.7704471910372377
0 0.32835378516465424 0.6143960928544402
0 0.3733366422355175 0.6733961290679872
0 0.3675337202847004 0.6844678813591599
0 0.36991773610934614 0.6579888055101037
0 0.23924296577461063 0.5324905750341713
0 0.1952791467308998 0.5354112374596298
0 0.16304743564687668 0.5491227268241345
0 0.14175068675540387 0.5682103655301034
0 0.13280036598443984 0.5896496854722499
0 0.1535980749875307 0.637223454285413
0 0.14468397102318703 0.7045842008665204
0 0.18923150405753403 0.6591336620040238
0 0.21429105051793157 0.6530248060822487
0 0.24018434546887873 0.63706299867481
0 0.2616048648022115 0.6174443555064499
0 0.27645088587887584 0.5995191434398294
0 0.28556505306623875 0.584914216119796
0 0.14805199550464748 0.6907682361081242
0 0.37312654517591 0.6883328012190759
0 0.3438261788804084 0.6151410512626171
0 0.38638474624603986 0.6664630127139389
0 0.40462123434990643 0.6668192218057811
0 0.3899093342013657 0.6679097132757306
0 0.38366674417629837 0.689899104833603
0 0.4092666434124112 0.6665765883401036
0 0.4152061205357313 0.6683833586983383
0 0.2738210905343294 0.5705860776826739
0 0.28844229034148156 0.5667608679272235
0 0.29777140328660606 0.5647919085808099
0 0.16905645695514976 0.6141139068640769
0 0.14841679572127758 0.6101794943213463
0 0.38727742126211523 0.5732212449423969
0 0.4604607026092708 0.4139344232622534
0 0.44496549032628535 0.6424153928644956
0 0.49142353907227515 0.2754955246113241
0 0.4181699614971876 0.47411079253070054
0 0.4374374609440565 0.46295877303928135
0 0.4559674832969904 0.44859707010909916
0 0.47283940920606254 0.4133157650474459
0 0.4007851818576455 0.47929053837433455
0 0.39781754110008477 0.38205955969169736
0 0.3789593905210495 0.40154278273694216
0 0.42139713624492287 0.37070335620082917
0 0.4424050610512495 0.3705597813241184
0 0.5002982795238495 0.41537714493460953
0 0.6134817769750953 0.7343634700402617
0 0.46296445159241556 0.39909633696079255
0 0.5651997469365597 0.3512351426295936
0 0.5132141031324864 0.37667019334621726
0 0.5058822382241488 0.5509807500056922
0 0.49472453277558087 0.6826838812790811
0 0.5071812539361418 0.7019030597060919
0 0.5229327149689198 0.6744663715362549
0 0.5429555426351726 0.6738282916136086
0 0.5247039740905166 0.6931804279796779
0 0.5389607299119235 0.6889799025841057
0 0.5851140429265798 0.6757349281571805
0 0.43364122714847325 0.6377793563529849
0 0.42299546506255864 0.6188911348581314
0 0.4556649641133845 0.32325590727850795
0 0.42870014645159243 0.5300600448157639
0 0.47579806502908467 0.595618255995214
0 0.4694947970099747 0.583405507914722
0 0.564103189110756 0.5030077725183218
0 0.4042623119428754 0.5947753617540001
0 0.38948573609814047 0.3335178373847157
0 0.42267398647964 0.3206217051949352
0 0.44731324976310133 0.2600588912144303
0 0.32136954222805797 0.42130968878045677
0 0.3695639196783304 0.426531350845471
0 0.5863799687474966 0.6516161216422915
0 0.6737438516691328 0.5315575057640671
0 0.46886201221495866 0.6167900054715574
0 0.45856250654906033 0.6340038236230612
0 0.5661659242585302 0.6819092584773898
0 0.5610738016664982 0.6851557958871126
0 0.4260070805437863 0.29707792699337005
0 0.48219506135210394 0.6030596459284425
0 0.3558783207088709 0.3637990178540349
0 0.3476385816000402 0.34546561506576834
0 0.33341921023093163 0.28409315617755054
0 0.44819800853729247 0.288762442022562
0 0.34993579583242534 0.3273745305836201
0 0.464409838616848 0.3030465172138065
0 0.48768556881695985 0.29855746324174104
0 0.5018503774888814 0.6918358391150832
0 0.5244830317795277 0.6838742783293128
0 0.5414275892078877 0.6810778281651437
0 0.46692692646756767 0.6236932604573667
0 0.5635852294042707 0.6836283356882632
0 0.5629210567101837 0.6925925766117871
0 0.5584911277517677 0.686791277024895
0 0.4553360838443041 0.6186683958396315
0 0.5362361177802086 0.6946344953961671
0 0.523770015873015 0.7001322175376117
0 0.5095659822225571 0.709034096263349
0 0.5476726728491486 0.7481375973671675
0 0.5523170923814178 0.7446059981361032
0 0.5416334906592966 0.7356509756296873
0 0.5301526442170144 0.727258276566863
0 0.5210553782060743 0.7221582463942469
0 0.5433188981376589 0.7024265003390611
0 0.5512284507974983 0.7024398158304394
0 0.5610601857304574 0.7031657070852816
0 0.5702176151797176 0.7051334451884032
0 0.5392350276932121 0.6386664123274386
0 0.6258342412300408 0.4214876948390156
0 0.5501386217772961 0.6955495217815042
0 0.5562206308357418 0.6939805393107236
0 0.45850376803427934 0.6461173752322793
0 0.48459918443113564 0.6188395274803042
0 0.4585253793746233 0.6403434945270419
0 0.45787256648764013 0.5259846574626863
0 0.5010808791965247 0.5157408096361905
0 0.4785599230788648 0.5890197603031992
0 0.3968497013673186 0.26032071001827717
0 0.4039542513899505 0.2957342442125082
0 0.38709340821951627 0.31140651847235856
0 0.5784012677147985 0.6978600746951997
0 0.3072103540878743 0.3901065287180245
0 0.2978697032202035 0.36736715589649976
0 0.27154823853634297 0.3192442609462887
0 0.46965217189863323 0.4309815810993314
0 0.5331905812025071 0.41452442165464165
0 0.3883257295936346 0.4811421795748174
0 0.47000183230265974 0.3647718957159668
0 0.40528129059821366 0.5286431071348489
0 0.45948122600093483 0.5982610264793038
0 0.5796293934807182 0.407103891344741
0 0.5279151976108551 0.4454516792204231
0 0.5057930617593229 0.47585772196762266
0 0.4638594618998468 0.49892395464703443
0 0.43143144780769943 0.50747990636155
0 0.4069098198786378 0.5115515117999166
0 0.3584349897690117 0.5271103483159095
0 0.6055611019954086 0.4525184626225382
0 0.48470747862011193 0.34725757292471826
0 0.43512995559722184 0.6500520241446793
0 0.44079371001571416 0.5530098654329777
0 0.5664991188794375 0.3374106488656253
0 0.3855720252729952 0.5125347505323589
0 0.48096226500347256 0.5872020381502807
0 0.4711485395208001 0.39146262090653183
0 0.4509256288409233 0.5839828408323229
0 0.6532019956037403 0.4720317834056914
0 0.3854025385342538 0.47247468107379975
0 0.426650829333812 0.5869282038882375
0 0.6672811901196838 0.6245263059623539
0 0.6799616638571024 0.6362579629756511
0 0.6261462599039078 0.43178011663258076
0 0.6715237416327 0.5784922885708511
0 0.5249852381646634 0.3218772220890969
0 0.6322670585475862 0.7460388316772878
0 0.43701212126761674 0.654276265297085
0 0.46934411134570836 0.5538194709457457
0 0.5364117396064103 0.3640463984105736
0 0.4460904674604535 0.43919517104513944
0 0.43083187164738773 0.45258247940801083
0 0.5692250371910632 0.6919226261787117
0 0.627251406852156 0.4926982927136123
0 0.6163366508670152 0.7959927642717958
0 0.6552538459189237 0.7221142028458416
0 0.6682548878714443 0.6846277854405344
0 0.41526604648679494 0.4612756634131074
0 0.3998735870234668 0.4671760806813836
0 0.39039226453751324 0.4711764403618872
0 0.4996086165308952 0.32847002521157265
0 0.38538627065718173 0.44229679415002465
0 0.39454476879909633 0.42199520021677017
0 0.4106804050505161 0.4080927832517773
0 0.4302480883896351 0.3994118904694915
0 0.44474882278591393 0.3980368690099567
0 0.5291143499314785 0.30025782785378397
0 0.45515195205807685 0.42638021213933824
0 0.5138868253678084 0.6417722309939563
0 0.4665579108521342 0.6139345810748637
0 0.4743004308082163 0.6624301522038877
0 0.6588814637623728 0.6684562393464148
0 0.6465634351596237 0.7061139065772295
0 0.6079472156241537 0.786313780862838
0 0.68215477950871 0.587493521347642
0 0.38447602158412336 0.46228378005325793
0 0.39589326102286576 0.5489142093807459
0 0.6396151913329959 0.7597193566150964
0 0.6496096841990948 0.4776275595650077
0 0.5335513243451715 0.7111736357212066
0 0.5430711989291013 0.7134484574198723
0 0.554481511656195 0.7178089262917637
0 0.5657925942912698 0.7240251334384084
0 0.5664400637149811 0.7224780939519405
0 0.5507579885423184 0.6865789382718503
0 0.5545007085427642 0.6813750236295164
0 0.557270047441125 0.6760484331287444
0 0.5642015088349581 0.6427362646907568
0 0.6070218861103058 0.52919089384377
0 0.3807439093478024 0.5266976074781269
0 0.355973909329623 0.46586253503337505
0 0.37035926450043916 0.4589147046674043
0 0.5469596569426358 0.6908438744023442
0 0.6421598672866822 0.5669778946787118
0 0.33484704298898577 0.481546745961532
0 0.5902056509628892 0.7269995305687189
0 0.37423303788527845 0.5513450744561851
0 0.4327486312948167 0.5691328375600279
0 0.5675013151019812 0.7595993990078569
0 0.6114947606809438 0.6642610716633499
0 0.5102552494034172 0.5887441926635801
0 0.6050617454573513 0.695361765474081
0 0.5531303279101849 0.5507005337625742
0 0.5426060009747744 0.5944839573465288
0 0.5915803855285049 0.5673468283377587
0 0.5903032582253218 0.7733066337183118
0 0.4519107259809971 0.5701710519380867
0 0.6385951044037939 0.6596102226525545
0 0.6274296410381794 0.6970785971730947
0 0.6094628592953086 0.6329018288291991
0 0.6442109655588866 0.5270889765582979
0 0.6354134084656835 0.6105025328695775
0 0.6664329648017884 0.5247148795984685
0 0.57543825795874 0.6090787207707763
0 0.41801947373896836 0.550456088129431
0 0.45910805435851215 0.6114478933624923
0 0.4740640914067626 0.6065497228875756
0 0.44157476602122187 0.606887770909816
0 0.35237211822532116 0.42863569092005493
0 0.3701821385882795 0.38918659766204655
0 0.3949892261996865 0.3654400142841041
0 0.42161918682977556 0.35316409640945495
0 0.4466998201794922 0.3521840092726052
0 0.48977106316015123 0.3857362702023238
0 0.5987562213093043 0.3891676092986017
0 0.4949200639501214 0.4350776507984847
0 0.4783033972606063 0.45866444827988745
0 0.4506670843809843 0.47758229477331043
0 0.4235643262043595 0.48886689795181154
0 0.4026796968653798 0.4943913298659027
0 0.3869909720495343 0.49728778409771623
0 0.5960624033585191 0.37807903536595405
0 0.47713052686303853 0.6116651170887053
0 0.40938499122858046 0.5686519434675574
0 0.44586643781512975 0.6242093342356384
0 0.4433366839773953 0.6392151445150376
0 0.4484021684154868 0.6261315711773932
0 0.4762559404596686 0.6210250408388674
0 0.4404932094737887 0.6443317993544042
0 0.44238329138606786 0.6485333884134888
0 0.37786793867126106 0.47887494140304626
0 0.36958046462386845 0.49319598875008525
0 0.3633314624428749 0.5048917372711003
0 0.45461483504623174 0.39846505266614257
0 0.45960792545229195 0.3759984307456762
0 0.20780588705092667 0.5965413977392018
0 0.2286463833414018 0.5826029540970922
0 0.19422250655479728 0.576055474858731
0 0.18666134770028292 0.6104866173118353
0 0.22120147449895738 0.6169151632115245
0 0.41029282584786414 0.4409327835775912
0 0.429642179235816 0.42748348726890983
0 0.39746507043018936 0.4217033033724874
0 0.39163760812953113 0.4537562123965472
0 0.4234223088249564 0.4603649507742375
