0 0.34243975686624584 0.4631002097904515
0 0.34661777084889794 0.41108619231803745
0 0.3398281139663503 0.42799360211155996
0 0.33469040735864436 0.35921992207107756
0 0.3499141950396043 0.3950508422210437
0 0.3526636334411203 0.3747309042292149
0 0.35797988613949544 0.3258385197455142
0 0.1977810759081619 0.30934055128685234
0 0.3649851753993376 0.281766561984348
0 0.36912453690158664 0.2596588118069646
0 0.38122557059622014 0.1875550089096155
0 0.34139439639662894 0.4697868263020235
0 0.3391869792455359 0.4768707737201402
0 0.3368268138748684 0.4816951601445174
0 0.33685796044546845 0.4812449243556218
0 0.33648943209446935 0.487780609551598
0 0.33524906572410323 0.4958329830183035
0 0.3329592608701328 0.5046400947063243
0 0.3199440723733057 0.5247430791374014
0 0.3440337579713089 0.4196003404985957
0 0.3228389008387232 0.4185327450100447
0 0.12369737676678831 0.24448719378612957
0 0.2559870275892789 0.32792752780834167
0 0.233748716015353 0.32737806815059245
0 0.2127906496514751 0.3252397475122404
0 0.18692614144413783 0.31478880166339607
0 0.2759417695335195 0.32629712397644833
0 0.232750873273938 0.2769178458455564
0 0.2585500446049976 0.2808782416565412
0 0.20814706240525224 0.2785927997249849
0 0.1915364987865279 0.2848457676522872
0 0.16490934286187972 0.3242468692842318
0 0.23219620426998863 0.5417673205461154
0 0.1908027517770413 0.3045477880483248
0 0.09826199087915541 0.31180862936319087
0 0.14197070626266897 0.3112840845304377
0 0.22858408860516446 0.3925833628625095
0 0.31567836631450974 0.458437368315475
0 0.3144094538462313 0.47503970417321895
0 0.2851643015940984 0.4632958272258107
0 0.2640878102950406 0.46876707380893184
0 0.2914421972720432 0.4749332412618215
0 0.2725620415643298 0.4758621791497666
0 0.22226479221999898 0.4914470757422995
0 0.3282672398201021 0.40946611636826974
0 0.3280786168977681 0.3939659111306113
0 0.16292886127902487 0.2703336917218708
0 0.28113667176494117 0.3566583351594727
0 0.27476871994477287 0.4038049945978223
0 0.2733662377429914 0.3955291088889627
0 0.15841080594163404 0.3864473490154042
0 0.3316103247650565 0.37508115414477866
0 0.21792167777250587 0.2550768652716939
0 0.18630291452387718 0.2590920981906709
0 0.15195848651324648 0.2170005628541738
0 0.31325725236522495 0.27501761078500614
0 0.27965948507504124 0.29051548918756115
0 0.20801030118254166 0.47568079486948434
0 0.09191023291163304 0.4594386694144134
0 0.2901842186093833 0.4137532896354419
0 0.3073861385825314 0.4195633560669522
0 0.23876771695503202 0.4777432416333538
0 0.24397433608896119 0.47785101083814263
0 0.1764760976225012 0.24911643902794653
0 0.27210797834748457 0.4111236938241483
0 0.25896901621597224 0.25854823110150355
0 0.25740598437655327 0.24615582030694358
0 0.25018574240841446 0.18544116766512894
0 0.16522318740937278 0.2314102580400408
0 0.2579507834046199 0.2146255853964167
0 0.15094919282675795 0.2629660201005909
0 0.13704815921904165 0.25320667495914534
0 0.3147434520570538 0.46724818116810474
0 0.28844235994644807 0.46941491368771937
0 0.26841304649280595 0.47234460319123683
0 0.2948882077439425 0.4171461417895405
0 0.24143964353995986 0.477807440510651
0 0.2529320927486138 0.481182657703966
0 0.24690512790961608 0.4779314023106038
0 0.30207897276315004 0.4083085227079418
0 0.27517179321136154 0.4782426811399914
0 0.29346743358086935 0.478506878978398
0 0.3142480029084008 0.4797543075238289
0 0.2905697977869823 0.5218366851993635
0 0.3056640641976006 0.5018303120503572
0 0.308795269720162 0.4930806228426658
0 0.3117262536211859 0.48526515112537627
0 0.3144358870600849 0.4794264550970382
0 0.2753927595127484 0.4782487771758178
0 0.2711772455319071 0.480890428986536
0 0.26611535156829447 0.48463834801307915
0 0.2614479611317317 0.489380628454919
0 0.23986024054293895 0.45019024827567133
0 0.08072475768342803 0.38008330532816614
0 0.3420965535731255 0.4235805620332392
0 0.2614344416288384 0.4782839926684938
0 0.25757711320989746 0.4795288902704789
0 0.3126669893913631 0.4259826450788674
0 0.277579313780688 0.42110162539308477
0 0.31027947473123607 0.4228752180307853
0 0.25451281075739157 0.3641968182488984
0 0.2150629604164558 0.3719415324074881
0 0.26806891234866675 0.4025882911615345
0 0.19207987937494672 0.19654885251648954
0 0.20356657356023788 0.2176015530647684
0 0.21250976905038085 0.24304873343943215
0 0.23943054198212765 0.5027850764472278
0 0.3097135173117561 0.25353561596376223
0 0.3130167234170286 0.21835180090255096
0 0.3111747317802051 0.18326359018892133
0 0.1956972550867982 0.3210282576184313
0 0.13767343992170905 0.3345629947693074
0 0.28973646449388835 0.32376325497774183
0 0.16884840886552627 0.29199482563163054
0 0.29981267559125957 0.34726235729639604
0 0.28952301887771753 0.3979715237430498
0 0.10971021727670598 0.34288358020515336
0 0.15063373775924813 0.34643867127701683
0 0.178912696204608 0.35409157750319364
0 0.2234767306957567 0.3544477873823556
0 0.25675932365127757 0.35037190707123916
0 0.28200468295234166 0.34495825986234413
0 0.335651518423346 0.3281222607742171
0 0.10633189297175105 0.3764402979896182
0 0.15133619044400468 0.288981274813831
0 0.3331741840276034 0.4183061847499773
0 0.2817921534117767 0.37203708232617844
0 0.09050014137215755 0.3106389524889927
0 0.30147461404528797 0.33779935025367414
0 0.2646925679490536 0.4037047365800339
0 0.18009926529624795 0.304510204898877
0 0.28918983331460996 0.3881093352114787
0 0.08232759448546398 0.41849595107952087
0 0.2917562634507312 0.3182052487418765
0 0.3102982099549177 0.3796680673163812
0 0.13831823894494696 0.5010205734343756
0 0.1351853785761298 0.5177660300618127
0 0.08404743778303203 0.37799228339636026
0 0.11188152331843154 0.4779835996173677
0 0.11710337590316176 0.2804928714988612
0 0.22552427787821 0.5559754927619165
0 0.3338224700483089 0.4224215532217373
0 0.2587004287584925 0.3823320077580898
0 0.12247428285421702 0.31404420082308665
0 0.21712210629811265 0.31564417890473906
0 0.2350935297802028 0.31811231140996893
0 0.2482498234711619 0.4833948383478223
0 0.10539295980195959 0.4083398193204436
0 0.2629715278430327 0.5786161426068688
0 0.19740047604474337 0.5545907673381624
0 0.16874693132905516 0.5396676172061461
0 0.37493922338204044 0.22406082009734893
0 0.3084020073278041 0.5844270254717487
0 0.25372841363214743 0.3188664373062572
0 0.27213640624209295 0.3186632134333378
0 0.28488386425539414 0.31890561250077576
0 0.1356559754801199 0.2852829269000462
0 0.2732600025235349 0.3034182524814659
0 0.2546499265900141 0.29608091135986714
0 0.2351183376986266 0.29343896019024673
0 0.21555433155112125 0.2948428990126324
0 0.20324259307942813 0.29858293945715875
0 0.10427344153450512 0.2742594843652068
0 0.20550462015696216 0.3125482635671685
0 0.337065289040658 0.440639719575727
0 0.26369775416730323 0.44254835029276146
0 0.2907747623160922 0.4108180755994567
0 0.3073172999333732 0.43970288949854236
0 0.3608215526689457 0.3045163961852632
0 0.16738140243518201 0.5225897905539397
0 0.19496814755699302 0.5393373154792465
0 0.2640511377199793 0.5692268867118686
0 0.11046574324495179 0.49291235592518867
0 0.28606337069962096 0.3126514471378647
0 0.31668845787330013 0.3517692599977766
0 0.3110773322577215 0.5749845381210498
0 0.22786570802519593 0.568035002850017
0 0.08498372615389684 0.4132570342189458
0 0.29360316052467006 0.4783428302999972
0 0.2892218811854029 0.48281465358093006
0 0.2851529688523288 0.4888327744494633
0 0.281389198348492 0.4964749717912754
0 0.2618927010629751 0.5134247544766808
0 0.2572688389931047 0.4768267679615181
0 0.2528141997283018 0.47520701858509823
0 0.24888724956331373 0.4734036805582981
0 0.2201454069795488 0.46150598756405486
0 0.13501933248485695 0.41904287979382426
0 0.3182740222175413 0.3364827970162827
0 0.3095878819750331 0.30560422561415773
0 0.2960459647802361 0.3067833731154434
0 0.26135885061594 0.47820191390040206
0 0.12683489139069987 0.4566482634437518
0 0.3294347634043875 0.30564688425771996
0 0.2453722674635392 0.5274997936243436
0 0.35446975037518436 0.35815983776952703
0 0.3347749818226456 0.3445938992567089
0 0.3560941888310235 0.34276936117674456
0 0.2963560120465886 0.3753540061769031
0 0.3140607688748887 0.5605154882292119
0 0.3170950920144214 0.5418991201064166
0 0.2797381789246692 0.5380449014551499
0 0.19933230219259543 0.4963045549325916
0 0.24295654653999876 0.4147827304711863
0 0.21944768242695162 0.5139321950303406
0 0.18891971404290903 0.4086140320748508
0 0.21863417773810118 0.4287510889918864
0 0.16551995157944 0.4327325079621387
0 0.2696076090828779 0.5552784491653869
0 0.2806171239176883 0.38394372887304185
0 0.17785773171654232 0.5064401125707546
0 0.2041469739459235 0.525055065542376
0 0.18445322489688165 0.47582609279482974
0 0.10757778534657844 0.4356559653576015
0 0.15433729845511762 0.4760704785168004
0 0.09213179022953984 0.44653611022885104
0 0.19747671717581367 0.4480986276260611
0 0.29958277016500884 0.3616419260909243
0 0.29586155285060656 0.40522526208760024
0 0.2813623514230744 0.40918999860266675
0 0.3078276870245672 0.3950510055077176
0 0.2940835683028909 0.2873357261429314
0 0.25882768939064527 0.27310771459624883
0 0.22648850655505426 0.2689710372135419
0 0.19922237311988944 0.2711944302090076
0 0.17963630728077787 0.2787285181654601
0 0.16374592684240785 0.3078798975597243
0 0.08783214504708721 0.34429343816946867
0 0.17572764907708147 0.33158738088874923
0 0.19790185013400854 0.3377853892430538
0 0.22799234809000282 0.3397360254569548
0 0.25694649858313773 0.3383856038419472
0 0.2800965270161126 0.33528310260852845
0 0.2964725161780788 0.3314511998026979
0 0.08454986092662006 0.3449140499953796
0 0.28061561682556246 0.41382900022325064
0 0.31509640712275283 0.36543308887161124
0 0.31228668503620455 0.4066167366938765
0 0.3221574735666629 0.4154260255375496
0 0.31128402551015216 0.409474580060868
0 0.2855350167062212 0.41911369178141533
0 0.32631555551718056 0.4169281268654083
0 0.32716212758032076 0.42110499998434586
0 0.29932171816815806 0.31916495256063315
0 0.310083759610663 0.3233447784469241
0 0.31692807074589063 0.3261495264304452
0 0.196264350213079 0.30169770079834457
0 0.18105997742479862 0.2930323763721797
0 0.3724401395783646 0.3620409715075453
0 0.5098273078852062 0.33271332414878185
0 0.3611278765312227 0.42140580125215676
0 0.5818271566543901 0.2807125192897326
0 0.4478238534323777 0.34153347155627084
0 0.46820553093519895 0.3448175339638686
0 0.4880337805687627 0.3461873594786273
0 0.5158596953007742 0.3388712728390841
0 0.4309417620489869 0.3364325319351602
0 0.4881788751244042 0.2952842084633536
0 0.46258918959883194 0.2953058303404255
0 0.5106504461433314 0.3002692145459792
0 0.5236611429146071 0.30857019197373164
0 0.529410935781173 0.35065891061510357
0 0.39571800488459913 0.5523583391467396
0 0.5180315923590197 0.32809525043690574
0 0.5827708918334059 0.34932706285925474
0 0.5538067088348453 0.33921142619531025
0 0.4518966073728312 0.4095800904666676
0 0.36792997431151475 0.46232291079368915
0 0.36103544154750644 0.47860719142507774
0 0.3909464330109866 0.47053821714652355
0 0.40421986617619476 0.4787021698404093
0 0.37877063572658265 0.48122320722799006
0 0.3921267521029283 0.48437932091934677
0 0.41999149662029894 0.5052496166456313
0 0.3641923858395106 0.41215950284017566
0 0.37038550019767214 0.39711410541828274
0 0.5525101367934344 0.2959026703480579
0 0.41484188102971653 0.36678545631948306
0 0.4096410243068566 0.4137854571102046
0 0.41271631966663314 0.40591103890362906
0 0.5165077153640457 0.4137391653381476
0 0.3720871845126655 0.3780689737042125
0 0.510276096279611 0.2742375223075642
0 0.5367969283323247 0.2822976382840581
0 0.5713463651983044 0.25055408294127435
0 0.4150392214457194 0.27963564367521376
0 0.4399513951836759 0.3014498316273302
0 0.4387100536360519 0.49211883711881665
0 0.5309171118313754 0.49061289855412077
0 0.3908693053551364 0.42117641068974127
0 0.3729286442829084 0.4245524443164259
0 0.41636815164159624 0.49149840218680246
0 0.41146705849764215 0.4905128854663432
0 0.5482960708030669 0.2729905972293779
0 0.4077339322003634 0.42119339250382926
0 0.47167269979851156 0.2715673497578009
0 0.4772833673762873 0.2593495604537782
0 0.5026570068130011 0.20627281887858523
0 0.5612653668671218 0.26184723423976525
0 0.4880021316341207 0.2327688575959673
0 0.5641864364660238 0.28963225796109154
0 0.5746340718953419 0.2869336463156201
0 0.3653608254994018 0.4711557673472984
0 0.38513018033675506 0.4764183335611466
0 0.39852456503276584 0.48168966282649534
0 0.3846534368609577 0.4237591976545104
0 0.41386965885444027 0.49103055865156886
0 0.40459489570891305 0.4924496014912923
0 0.40879613664079817 0.49000982643843366
0 0.38465742622246724 0.41452596217644316
0 0.3865765159643149 0.48596799139883
0 0.37338204260616864 0.484233424276197
0 0.3568847029772489 0.4829117547230226
0 0.3485692778468635 0.5258539728089875
0 0.35809708471539653 0.5053977720877704
0 0.3592073092480752 0.49655209753025814
0 0.35877421234227436 0.48859998208134114
0 0.35678428927051364 0.48250168745591193
0 0.3863406117203869 0.4859263532969798
0 0.39037822972873093 0.4894208241911495
0 0.3942594943167288 0.4938602350673088
0 0.39698156865337225 0.4990705495455018
0 0.42128201074238064 0.46346970031909246
0 0.5643944151793854 0.41642297232518344
0 0.39618671053572546 0.4877808000527176
0 0.40051812285612404 0.4899940964888458
0 0.36591815407769085 0.43012541849740077
0 0.39770996696335353 0.43008530440450715
0 0.3692279943433995 0.42746964238938834
0 0.4363493859013425 0.3780977665877142
0 0.47061637597245004 0.39156412744388525
0 0.4139259827287891 0.4135325260522987
0 0.5477726074713695 0.22547718231417552
0 0.5347943575070377 0.24327855943297805
0 0.5192130343823493 0.26258734469654177
0 0.40120916892204606 0.5138657917829454
0 0.4254272824098289 0.25895333173228247
0 0.43580021335102836 0.2282277871580685
0 0.44853921982809464 0.19470420296118707
0 0.5052594889568377 0.34455687400339696
0 0.5487000305944354 0.36393738293848116
0 0.41982338197120633 0.331788060211
0 0.5400835711996264 0.3172983409476881
0 0.4017381878090307 0.3549146103758772
0 0.40031676352778567 0.4062593021646601
0 0.5694286938961045 0.3781603053838265
0 0.5335483764797323 0.37530706125815044
0 0.5063311496615913 0.3796374238505751
0 0.46677420712724516 0.37325446612360763
0 0.43892030776301516 0.3637494399767964
0 0.41864031465244694 0.3545771104281022
0 0.37779596083274875 0.331289437137732
0 0.561829403482912 0.41108771632699403
0 0.5550676425801048 0.3157627250300068
0 0.3545068662126356 0.41988345237673164
0 0.4099695112886308 0.3816995712555423
0 0.5806515656946077 0.3485514783725685
0 0.4039093165458003 0.34485055869366943
0 0.4147469342257906 0.41506883593834415
0 0.5263362314379165 0.329077147636093
0 0.4026690092770862 0.3965957790863614
0 0.5508207160712294 0.4528922889412952
0 0.42022054507259576 0.3258730276626031
0 0.38854448277236037 0.3854961224964687
0 0.48826711389082894 0.5247222328720307
0 0.4807550575159773 0.5402825276056925
0 0.5729651003447263 0.4147891530803606
0 0.5171621479565585 0.5062716823666036
0 0.5790834215622914 0.31647898202516783
0 0.3960663204706168 0.5666524545819152
0 0.3502338463244056 0.4236897191747564
0 0.4269734702784301 0.3951605708659196
0 0.569095301477215 0.34310475200498136
0 0.48887296492540383 0.3368823731145939
0 0.470985790848229 0.33612123949854983
0 0.40803863076721064 0.4953789916359076
0 0.5507845754110361 0.44162118134378386
0 0.35327297147316267 0.5840508129750314
0 0.41803313383070223 0.5677266087518686
0 0.44665207452914885 0.5567951102216705
0 0.4536136285665166 0.333294461421272
0 0.4372336352676279 0.3296108365225859
0 0.4259152256486788 0.32771922844130785
0 0.5682290485639613 0.3132352650332518
0 0.4415594329310872 0.31499334543692964
0 0.46098986934508956 0.31112483920169476
0 0.48040830812373747 0.31164087952018116
0 0.49851486753310836 0.3157044861163078
0 0.5086748552221789 0.3208657873778784
0 0.5844028066482222 0.31190172998177235
0 0.5012176451803763 0.3353330683307487
0 0.4033292929331462 0.45288739034107756
0 0.39221534547926507 0.4183339979134354
0 0.36567368009422396 0.4441256179195158
0 0.45647869935015584 0.541540215997135
0 0.4272912894120196 0.5540110724312919
0 0.3575718483341394 0.5751391161723631
0 0.5072155763328327 0.5199096847315129
0 0.4270720222831275 0.3215218188048077
0 0.38812583622047164 0.35710582228935733
0 0.3879990927277738 0.577460590029965
0 0.5595633870438684 0.4482545663996571
0 0.3733145485195932 0.4839471010934739
0 0.3769437741126692 0.4889974762745598
0 0.3791909371247271 0.4953852781728536
0 0.3799914985517912 0.5032598868805487
0 0.37756983791222554 0.5212120048138273
0 0.40231460622091336 0.48733551729293095
0 0.40778065205626346 0.4866623951941311
0 0.4125867392946396 0.48549048673538936
0 0.433871046777516 0.47699862718582153
0 0.5240389797757949 0.448086136195506
0 0.38961992598284145 0.34188881057317183
0 0.4077030220363714 0.3112059110352973
0 0.41977069284845503 0.31448446251765017
0 0.39641844811318794 0.4876881892941579
0 0.515429110215183 0.48454347845553014
0 0.38939383261314425 0.30874514003761677
0 0.38800884450035256 0.5368399002304932
0 0.3752079881444762 0.3476041435193615
0 0.39846250829817376 0.3830748804811002
0 0.3536501582161787 0.5428941074539634
0 0.43932086920939417 0.5129516313389904
0 0.43059125970184553 0.4288970400639275
0 0.4154601434112098 0.5270503470543719
0 0.48246262244534394 0.4307018476707929
0 0.4482422931284844 0.44590285729293394
0 0.49377506279744177 0.45703465414314376
0 0.3579276993807861 0.5610846511456145
0 0.4080074841966106 0.3935319495802166
0 0.4546991486086624 0.5251493635965663
0 0.42536818075783644 0.5395337221335296
0 0.46033277717823723 0.49553601898732974
0 0.5383677615898068 0.4671414188978051
0 0.4860377995776728 0.49946875131430746
0 0.5427331573601011 0.47898193434172986
0 0.4597117370191003 0.46746646823669347
0 0.3986206643189056 0.3691155843708028
0 0.39208313508375786 0.41238358658568863
0 0.401775333197308 0.4180981575274
0 0.3868447192610568 0.4009276112588514
0 0.4282253910217607 0.2954157903080895
0 0.46559341522208747 0.28714476237777903
0 0.4971750035316129 0.2880476696484563
0 0.5212993226976838 0.2938299093092857
0 0.5358858468160348 0.3033207975515798
0 0.5376813845543922 0.33378282464852854
0 0.5810769202839976 0.38203749302722495
0 0.5177285190876023 0.35723449218840825
0 0.495776333386385 0.3604589413528015
0 0.46822988081581984 0.35767825093923833
0 0.44285316809320247 0.35148582154629276
0 0.4236867683094765 0.3447717728735018
0 0.4105107937684039 0.3386204645079391
0 0.5728625589785193 0.38220437200797375
0 0.3994015153450302 0.42255909503007133
0 0.38696428190303755 0.370797790899998
0 0.3785472019312251 0.41155057961867303
0 0.3643108551009295 0.41857631533753636
0 0.37680760390647855 0.41443335141788346
0 0.3920421480881011 0.4269393417013793
0 0.3608702228793615 0.41949874897297024
0 0.35644055406252545 0.4232438104827197
0 0.4129577794658484 0.32592687144332905
0 0.4010202504914521 0.3287980090670225
0 0.3937688915035393 0.3311772591927472
0 0.5140497958609827 0.324711760052112
0 0.5298383293775567 0.31767606384613933
0 0.2374419782483628 0.3049409415374617
0 0.25990079808587263 0.3066934021581121
0 0.23977672990867357 0.2910489195368203
0 0.2147377535763672 0.3032158450419162
0 0.23495645827381922 0.31886225988884936
0 0.467403935229225 0.32144322348575965
0 0.4906247969921128 0.3231266954866778
0 0.4695302649137843 0.30784934934447794
0 0.44418650136215276 0.31969126633235384
0 0.46553540695065687 0.3350483780147649
