0 0.6395072700536769 0.4360294493212216
0 0.5931830046617467 0.3880694133324036
0 0.6004180966512017 0.39998893882485403
0 0.5405558976142303 0.3488729437948137
0 0.583322607304739 0.3746167348994725
0 0.5691771665992944 0.35639374125478923
0 0.5337281751891841 0.3116282732968313
0 0.3851486616160559 0.3543861636864966
0 0.5128863792380561 0.2833373376262793
0 0.5011216379378153 0.26672332156179607
0 0.45014448933627293 0.19830798217351886
0 0.6426770152605098 0.4406236044630624
0 0.6450744711834452 0.44517263338185736
0 0.6463576480746269 0.4482469397286574
0 0.6456728454517282 0.4480369200093159
0 0.6489894600666087 0.45198459556137305
0 0.6525501906871796 0.4571561925653098
0 0.6565660714455273 0.463546736948732
0 0.6636975278025088 0.4843786015998626
0 0.5974024330144343 0.39462811731989833
0 0.5750673471585565 0.40083258345291234
0 0.2683371734683928 0.3282423792541891
0 0.4496229990668919 0.344941149317268
0 0.4303409311434497 0.35355027980994486
0 0.4103826250395049 0.36008471272129944
0 0.3799751504607823 0.3617910293025383
0 0.4651657569667567 0.3359516521078953
0 0.39155752989261045 0.3218764055898224
0 0.4164240062236786 0.31455016627475835
0 0.3721974020742852 0.3320051151989163
0 0.3627874316728633 0.3416499014997828
0 0.36750739974820096 0.37560004309035727
0 0.598417779997639 0.5329585987804593
0 0.37504114971860597 0.3535599283118179
0 0.29851993432511453 0.3899088013323321
0 0.3360365232371766 0.3747572074981703
0 0.4731461710256079 0.4088520766168401
0 0.6116395936064098 0.44271897740554117
0 0.6207061827830647 0.4534362156645975
0 0.5890595686176548 0.45657929006046144
0 0.5733341940719149 0.4681056540837322
0 0.5998575470369795 0.4618808421967686
0 0.5828478589006092 0.46975644683276396
0 0.5434838786073353 0.4915400972400886
0 0.5751093266450841 0.3936610797393149
0 0.5629105425399282 0.38164905447890796
0 0.32674814048020734 0.34237878289127693
0 0.4910170657803183 0.36014041633925575
0 0.517896303664083 0.40574471965648123
0 0.5105580072040143 0.3985011518217515
0 0.4089922260331071 0.42717862685305485
0 0.5508716410916784 0.3642280251327632
0 0.3669676438945791 0.31313297514250316
0 0.340562762449617 0.32710559396208194
0 0.27312122787470405 0.2990280489936687
0 0.46843572770771774 0.29417972174891527
0 0.4412519131665644 0.31252098445227183
0 0.5169421816649644 0.483800500523353
0 0.4030943629534348 0.5125640929285167
0 0.5391276935520379 0.40809430964830995
0 0.5597815617271091 0.4061671862027783
0 0.5540556538364162 0.4834816205328789
0 0.5582824903337852 0.48173895726601285
0 0.32316828195167624 0.322566917706011
0 0.520102852874476 0.4117043175991031
0 0.4087581835363222 0.301483487845331
0 0.39781298294015555 0.2924656144518783
0 0.3366419724796129 0.2430333878736997
0 0.30055660576276155 0.30956156119920203
0 0.3698326360596263 0.26546745817514433
0 0.3095341012205767 0.34011264345136244
0 0.2913930051676605 0.33432408168480016
0 0.6164568082793899 0.44882809716290323
0 0.5947716009357701 0.45951015734370204
0 0.5781881750925727 0.4689602956067825
0 0.5457081642487774 0.4087790836026703
0 0.5562741775875506 0.4825584806393886
0 0.5692102484728979 0.4803795672521211
0 0.5608580161048018 0.4807591548972372
0 0.548742838203907 0.4005297043941159
0 0.5863091087211734 0.4702448348204295
0 0.6034291742936425 0.4631926189514174
0 0.6235910867867263 0.4559332000064677
0 0.6334771186761234 0.4934693181860274
0 0.631310373544693 0.4721041790385177
0 0.6274580207207928 0.46552132383204886
0 0.6248905694355136 0.4602768536711085
0 0.6234085877304492 0.45578982087149134
0 0.5863070313049399 0.4705113971578902
0 0.5848313210451085 0.4732706889078237
0 0.5838523484442545 0.47710072465132974
0 0.5840649896341822 0.48166770218075183
0 0.5261650278192499 0.45334587332563125
0 0.3332056516538496 0.4501428403824136
0 0.5988372612906538 0.39727060826144356
0 0.5735052477406419 0.47588720080861147
0 0.5713773855696553 0.47785576486933057
0 0.5711660770618397 0.408998931609634
0 0.5331894776419454 0.41693000014925347
0 0.5656085966721826 0.40760469312469166
0 0.4746392453494279 0.3749637813239858
0 0.4475298258273498 0.3951972291089486
0 0.5105481688743052 0.40543521848925645
0 0.2937588882835015 0.2707801570279011
0 0.32463135132971016 0.28655249112542125
0 0.3526623793270277 0.30538293587016885
0 0.5695983725397483 0.4953505363369334
0 0.4501237543704717 0.2799264124284188
0 0.4185250187697618 0.24833031052696533
0 0.38725037969972775 0.22016389146987078
0 0.39242794769613637 0.363419648475837
0 0.35151901646800665 0.391667135923669
0 0.47481449304715445 0.32934542475403217
0 0.3472780692188636 0.35353254094935843
0 0.5001118176657221 0.3467773311380027
0 0.5292097164884858 0.396747971088558
0 0.3330420453263366 0.41032880679636763
0 0.37312939763069153 0.39644551152984303
0 0.40349459874889126 0.3928928552330404
0 0.4411612907829492 0.3778051153041314
0 0.4657281684162824 0.36266658590107725
0 0.4826011978413748 0.349864462201578
0 0.5163461003938447 0.32118490465201327
0 0.3551980422242828 0.43810486604554066
0 0.3287336016478746 0.3574216063471808
0 0.5861217884913735 0.3978643506981324
0 0.5019305367832598 0.37382214181665063
0 0.28929536352338997 0.38987967604096385
0 0.4945706430336703 0.3382481154108393
0 0.5084184252697489 0.4063067299084387
0 0.3665089660688587 0.35726986717486725
0 0.5210125260055065 0.3879067371936812
0 0.36303830908044527 0.48165442799960356
0 0.47139969111784646 0.32503137580942415
0 0.5349261192199977 0.3747152275257353
0 0.47699915099403134 0.5312892880992613
0 0.4879508974111598 0.5469850035033365
0 0.33653128147125244 0.4479620392447796
0 0.43578193903617235 0.5209981720300688
0 0.2929653544788775 0.3597882160565991
0 0.6041298123157542 0.549783848118091
0 0.5896208629659985 0.3997547379222469
0 0.48986890134604083 0.3898679600029752
0 0.31905082337882207 0.38183785947984544
0 0.4075641787570456 0.35170028445081436
0 0.42517782666760945 0.346208309241827
0 0.5677432006467944 0.48342906316553336
0 0.3773740685504416 0.4649370201471923
0 0.6584699254321016 0.556275432092556
0 0.5756835166526877 0.5590833858519361
0 0.5360385364164477 0.555160940233348
0 0.47420643723529315 0.23068534304806287
0 0.7064992008001908 0.5428924805660179
0 0.4413416732264602 0.33889798096556595
0 0.45661032977311505 0.33129651963278867
0 0.46697957651770633 0.3271532072213249
0 0.3109787286299726 0.3588087432950303
0 0.4433380898250186 0.3222775225784036
0 0.42167759589526965 0.3248558300074892
0 0.40351407942564593 0.33075224824141763
0 0.3884273143890111 0.33908043353669887
0 0.3810996793858383 0.3458387895986654
0 0.27363211548198824 0.356691166812527
0 0.3947628263546073 0.35387227608673816
0 0.6090554445981979 0.41099620146163995
0 0.5413000437876453 0.4391191273495771
0 0.5381979517962622 0.40598059855941415
0 0.5793716360045515 0.42177840230473573
0 0.5220443355324476 0.29659076850267424
0 0.5207606882828734 0.5403962752957275
0 0.5612655032588088 0.5458208308487699
0 0.6509123635680779 0.5461704542023548
0 0.44596972543260327 0.5340382421686165
0 0.4618495343172032 0.3233917897054251
0 0.5184047218898068 0.34706366990787396
0 0.6995095183020053 0.5325708308837552
0 0.6160758179814919 0.5604415473298751
0 0.3636912449222544 0.4766592008156189
0 0.6033155043487963 0.46331241618895874
0 0.6028237446494724 0.4673369201845017
0 0.6038799736162891 0.4721146665405536
0 0.6065411830078 0.4781196304205535
0 0.5993758608465609 0.4968416194121043
0 0.569296363255252 0.47626196420279104
0 0.565436680679736 0.47667505192583887
0 0.5619807223910871 0.47675913172787515
0 0.5170326080659161 0.46890812777522684
0 0.41193376902652823 0.46293007182902185
0 0.5079464206229085 0.33287491865348123
0 0.4797884938509568 0.31172417401187663
0 0.4673311302195425 0.31659498945742415
0 0.5733087947187216 0.47566897087339044
0 0.4317146128286486 0.497650535426278
0 0.49822834587615467 0.3067624019593864
0 0.5977687246125677 0.5143492755250655
0 0.5569527479617492 0.3409929643722548
0 0.5286098527519599 0.335726470457039
0 0.5456381592413654 0.3266837416837613
0 0.5181329135337601 0.3733599426197833
0 0.6886696779857511 0.5175395137157993
0 0.6752342040772024 0.49970530675373215
0 0.638173921600632 0.5106550379507784
0 0.527520992671666 0.5041374150069727
0 0.49972147899477376 0.4226131775025008
0 0.5618323243182638 0.5119536304171535
0 0.4513968773510145 0.43588244450697
0 0.4912593983437704 0.442362342407738
0 0.4485072305668955 0.46387089065451553
0 0.6437858067776846 0.5302705621157867
0 0.5093190048051917 0.3849876159127208
0 0.5169917260823043 0.5215654859616272
0 0.5581217845496924 0.5284688092660212
0 0.49731036308019055 0.49241727191037027
0 0.39912234311518463 0.4870711628725563
0 0.4712083532434443 0.5038899399232173
0 0.39483514395744906 0.5016714437068373
0 0.48717072962418845 0.4652724404265915
0 0.5104026321483695 0.36001738295822905
0 0.5406808561604955 0.40057953501093213
0 0.5280685094387635 0.4080985046491243
0 0.5448439198991527 0.3890574858456418
0 0.45573812852735107 0.30654321316683636
0 0.4149674238718074 0.31042965668914974
0 0.3833698053722796 0.3194966565385677
0 0.36064694821834564 0.3306979529451633
0 0.34832859509017156 0.3419011221199796
0 0.35375196454317676 0.3654462833335434
0 0.31420975761569064 0.4194405583151873
0 0.383473323415155 0.37742058355091274
0 0.40706657877434854 0.37424613654181577
0 0.4343428971326869 0.3647625880936782
0 0.45750479464945587 0.3527587730491507
0 0.47457214088543603 0.341984872314809
0 0.4858989393257577 0.33373234685564385
0 0.3101015886210877 0.41987288311339804
0 0.5301334023799585 0.41135118842340895
0 0.5280598274067693 0.36000237084817194
0 0.5577317790492721 0.3967296029778494
0 0.5728870792233426 0.39926688929182896
0 0.5585070472696553 0.39861417712940683
0 0.5386004609906155 0.4131929136380769
0 0.5785162500713182 0.3991938663133677
0 0.5817794006155885 0.4011853230928165
0 0.47908865935776546 0.3234327359098023
0 0.4919184096481489 0.3236168215348237
0 0.5002298776222311 0.3246419448945401
0 0.3775668762948202 0.3501786977268647
0 0.3594148052127465 0.35004973141611484
0 0.5756197830905085 0.33685876110541646
0 0.6687130377344463 0.258511817217737
0 0.6164168278160302 0.3864336326934289
0 0.7001790734736816 0.18394113815241103
0 0.6190693355772806 0.28709011044407234
0 0.6396050654027773 0.28174304254892946
0 0.6590062515891116 0.27540262842523877
0 0.6805975048438363 0.2600225868324439
0 0.6005237313068431 0.29050316310663155
0 0.6283756899444953 0.24573797980944315
0 0.6057040626588075 0.25467084450782207
0 0.6507210844884748 0.24093492860919324
0 0.6672544171628745 0.24099243008464144
0 0.703003301244715 0.26183317914821097
0 0.7554716623347738 0.4778077321100062
0 0.6749239243243051 0.2526410034709219
0 0.7527671799711559 0.23607304252252198
0 0.7196385057076163 0.2456962545334861
0 0.6803813751624979 0.3375694541719513
0 0.6614861378203267 0.4239858117332493
0 0.6666518096690592 0.43598276495501614
0 0.686125901406226 0.41952655583188153
0 0.704224821989951 0.41773639916293864
0 0.6848812547066937 0.4292456535757452
0 0.7001929882427921 0.42440812845808873
0 0.739564690253009 0.4223637547397959
0 0.6099920065506644 0.381544119529966
0 0.6033534073959226 0.36766163329931273
0 0.6879786431141521 0.22460534858206907
0 0.6125085415399593 0.3185900569340025
0 0.6541392181230627 0.35839274903570395
0 0.6492003766090974 0.3503733158003593
0 0.736938875330531 0.3147686958528947
0 0.5888934537120487 0.35109632419071335
0 0.6310427004228467 0.23037041834407096
0 0.6624786724214968 0.22398017360356406
0 0.6668827948362931 0.1680990621663522
0 0.5509670846488165 0.27238552391097165
0 0.5889850952055143 0.26621144156957016
0 0.7454479330259821 0.4032098005215327
0 0.8268255008303601 0.36628860953277437
0 0.6442473851468252 0.3714719225746998
0 0.6305265212836473 0.381539265314738
0 0.7273399972397349 0.41621067736675776
0 0.7232483495836672 0.417668829685536
0 0.666902785067973 0.21230897717717764
0 0.6589214694888695 0.3633286768867486
0 0.5936302762964497 0.24588654276685437
0 0.589308623386466 0.23473996115659457
0 0.5699379712991093 0.16583091511890508
0 0.665837815274363 0.1878115208144637
0 0.5779598160930302 0.19668289878662082
0 0.6945322641859883 0.214239696337693
0 0.697061342065749 0.19854795120224572
0 0.6651866040799929 0.4305010375337324
0 0.6859076159155887 0.4247341399499472
0 0.7024073179649271 0.42108239174105117
0 0.6410597271245458 0.3755160232169041
0 0.7251899890277697 0.41696832447812177
0 0.7168698586199594 0.42285208279887837
0 0.720990394120631 0.4185717436822428
0 0.6313089232729829 0.3719246830197348
0 0.6978078400311263 0.4270165500001631
0 0.6833207231500874 0.43243079783691873
0 0.66641741440348 0.439560261649498
0 0.6909106221535931 0.47339522050342697
0 0.6796792868686758 0.45369181107135786
0 0.674938466237939 0.4473657498433106
0 0.6705738147315772 0.4427973939564781
0 0.6657640473998111 0.43952298607083334
0 0.6975802649622378 0.42713733605932497
0 0.7024352650927461 0.4276115809013878
0 0.7072155174353848 0.4291353849829107
0 0.711952457609384 0.4320011098963627
0 0.7048797568549281 0.3907547532108383
0 0.7949232860751774 0.29301144398640894
0 0.7087255638578663 0.42321629876243894
0 0.7128887059895889 0.422781876463821
0 0.6278595500018286 0.38931221228794777
0 0.6572570279240608 0.3735931247364784
0 0.6291277930140495 0.3855682939183021
0 0.6388272102112356 0.31870799638546893
0 0.6784301717644152 0.31617692766198213
0 0.6566130288917086 0.3546869752091774
0 0.6250630733759507 0.16089169119579205
0 0.627379862834578 0.18614445745513059
0 0.6298752708927445 0.21831506471810996
0 0.7289581868959509 0.43932896728316945
0 0.5448673202291779 0.25447388921958813
0 0.5291626218544401 0.21175021805085134
0 0.5138921426690143 0.17825701692398044
0 0.6740400817083276 0.2678077592365984
0 0.7321399262417918 0.2623091918834742
0 0.5880412818944972 0.291900143324249
0 0.6897278275826703 0.2396193014430827
0 0.5923953503370285 0.31526559369935503
0 0.6382865332390951 0.35905463027133455
0 0.7584585165200026 0.2656324116000231
0 0.7245400321224461 0.2764916506366453
0 0.7027383326836254 0.2908074654692757
0 0.6631987519238306 0.30216201424490713
0 0.6313154690939448 0.3065486516857493
0 0.606918057669764 0.3083972986517609
0 0.5548783106648404 0.3080799768044465
0 0.7772338124720947 0.29386177065147867
0 0.7038349732756615 0.23303701555815295
0 0.6076100332581479 0.390345081417025
0 0.6229921637669854 0.3321928115210671
0 0.7537418017568795 0.23285478771920654
0 0.5868993693071863 0.30802653549050074
0 0.6576476213724717 0.35446919473832933
0 0.6837629384320715 0.2505031861094893
0 0.6318120891633241 0.34958579429033876
0 0.8138386704351591 0.3274030195198197
0 0.5857965356629827 0.28743850526170456
0 0.609558492898941 0.3489876471027948
0 0.8150975846725962 0.41326971211727115
0 0.823364525385525 0.42976676256976265
0 0.7954623167929442 0.29123767778493354
0 0.8238753737962764 0.38609440694900526
0 0.7232048022358314 0.21488196594451647
0 0.7711827301460764 0.4910174600672031
0 0.6070567350024763 0.3936719268128492
0 0.648136935480263 0.3353522164558155
0 0.7381567507982254 0.2411394498810388
0 0.6506384190009988 0.2687144487340381
0 0.6338045273138129 0.2745081343944522
0 0.7208190660761751 0.42381816152213275
0 0.7944296841388163 0.32173612775901955
0 0.7482498579699061 0.5245363256097704
0 0.7939426672199498 0.4821572587757871
0 0.8092922646066417 0.45916919367036957
0 0.6166799933366154 0.2787885634039623
0 0.6001167537077613 0.2828651453381863
0 0.5901818829386131 0.28625499065695464
0 0.7148297966822333 0.22452871490647827
0 0.5993533620367879 0.2723200519339762
0 0.6143670059416605 0.2627582966849424
0 0.6311618578822716 0.2563270008650379
0 0.6494235224697901 0.2524794509931319
0 0.6618401609037233 0.252027514566114
0 0.7271636912356252 0.20420917971194655
0 0.6613843052283578 0.26332024700831674
0 0.6800231972466344 0.39060193532402965
0 0.6427677552337232 0.3696295081813266
0 0.639226505289907 0.40100490809350775
0 0.8029032689721688 0.44152855603159336
0 0.7886207187953203 0.46599356106657913
0 0.7420201962408812 0.5141139060150886
0 0.8290274052516274 0.40088433178438654
0 0.5897758460563162 0.28197586509412614
0 0.5843869499538256 0.32453265014118043
0 0.7752897820394972 0.5041957854468754
0 0.8120583639196728 0.3227456397228483
0 0.6828700022205062 0.43244314312502957
0 0.6886160179324772 0.43416863685284834
0 0.6933301849209744 0.4374755260305128
0 0.6985176892384238 0.44269215936462086
0 0.7139173014008481 0.4566388890363168
0 0.7125069317610367 0.42064958751417586
0 0.7152458286803701 0.4185755791115588
0 0.7172938475142354 0.4165725561155789
0 0.7281983229129211 0.3947459968427817
0 0.7751697230598201 0.33786484215786494
0 0.5724940163933713 0.31096475900731224
0 0.5648544945794604 0.2855034412789172
0 0.5781128785532453 0.2813801450141962
0 0.7090396064779033 0.42298434518169664
0 0.8021876970710962 0.3692563029303067
0 0.5480955858593402 0.29308356803612434
0 0.7343562549870947 0.4663729389616545
0 0.5660209049997122 0.3229299650622019
0 0.6150598046572312 0.3401304722048234
0 0.7082608497661093 0.4860353272786175
0 0.7609971191572107 0.4223164411234683
0 0.6815852182714836 0.35947296174540033
0 0.7511732921652172 0.44544773554240447
0 0.7241879688656848 0.34198115674265916
0 0.7099662125110626 0.3665400998315949
0 0.7574715478264767 0.35713266068394633
0 0.7280278179956519 0.5006730934416038
0 0.632555725781814 0.34242504775740096
0 0.7852760002664898 0.4276395975139694
0 0.7717311680316925 0.4535197261450947
0 0.7645217889676923 0.3990621432877969
0 0.806895122255968 0.3464210257474063
0 0.7897520483188007 0.3930024646114612
0 0.8231191550907881 0.3538009610728941
0 0.7392352825921514 0.37761783848206204
0 0.6029445875598036 0.3283545056330985
0 0.6361964957221694 0.36749853766050894
0 0.6511224961799124 0.36532055316627887
0 0.6214723966043928 0.3625398069836091
0 0.573304483100124 0.2711364624184975
0 0.6011240262052288 0.2525103142134089
0 0.629677250009516 0.24072357547887857
0 0.6555620130637417 0.23472541349305623
0 0.6759126568618028 0.23423844880923844
0 0.6994436681270599 0.2491317354682563
0 0.77637101839418 0.2623238893684702
0 0.695682604027831 0.27140686018527416
0 0.6778032624203226 0.2822165083194125
0 0.6508338529130687 0.2909005795052086
0 0.6237369370849236 0.2962965940705676
0 0.6020660756722741 0.2993753051682227
0 0.586387423393519 0.3006192277846993
0 0.7743613337693007 0.2624652758780597
0 0.6530025970676671 0.3684871195667032
0 0.5949534728475239 0.3370477458921032
0 0.6228768475677656 0.374071984079437
0 0.6163362397447877 0.38418562164989073
0 0.6239654136740643 0.3759292607614096
0 0.6501019752543905 0.3742399339334688
0 0.6134703068629556 0.3870258469512497
0 0.613047729043857 0.3902183324638484
0 0.5791982305438622 0.29084578979814396
0 0.5714198746111082 0.2981181982634724
0 0.5679109618067741 0.30340671593296353
0 0.6693177618410276 0.2523427688773128
0 0.679166086665962 0.24353066027380418
0 0.414923680541308 0.3364418978816357
0 0.43525498085047887 0.32948769521022186
0 0.40696129688750143 0.32537040678595286
0 0.3944468631044678 0.3435399291523989
0 0.42298834754720976 0.3477777789036433
0 0.6358029625338056 0.2626712504180445
0 0.6556443649789562 0.2558574304524539
0 0.6271405288058779 0.25219384634840314
0 0.615683107920315 0.26952767960619234
0 0.6443538821261862 0.2733418642394785
