0 0.7970515942271752 0.05954330258097937
0 0.796831865099412 0.0431253815673
0 0.7954593660459237 0.04694296234018862
0 0.7813935154097996 0.028616945991736715
0 0.7952611682787223 0.03872300270825518
0 0.7917946647491133 0.032725180065080364
0 0.7817127075879383 0.01605871993239664
0 0.712024069285091 0.020706890157533287
0 0.7762992774383931 0.005277697726076608
0 0.7741919808749911 -0.0006961334642566396
0 0.7650099253352685 -0.027788298356999707
0 0.7976013950154751 0.061563587909915694
0 0.797978444189965 0.06348857272986415
0 0.798107950999264 0.06476587216200777
0 0.7993491224095791 0.06648094055915642
0 0.8005497802661944 0.06894531252121162
0 0.8014017939567566 0.07178067439815752
0 0.8020359448742765 0.07462569127303426
0 0.8042715647049594 0.07250068302256357
0 0.7967793340421427 0.04534582555081921
0 0.7875293158780673 0.0458280561869679
0 0.6701699721662304 0.0009243889741626074
0 0.7391446159861762 0.021244311141798082
0 0.7307156573368024 0.022751093918318425
0 0.7219527122340624 0.023605277264669697
0 0.7085144119926646 0.02247042826698344
0 0.7459437462347972 0.019244391908637144
0 0.7232628477273612 0.011104296959167698
0 0.7331010407536341 0.010571976626470844
0 0.7139460504809513 0.01269387337130584
0 0.7077637277071989 0.01491956134389728
0 0.7031691265508595 0.025792050457085578
0 0.7734141206439538 0.08396029472351074
0 0.7079751265199878 0.019924758247421306
0 0.6745229486674699 0.02229948341846466
0 0.6921872222473853 0.02392476303933778
0 0.7463324032252348 0.04133611302358824
0 0.7845100546687968 0.059671478763593896
0 0.7869949921776976 0.06429760205788121
0 0.7731975324546234 0.0617761006346801
0 0.7657200050253405 0.06332806176986558
0 0.7777472045351181 0.06484362599688492
0 0.77058791334619 0.06527786831838804
0 0.7573738487963938 0.06863355615385063
0 0.7899154276284488 0.04382188554548284
0 0.7871980151546656 0.03978754060336279
0 0.6955143864647748 0.012443234222639498
0 0.7590845677420057 0.02785015795578736
0 0.7665550394400262 0.043569506063155856
0 0.7643851061913535 0.04082484707713551
0 0.7183320751170066 0.04264400013825223
0 0.7842793094960949 0.03406552365878299
0 0.7177990260003488 0.005725943851301254
0 0.7045810011368764 0.008470251254763892
0 0.677768676089838 -0.007155013360162647
0 0.758121574226814 0.005543396778378198
0 0.7416920991386542 0.01129402983867401
0 0.7486496874551732 0.06530924030046022
0 0.7034539960104705 0.06486612728057807
0 0.7741587506567879 0.045347751141442946
0 0.7814448629250507 0.04623182982312403
0 0.7560359000656676 0.06571056908559969
0 0.759278122382828 0.06575829236108638
0 0.699150500669761 0.006110053204556801
0 0.7665226741179132 0.04490204722855863
0 0.7353277840191805 0.004504978762826886
0 0.7332968259159522 0.001079044732334775
0 0.7143226899678194 -0.019993426377662986
0 0.687185072949164 -0.001665300533864846
0 0.7234679646632842 -0.010294594215328584
0 0.6894867890494786 0.011060157121288395
0 0.6788571705798057 0.004953043687810253
0 0.7856943250205446 0.06225392296645141
0 0.7755471820066749 0.06343117822955936
0 0.7681974315945106 0.06433500503305863
0 0.776320490153027 0.045924849569585396
0 0.7577546306803257 0.06575764328559522
0 0.7631912764617662 0.06728810920409885
0 0.7605500658856162 0.06570620946188414
0 0.7790593429456784 0.04441179239665062
0 0.7721148191122064 0.06582549331026993
0 0.7792827592620367 0.06573746785574536
0 0.7880874925021883 0.06545966895449629
0 0.7916845953414209 0.07367837641162804
0 0.789758744873578 0.07514780759811401
0 0.7894515246781619 0.0723310795967265
0 0.7891443044827458 0.06942550397852562
0 0.7890093806926711 0.06710817466002766
0 0.7723944081535822 0.06642514170276737
0 0.7710757147410751 0.06758056639352303
0 0.7695367459506425 0.06902444023254503
0 0.7682379906690573 0.07052196556987288
0 0.7579178229162965 0.05734408877498314
0 0.682498201036252 0.04150887528348224
0 0.7961716307366448 0.046128637637956285
0 0.7667613854388144 0.06601345475458166
0 0.7649869373076073 0.06666085887634032
0 0.784872946859915 0.047820609765544905
0 0.7697531065357386 0.04711360969577395
0 0.7832758024272033 0.047073929547415086
0 0.7512024055050395 0.03111428557977982
0 0.7380085066903995 0.03550368833796409
0 0.7631587745771127 0.042445434423103875
0 0.6917765331670704 -0.014105592280944471
0 0.7013318596509942 -0.006846091289113
0 0.7141546270012352 0.002572891975212776
0 0.7668176947263726 0.07102361438113175
0 0.7543845858251998 7.383233711812844e-05
0 0.7454047794080485 -0.012591456020005658
0 0.7381371486036084 -0.024316160969462684
0 0.7137903691847113 0.02364973623133215
0 0.6954756027032555 0.02968596521221446
0 0.7502070921885816 0.01757698187942607
0 0.6993870725108602 0.01765234900963264
0 0.7641416607023794 0.024548886986813935
0 0.772090328896599 0.04221817957124676
0 0.6885195165746826 0.032113453459485145
0 0.7027705460158078 0.032014188181038856
0 0.7149054933700884 0.03241022429644425
0 0.731349626170935 0.029963739773132624
0 0.7431150352904565 0.02682699591875925
0 0.7517490198340597 0.023808751613219863
0 0.7738562191085976 0.017998050672940087
0 0.6951769404270478 0.04199987925668628
0 0.6928563786961358 0.017872499189342892
0 0.7924497097353392 0.04569655890142366
0 0.7625497511670559 0.03275904557883103
0 0.669520071035699 0.020199983834796105
0 0.7583192712646999 0.02076840358272566
0 0.7616527628798022 0.04227293990684998
0 0.704127522460519 0.02030771278719885
0 0.7698178371799647 0.03884434196236295
0 0.6918047560921198 0.05296371627956947
0 0.7489730675512225 0.016262249722811675
0 0.7767382349646041 0.03611352992015377
0 0.7286664908948327 0.07692871929487724
0 0.7301078629896107 0.08186473286448849
0 0.6849179982133052 0.04275947607708996
0 0.7146766600729544 0.07115554979263251
0 0.6758322647855252 0.01278821514170365
0 0.7733596321902697 0.08932106329452949
0 0.7927711779558206 0.04632233799140224
0 0.7556493825550321 0.03659057877029813
0 0.6848198097466417 0.025309527736965872
0 0.7220510372632667 0.02106053082544184
0 0.7299802680558796 0.020322298054381197
0 0.761301341942091 0.06796394283236983
0 0.7005002392998224 0.051315005033465894
0 0.7922204667505836 0.09383746037703816
0 0.7611153437618465 0.09068848144965663
0 0.7468750117197318 0.0874263578462431
0 0.7690441648668378 -0.015133311368816687
0 0.8105335489607058 0.09242707342439699
0 0.7369362631427587 0.019074857447071006
0 0.7431521347806423 0.01758541850857039
0 0.7471475905506922 0.016726555057479817
0 0.6860380386501425 0.017595529211585633
0 0.740640840701413 0.014920428130126085
0 0.7330464157374096 0.014896482653465135
0 0.7257751887860681 0.01545791943090242
0 0.7182153141448266 0.0167163050736821
0 0.7132668794458928 0.018053074695461586
0 0.6673661611251187 0.009511855149184258
0 0.7162823624248746 0.021049038132526697
0 0.7961587028161383 0.04947913286948968
0 0.7668764621396608 0.05399756913083304
0 0.7741302546066574 0.04497472745667997
0 0.7844583429867709 0.05114386005333734
0 0.7781841136232207 0.010001171526111317
0 0.7434583990382746 0.08231684639784789
0 0.7581162027668852 0.0860097181330372
0 0.7907064433842269 0.09075269665158092
0 0.7164181511110395 0.07466040599388585
0 0.7462537887227183 0.015609016091798125
0 0.7721475030802474 0.026404701995255683
0 0.809668379745403 0.08930827650735387
0 0.7761199253017892 0.09296283115271571
0 0.6929022181889176 0.05299506121682951
0 0.7799082156978075 0.06693609392939938
0 0.7790307558538542 0.06876746583663695
0 0.7783389755442173 0.07097060654935464
0 0.778011862738726 0.07341677735284555
0 0.7782579484368175 0.0729545761045612
0 0.7645914521901417 0.06551032388761799
0 0.7621753422016836 0.06507968393509074
0 0.7599661699830228 0.064499269812981
0 0.7512367282235672 0.061177561079480046
0 0.7142172181656592 0.05323721505568969
0 0.7691086223859828 0.02097108687052099
0 0.7566422832666068 0.01232445881672177
0 0.7500577838109013 0.013520994326398042
0 0.7666911012512722 0.06573982075440078
0 0.7158230115592731 0.06456268989742862
0 0.7664051392913368 0.011253163775303186
0 0.7754082523820772 0.07828221478071926
0 0.7883088148595915 0.027198459117862252
0 0.777779615378078 0.023641630901136433
0 0.7851436593361545 0.02191934830035179
0 0.7692770495193417 0.03418934292216318
0 0.808018066963566 0.08402560253584512
0 0.8059363986369427 0.07783112895022083
0 0.7909495702272729 0.07924115891134187
0 0.7504448930925458 0.07180764348481473
0 0.7548755281585179 0.04665537862591048
0 0.7621158009339989 0.07577596663156014
0 0.733969669553298 0.048068534967313885
0 0.747536839312139 0.052217717590705356
0 0.7278530333615556 0.05603549849520374
0 0.7901433049877987 0.08555202255045392
0 0.7646865907600661 0.03664819774254361
0 0.7445323268572489 0.07660319711814147
0 0.7591884918353728 0.08064109574857556
0 0.7409035415086063 0.06688732672416442
0 0.7052562573791054 0.05925156478355788
0 0.7299158560575815 0.06886664998064686
0 0.7017908008289739 0.0625657604682488
0 0.7414196113493875 0.0585746169090271
0 0.7673310788371895 0.029549818923464873
0 0.776179785215402 0.044031042009061765
0 0.7701421732137977 0.04491835525027373
0 0.7794589704602076 0.040986867137651005
0 0.748959866505635 0.009476899729504704
0 0.7342217184823273 0.008321153205484683
0 0.7212502345254149 0.008981363045787472
0 0.7103225455505435 0.010902527786022404
0 0.7025912394000509 0.013768501685819591
0 0.6991888292228119 0.021941637282269704
0 0.678242821230667 0.03268270889210956
0 0.7086866173563124 0.027126417147307208
0 0.7186979261631704 0.027410452582233742
0 0.7305044861282477 0.02608559214347622
0 0.7410992356292306 0.023790428753000987
0 0.7491165037396588 0.02134525995979954
0 0.7546876181027055 0.019295213167353456
0 0.6755186716715494 0.030623181540770886
0 0.7704707426863884 0.045590846139765294
0 0.7750374850844532 0.031134187857027155
0 0.7832765762815999 0.04391723743961375
0 0.7874380465801255 0.045402549339783146
0 0.7828320196912258 0.04446862436486309
0 0.7728473405797773 0.04652379479696742
0 0.789543021580338 0.04571500346329713
0 0.7898725469907125 0.0463143922255981
0 0.752736731169093 0.015967395010792064
0 0.7588475406924381 0.016449621590218934
0 0.7629618058727763 0.016886654936333994
0 0.710316491277912 0.019072607318701692
0 0.7038554898797208 0.017470628155720192
0 0.7951195529241603 0.02674925560628816
0 0.8299001201295652 0.006793724419383392
0 0.8038686596894566 0.04362353618883153
0 0.8528207314165333 -0.02285117595009108
0 0.8132929771761351 0.012540680737469969
0 0.8196374452063806 0.012078129258868532
0 0.8261751492315204 0.011061483669323429
0 0.8347092610371264 0.007279936051877792
0 0.8078689861901199 0.012141460095436124
0 0.8163009036945391 0.0009613240740901635
0 0.8097723948804638 0.0022445841828274984
0 0.82352005479708 0.0005442525038091313
0 0.8291497544900275 0.001218249789336398
0 0.8429968774570191 0.008510512866583584
0 0.8340477976114941 0.07601076428152063
0 0.8327473125377285 0.0052924533755753815
0 0.8628220711579303 -0.0019749041341801978
0 0.8507569527827235 0.004159978912394242
0 0.8306231277401437 0.030038121119937013
0 0.8080888518804237 0.056744353839086895
0 0.8077942864804328 0.06170881314209772
0 0.8177049031740502 0.05616441029670824
0 0.8233433883904405 0.05622715966981501
0 0.8151925621153433 0.06017500448481468
0 0.8202683186229272 0.059210294400245694
0 0.8365530374180918 0.058021507229245005
0 0.8032410182530367 0.04203160282131616
0 0.8024988918867795 0.03771290872444886
0 0.8362407644086749 -0.0041190033175342875
0 0.8090402831005145 0.021036853092420992
0 0.8185496335291158 0.03646237283839025
0 0.8174423389293977 0.033587082000813874
0 0.8533860092927635 0.024605018494392204
0 0.7989084806120346 0.03200143925660021
0 0.814771767407027 -0.005227121222910083
0 0.8260093167864321 -0.005446359992451515
0 0.8423620437267964 -0.028436059470278514
0 0.7892798655646763 0.00267817742883947
0 0.8050532486871325 0.004457412347250562
0 0.841342604361506 0.05278525838224065
0 0.8683331435239767 0.04386989820045933
0 0.8139298593444664 0.03984176815616703
0 0.8083542384175811 0.04250903029883035
0 0.830712712766752 0.05672923578910556
0 0.8281553515905067 0.05750266873539555
0 0.8287981969897757 -0.009017235284598272
0 0.8188493427848011 0.03786836500906011
0 0.8025805562860352 -0.002873741169841264
0 0.801401338748288 -0.0064246573906352085
0 0.80985419584226 -0.0322646637085918
0 0.8400224542818995 -0.020229987349374437
0 0.808809765532047 -0.020746299857770847
0 0.8409822158169645 -0.007085383786849704
0 0.8502770264943441 -0.01602927354094821
0 0.8082253689001381 0.059412129833180706
0 0.8166395332742844 0.0582580357471819
0 0.8219969727821994 0.05768673572676038
0 0.8124243028556244 0.040915990798498815
0 0.8293696657011781 0.05717980776817349
0 0.8268875960056289 0.05940219897816614
0 0.8270086814582599 0.05774138788311507
0 0.810827067381219 0.039982998869597275
0 0.8188534851818648 0.060127941102744
0 0.8137404926215546 0.06147529200726981
0 0.8068871925651776 0.06312335958684466
0 0.8144466119979504 0.07055505219303417
0 0.8129145168553927 0.07206264360943723
0 0.8117753576628769 0.06936993229855846
0 0.8101145295654169 0.06672551220422114
0 0.8083123137176288 0.06463703608597725
0 0.8196170518669901 0.0605450478312808
0 0.8217683670892997 0.06115793736379766
0 0.8239857330603941 0.06208132838439263
0 0.8258088884977349 0.0631567869746388
0 0.831130457578329 0.04711374491983461
0 0.8665434003882267 0.017478972832503267
0 0.8228137988581437 0.059169370190528786
0 0.8249486355338922 0.05926432452592137
0 0.8061433819275868 0.04480054263966788
0 0.8172616211673881 0.04064012560131711
0 0.8072817217448592 0.04374613573118461
0 0.8180002879492844 0.022056241025916197
0 0.8325351853913898 0.02281623134833638
0 0.8187862508910618 0.0350138499961629
0 0.828257955579315 -0.03161678359813962
0 0.8261389601582716 -0.02183296040920176
0 0.8153233435083542 -0.008973457847201527
0 0.8312689319944583 0.06239966745902635
0 0.7872157682849386 -0.0027841714565440003
0 0.7908061340388366 -0.018254677543012274
0 0.7899310412789196 -0.03098746163777185
0 0.8317343371326913 0.009355809287668547
0 0.8532603262346002 0.009941510670549929
0 0.8044989868558409 0.011444470662875532
0 0.8381515474762091 0.0013436917414444622
0 0.8023539079895502 0.019359797530963327
0 0.8143589843677569 0.036404972929123036
0 0.8631715346992267 0.009410480375391732
0 0.8485300274337897 0.013616773528560625
0 0.8392155517505694 0.016807492066744808
0 0.82538358722558 0.018368313082384468
0 0.8152471871315679 0.018210833845825808
0 0.8076041459031246 0.01750536180794027
0 0.7898212449963082 0.015854779060837213
0 0.8675601995443996 0.019376980452350874
0 0.8442544363722017 -0.000493291964310344
0 0.8007200282334276 0.04458112266988517
0 0.8111403418492668 0.026120385294282986
0 0.8614136106354274 -0.00533907863168954
0 0.8012625912070778 0.016375006305789606
0 0.8191736332977875 0.03455158924929188
0 0.8360487119557989 0.004595700585120937
0 0.8127088991901542 0.03293993480477045
0 0.8681489661776064 0.030256169917744675
0 0.8047812616271812 0.010008373559581852
0 0.8056433354248981 0.03216293735224157
0 0.8621200941785981 0.059981520489865776
0 0.8616364807016236 0.06510213112915962
0 0.8712941835701214 0.018987202506472633
0 0.868599258394684 0.051580574270669255
0 0.8567682082139993 -0.010110205390699394
0 0.8376272383621474 0.08101397880031545
0 0.7994359761853761 0.04544261352447428
0 0.819027738983621 0.028068287888031413
0 0.8591650628842382 0.003777075757759746
0 0.8230388539249887 0.009069886124855259
0 0.8175484480234138 0.009981747942038703
0 0.8286487520495548 0.05963741311823346
0 0.8702756546217681 0.029207934635389742
0 0.8263217718792364 0.0891901123141903
0 0.8461142816121066 0.0795632085342
0 0.8537665180516142 0.07356192145059118
0 0.8126997950207835 0.010273677757626326
0 0.8082531366167189 0.010130759447919092
0 0.8057564547293297 0.010062276574640512
0 0.8505303500070853 -0.0028037356736396978
0 0.8086119319316204 0.007573802276014009
0 0.8132695339400055 0.006376996318216426
0 0.8183302685681275 0.005572753921946597
0 0.8238887281357488 0.005079356482868941
0 0.8279240146467958 0.005125340776935591
0 0.858589815942547 -0.01575766790167717
0 0.826888187776638 0.007944754328167736
0 0.8233440712031432 0.046068062667744866
0 0.814213545262059 0.03942419355238035
0 0.8078990754698903 0.04776521658133782
0 0.8540480644894048 0.06814198964855425
0 0.8464233226413969 0.07471716764558677
0 0.8253937838952753 0.08616544216128855
0 0.8660872815027518 0.055738481550454244
0 0.8059167791519487 0.009026957894559432
0 0.7988636425778836 0.022810181423862635
0 0.8373951730848868 0.08480390895728114
0 0.8729222366578469 0.030164685431748522
0 0.8149670063191828 0.06247970387604737
0 0.8172718633579302 0.06382470188191777
0 0.8191935259078625 0.06558994381453219
0 0.8209190846495488 0.06778402992414834
0 0.8241613069667092 0.06678060789549478
0 0.824300828362316 0.05832393854538317
0 0.8260181023098748 0.05734623613306636
0 0.8274622056554641 0.05629446338928467
0 0.837861761765138 0.04922121731411944
0 0.8629842619352703 0.03360625136365246
0 0.7956661672531804 0.01740694438435429
0 0.7967718686232587 0.008309891745713258
0 0.8019144952548707 0.007924984570499841
0 0.8225092643926918 0.05905188752663093
0 0.8658628182069159 0.045015462352711956
0 0.7893062221350046 0.009874466581276727
0 0.829067088632141 0.07114619228763512
0 0.7926573758386861 0.021652860891776576
0 0.8078469996210895 0.02889621342628452
0 0.8181129065244007 0.07555419376312202
0 0.8433283147429615 0.05949010543551733
0 0.8270925763790115 0.03691578181825075
0 0.8370392000624902 0.0658149512425012
0 0.8457685963010989 0.0331493238537337
0 0.8364025910192401 0.040162095024492396
0 0.8544003503232063 0.03925774625611899
0 0.822316529127113 0.08123584362111481
0 0.8131412106727246 0.029969516545003842
0 0.8505350386543113 0.06277290209332395
0 0.842556690867943 0.06976493800662166
0 0.8482375559927542 0.05264618854929968
0 0.8705360338657717 0.03781907583895103
0 0.858099192255157 0.05214801229191845
0 0.8724585157909474 0.04091597998057396
0 0.8442553923099856 0.044658213906865106
0 0.8049256082325545 0.024445272902576948
0 0.8131011978483401 0.03888467389069418
0 0.8171128135190231 0.03843773943885789
0 0.8089629887025568 0.03689587683652219
0 0.7988363755906182 0.004214401187845821
0 0.8068834598557355 0.0005040882533131121
0 0.8154222147877206 -0.0012857887986716002
0 0.8241165144534051 -0.0017903557451594344
0 0.8317339729659164 -0.001007465228067174
0 0.8423699643541489 0.004464165436839718
0 0.8680561491708715 0.008311362983493194
0 0.8391910160141152 0.011019929315483868
0 0.8322689794789889 0.013445486563168386
0 0.822870017104008 0.014869788071651052
0 0.8141718936871879 0.015134562191377755
0 0.8076216259083164 0.014666608511553117
0 0.8028438488642374 0.014051902919901648
0 0.8636323422319275 0.005719171830343606
0 0.8166790908902003 0.039279936524472626
0 0.8016502922597314 0.02750913098825679
0 0.8082943329831216 0.04040521706762687
0 0.8044195074572342 0.043092081290122874
0 0.8080975008413258 0.04100236381500217
0 0.815073434059127 0.04075582330761431
0 0.8030788274756967 0.04386958448063861
0 0.802121433024668 0.044658414038474877
0 0.8021245739631009 0.010501308532372064
0 0.7984129406731842 0.012468586029531268
0 0.7956017097340354 0.014062973713747547
0 0.8305582150125302 0.005257262666030287
0 0.8339094597579054 0.0024042351178002954
0 0.7260281936528814 0.017469277267354238
0 0.7361873996911673 0.016353876194071516
0 0.7247890706806747 0.013212955268464478
0 0.7158829625145795 0.018558017564838044
0 0.7272028135850963 0.021705905234050072
0 0.8205016129630528 0.005913396853144907
0 0.8276203905982811 0.004803050455249501
0 0.8185911030205997 0.002149646074322195
0 0.8132865587367287 0.007000611823224512
0 0.822298457350912 0.00955016683004929
