0 0.6149475409284882 0.46787279865879944
0 0.6543659527340661 0.4261141553845095
0 0.6452740598469973 0.4366429706738479
0 0.6815282491481175 0.3800323206553425
0 0.6663235612213612 0.4145553610355094
0 0.6836165116452004 0.3990024024269719
0 0.7267784751627756 0.36082800658608694
0 0.6173412326885306 0.3009472692358321
0 0.7537531280971091 0.33616070886668953
0 0.7683507797672696 0.32226376861765765
0 0.8270939511611409 0.2669650365638992
0 0.6106420275552765 0.47144845835324645
0 0.6067004400183973 0.474761456899021
0 0.6043489341340635 0.47695596084214636
0 0.6043651743751505 0.47700174379607907
0 0.6001744523806416 0.48063527798091155
0 0.5948307965679661 0.48504014226837433
0 0.5890359368337237 0.489966811315305
0 0.5728620306143294 0.5075966836749644
0 0.649219645794643 0.4316054442222568
0 0.6325666700773265 0.42236116231567616
0 0.6000067657264678 0.2304422346794087
0 0.653102067420664 0.3300689378402371
0 0.6352542538357817 0.32380392807333364
0 0.6192991152891646 0.31638531702692096
0 0.6053137312764707 0.3014770983785823
0 0.670104560604238 0.33424999878026435
0 0.6552422916435677 0.2920069383268339
0 0.6735600153713123 0.3015137439782637
0 0.6361850909078899 0.28606337106422236
0 0.6215603310695809 0.28486710589757
0 0.5817010196168786 0.3009006206378125
0 0.4857098160554533 0.49315636626620224
0 0.6139229966084594 0.2956968080792306
0 0.5390988864490519 0.27250676634518994
0 0.5689349571323913 0.28429527240602864
0 0.5832022379111984 0.3721177505086298
0 0.5976416441085546 0.45526272765752196
0 0.5893698657822349 0.46500064653978834
0 0.5743316843619813 0.44878608852192975
0 0.5566759706353364 0.44536858062813245
0 0.573339743823137 0.45734593450375227
0 0.5592953348127396 0.4516283690497495
0 0.5123736674128019 0.44803110947427544
0 0.6394653377811546 0.4183071999122267
0 0.6484853297310031 0.40610637245834735
0 0.6030209509493865 0.26605343089803407
0 0.6501950290378021 0.359933548917373
0 0.6029984400729123 0.39377503885307175
0 0.6091564330069915 0.38694183679594507
0 0.5356665590535039 0.34668956537717494
0 0.6656649507501203 0.39209431528613187
0 0.6540040525243335 0.2757389027409364
0 0.6267309455282014 0.26729852938349696
0 0.6329844775812133 0.21858659311049228
0 0.7180770526275687 0.3211979821216369
0 0.6864475978376425 0.3129839540823646
0 0.5094233158489933 0.4313600959553235
0 0.43837280713183724 0.3838545652511327
0 0.6098302444848029 0.4066678594419922
0 0.6208394193697883 0.4170021109174991
0 0.5330966730075686 0.44162627757675404
0 0.5371417084141917 0.44340029833973316
0 0.6245724906658997 0.2556045159319605
0 0.5976209827172367 0.3981825687747071
0 0.6848543808674035 0.2933519019110911
0 0.6911789859928514 0.283060465466933
0 0.7221154475017734 0.22527036850975043
0 0.6292703414902739 0.23531076816868954
0 0.7082610422664363 0.2516006509624962
0 0.5981772021673943 0.25568976126395276
0 0.599327687619497 0.24260626538940097
0 0.5923699420755324 0.46056599310342816
0 0.573459995586587 0.4533620755309644
0 0.557831035764969 0.44853463952524075
0 0.6120961984700483 0.41071616080792056
0 0.5351926504998751 0.4425394908673521
0 0.5421244680233623 0.4485181235856768
0 0.5392920255418057 0.4444123049793036
0 0.6215630260336659 0.40768291644644045
0 0.5606497744422244 0.45393084491724556
0 0.5738332040769898 0.4601140444477399
0 0.5883291869059853 0.46793116780294886
0 0.5499571961877139 0.495320119233667
0 0.5704034131182276 0.47943291208450345
0 0.5765376797998729 0.47455881374037784
0 0.5825945499312618 0.47078641925169074
0 0.5883108505817212 0.46809000662271527
0 0.5605539711111266 0.4540094124234241
0 0.5558986408312035 0.45435003650145256
0 0.5503747570935799 0.4552764680398547
0 0.5446534187978377 0.4571435936335204
0 0.5500312636646888 0.42161945647735527
0 0.48691615595927706 0.32019427467299544
0 0.6473897651809714 0.43402339426287706
0 0.5503419419426633 0.4494211964741133
0 0.5464312848432556 0.4488798528909683
0 0.6221082718718959 0.42441636626271234
0 0.5975503499984093 0.4081098026447538
0 0.6214638231727092 0.4207727466372476
0 0.6254823845203804 0.35799818858504295
0 0.5893450474528514 0.3525386812516313
0 0.6015075260530347 0.39049435768654384
0 0.6723048314452171 0.21564002308076707
0 0.6646011445023443 0.2371708174654539
0 0.6574316417150523 0.26413844755270344
0 0.5195986547547838 0.4627410681459351
0 0.7272296438560538 0.30503773983513965
0 0.7508552490693071 0.27056707779242506
0 0.7716703766390033 0.24217657615309177
0 0.6083209060699396 0.30858093100613443
0 0.5546494457141861 0.2996119651403548
0 0.6819610462888427 0.3364103441329106
0 0.599864126385554 0.2810737710662078
0 0.6699612343116946 0.358585534968238
0 0.6175556672817987 0.39529958923441777
0 0.5261267208615723 0.2986357796775258
0 0.5582509569661773 0.3134345836613489
0 0.5754633226796336 0.32805139628117497
0 0.60963775711539 0.3409104430103216
0 0.6381652730152659 0.3468156883466071
0 0.6606963529130039 0.3499120010629944
0 0.7071928500967182 0.3553210124913333
0 0.5028030749248422 0.3234950717592585
0 0.5864516600318577 0.273207594546071
0 0.6402021374391473 0.4266273861454017
0 0.637717838520589 0.37200310075844545
0 0.5396269408824004 0.2702560504979413
0 0.6796448567639226 0.3509468167372372
0 0.6005496512693556 0.3903320837711942
0 0.6050316231406253 0.29264309054807475
0 0.6255920501830785 0.387295651641013
0 0.4608462183209865 0.3497100724042326
0 0.6856734738077807 0.3327208041496899
0 0.6465673079390241 0.3882832828423251
0 0.4374089435390804 0.42838939781422203
0 0.42511869193581137 0.44188742728337
0 0.4868054510620625 0.31894535636124405
0 0.43611314139612345 0.402745557382055
0 0.5716154071623865 0.25568412770719634
0 0.466872774509956 0.503570971497591
0 0.6401630340386992 0.42993373434612714
0 0.6133212622093118 0.3729375017186006
0 0.5530320269096157 0.2786357051058524
0 0.6290938125356383 0.3109470523245957
0 0.6422537625159906 0.3175975622582263
0 0.5376140845372624 0.4487716611204804
0 0.48077232479725196 0.34763078156696714
0 0.48283081939039024 0.5371718673386435
0 0.4443821895300694 0.4930758476257324
0 0.43300665805683186 0.4703538720158563
0 0.7986071239347043 0.29360869591650757
0 0.5207545125209119 0.5591030015029769
0 0.657036714984671 0.3228008252015148
0 0.6719976055395344 0.3274689552144728
0 0.6811619982447313 0.33115143264117447
0 0.5771842598105255 0.26448111894769943
0 0.6768687971584175 0.3183801045128401
0 0.6643967147430648 0.30914420423948247
0 0.6501662475259408 0.3025690603029469
0 0.634946569962346 0.2980518409091493
0 0.6248266099263793 0.2965122585495313
0 0.5708889998495579 0.24675124408542246
0 0.621699271440182 0.3054342460481153
0 0.6353487713343423 0.44657358467794844
0 0.5731284973899955 0.4227598807302074
0 0.6115482400535889 0.4048805654696796
0 0.6097213890727448 0.4350249582118746
0 0.7412761137213396 0.347930747853673
0 0.44333240414119285 0.45504777311630873
0 0.4533199762682552 0.47888233496443083
0 0.4913184238273812 0.5278958176681097
0 0.426920213777086 0.4149395146447679
0 0.6836523740430889 0.32747552311722783
0 0.6759167702706612 0.36791100879402266
0 0.5293209226397069 0.5499362153527529
0 0.459570091177264 0.5154146039723486
0 0.4638708311173579 0.34613390431563923
0 0.5737185712255861 0.46025320704000583
0 0.5678495383295028 0.4616339230990928
0 0.5619140648809464 0.4642199454964071
0 0.5554422759653433 0.4681611818031988
0 0.5311732436732753 0.47872181981801987
0 0.5475629407750524 0.4471698073481304
0 0.5450593191401466 0.4449733522707138
0 0.5432924619349448 0.4429016323841136
0 0.5275404849292143 0.42451988630320714
0 0.4956770438457961 0.36466576407353085
0 0.6897399808563616 0.3562484608180281
0 0.7042761591627545 0.3322416770177475
0 0.6935035246221916 0.3276289757071198
0 0.5503458346685638 0.4493920668635679
0 0.46163527914525376 0.39036604999632074
0 0.7173906998789829 0.3401271725154441
0 0.5086436081353737 0.4852838416894277
0 0.6986359692300144 0.38577132110578427
0 0.693640545051059 0.3679925030016381
0 0.7124905858350836 0.37354058083956654
0 0.6435579137633676 0.37980117994374124
0 0.5428503821401492 0.536543492173803
0 0.5589319550148819 0.5210149090035238
0 0.5305355940338062 0.5053077008629191
0 0.48916766634615866 0.44385612178323924
0 0.576949392809816 0.39268946620649187
0 0.49511767146380053 0.46515467622573825
0 0.5419237372343955 0.372660633014596
0 0.5495135311199271 0.39701139354619425
0 0.5072567408661479 0.3839566013303356
0 0.5083388129816108 0.5166850672035977
0 0.6264761040878036 0.38083992536733113
0 0.4637490645374941 0.4449528516202733
0 0.4729175965666123 0.46967985130090645
0 0.49038663559147844 0.42313172295689583
0 0.46299237851053476 0.36886864474070247
0 0.46704046116412984 0.4135771282557128
0 0.4454894674860913 0.3732838005745325
0 0.5198057970922926 0.4058774851694487
0 0.6574237153500967 0.36987395981407684
0 0.6177699257336233 0.4031908831734588
0 0.6044803180367403 0.40030982728669606
0 0.6323607078874889 0.39972022748079855
0 0.6993571627561165 0.31850187178107275
0 0.6776830990515326 0.29936465199874795
0 0.6544327807977147 0.2865795834880808
0 0.6322229828928476 0.27912159250590246
0 0.6139427949067043 0.27708294571957726
0 0.5883069930841094 0.2894268655150697
0 0.511027876328191 0.29415960280575615
0 0.5863301928924478 0.3101922931230586
0 0.5998410870847495 0.3211582724166953
0 0.6226657419263021 0.3311288571930018
0 0.6467057022711505 0.33787105669793877
0 0.6667660637556211 0.34210589749441633
0 0.6813814704832823 0.3443961856427832
0 0.513194838822212 0.29464718027283315
0 0.6020704036497552 0.4033217740555604
0 0.6630967028196091 0.3784926283726658
0 0.6287100003303393 0.4101807530699433
0 0.6330630542791408 0.42003076599128003
0 0.6276055758657015 0.41186466440558434
0 0.6040540029011343 0.40909726896147797
0 0.6352930401816316 0.42301520451471425
0 0.6350361555004898 0.426162823818732
0 0.6906846274176369 0.3361476555034734
0 0.6958199255168438 0.34320808226323646
0 0.6979253441905198 0.34802197025198006
0 0.6187517205253243 0.29603174363897333
0 0.6103490867206584 0.28614031720528565
0 0.7130173544358948 0.3948855915147325
0 0.8603680209945077 0.4140138525677764
0 0.6696472093462944 0.4397786633260008
0 0.9707555113279301 0.40525691454177315
0 0.8005659929274217 0.39903260378733924
0 0.8167356365238843 0.40872339315820433
0 0.8338406616416962 0.4170160161844198
0 0.863256952036982 0.42131485968180327
0 0.7885459599125645 0.3894010904258576
0 0.8615367899284415 0.38410782797828963
0 0.8398277093048977 0.3748761047811612
0 0.8771798762938251 0.39511747420697974
0 0.8835623967258827 0.4046751467538053
0 0.8707056213980136 0.43619723267097404
0 0.6237693561402999 0.5601420492149781
0 0.8706864924372538 0.41402740058475646
0 0.9325022751708394 0.45899813303696935
0 0.9001612617917683 0.438562721931848
0 0.7625619616845379 0.4574702849638635
0 0.6376877183337575 0.47583606472049933
0 0.6257205805943712 0.4836563208828802
0 0.6528237639399974 0.4894636385142803
0 0.6620843474874678 0.49971926752207935
0 0.6408778688586925 0.4922437300716621
0 0.6526841013894781 0.49974685820980347
0 0.6782798134195416 0.527562530954247
0 0.6707421045588411 0.43306236444176105
0 0.6848174792349987 0.42328968239219295
0 0.9155105090011721 0.41007239641486737
0 0.75725351654641 0.4104860094038473
0 0.7219578361381656 0.45018964109645376
0 0.7302481445443371 0.4443359084535336
0 0.8172677950528653 0.4808526508294154
0 0.699842150606539 0.4082054357057896
0 0.8848598545984082 0.37974679551046825
0 0.9061695168847623 0.39499207947781123
0 0.9727324172044578 0.3783988090420979
0 0.7943392519879601 0.351316487983517
0 0.8168055294486491 0.37042474303988443
0 0.7030963285461717 0.5239298761538838
0 0.8094157265580219 0.5614439229602399
0 0.7012984176044879 0.4500056573770184
0 0.6826358089304488 0.44637278273053793
0 0.6738707641058642 0.5137450650766275
0 0.670233460912562 0.5116902183795321
0 0.923123377415797 0.3926317291199297
0 0.7181329599217229 0.45549875994523364
0 0.8489242523260738 0.36474427661818004
0 0.8613866469620363 0.35770593065282574
0 0.925992897671202 0.32090143719013187
0 0.9479972618105619 0.3850622898966506
0 0.8922128086990636 0.3377165873197542
0 0.9318289216607809 0.40986686777593434
0 0.950900847821132 0.40842344061188074
0 0.6312740032520631 0.4804980940037016
0 0.6465161388496989 0.49116612684683525
0 0.6574274671628423 0.4998575232491113
0 0.694901118905324 0.45002475650846097
0 0.6719728048242952 0.5126915624824123
0 0.6617682264388903 0.5096547731022903
0 0.6681055137482674 0.51050337911516
0 0.6943978475730704 0.44196528028966725
0 0.6490391888858184 0.4993683106765367
0 0.6368322521853058 0.4925319483314735
0 0.6219409551147533 0.4851585843640825
0 0.5977420447313267 0.5184023401875427
0 0.6101248410489896 0.4994295378202114
0 0.6154085030860227 0.494107557973568
0 0.6195033512928564 0.489402631216723
0 0.6219576180953047 0.4852177229696426
0 0.6491260970740215 0.4993909823073857
0 0.6503094505194736 0.5024605012782242
0 0.6504829498412816 0.5061033239615136
0 0.6494573839008808 0.5101348070994668
0 0.7016285418978204 0.4939753754955271
0 0.8859697570619376 0.5106938482950563
0 0.658188909008775 0.5047013103098109
0 0.660104834717577 0.507056191995524
0 0.6713342040210314 0.44798925626968994
0 0.704616253061787 0.45925397895600484
0 0.6768172229437724 0.4472131170332432
0 0.7687750340479872 0.4258406942953234
0 0.7892601430092169 0.4475833378948163
0 0.7283328529447317 0.4507618730590827
0 0.9601272775427155 0.3507260225335325
0 0.9303194951751957 0.3617472244237644
0 0.9000581133624782 0.3741387821248044
0 0.6544067823206601 0.5275618164543656
0 0.8152411116044158 0.34030947990823485
0 0.8488521400191213 0.31649467672990717
0 0.8826268742913785 0.29421635058479034
0 0.8503413454669974 0.42179896083215007
0 0.8815035146215687 0.4531979329236176
0 0.7814895223178293 0.3824964108998361
0 0.8950657716587834 0.41746909155145934
0 0.7521496068524278 0.3972574837937735
0 0.7135884402238805 0.44072367186131683
0 0.8944556881552157 0.47386396260581154
0 0.859774987982667 0.45570079852705414
0 0.8314719115100477 0.44927411942162376
0 0.7994258293639058 0.4310216428577036
0 0.7799251397018847 0.4141964347682137
0 0.7670821738631829 0.40063803005909576
0 0.7420052336123975 0.37166497743000154
0 0.8661157276643359 0.49679943627637363
0 0.9108758753408557 0.4234382434059744
0 0.6595085607031765 0.4357325604212457
0 0.74348133413688 0.42204606786802196
0 0.9390632268851218 0.4595368109859418
0 0.7588611595008684 0.38873119182560756
0 0.7295779615802609 0.45169946178793907
0 0.8771761420952238 0.4182273957716382
0 0.7230488210106674 0.43343750436020934
0 0.8522952120427204 0.5369150046313155
0 0.7862673589716787 0.378768287923025
0 0.7130127747583649 0.41973298442536505
0 0.7369185857798742 0.5724176518295122
0 0.7246570980743222 0.5861014512677988
0 0.8836518765791602 0.5082318740694419
0 0.7765393841039875 0.5658997365853925
0 0.9440721258845018 0.43175312585156894
0 0.6162146320161612 0.5762655359787353
0 0.655825777789173 0.437266454262578
0 0.7508637038585932 0.4382358107553876
0 0.9137456421942814 0.44704062027343805
0 0.8391144069154626 0.4094292365986368
0 0.8238397732215084 0.4025086182291093
0 0.6627472910382177 0.5125184886265493
0 0.8392943882423899 0.5188521178628224
0 0.5640348078602034 0.576707261789968
0 0.6414384390025035 0.5887080842386121
0 0.6791383620432537 0.5894458328468212
0 0.8105792464769405 0.3943815393292386
0 0.7982623094449872 0.3860707515175792
0 0.789763132515161 0.3812842893319717
0 0.9267587958956542 0.4266256823379924
0 0.8125744006070106 0.3786045025656189
0 0.8322207944710618 0.38284758759149606
0 0.8484956649658473 0.3902561269376589
0 0.861182076289602 0.39940722157125885
0 0.8666381279573493 0.406321052191914
0 0.9600400522999142 0.4305765918739464
0 0.8510000792372486 0.4126830965388512
0 0.691645549448288 0.4793324424088865
0 0.7027452434210674 0.4480682085065738
0 0.6607862378916015 0.4594557427301787
0 0.6951635872702235 0.576805752850529
0 0.6568385910890673 0.5778329013914302
0 0.5728780770998286 0.5676359438161919
0 0.765644648314818 0.577355807836073
0 0.7953003853883432 0.37807994972968445
0 0.7346105692179307 0.3956062470873197
0 0.6033791698029508 0.5853693362163461
0 0.8522573064040878 0.5317814603879831
0 0.6370137131003581 0.492605349453895
0 0.6367897844832876 0.49659473206038063
0 0.6346927149140317 0.5009500210483869
0 0.6309530559279348 0.5061323711297651
0 0.6275506901919193 0.5251186115910178
0 0.6621113147424615 0.5059606438313705
0 0.6657573017089263 0.5069162599418474
0 0.669197449784564 0.5075417771071628
0 0.7057900596410036 0.5096581532363442
0 0.806851670793865 0.5131784117092257
0 0.7476322481651669 0.38352682965173235
0 0.7802511070571516 0.3657020087475362
0 0.7914360182602769 0.3714068368671165
0 0.6581603917090789 0.504751407743796
0 0.7826492728098579 0.5437829698557439
0 0.7628556599273629 0.35939280991105066
0 0.6266649277151927 0.5424001652585424
0 0.7273271909874418 0.3838568461546
0 0.7284922961793516 0.42010746480546135
0 0.5905430030239665 0.5344100504897643
0 0.6925689181231934 0.5416646975538005
0 0.7345480037772137 0.46776801450313
0 0.6600892814281194 0.5447633186544197
0 0.776446698476439 0.4844692843439786
0 0.7379165679702292 0.4869479119129803
0 0.7729116101627764 0.5108438108278357
0 0.582125326740029 0.5525758252411649
0 0.7338781026394471 0.431714597819508
0 0.7008908967608991 0.5591945674108423
0 0.6620829735842088 0.5612620552596839
0 0.7218810032405283 0.5340744553916696
0 0.8149624558408624 0.5370962952358135
0 0.7452472225641427 0.5468091791414696
0 0.8184912735191376 0.551779322758101
0 0.7358010035494099 0.5091805375464584
0 0.739008468778237 0.4084468817041404
0 0.7019284755477438 0.4428921790010687
0 0.7118649666562028 0.4511918371030386
0 0.7006607151225858 0.43200188173332077
0 0.8042911378585774 0.36364156971483125
0 0.8415366688176341 0.371517034733425
0 0.8690741288921108 0.38313838904318603
0 0.887679421140448 0.39560396618385246
0 0.8964718031170575 0.4069442060114681
0 0.8864879651885965 0.42763612257397693
0 0.9109969197408013 0.48435944372761075
0 0.8551297153791656 0.4363248258613158
0 0.8330538025854722 0.43107064106110216
0 0.8095600216285043 0.41918128059394116
0 0.7905576008817424 0.40557000289360684
0 0.7772528274065774 0.3940087627565515
0 0.7688697981445686 0.3852691101315229
0 0.9136366810973572 0.4851010121621083
0 0.7089119201283092 0.4540165024607078
0 0.7224495173634394 0.40656005240220955
0 0.6868528816848993 0.43756931976995606
0 0.6719830562563046 0.4384743987542132
0 0.6856340181244456 0.4392316861860994
0 0.7004393405564453 0.45495975222708523
0 0.6666568032182429 0.4378012024622033
0 0.6631699952742328 0.4393770869119444
0 0.7789779214755349 0.3765615825203882
0 0.7656931928966356 0.3753426045017398
0 0.7567963590440543 0.3755907420662866
0 0.8689939493070478 0.41067543431468634
0 0.8848001426490752 0.4125543491563935
0 0.646314844408113 0.3086708205873552
0 0.6639853011735756 0.3167046297719513
0 0.6555593286276512 0.29957152719514957
0 0.6285130389682625 0.30063391981673415
0 0.6368814661046085 0.3177915764567645
0 0.8363710039335749 0.3949951848042184
0 0.8542927616964215 0.4035657757650251
0 0.8462205163972534 0.38568373990879545
0 0.8186416630835637 0.3862973029414813
0 0.8265804988534554 0.40440720929831697
