0 0.2868088551705404 0.3991559412532721
0 0.307662941926389 0.3424432355755815
0 0.31540954663313264 0.35778654059662984
0 0.3413381738056668 0.27790425046564293
0 0.3167993485641708 0.3265500485706634
0 0.33908427819359505 0.30407978227725047
0 0.4073954647679409 0.2436294026268176
0 0.28108695135128015 0.16690714747761004
0 0.4561701482720226 0.1892634196022448
0 0.47289680905765197 0.1651469116774611
0 0.5347336493521857 0.0880766069165434
0 0.28229066072036324 0.40546768580001
0 0.279258465666851 0.412780502733712
0 0.2786868494048679 0.4187294343789926
0 0.27320444641067543 0.42462494179082755
0 0.2674943055752084 0.43011671704606125
0 0.26152736477428773 0.43736427889083523
0 0.257023048486641 0.44581188047274994
0 0.2749624729013557 0.4447809781510228
0 0.3082304357481803 0.350141617055899
0 0.2927776305652637 0.34017002601593066
0 0.2895572277710592 0.06580980774312735
0 0.3304144195515475 0.21140515213957228
0 0.30702730913242277 0.2024507955811656
0 0.28669641615389635 0.1920248963200627
0 0.27226664522568955 0.16982127930790472
0 0.3502563501147629 0.21586253648748793
0 0.32998240508621546 0.1424274727368888
0 0.35526753229488856 0.15710971606806062
0 0.30461092246808025 0.1350185258891255
0 0.2867926999533491 0.13637546771250594
0 0.24915469150177294 0.17398285856262183
0 0.2005615032834115 0.42414395515911113
0 0.2801167749815422 0.1587884504193315
0 0.23181011793996503 0.13362558590718351
0 0.24503764717413082 0.1517072283802703
0 0.24893395749213312 0.2747562991354031
0 0.2642657874013594 0.38791602183454715
0 0.25918814975866594 0.40565387852275714
0 0.23893369459133926 0.3863919986703525
0 0.22192549919910567 0.3894612461614152
0 0.24307506347445848 0.40194809055937747
0 0.23008305291763598 0.400791160976544
0 0.20121571943342542 0.3806569324895597
0 0.28966464863406666 0.33410012303069
0 0.2946680283946671 0.3173993031818646
0 0.2711891235350419 0.10557526797532274
0 0.326873491636569 0.25047188406935134
0 0.26156291272714555 0.30596985413243594
0 0.27089281505246243 0.2960074985750948
0 0.19770113412710688 0.2432042165114857
0 0.31697750920586165 0.29668114950862556
0 0.3183700522358755 0.10391160026906779
0 0.2911052903968939 0.09868064313270032
0 0.3099561841796628 0.04406376844777848
0 0.40088526836688 0.16249484509324874
0 0.3724076457732587 0.17567462033737963
0 0.19281196322658364 0.3624274717352261
0 0.1838075394253079 0.2894566426642787
0 0.2727814862053457 0.3221382854845577
0 0.28504094345678244 0.3348564888341739
0 0.20446320946553914 0.40014073357414515
0 0.2105457728429378 0.4015517737537908
0 0.29150926795223064 0.08248398288751181
0 0.2614505708360558 0.3122766438764505
0 0.35420394272541256 0.12255284894769565
0 0.359381403854425 0.10573714171735624
0 0.3915752444050009 0.041151187099968664
0 0.2954352231477376 0.06440753116013524
0 0.37207368495081256 0.0763657958553241
0 0.27033185022626277 0.09297134529668302
0 0.27587653228419007 0.08054690781873636
0 0.2600543586184367 0.39699948976595945
0 0.2402089962856375 0.3943817023271189
0 0.22542178173431104 0.39507972280057474
0 0.27662220833112866 0.3271172892171354
0 0.20753742750885962 0.40090987400505873
0 0.21090563381318567 0.40543081128178315
0 0.21354054218287663 0.40216738271256225
0 0.27731574953888816 0.3226133061293215
0 0.23452257566886553 0.40495852083443834
0 0.24624407605873308 0.40738684605485714
0 0.260807340665401 0.41193832109530515
0 0.24787364860804534 0.43215165789515825
0 0.23302338878027826 0.4351633690035762
0 0.2388000282452261 0.4273275675865027
0 0.24683045540496315 0.42118607275783065
0 0.255181526394485 0.4174919134130874
0 0.2312746971345348 0.40816903076232813
0 0.22370865962488187 0.4089155206665063
0 0.2152506857753086 0.41046293589253774
0 0.20799091751341053 0.41321777250058356
0 0.2224404157208596 0.34684158361757905
0 0.22246294884944706 0.20114193556788632
0 0.3119242500772865 0.35365352729638927
0 0.22369210511374532 0.40555147926647445
0 0.21727264556381629 0.4053672414999039
0 0.2881312088000117 0.3447734759257624
0 0.2651776236881741 0.32464757285559903
0 0.286433044025938 0.34000156272333654
0 0.2998011678957539 0.25036896236788353
0 0.2555449270515991 0.2462872161080662
0 0.26724490873533474 0.3014065145303647
0 0.34045648960758457 0.033965459170813755
0 0.3251621393705729 0.06095831434185894
0 0.3214068337738943 0.08618653506135789
0 0.2114039742403465 0.3960540325116045
0 0.40771526684292214 0.13455012850106335
0 0.42797906764691396 0.10098924414037516
0 0.4540691930327198 0.05952126987445088
0 0.27418381733288294 0.180750630343684
0 0.22276928284757144 0.17717498179060964
0 0.36370927538517284 0.21702300521512383
0 0.2680386403481737 0.1357504884465434
0 0.34700771615945464 0.24658854900838467
0 0.2700789892416206 0.3063195216389129
0 0.20042813910568932 0.17457778880390495
0 0.21877476780248775 0.19470170321175084
0 0.23427799193979168 0.21268130034303512
0 0.2762773046962363 0.22866443218514562
0 0.31194165713495486 0.23550977864966224
0 0.33837416089124245 0.23766720761506321
0 0.3838872603661151 0.23832719070842853
0 0.17748011173390085 0.21178660453698886
0 0.25862365603732834 0.12618765177818153
0 0.29705975595995676 0.344847528317485
0 0.31082646152098403 0.2699689316673401
0 0.2591009094274873 0.12775244251988566
0 0.359196778967512 0.23614650450575467
0 0.2717524193745437 0.30050501008384145
0 0.2726405786095763 0.15498060026107885
0 0.28255321267697453 0.29441741137458877
0 0.20120382694889316 0.2423750791496362
0 0.3696949290428802 0.2112755014683111
0 0.29911190021238165 0.293345185324026
0 0.15841751661803796 0.3511910914613035
0 0.16627911798102107 0.3649983402258291
0 0.18775090167848327 0.20327492758108023
0 0.15605002727439934 0.3189804919611532
0 0.25579486347788527 0.10455306183796721
0 0.19328161924005413 0.43351301522300645
0 0.30252333818008004 0.3492820767548899
0 0.28561631524019676 0.27348348783989684
0 0.23427909269607325 0.14901580987646937
0 0.29373906563511853 0.18239402380614236
0 0.3119283833092065 0.1924275498801527
0 0.2049742409651228 0.40617325644904434
0 0.1657648273795057 0.2459786869466495
0 0.22048545098133224 0.4684305549048768
0 0.18510066905467631 0.4212132399074567
0 0.17461598705616502 0.397170042839294
0 0.5004408608237616 0.12938533651943024
0 0.2619376878658359 0.4914112669972185
0 0.33240074505337136 0.2002783168238192
0 0.35158181176197045 0.20602049500035782
0 0.36345247541971915 0.20995801268294215
0 0.2541886226450511 0.11762681441566053
0 0.36111168481177275 0.1894216362279825
0 0.34582097138718165 0.1748942726145918
0 0.3254403717083325 0.16376297123515948
0 0.3047029327431457 0.15727566825315215
0 0.2919101266981029 0.15656987851420148
0 0.2733816465885519 0.09214070801156017
0 0.28480710828904626 0.17389850894483133
0 0.3095600630024926 0.36986611369318856
0 0.24220423575499647 0.3461227664551415
0 0.2717344619387345 0.3198589077011084
0 0.2778848189530041 0.35809444619443853
0 0.4359460178610804 0.2163322821211891
0 0.16794786450388335 0.3816832170699732
0 0.18029560888413904 0.4069709459813639
0 0.2157637677032599 0.4606140334004411
0 0.17100131926204948 0.33127962686002443
0 0.3677311366696438 0.20325040636352076
0 0.3439203106242118 0.26069475439029
0 0.25846775873101874 0.48342520360367747
0 0.19819656078764003 0.4451193203941321
0 0.17314377948820447 0.24148778184153402
0 0.24137329426314905 0.4119055250201362
0 0.2325474951478789 0.41396156591348376
0 0.22400111546047585 0.4177984033529751
0 0.2166858561319127 0.42367736104959114
0 0.22573461235284234 0.41392556775492223
0 0.21957693854681878 0.4008085196391462
0 0.21440828346805893 0.3974807123406627
0 0.21036909066801734 0.393889188195189
0 0.2050129401026298 0.35283625449616307
0 0.17199512951665644 0.26985444875951775
0 0.36647778535060743 0.2415696877641038
0 0.3906781927858897 0.20130881467185463
0 0.37936910908285093 0.19937674496501398
0 0.22513005973623812 0.40365116074443247
0 0.1597416185074859 0.3046295294365563
0 0.4031741939288535 0.20667098981503862
0 0.2139267133865997 0.41812124077123575
0 0.3620331257367306 0.28395098047896317
0 0.3607514569227644 0.25926659149102893
0 0.3836118770446137 0.2649363183175413
0 0.3084127835804324 0.2810651449540172
0 0.2621538893496104 0.4706496998144034
0 0.2696205782089874 0.456449032972415
0 0.23747152333065188 0.44047913079063733
0 0.18340934623631355 0.3729449000221472
0 0.24640228279488835 0.3047113342407032
0 0.19607339617159728 0.3956276498282679
0 0.20621237594732564 0.27946806372925875
0 0.21847523259316132 0.31264333298411995
0 0.18094460183767963 0.29692299107012277
0 0.2229892830196902 0.45052723477061946
0 0.2957963035832778 0.2845125921998923
0 0.16974770894153512 0.37191814355576003
0 0.18504934359511596 0.3980948045230902
0 0.1763867585779094 0.34912793857221025
0 0.159442838719137 0.27523831380441927
0 0.1619954493691881 0.3350588267984482
0 0.16208659630599354 0.27903959126518174
0 0.19484585866653661 0.3272343169386014
0 0.32811327775319415 0.2651057085290123
0 0.271021722246417 0.316922664642334
0 0.26355694352294046 0.3144350166137988
0 0.28040632784223674 0.31058611237583833
0 0.3835102621314051 0.17351833738077183
0 0.3537175595331535 0.14421379709015258
0 0.32241603303298677 0.12771395010689196
0 0.2960851657733643 0.12083995342254639
0 0.2781213196776182 0.1231771540908387
0 0.26034431077307646 0.15389283567952652
0 0.20710224027542187 0.167318025336098
0 0.2506229061302807 0.18624872550035057
0 0.2652865769765932 0.20116826006398794
0 0.2934460594213838 0.21427074712686264
0 0.32351116682413955 0.22278926642938926
0 0.3469542539377007 0.22673730042795784
0 0.36348264909190814 0.22771860416323994
0 0.2436042898278728 0.163999605197876
0 0.265099189407248 0.3185187515359336
0 0.32358084901345435 0.2773847714209328
0 0.27889107207028413 0.3248276984729706
0 0.2901310779207902 0.3371931670572811
0 0.28209721899146945 0.32729542617218943
0 0.2695779292989406 0.3256999122829864
0 0.2915818854916296 0.34085833912078567
0 0.2962710317090261 0.34500534046953096
0 0.37498019953711714 0.2149309493101443
0 0.38041003602300044 0.22287309360199462
0 0.38016499904134005 0.22790376884868732
0 0.285003431409383 0.15743885653468367
0 0.2761907334522092 0.14185133366919936
0 0.3848186728479765 0.29439877187862945
0 0.6406827796277382 0.2971433281136778
0 0.34321153149616235 0.3593502695948933
0 0.8404962902160571 0.2655594268926797
0 0.55018110183789 0.28633929651004436
0 0.574069628326727 0.29668526165782455
0 0.6013407141184636 0.3055935250684476
0 0.6514317294676527 0.30699586906372167
0 0.5326081537228409 0.27551018753752543
0 0.6291499618146059 0.24608395122491514
0 0.5974560372835155 0.23821660085988883
0 0.6561852267606081 0.25914545162036395
0 0.6712062764796708 0.2733556910063893
0 0.6680803013076599 0.3272943812818192
0 0.3682277504202845 0.49511823467553234
0 0.6583579901596911 0.29511196011552415
0 0.7929904117858667 0.34401454845556434
0 0.7193171823625084 0.3243715869732939
0 0.49787074599048786 0.36987777601796595
0 0.31758161936160756 0.40740794609910763
0 0.30584566884761233 0.4228769750259936
0 0.34585660567386545 0.4267319463693296
0 0.3638326895894478 0.4422842294644243
0 0.3300966894883904 0.4342393488548815
0 0.3494809428564936 0.44473210424660875
0 0.4115550285048908 0.4630397295418639
0 0.33068975970613584 0.3499916247285593
0 0.34388687785009114 0.3362013975652262
0 0.7241061628579522 0.26819544935378786
0 0.47866731882095337 0.3077690205254113
0 0.4182916353646514 0.36615001165067046
0 0.4310526381865394 0.3570856888073321
0 0.592332124710083 0.3945070891715467
0 0.36411836821970034 0.3144703406495408
0 0.6587953573222355 0.22425907326582523
0 0.6987106794361874 0.24418835156260968
0 0.8235885873972941 0.22843654496601215
0 0.5218172456434876 0.20388418293227784
0 0.5666730209506101 0.23831980906355496
0 0.4374777094351588 0.45740220893305333
0 0.6678005365444888 0.48081965149401096
0 0.39251468593268085 0.36830073309401734
0 0.3669377719755653 0.3660593421314471
0 0.38460067993731234 0.4648870620102928
0 0.37846989911808954 0.46215804430623403
0 0.727201878023948 0.2367742139691362
0 0.4183665947090808 0.37276851578642384
0 0.601902963160325 0.20978796520172216
0 0.6153077573227368 0.19537717427689427
0 0.7087964559916398 0.15335896411262
0 0.7759368911349802 0.24000740812990232
0 0.661223409844817 0.18073468733900272
0 0.755220916917284 0.2657072788800675
0 0.7951963273741358 0.27190610785453845
0 0.3111305184644475 0.415586707500604
0 0.3372665410705036 0.4305125282595333
0 0.3563266756723253 0.44336949979154444
0 0.3852065707282197 0.3690543687000823
0 0.3813402398312978 0.46351357047169356
0 0.36567772978501356 0.46167146245511576
0 0.37543984082677095 0.4607563407276385
0 0.3738621980738011 0.3596819380220895
0 0.3456019208871489 0.4456672137156843
0 0.3257921172989358 0.4366450909608469
0 0.30303032278156966 0.4274966375896344
0 0.3093142274329416 0.4568595063572113
0 0.2883901671111155 0.45612397094885
0 0.2915735434856918 0.44710831977307985
0 0.2952674549403522 0.43910594260730684
0 0.29802413717162407 0.43321896284913863
0 0.3426831468975515 0.44887054423554634
0 0.34518311549719577 0.4532970706113992
0 0.3475560438718727 0.4590300470114516
0 0.34911752061592305 0.46516833975673105
0 0.4160215305767471 0.4212123972539323
0 0.7670698028674229 0.4090735013492572
0 0.3587930388301968 0.45482743053009717
0 0.3618025712543826 0.45788066760419655
0 0.35274425356222283 0.36942459695255414
0 0.4056811124014912 0.3791636830320754
0 0.3595309772079797 0.36788088940203
0 0.5011588129208242 0.3265685195359178
0 0.5375334984964604 0.3536976823410668
0 0.43358282362528555 0.36512045757458234
0 0.7836225009936508 0.19155729102631347
0 0.7350503134784653 0.20974229338070075
0 0.6803043077317931 0.2122942190200757
0 0.38269822774745293 0.46419025495791205
0 0.5438724733370957 0.18083513163910886
0 0.5832685406545369 0.15703849499218
0 0.6271667011636053 0.1206420141096694
0 0.6298765041273561 0.3101206642751115
0 0.6917595977691724 0.3505733253095097
0 0.5219268896025148 0.2674107198326732
0 0.697565245399658 0.29066969297183587
0 0.464721276319856 0.29088507521266754
0 0.39918343440520104 0.3557810926208862
0 0.7225343692216942 0.3731340588853001
0 0.6536224071356318 0.357289846903219
0 0.6050644647017371 0.3516205414034688
0 0.5524117952342228 0.32994000999310524
0 0.5213646405606532 0.30955224391370534
0 0.5000973816969984 0.29294954264125883
0 0.43290600959631464 0.2566233222096111
0 0.6850024218753659 0.40660540288248764
0 0.7270679742598133 0.2955290399039515
0 0.322481689907664 0.3546560153412743
0 0.45633508904660636 0.32491115487802524
0 0.8272169391028315 0.3389608182084446
0 0.4842965216945401 0.27753279193902547
0 0.44160897726063536 0.3653907471190626
0 0.6729117148785854 0.2991593598176877
0 0.4139515691809803 0.3444243814236821
0 0.7248651666892804 0.4456793142202944
0 0.5300666153859749 0.26249036478539245
0 0.3902048891682705 0.3280369612736443
0 0.5339771923687247 0.5043751207022621
0 0.5415052429949351 0.5191820936081127
0 0.7355724172912341 0.41362774029326516
0 0.5934404783683429 0.49388334278862317
0 0.7978458261604218 0.30566056658284735
0 0.37093235177101846 0.5102303492756316
0 0.3234240236185152 0.3570503310654491
0 0.4744534079405329 0.345114110186458
0 0.7514419126853669 0.33582560779949344
0 0.6040729207100628 0.29411783119360096
0 0.5803364280888217 0.28697118553490686
0 0.3693774363977446 0.4658086216106963
0 0.6548885790278299 0.43541501905209723
0 0.31684565587009456 0.5101916546257921
0 0.42198007541308874 0.5225569546793978
0 0.47461377302233837 0.523552297022396
0 0.5616655727084592 0.27836135629647835
0 0.5453786532655894 0.269507208095191
0 0.534413523525357 0.264802757733927
0 0.7606570989393787 0.2984316105278917
0 0.5639819092601895 0.25536773475214314
0 0.5909207393225434 0.2568390415118525
0 0.6140116275929147 0.2640189551316892
0 0.63456097752642 0.2744532977811064
0 0.646011087534239 0.2833775379025517
0 0.8416357240516791 0.30032650236123665
0 0.6238558852701164 0.2968767799508457
0 0.3954158046548601 0.40495363344399693
0 0.3915632655866426 0.36599695206450195
0 0.34535874008274764 0.3839426071118242
0 0.4763538528689378 0.5105125707940171
0 0.42517064987040826 0.5114890714042103
0 0.3132000697745408 0.5028032685240237
0 0.6046282198789309 0.5057452416267639
0 0.5411394897410624 0.2593800126554105
0 0.426592373733612 0.29185810409034024
0 0.36898662475087374 0.5190114057102142
0 0.6981723880310424 0.44550953638820223
0 0.3218148258521403 0.44136654607023296
0 0.32266698388172854 0.447093219421923
0 0.3220981518856341 0.4541757560004822
0 0.32050207686081206 0.4624093235872043
0 0.3483262711005817 0.4629854289487528
0 0.3659269323737787 0.4541933843122123
0 0.37164050497882944 0.45480491482792573
0 0.3775791498682768 0.4550369816085401
0 0.4301851774862916 0.43948587822837953
0 0.5937731225999425 0.43327198260889266
0 0.44937533083007775 0.272733071170295
0 0.5134324612949106 0.2396430278928897
0 0.5334806865353664 0.2478761404467086
0 0.361353700109523 0.45344284967111703
0 0.579556013468644 0.46986529050162806
0 0.4783108248699197 0.2302352900322253
0 0.3605465004198271 0.4788468647688722
0 0.4078628761019352 0.27698424134772426
0 0.42521198218960843 0.3254377459184811
0 0.3113423492982805 0.47123402947434984
0 0.4419240525586428 0.4768144181742074
0 0.45726270284012355 0.3856126115725825
0 0.4045939968644286 0.48075109320326737
0 0.5269633891771166 0.40311776106349956
0 0.4694010445254026 0.40943992080779884
0 0.5355320645750855 0.4348473402257925
0 0.3121464517619684 0.4884015445511181
0 0.4402427876310097 0.3391827394406255
0 0.46772193794341965 0.4940085611023461
0 0.4189049292811387 0.495850500588219
0 0.47392010231383985 0.4666948234692168
0 0.6290091513443908 0.45852930858112373
0 0.5209331009313642 0.478259535262379
0 0.6548041445459966 0.4730308701435979
0 0.47564319598017263 0.4360755920029296
0 0.44201735784109836 0.3081648654450243
0 0.38317315012430975 0.3601193426135249
0 0.4043002244379881 0.3686964768952074
0 0.37253498816661695 0.34605990450222274
0 0.5454718074638495 0.22750044116577783
0 0.5961871890427112 0.22861626610969202
0 0.6372347792847265 0.23864898323631897
0 0.6697383424360975 0.253512582459008
0 0.6910179902037843 0.2708012711125822
0 0.6921516828399767 0.31077705766446295
0 0.7683581625529045 0.3802610538638057
0 0.6419606929202731 0.3299741206077722
0 0.6046638757490711 0.32547256436210853
0 0.5665932053284679 0.31212806720703173
0 0.5371496583060394 0.29651231544848067
0 0.5172199262417764 0.28315318982822063
0 0.5030685603189812 0.27252830636387054
0 0.8003247724734336 0.3735318250549487
0 0.4040865698020807 0.3721908936485315
0 0.4062751322913227 0.30873237574062407
0 0.35592813714802696 0.35478093029972846
0 0.34215715806261243 0.35754648546060436
0 0.3590252336552389 0.3571839085021339
0 0.3957211673974419 0.37443747535681193
0 0.33290771886313275 0.3569153716769843
0 0.333874981466243 0.359324821458457
0 0.517739353705939 0.2595018940611769
0 0.4955331065671907 0.25837162603585484
0 0.4766951304831379 0.2583675981520083
0 0.6526163158942756 0.2897185730857971
0 0.6791917237160588 0.2866828632050048
0 0.3333076818955602 0.18357648579076455
0 0.35858026911600605 0.19400401979970475
0 0.3447614826744409 0.1681601395622229
0 0.3080411164594783 0.17304532225139604
0 0.3217581584870958 0.19866556224350732
0 0.6052608741558999 0.27542974783208807
0 0.6328805759370469 0.28514336892210257
0 0.6176738653251593 0.2587759986091346
0 0.5781151882464366 0.2657211658101493
0 0.5931217770496432 0.29208157580500593
