0 0.3605891749586748 0.6263308006784191
0 0.30216237388389267 0.5865532444223114
0 0.32614693312865234 0.5948204715614733
0 0.2567815280559918 0.5332979056498278
0 0.2890260710745402 0.5706154966483945
0 0.27757195962350006 0.546403603579687
0 0.2533509263606823 0.4827342591855837
0 0.13805364392211902 0.5146468697034794
0 0.2227051061294649 0.4309807522789292
0 0.20546140266663354 0.4079543568517851
0 0.15437191457528135 0.32334414490539093
0 0.36489556260083034 0.631519822517167
0 0.3704891554687334 0.6366880275633024
0 0.3753848781242319 0.6396617126205694
0 0.3867739170951688 0.6559919566563938
0 0.39128587540725 0.6641243109236593
0 0.3978544784628827 0.674032823741436
0 0.4053551501230053 0.682771015232024
0 0.41123307463915454 0.6895116671919823
0 0.3121628814741321 0.5925940719635591
0 0.30100321170428523 0.5969188852802567
0 0.0625283972805609 0.4601079014332398
0 0.19989631592255572 0.5114485315654589
0 0.18290233201063846 0.5205115647419639
0 0.16568717809960895 0.5262752921037052
0 0.1387865344548355 0.5200715139508247
0 0.21125900279730558 0.5015418261937473
0 0.13103979987942654 0.46972801753360294
0 0.15467842923396308 0.46374114848997283
0 0.11504070748291585 0.4800196777543296
0 0.11061268676396298 0.49133262290902757
0 0.1367464270847647 0.535178366303444
0 0.3662199074321467 0.7241279053947199
0 0.12939846556147802 0.5091600243812022
0 0.10738190587448038 0.5312926688919897
0 0.11665763527802799 0.5231764569878579
0 0.2284512527934883 0.591852551633897
0 0.3404558955327324 0.6317924040815105
0 0.3551058196665152 0.6428583991268407
0 0.33019191909419454 0.6440569851709449
0 0.32731728235502605 0.6542197246266448
0 0.3458121631942365 0.6492965220109276
0 0.34108792893264606 0.655486837806909
0 0.3207755004177275 0.6869097862554633
0 0.28824452383686666 0.5918268422717633
0 0.273095994418406 0.5777349643733191
0 0.07996050867697467 0.4826792878949124
0 0.2342178279776936 0.5350962833217953
0 0.25977484476955043 0.5959469467401505
0 0.2539232723495882 0.5860966149879538
0 0.18265756324905416 0.6061530960642774
0 0.2631431012616857 0.5545452132173206
0 0.09238268183949201 0.4557205130872519
0 0.0787483643659431 0.4677795127682064
0 0.04870959776251212 0.43063601310486377
0 0.17576846172628197 0.44230063117068746
0 0.1795123875870005 0.4647027253780676
0 0.2978046370022323 0.6767726938361707
0 0.24538486313236796 0.656803001333838
0 0.28045760969752853 0.5998105808444645
0 0.29629996184097684 0.5993482486061428
0 0.3319468957412502 0.6690671461431876
0 0.33635261185143306 0.6668566707683646
0 0.06545936879094529 0.45803759661705595
0 0.26761098886313645 0.6012297999599706
0 0.12155101282279128 0.44642564379002736
0 0.10768647495981144 0.43416961690653927
0 0.06766002070482659 0.375350476121125
0 0.05912366128810074 0.44779479976581493
0 0.09238678144048089 0.40700903139684513
0 0.06956159282961617 0.47550459957641106
0 0.06693447818574698 0.4724780934660331
0 0.34727596394393756 0.6382273171906886
0 0.3378292672822009 0.6473064927303273
0 0.3336747038461592 0.6552717517251554
0 0.28712309188330953 0.6005870659066284
0 0.334215573237642 0.6679903445684392
0 0.34083597718373587 0.6717170178890228
0 0.3385056319606045 0.6658057032072026
0 0.2781655158361663 0.5955443537105685
0 0.3472292354411405 0.654755850525006
0 0.35220754073689814 0.6497321165126303
0 0.361454503448761 0.6447099718062774
0 0.3880849903368432 0.6969050876472307
0 0.38315334405912005 0.6887729515200076
0 0.37716191618338873 0.6797052127511605
0 0.3730050250078025 0.6689991799385652
0 0.3717327590059975 0.660627588370572
0 0.35297527787802013 0.6641139648530794
0 0.35037494961010374 0.669251412153244
0 0.3483390113257844 0.6758230055803838
0 0.3480025661056456 0.6822700098804806
0 0.2860533913354511 0.6459216150900592
0 0.17458524044765078 0.5853593016448229
0 0.3190746524006776 0.5939498746524686
0 0.34723225802831026 0.6644906615433486
0 0.34373012176998285 0.6679941776006119
0 0.30546102401517006 0.6028022157109302
0 0.28188062289162824 0.6068147771384405
0 0.30099617637207976 0.6012067706040715
0 0.22424221330362817 0.55107354560624
0 0.20443280235580777 0.5737010252216588
0 0.2590868240222335 0.5926650921287744
0 0.04851154881812956 0.4028319612145424
0 0.06598936381709317 0.4259920297433501
0 0.0776604414391129 0.4440333175270454
0 0.33943874283653236 0.6933279025813808
0 0.1513033979774817 0.4230256212146386
0 0.13063381778319244 0.38943270911341127
0 0.10195005616254132 0.35029279178251393
0 0.15029140452489906 0.5264517362351003
0 0.13236178222881712 0.5518699437379837
0 0.2172284908592701 0.49375491226496904
0 0.10625149301536706 0.5014931498014409
0 0.23729315408222054 0.5207530769317047
0 0.25963577101735963 0.5892831112379613
0 0.12689993247065856 0.568827620861323
0 0.14573429848836816 0.5653517462637113
0 0.16671178303658962 0.5677273224877275
0 0.1957472070403721 0.5527901519251907
0 0.21452758339760097 0.5358015924044277
0 0.22580704489803832 0.5217570820580358
0 0.24026091777436112 0.49315113179061726
0 0.15107560955473912 0.603824793903724
0 0.09610538010525962 0.5010811144243116
0 0.30337312849967374 0.5957196448160255
0 0.24530030017637688 0.5532841456325158
0 0.11701713206813387 0.5203125275347544
0 0.2317359364874985 0.5089557206501132
0 0.2612496067405395 0.5918421120747276
0 0.12463142868617307 0.510433557111284
0 0.2537603826950426 0.5765708444559056
0 0.20722612455163314 0.6202160236628159
0 0.2144996331518759 0.48663251523090445
0 0.2556753132654273 0.5642258008537085
0 0.2871721133832698 0.7020186018684637
0 0.3077894931497133 0.7086981122908385
0 0.15460798905595488 0.5986975991855497
0 0.25577245296343515 0.6849104081159053
0 0.08507045285533303 0.500110734027365
0 0.3757959499793208 0.7354356619326965
0 0.3116846352248736 0.596468052138453
0 0.2404957762716905 0.5703383029802985
0 0.11298404536817384 0.5268010719314865
0 0.1586306530415364 0.5174719079033189
0 0.17527473774617133 0.5124259236066238
0 0.338834086433053 0.6754523856484371
0 0.1805779190491075 0.6318602767975434
0 0.4206892559709756 0.7440275126177331
0 0.3650286259210628 0.7330280191224554
0 0.340226873755455 0.7232744792233343
0 0.17963886722598388 0.36749374179736427
0 0.45822739139523194 0.7358953141647836
0 0.19033357970740483 0.5042813223341237
0 0.20299467622585918 0.4952800539524659
0 0.21110076862184898 0.4898370236158371
0 0.08879897046996199 0.49784485108178594
0 0.1893054484187261 0.4786244852063449
0 0.16874419496921095 0.47875339038994
0 0.14968490677521282 0.48406095576027164
0 0.13552931461321271 0.4924919437455094
0 0.13042770860635716 0.500136007109414
0 0.084206809370738 0.4886260035893191
0 0.14669874699219412 0.5173931593480318
0 0.3365721142162447 0.6061542490902154
0 0.291966718338106 0.6322660172763078
0 0.27676723921752494 0.5984539990839751
0 0.3145407021612577 0.6168278101993644
0 0.24054629169404507 0.4553242305374664
0 0.31954442150890827 0.7151907078597857
0 0.34696748634071456 0.724879148537698
0 0.4096203680433657 0.7399016430196554
0 0.2791700049343964 0.6873140309167944
0 0.20572507996921954 0.48311581728251085
0 0.24548163803537254 0.5261526350741801
0 0.4480858123658792 0.7311153983940248
0 0.3907640100983174 0.7414103307153868
0 0.18641771380182193 0.6298940247815589
0 0.36074089493764483 0.6630618442659792
0 0.3594949636608362 0.6702237246477085
0 0.36015913376341696 0.6792157376589982
0 0.36337092794154 0.6881846278257991
0 0.36213048596097075 0.6976802327062772
0 0.33876098846287833 0.6611791710490765
0 0.33302116491224454 0.6621688724212025
0 0.3280263048718157 0.6623102583315061
0 0.28835981642908376 0.6615279458139254
0 0.20191606425720712 0.6396261557936669
0 0.23810650796993918 0.505791474684425
0 0.21120888691233553 0.46956402296605315
0 0.20566744235870632 0.4743693364703137
0 0.34376354394075664 0.6597886217677075
0 0.23731549343337183 0.670332514203113
0 0.2196371801521467 0.4663141414523125
0 0.36327462206068245 0.7103888845962026
0 0.26971945186833973 0.5249912263258644
0 0.24893692419256852 0.5147069828665775
0 0.2621883458822318 0.5049795262839483
0 0.25167743796887604 0.5572197036250778
0 0.4357237087805634 0.7196700889779174
0 0.4228680896694246 0.7036754689786745
0 0.39356507984516415 0.711792272977207
0 0.30934996457527514 0.6944571824177451
0 0.2567601962338971 0.6094942847671716
0 0.33626895219735475 0.7044193265230759
0 0.21850419635682003 0.6201255578709686
0 0.25419193518388533 0.6308552432967269
0 0.22942327513642932 0.6472472832902618
0 0.39995034735487855 0.7285458645094995
0 0.25252588166166906 0.5682301352853361
0 0.3068982989567777 0.704671745714934
0 0.3370193876326084 0.7145803520213003
0 0.28173546922271664 0.6812862606152245
0 0.20917749987996143 0.6537615058862645
0 0.26672910562837904 0.6848931127268335
0 0.21965614949231563 0.658296263412289
0 0.2619344659311616 0.6543875366449357
0 0.2455093450844288 0.53923901202886
0 0.269985092115467 0.5951157396902209
0 0.26856367707090534 0.5997700067965881
0 0.2640836470072036 0.5835319113472234
0 0.18129283039952102 0.45772007820398913
0 0.14195335462041522 0.45785856596801594
0 0.1149125428384413 0.46615854527639305
0 0.09946493363088887 0.47708200138548146
0 0.09647253759043373 0.48874915922465534
0 0.12162748080394838 0.5163926756252413
0 0.12858657085377237 0.5657973440444988
0 0.1479094842367846 0.5422441092522248
0 0.16683169636551454 0.5432854474886604
0 0.1887473120637562 0.5346562325306561
0 0.20750399411696455 0.5217288173411203
0 0.21958193976594054 0.5099201177773268
0 0.22639961095283861 0.5008297547698021
0 0.14706659932499347 0.5515867356372917
0 0.2744802698573988 0.602336891837742
0 0.2513343569539163 0.544290667966656
0 0.27744805092073005 0.5936537028006885
0 0.2952270302516611 0.5959205206321634
0 0.2828746719042892 0.5947595481639323
0 0.28372099631182524 0.6041885580057683
0 0.2981813486422534 0.5966906484702359
0 0.30611873203483614 0.5976446372011434
0 0.2193100806325674 0.4857937979309455
0 0.2279731976273267 0.4881544159806293
0 0.23156625469741615 0.49199713980374127
0 0.12912295847807242 0.5052009384269299
0 0.11311971436700095 0.5006633450803549
0 0.289106551800733 0.5194466362180917
0 0.41578661958160607 0.399086294128843
0 0.33631359615727613 0.5820634860707365
0 0.464937013776406 0.276407216878041
0 0.36628167938603007 0.44305682920891304
0 0.38832717947661877 0.4345418105630771
0 0.4084580616782541 0.42391388746707337
0 0.4300255066026812 0.39978671064195426
0 0.34537979425943416 0.4474892478922139
0 0.35474734777665656 0.37303587003894473
0 0.3320164847309175 0.3873172648898933
0 0.3808330741265546 0.36537114569674367
0 0.40273199611059995 0.36615352054005085
0 0.4570501458061778 0.40172223607483115
0 0.5033572930032792 0.6746150395144587
0 0.4204841369520063 0.3894680166374082
0 0.5266478905535262 0.3488797584953515
0 0.47331757098436356 0.37483128723890885
0 0.4189672845861186 0.5114157793962437
0 0.38152045213981817 0.6150931605826253
0 0.3912961938944848 0.6283780761387037
0 0.4126356245706911 0.612257932126522
0 0.43581956301046454 0.6120564018902571
0 0.4130434306419414 0.623163002146327
0 0.43196454838566156 0.6203151838934939
0 0.4844840502609377 0.6206403995337694
0 0.3184987105753111 0.5792682707309723
0 0.30898770576585893 0.5624700851414515
0 0.41864452786419704 0.33333620535938635
0 0.34916039070357446 0.4855258752146493
0 0.375148490962127 0.5477177415205084
0 0.3731404508099608 0.5358761028103206
0 0.48651522883902426 0.4785011581752611
0 0.29758584685623646 0.5397758235102115
0 0.3470302658236545 0.33770364947293113
0 0.38407891583831416 0.3297582100590934
0 0.4128670088298943 0.2614785537771557
0 0.26487936913643195 0.40171598792076113
0 0.3181311014391806 0.40640257091625875
0 0.48718349854259385 0.5990679386517276
0 0.6188381194420483 0.5075964900462524
0 0.3671286638988101 0.5638974689271139
0 0.3539976419314094 0.5751746858591619
0 0.46800250778703584 0.6151675774999287
0 0.46270307866127597 0.6172156631946564
0 0.3881535023126913 0.31180999016632205
0 0.3838309247208678 0.5527811458577281
0 0.3073067477620814 0.35934473097972247
0 0.2991019348897364 0.34371046274900435
0 0.283440156272896 0.2718621132814366
0 0.4004094679232525 0.29116909633512084
0 0.28826651576420537 0.3141561486474846
0 0.4280199331595846 0.31812975649600445
0 0.447966854452439 0.30078911894689436
0 0.3868793602222982 0.622073797752028
0 0.41297992156899493 0.6179831421893576
0 0.4340202898273002 0.6161648826106735
0 0.3652143586912881 0.5682738879452581
0 0.4652758214784705 0.6162880694088728
0 0.4595760211510503 0.6253781519506288
0 0.46003264026797336 0.6182113789993784
0 0.34900432792694674 0.5658580493019975
0 0.43012841353597847 0.6227570435275203
0 0.41260206343039224 0.6261892589537994
0 0.3939825790407865 0.6318412674509961
0 0.4378140883763199 0.6777573156615962
0 0.4294196689582389 0.6710556796063547
0 0.42072062834125495 0.6628657052050466
0 0.41188442480304965 0.6538368265266004
0 0.4054868584903686 0.6475430811876836
0 0.4374121885098841 0.6318542935278104
0 0.44350026969028555 0.6332169208837592
0 0.45175895062477694 0.635787015699822
0 0.45959943751602067 0.6388785587056823
0 0.4372680771124104 0.5836363069389178
0 0.591980243668608 0.4098316700562187
0 0.448406206605875 0.625550233281177
0 0.4535483222292817 0.6253559639920359
0 0.3518289182659077 0.5837110666477162
0 0.3860953636467457 0.5637883677430775
0 0.3528347102034351 0.5796705832947855
0 0.3785055082939241 0.48487785905599595
0 0.4207367488061604 0.4816413464105648
0 0.3839523146009963 0.5403380638879278
0 0.3537033739621225 0.25849028449991474
0 0.3483415127772352 0.2939611330628395
0 0.344369520554724 0.3200402114054431
0 0.4749379556464112 0.6398971168891243
0 0.25186324022386386 0.37517753781183905
0 0.23537441922108765 0.3397873387388561
0 0.21943501423558462 0.2935826289265052
0 0.4243465169616368 0.4118248935302962
0 0.49026080496285274 0.40215656848057457
0 0.33015130525049957 0.44920270676198215
0 0.4310922019345605 0.363949558203635
0 0.32555457552813966 0.4823088393587133
0 0.35461793240645656 0.5493034638140513
0 0.5224769634559102 0.39988453086951503
0 0.4828197512289752 0.4228054244233214
0 0.45740510871552903 0.4433233184335024
0 0.4128869856991198 0.4607406322074973
0 0.37735404155176616 0.46826897227893705
0 0.34867893078404927 0.4714258326460486
0 0.2763286513964767 0.477163087155508
0 0.5419822743405467 0.43975789734850756
0 0.44684523141578486 0.35179521574274353
0 0.32203079476628615 0.5879423913748368
0 0.35591083538273105 0.505933390363403
0 0.5442636675484802 0.3328720656749995
0 0.32415699375712353 0.4709649338994337
0 0.39007100381928944 0.5377231568745945
0 0.4305706840494405 0.384265657093214
0 0.35116248990854493 0.5353064768340277
0 0.6095347698453976 0.4552243847237981
0 0.3264779411661236 0.4430004244265349
0 0.322909881239352 0.535724028037942
0 0.5799762645493383 0.5900768605263337
0 0.5977932694165603 0.5992749847147776
0 0.57607566792032 0.4217258181908856
0 0.5961692715468614 0.550909909411617
0 0.4877387165375378 0.32153794535476227
0 0.5192057945482109 0.685304369032383
0 0.3264548027402033 0.5899798505332159
0 0.384514932723149 0.5090514218029769
0 0.49697087899498316 0.36748364502968994
0 0.3984345372604287 0.41584926568295644
0 0.38126308057943115 0.4255148484007172
0 0.4655601531267166 0.6256233413582263
0 0.5601654639062674 0.47527273229282835
0 0.4975696639360293 0.7179977339246999
0 0.5515169734540193 0.6675886864247529
0 0.5738217906783456 0.6389547207433245
0 0.3631823462960513 0.43247362482159035
0 0.344962190836668 0.4377586594418339
0 0.33304030796431977 0.4418027109426001
0 0.4620624291508094 0.338932229772858
0 0.33659778883599717 0.4199947678848453
0 0.3507427672005218 0.4053988929999911
0 0.3680150462719409 0.3957593780172908
0 0.38800619461614155 0.38974458704824033
0 0.40279307321685814 0.3886504900844201
0 0.5065588034365488 0.29910199269652366
0 0.40906619231985963 0.40698369598906975
0 0.40947031569869624 0.5836524804649146
0 0.36352726865721785 0.5623461192716723
0 0.36432960921007657 0.5962425264975298
0 0.5618751364881578 0.6259847059198048
0 0.5420122222731942 0.6552780777863835
0 0.48852288682499656 0.7125729650259018
0 0.6136800918080236 0.5568634186101996
0 0.3289503479862343 0.43493971358174865
0 0.3071847672614714 0.49943939246561214
0 0.5268441155228926 0.6947428835474927
0 0.5932335403302441 0.46254991688158203
0 0.42249596402373 0.6393324146452157
0 0.42959966923555604 0.6430699326421904
0 0.43865516668428545 0.6488954559616421
0 0.4477240746921819 0.6555703231174013
0 0.45995238536725874 0.6594520316823669
0 0.4485803354207588 0.6182971391988837
0 0.45181575441813987 0.6154561144502266
0 0.45448383032951667 0.6125045238629632
0 0.46393049224887206 0.5891623863059542
0 0.5301882086888604 0.5045303447738938
0 0.299945549391534 0.4786532017847766
0 0.29628085353128286 0.4353244502907214
0 0.3129770691790011 0.4315081214127333
0 0.44558377029455226 0.6203652314517809
0 0.5632922782198243 0.5395612983599953
0 0.27210529804553674 0.44496776714273123
0 0.4830895605618539 0.6657200988220132
0 0.2836718532135305 0.49958526582821555
0 0.34005736567727896 0.5197421848126079
0 0.4556751465829818 0.6888595219539559
0 0.5104033953469732 0.6160784368281779
0 0.4174945897868146 0.542175114673117
0 0.5012954021601573 0.6417155634449876
0 0.46610209953201853 0.5171213880181312
0 0.44781951201350795 0.5507104982500491
0 0.5043129864270273 0.534806717997012
0 0.473977849940243 0.702132408644842
0 0.36200715050749155 0.5216822600235109
0 0.5394595258099877 0.6166207329734512
0 0.5229945901943289 0.6461450216562852
0 0.5116423781475296 0.5892719237700753
0 0.5737357685423415 0.5056744581331377
0 0.5445135000121334 0.5752280366809471
0 0.6025194145091202 0.5040307105883308
0 0.4796351603353801 0.5652569799967434
0 0.33149270859101543 0.5023355131563934
0 0.35241460532921814 0.5608064556899278
0 0.37160066847244033 0.5569387080876723
0 0.33174778715423914 0.5551768844542296
0 0.2981835547834635 0.40798795041830643
0 0.32249366751183633 0.37787815828038296
0 0.35167292497404246 0.3605110946232858
0 0.3815361904385297 0.3523632212501505
0 0.4083713099522435 0.35296109636192735
0 0.4489179271394792 0.3807734843181527
0 0.5546052932091381 0.3836924941319486
0 0.4498734468513209 0.4154653859527215
0 0.43006268095063127 0.43180183139832123
0 0.4006812923142444 0.4456837495060071
0 0.3708891097618186 0.45461792424321174
0 0.34602586358137755 0.45904434407534805
0 0.3270437208449711 0.46059485233348346
0 0.5699507945581622 0.3697923924935901
0 0.3764671380429164 0.5599752798028614
0 0.31329819300900336 0.5178526869286662
0 0.33454260327245877 0.5701856361135192
0 0.33351061557946 0.5804395581069199
0 0.3398323045314654 0.5713840351804443
0 0.37600009621161484 0.5659553085980208
0 0.32875186476208595 0.5841040926782981
0 0.33271584886571637 0.5864047533791998
0 0.3180751662053492 0.447121339129365
0 0.3078832628367388 0.4563696511089802
0 0.300327159707313 0.4637428468660168
0 0.4124284557512273 0.388922978160174
0 0.42019358641751436 0.3713925431927909
0 0.17334082046442706 0.4916891260639481
0 0.19510720026395892 0.48161217797061673
0 0.16215855077556943 0.47496640134764756
0 0.1516383145328449 0.5016244077812071
0 0.18423260910355527 0.5081682662601056
0 0.3761379539804614 0.40747183107811474
0 0.39736791141331196 0.3974537963776485
0 0.3643865172305833 0.3927672912893088
0 0.35508500898013945 0.41734528567480006
0 0.3879572426009437 0.4220278174980827
