0 0.7306369867175817 0.5542284246534109
0 0.7208823826164007 0.49056837279349563
0 0.7202786341309547 0.5105671366676688
0 0.6688112407922745 0.415449164994061
0 0.7138690078631044 0.46705185901373625
0 0.7009984631091356 0.434205667860806
0 0.6647564800456166 0.3502514353953302
0 0.48562997225672005 0.3866582904011011
0 0.6389188963919878 0.2774999660439789
0 0.6281687937676906 0.24362931502982973
0 0.5864293551072478 0.13062878251075744
0 0.7338588561862707 0.5623649913817644
0 0.7368647139519453 0.5715513341128826
0 0.7385960463434458 0.5778817690908908
0 0.745119346305728 0.596450767852366
0 0.7494804169982672 0.6064606878906489
0 0.7543119890615344 0.6192114610224962
0 0.7587665967643261 0.6320695910602808
0 0.7590644577518105 0.6449858453124762
0 0.7224814536049962 0.5013516083359718
0 0.6971707329154014 0.5075234366580844
0 0.3396749200299382 0.31093853432685137
0 0.5553990592248738 0.39468696508556605
0 0.5340987950563431 0.40116332806646826
0 0.511320632044226 0.4048575500026345
0 0.47510165479034183 0.3980042646639049
0 0.5717272521927953 0.3849528674967587
0 0.5018601925112307 0.32120171869173647
0 0.5284202501177788 0.3177813433110714
0 0.47833019541576505 0.333035821095109
0 0.46395237408578394 0.34944148352369664
0 0.4562589813955128 0.4195703035220504
0 0.6786002743989229 0.69878812097013
0 0.4734930963255465 0.38155264211818574
0 0.3632486932910979 0.41828053873032334
0 0.4180551149882376 0.40743036977946756
0 0.5761961527168751 0.49823060147464276
0 0.7030533906072378 0.5606518501415849
0 0.7137836029753089 0.5800757935270667
0 0.6801365414634347 0.58012078627944
0 0.6676536278799177 0.5963599178940058
0 0.6950297668576241 0.590495464578271
0 0.6821889342740178 0.6005283955484628
0 0.6372717719525098 0.6396953480318188
0 0.7012396104633808 0.4961352482438087
0 0.6903744611889124 0.4745604207739234
0 0.420387555565685 0.33271362688392403
0 0.6040747230872512 0.4215866209939122
0 0.6367239626124501 0.5045127917081118
0 0.6284945011138916 0.4910414759069681
0 0.4977000134065747 0.5151072882115841
0 0.6793092828243971 0.44329815562814473
0 0.47360932230949404 0.28380736950784924
0 0.44200574699789286 0.3044970788061619
0 0.3539085634052753 0.2635809044353664
0 0.5832130654715002 0.28044293662533165
0 0.5532099165022373 0.3254103934392333
0 0.6126649903133512 0.6250394014641643
0 0.4556801221333444 0.6255430486053228
0 0.6594212444499135 0.5126533102244138
0 0.6801914596930146 0.5129435196518898
0 0.6582347290590406 0.6202273175120354
0 0.6639996998012065 0.6177120456472039
0 0.4213729681447148 0.29175906665623186
0 0.6373987175524235 0.5140334310010075
0 0.518554718233645 0.27285729441791773
0 0.5095341349951923 0.2528640671633184
0 0.4436902580782771 0.18287860238924622
0 0.3847058440558612 0.2825065726414323
0 0.47616395289078356 0.22427419861778616
0 0.39786263247951864 0.3257702119648457
0 0.36764929806813595 0.32223788984119894
0 0.7080717198550701 0.571110462769866
0 0.6875919375568629 0.5858583707362414
0 0.6747145984321833 0.5987430930137634
0 0.6655944406986236 0.5147036707028747
0 0.6611865486949682 0.6190037451684475
0 0.6719581961631775 0.6224036823958159
0 0.6668573135510087 0.6164760828018189
0 0.6713092105463148 0.5029387040063739
0 0.6880143150687218 0.6012175709009171
0 0.7008045595139265 0.592949072085321
0 0.7179491858929395 0.5850461959838867
0 0.7277130838483572 0.6541027024388313
0 0.72993033695966 0.6399618055671453
0 0.727204879000783 0.626682192645967
0 0.7250176196917891 0.6130426788702608
0 0.7239926202222705 0.6030234968289733
0 0.691376824490726 0.6114313784986735
0 0.6881819212809205 0.6174166494980454
0 0.6844821576029062 0.6257621258497238
0 0.6819171594455838 0.6344170765951276
0 0.630488807335496 0.579856057651341
0 0.3854018446058035 0.5151234658434987
0 0.7216163154691457 0.5058782167732716
0 0.680471296235919 0.6137338301166892
0 0.6763539427891374 0.6176626482978463
0 0.6902695532888175 0.5191525606438517
0 0.6480937963351607 0.5245740843936801
0 0.6854754734784365 0.51605328861624
0 0.5828843833878636 0.4426181187853217
0 0.5478072652593255 0.47095832489430905
0 0.626680756174028 0.5018213359639049
0 0.3857574401423335 0.22051014117896556
0 0.41806141650304196 0.24899016236886382
0 0.4583834191784263 0.2663732748478651
0 0.6627274978905916 0.6486256889998913
0 0.5684282155707479 0.24614767422899603
0 0.53853919794783 0.207833587564528
0 0.5089744091033935 0.1550349631346762
0 0.48999845338985326 0.40459681432694194
0 0.4313958970829844 0.4446666268631816
0 0.5819387161172926 0.37572365198284385
0 0.4403145471587777 0.36795703023672105
0 0.6168087643571198 0.40165413189679383
0 0.650125453993678 0.4926627792418003
0 0.40589722227305175 0.4653260391205549
0 0.45831698924303055 0.45758078172802924
0 0.49633932625874877 0.45817095655947926
0 0.5420948892831803 0.44237882979214194
0 0.5716474095359445 0.4243967950344086
0 0.592672026436776 0.40708602908998726
0 0.6427864775061607 0.36234059277921915
0 0.42826650850474834 0.5163254680112004
0 0.41643970934674146 0.36796995587646963
0 0.7102850653231144 0.5045347735285759
0 0.6171325178816914 0.4470046445727348
0 0.34682752657681704 0.4123918395489454
0 0.6081465753726661 0.3892304515466094
0 0.6222585009410977 0.5022531099617481
0 0.46017292616888883 0.38461538068950174
0 0.6412713328376413 0.47586883306503297
0 0.41444056257605555 0.5701375408098102
0 0.5780828051269055 0.36774663869291546
0 0.6588717805221677 0.45699851047247647
0 0.5469520370475948 0.6759756429120898
0 0.5495772516354919 0.6949718052521348
0 0.3963464844971895 0.5202098697423935
0 0.5010903867892921 0.6522557355463505
0 0.36316077131778 0.3671316416934133
0 0.6788600798696279 0.7193703498691321
0 0.7120005207136273 0.5080367162823677
0 0.6001181814819574 0.47059229053556917
0 0.39235296109691264 0.41781920865178107
0 0.5117694477550685 0.3902204155921936
0 0.5310919515788555 0.3884337546303868
0 0.6680413998663426 0.6274903744459153
0 0.4496753241866827 0.5614059418439865
0 0.7301352594047785 0.7339034616947174
0 0.6438455192372203 0.7246255692094564
0 0.6020372215658426 0.713826485350728
0 0.6079338200390338 0.18905152156949043
0 0.7798756856471301 0.7217904083430767
0 0.548135120049119 0.3835993595421314
0 0.5629944087937474 0.3766083585098386
0 0.5728721388615667 0.3716319460421801
0 0.3914638666436076 0.36762413326650856
0 0.5549116423353553 0.3483284583315253
0 0.5342260574921965 0.3433256594464183
0 0.514560314733535 0.34692013990134
0 0.49620359726250174 0.35659226439893243
0 0.4852766121737659 0.3668775334954262
0 0.33741021193563936 0.35800350550562143
0 0.49719796925783155 0.38910909872502086
0 0.7253880713135004 0.528166094981134
0 0.6500970443710685 0.5607664108276367
0 0.6593612568452955 0.509380241855979
0 0.6943172380328179 0.5401159312576056
0 0.6503459718078375 0.31381603283807635
0 0.5932608132250607 0.6950922936201096
0 0.6345859184861183 0.7075619135051966
0 0.7278758671134711 0.7229351095855236
0 0.5024383476935327 0.6675600634887815
0 0.5705161996185779 0.36002004938200116
0 0.6411686075851322 0.4070669699460268
0 0.7786520652472972 0.7101375736296177
0 0.6860511643812061 0.7328614246100187
0 0.4225303522311151 0.5698613684624434
0 0.7059778919443488 0.6078197736293077
0 0.7041192619130016 0.6163253385573626
0 0.7030106529593467 0.6278646828606724
0 0.7035509286448359 0.6402022060006857
0 0.6929887449368834 0.6545469904318452
0 0.6724676331505179 0.6095520563423633
0 0.6662495518103242 0.6099129863083362
0 0.6604637051001191 0.6094671752303839
0 0.6175747152417899 0.602318843640387
0 0.49373188968747855 0.5687374964356422
0 0.6294897532090544 0.38023019274696707
0 0.5920942584984005 0.3370798791758716
0 0.5772480832412838 0.3460510758683085
0 0.6777581948786974 0.6088429985567927
0 0.5076831618323923 0.6215571764856577
0 0.6175455663353204 0.32748701684176923
0 0.6839579701423645 0.6762133264914155
0 0.6887660259380937 0.4059163821861148
0 0.6561186874285341 0.39067944046109915
0 0.6772755481302738 0.37941190507262945
0 0.6375192560255527 0.4506291750818491
0 0.7735541749745607 0.690468043088913
0 0.765646125935018 0.6660054054111242
0 0.7265021720901131 0.6769688177853823
0 0.6141292828135192 0.6530996069312096
0 0.6065160320140421 0.5261286601424218
0 0.6469358313828707 0.6681626288220286
0 0.546741851605475 0.5373276155441999
0 0.5918433772400021 0.5555938497185707
0 0.537906282953918 0.5792951507493853
0 0.7264149013906718 0.7027837079018354
0 0.6261267509311438 0.46760650891810657
0 0.5963023150339722 0.672630207426846
0 0.6369020596146584 0.6868160147219896
0 0.585755973123014 0.6321678094565868
0 0.47029826352372767 0.5979081131517887
0 0.5516913570463657 0.6409768387675285
0 0.4547788999043405 0.6142274742946029
0 0.5833810237236321 0.5905374523252249
0 0.6291178230196237 0.4264255853369832
0 0.6628892954438925 0.5015787126496434
0 0.6479779399931431 0.5105123056098819
0 0.6689951112493873 0.48309480082243683
0 0.5669992150738835 0.3121637120842934
0 0.5254104319028556 0.3021702578291297
0 0.49175770254805684 0.307943120226264
0 0.4649833758361638 0.3222423356026411
0 0.44723940147086977 0.3421440336853266
0 0.4421022763475776 0.39540260918438436
0 0.3759165686555207 0.4699320949614048
0 0.4750214248895645 0.4266977647319436
0 0.5037037376314402 0.42764158342033626
0 0.5358321692794561 0.4200709868222475
0 0.562920656427741 0.40788461957126854
0 0.582269792072475 0.3948341280221939
0 0.5956772681325674 0.3829106781631708
0 0.3644624917767942 0.4629298560321331
0 0.6488988060504198 0.5157618442550301
0 0.6516931934282184 0.4309132110327482
0 0.6820343183353543 0.4982786815613508
0 0.695851568877697 0.5047272173687816
0 0.681860164180398 0.5015207530930639
0 0.6561559684574604 0.5200661234557629
0 0.7020137462764978 0.5055288951843977
0 0.7038451284170151 0.5091774245724082
0 0.5874952968209982 0.36522605661302804
0 0.6040195760317146 0.3652909317985177
0 0.61661681458354 0.3657178895547986
0 0.4790359826758504 0.37454589568078517
0 0.45617769537493585 0.36625401545315983
0 0.7085043769329786 0.40251829735934735
0 0.8128357412293553 0.27341379672288896
0 0.7401234067976474 0.4928876606747508
0 0.841533438116312 0.15530689554288984
0 0.758135037124157 0.3193153779953718
0 0.7804710907861591 0.3136344152502716
0 0.8007250746712089 0.3054700830951333
0 0.8223064955323934 0.2783091357909143
0 0.7381131179630757 0.32109018359333275
0 0.7611538499593735 0.23061887649819254
0 0.7372547037899494 0.2445912460796535
0 0.7860315615311265 0.2257112910039723
0 0.8050383735448122 0.2307679124176502
0 0.842086985707283 0.2892634919844568
0 0.8407515926286578 0.6402283865958452
0 0.8172306781634688 0.2610376613214612
0 0.885049868747592 0.2551880683749914
0 0.8546317527070642 0.26012465422973036
0 0.8076857138425112 0.4219440519809723
0 0.7547572139650583 0.5423143602907657
0 0.7584573648869991 0.5642676949501038
0 0.7823272917419672 0.5434004021808505
0 0.7998222330585122 0.5488266598433256
0 0.7772488340735435 0.5611084463074804
0 0.7912667825818062 0.5612889524549246
0 0.8356443732976914 0.5694075714796781
0 0.7383558142930269 0.4835502032190561
0 0.7349130749702454 0.4599069029092789
0 0.8181496784090996 0.197306477278471
0 0.7426128219813108 0.37654521223157644
0 0.7774166867136956 0.456435545347631
0 0.7731689728796483 0.4421970475465059
0 0.8681899722665548 0.39382623685523865
0 0.7218895688652992 0.4293520078063011
0 0.7620218044146896 0.18854472534731032
0 0.7929359095171093 0.1860757634975016
0 0.8139672327786684 0.1224332682788372
0 0.6798780033364892 0.24892567824572326
0 0.7208848116919399 0.26568358493968847
0 0.8445514060556889 0.5436610143631697
0 0.9175899054855108 0.471144799888134
0 0.765183087810874 0.47579230833798647
0 0.7513487281277775 0.4887959958985448
0 0.8183384422212839 0.5625999169424176
0 0.8119373001158238 0.5642367392778397
0 0.795347031019628 0.1664925342425704
0 0.7792550392448903 0.46556294057518244
0 0.7251983569934964 0.20646287286654114
0 0.720468383654952 0.1860490889288485
0 0.721880204603076 0.09982327818870544
0 0.8139364644885063 0.15044911904260516
0 0.7279520837590099 0.14929042188450695
0 0.8235152950510383 0.1822544257156551
0 0.8405289977788926 0.17537952903658152
0 0.757681680098176 0.5535805784165859
0 0.7804125465452671 0.5526732726022601
0 0.7960937429219485 0.5550160242244602
0 0.7611558213829994 0.4814964672550559
0 0.8151376951485872 0.5634705863893033
0 0.8107640214264393 0.5722154814749956
0 0.8089211275801063 0.5649838741868735
0 0.7567083600908517 0.4734323911368847
0 0.7863710336387157 0.5655759837478399
0 0.7736005034297705 0.5667449720203876
0 0.7575183335691691 0.5709121324121952
0 0.7858751149848103 0.6334698824211955
0 0.7838871102780104 0.6203614313155412
0 0.7777873143553734 0.6082999158650637
0 0.7704272858798504 0.5964807355776429
0 0.763852764107287 0.5886094737797976
0 0.7897675149142742 0.5757231049239635
0 0.7966471144929528 0.5780912138521671
0 0.8050939958542586 0.5821587562561035
0 0.8125949811190367 0.5871289117261768
0 0.8146828243508935 0.5160441501066089
0 0.9038625307381153 0.3492192983627319
0 0.7977945886552333 0.5710760492831468
0 0.8041106075048446 0.5713420951738953
0 0.7473935946822167 0.5000499058514833
0 0.7756115667521953 0.48109536077827214
0 0.7493683978915214 0.49467522725462915
0 0.7688473658636212 0.3819347511976957
0 0.810593387670815 0.3852850029245019
0 0.7781797684729099 0.45063180960714816
0 0.7771169951185584 0.102290840446949
0 0.7785582818090916 0.1399997066706419
0 0.7606091033667326 0.16747043710201978
0 0.8246250305324793 0.5909211874008179
0 0.6729511952027678 0.2139156979508698
0 0.6732884494587779 0.16780160516500472
0 0.660695699416101 0.10975687932223081
0 0.8165433201938868 0.29336396595463154
0 0.869647628813982 0.2986672859638929
0 0.7244654450565576 0.3202556977048516
0 0.8257869383320212 0.23492968026548625
0 0.7236790230497718 0.36704729571938516
0 0.7657029803842306 0.45353764984756706
0 0.8934287007898092 0.31016357224434615
0 0.864475317299366 0.32282855864614246
0 0.8428389430046082 0.3434590734541416
0 0.8014711881056428 0.35477818790823223
0 0.7680682310834527 0.35564939249306915
0 0.7421332731842994 0.3533763322979212
0 0.6873161494731903 0.34815527945756913
0 0.9072759803384542 0.36167829781770705
0 0.837066825851798 0.22552936468273402
0 0.7331172840669751 0.49680310040712355
0 0.7499420821666718 0.40315754022449257
0 0.8782750714570284 0.24581168992444874
0 0.7209777150303125 0.34772583125159146
0 0.7781559001654387 0.44980703853070736
0 0.8242924232035875 0.25822954550385474
0 0.7594833852723241 0.4363442437723279
0 0.9142652051523328 0.4072590021416545
0 0.7218697138130665 0.3114838398993015
0 0.7409210236743092 0.4299212710931897
0 0.9034248746931552 0.552084538526833
0 0.9021099351346493 0.5707620467990637
0 0.9170863475650549 0.3535918899811804
0 0.9179502535611391 0.5105610443279147
0 0.8624493978917599 0.21180282924324273
0 0.8493775567039847 0.657450196146965
0 0.7302655141800642 0.501974550075829
0 0.7741210296750068 0.4132032321766019
0 0.8716429207473994 0.2580527853220701
0 0.7947711288928986 0.2917234799824655
0 0.7763658475130797 0.29983036713674666
0 0.8169430263340474 0.5736330207437277
0 0.9146139711141587 0.40885844714939595
0 0.8213288102298975 0.7003190271556378
0 0.8657596997916699 0.6431552207097411
0 0.8825784428045154 0.6121892984956503
0 0.757301476970315 0.30461098086088895
0 0.7387983636930585 0.30800828356295823
0 0.7273413648828864 0.31112253945320845
0 0.8464808665215969 0.21480303900316358
0 0.7351632345467806 0.28513726964592934
0 0.7505695933476091 0.26862682309001684
0 0.768928194232285 0.2582926094532013
0 0.7890819523483514 0.2539074832573533
0 0.8029027232900262 0.2558585344813764
0 0.862167202681303 0.19455385114997625
0 0.8060471087694168 0.2826732886955142
0 0.7935698982328176 0.5114328252151609
0 0.7650856079533697 0.4724254673346877
0 0.755150336958468 0.5192367419600487
0 0.8855917286127806 0.5914463635534049
0 0.8675400361418724 0.6235128175467253
0 0.821353805065155 0.6889209181070328
0 0.9132061634212733 0.5265736479312182
0 0.7257143771275878 0.30220166631042955
0 0.7163101935759186 0.38263364136219025
0 0.8473668102174997 0.6733623996376992
0 0.9245306544005871 0.4065233521163464
0 0.7786432290449739 0.5814798720180988
0 0.7860790869221091 0.5865862406790257
0 0.7945339595898986 0.5946599081158638
0 0.8021868500858546 0.6044082280248404
0 0.8087440866976976 0.6131427496671676
0 0.8020782457664609 0.562609425932169
0 0.8073983788490295 0.5589098114520311
0 0.8117298781871796 0.5549371119588613
0 0.8322902072221041 0.5273915033787488
0 0.8947562081739306 0.43557739108800886
0 0.7048099994659424 0.35615295730531216
0 0.6974668689072132 0.2969829392619431
0 0.7118372797966004 0.2953954113647342
0 0.7967450167983771 0.5655195884406566
0 0.9062005687505007 0.48638503476977346
0 0.6783264225348831 0.30401329351589085
0 0.8248813860118389 0.6253684701398015
0 0.6988802388310432 0.3768857246264815
0 0.7437217829748988 0.4155688300728798
0 0.798602731525898 0.6508107395842672
0 0.8573561193421483 0.5678255802020431
0 0.802082329429686 0.46066564619541167
0 0.8437192540615797 0.597961050644517
0 0.8489403583109378 0.4369147831574082
0 0.8279962353408337 0.47607737220823765
0 0.8740831207484007 0.46617303900420665
0 0.8133973505347967 0.6713874524459242
0 0.7576708724722266 0.4236984811723232
0 0.8770793678238988 0.5737359730526805
0 0.8587288990616798 0.6073330450803042
0 0.8663815431296825 0.5351451994851232
0 0.9170619864016771 0.44914231486618517
0 0.8903029030188918 0.524246415309608
0 0.9259848609566689 0.4579916030168533
0 0.8498127836734056 0.49970256015658376
0 0.7326252730563283 0.39248439902439713
0 0.7625770417973399 0.46716510243713855
0 0.7736620752140879 0.46710796616971495
0 0.7516301840543747 0.45537144411355257
0 0.7046884400770068 0.2636096372269094
0 0.732760245166719 0.23144198041409253
0 0.7624935379251838 0.21556192636489868
0 0.7893729133531451 0.2111909813247621
0 0.8106686538085341 0.21676454599946737
0 0.8369499485939741 0.2602786504663527
0 0.9041162107139826 0.30312354434281585
0 0.836499759927392 0.3051484651863575
0 0.8181938242167235 0.3220177011564374
0 0.790176585316658 0.33215033244341613
0 0.7614412905648351 0.336161932349205
0 0.7382887506857514 0.33667722903192043
0 0.7215183779597283 0.33498310577124357
0 0.8900222215801478 0.29664792232215403
0 0.7734500415623188 0.47279763519763945
0 0.7268610063940286 0.40623454228043554
0 0.7510331243276596 0.4746969221159816
0 0.7416782967746258 0.48903400879353287
0 0.7503782596439124 0.4779401462525129
0 0.769231723062694 0.4811046227812767
0 0.738979558646679 0.4929313361644745
0 0.7363831233233213 0.4979939881712198
0 0.7142952578142285 0.3154320053756237
0 0.7052143173292279 0.3258391830138862
0 0.7006006931886077 0.333687330968678
0 0.8111619321629405 0.2585068704560399
0 0.8180992662906647 0.24048918727785348
0 0.5411389952525496 0.36136067286133766
0 0.5642924504354596 0.35544768664985893
0 0.5331746726296842 0.33702189903706314
0 0.5167305177077651 0.36767838802188635
0 0.5487018339335918 0.3858854277059436
0 0.7791484415531158 0.27475890712812545
0 0.7998824318870902 0.26722694337368014
0 0.770014307834208 0.2543300775811076
0 0.7580615311861039 0.2823376748710871
0 0.7881777729839087 0.2953252259641886
