0 0.62879096408901 0.5394816908499469
0 0.6457549881028093 0.47537825088138164
0 0.6310364973285923 0.49641759667707525
0 0.58643204945585 0.4108773870312649
0 0.6408210869716562 0.4540695165810378
0 0.62486751669127 0.426160246004229
0 0.5768223719104476 0.3562594411165818
0 0.35354616501085134 0.3915618576109409
0 0.5467913102196611 0.2905072265992994
0 0.5375834475068942 0.25944068723398706
0 0.49544905514820764 0.15556112080812454
0 0.6314581148326397 0.5467025383659031
0 0.632888599096433 0.5548579960413601
0 0.6327150324764459 0.560721912720929
0 0.6377106185840524 0.5780288478602533
0 0.6430562703829744 0.5877227647149045
0 0.648361178357964 0.5999816063953483
0 0.6520336079208747 0.6120527047825897
0 0.652550340346668 0.6202794124250827
0 0.6428444783972658 0.48617269487484643
0 0.6098858642837276 0.4931360658744107
0 0.19024127899952556 0.3189891974563184
0 0.43574853751646436 0.3937804099334323
0 0.41028877072360204 0.40178920587767725
0 0.3840275304796903 0.40640077305876693
0 0.3432766169147647 0.4011309390482695
0 0.4568404007865035 0.3832853378809017
0 0.3793282599552818 0.3332762401065101
0 0.4108060896396637 0.32993024769036666
0 0.35049029196734016 0.34355743277979933
0 0.3325216101239557 0.3575212240219116
0 0.32396837404888607 0.4198940592615501
0 0.5593349570813386 0.6686320964408957
0 0.3406061024769493 0.3870720553657283
0 0.21493251929464546 0.4183224536802458
0 0.285224878674616 0.4091067920560422
0 0.46643807253111963 0.48574216158493705
0 0.5997531409172908 0.5435053533186083
0 0.6080360049786775 0.561070430861867
0 0.5722514737559401 0.5603899677810462
0 0.554800593820603 0.5749820424162824
0 0.5858419022482374 0.5699641358593236
0 0.5689025108257065 0.5791688103390776
0 0.5191520593412544 0.6131427256957345
0 0.6244384818103003 0.48014974205390265
0 0.6153650633666826 0.4604210109166477
0 0.28899437237692915 0.34212838262319567
0 0.4981559147329434 0.41992147163204524
0 0.540530699102775 0.48933791732010634
0 0.5300070627228074 0.4779513143326925
0 0.3763491998872031 0.5011696661296098
0 0.6011251831508201 0.43383304619270824
0 0.35215906377719797 0.29985593625384827
0 0.3142119359387004 0.31744389443293863
0 0.21651010911749757 0.27360380081378893
0 0.4785471128542786 0.293217758834362
0 0.43952817405047623 0.33509017326261686
0 0.49457197620168974 0.5994547783680584
0 0.2902008518576622 0.6058174448168796
0 0.56333530370308 0.4972725962815077
0 0.5867294345213019 0.4979609020378279
0 0.5354046361601871 0.598022528251876
0 0.5419404147111851 0.5959229108432065
0 0.2937927597566791 0.3063972640296687
0 0.5376078386021697 0.4982861141147821
0 0.4045448057839404 0.2899022307732831
0 0.3962735162804956 0.27270326190020727
0 0.33419402162341966 0.1985380577004474
0 0.2579131308619095 0.2910535503340804
0 0.3726103934256927 0.23726433845965758
0 0.2664836339004662 0.3361584788431292
0 0.23015844489893186 0.32896060444738556
0 0.6039639685464941 0.5528901133848273
0 0.5793010867808176 0.5655454541030137
0 0.5617732731220515 0.5771998918574789
0 0.5691969979392446 0.49943961630696837
0 0.5388623757854752 0.5969966175115626
0 0.5520144200519376 0.5996003487835759
0 0.5451022182469782 0.5948462076809096
0 0.58258256883077 0.4880858267778936
0 0.5737388820751853 0.5801576903332835
0 0.5903483554720879 0.572477047469305
0 0.6103801720816157 0.5658917896125628
0 0.6184188836942548 0.6276308848806049
0 0.6209631129775358 0.6177521472391875
0 0.6189901252155718 0.6054812455954759
0 0.6166752481266208 0.5923799821864004
0 0.615200673594423 0.582850613542225
0 0.5756503228584061 0.589490326202434
0 0.5723015669247379 0.5950661725324133
0 0.568234360412411 0.6026468582775282
0 0.5649457369809565 0.6104279021853986
0 0.5221794186078984 0.5570840580955796
0 0.21779698951412801 0.5075522352171981
0 0.6375605460742245 0.4915755954125653
0 0.5612867966942165 0.5918186019944108
0 0.5569572910342527 0.5953690033891926
0 0.5975512149541274 0.5035035279781922
0 0.5462715763436712 0.5082493084928263
0 0.5925006367590117 0.5008089030566423
0 0.473181261640528 0.43792932739724283
0 0.43506230940313445 0.46205883531466774
0 0.52509220527566 0.4878405212060265
0 0.26180620151369466 0.23326072660477265
0 0.3024494768646748 0.2599364035155462
0 0.3374772631441769 0.2848454992732276
0 0.5474197517918504 0.62163634326147
0 0.4639863534628049 0.2644182706008787
0 0.443305688869694 0.22369033188923546
0 0.41023609009773837 0.174336208500292
0 0.3594063067727763 0.4069014095093893
0 0.2980705335250367 0.44197337342345194
0 0.47092179063221684 0.3743973114244316
0 0.30809377295815427 0.3734807727129563
0 0.5150232368513293 0.4024688920896986
0 0.5606887146182682 0.47821408095567125
0 0.26970118851117464 0.45878888355649033
0 0.32390655107472255 0.45352811301532
0 0.3644212988083777 0.4533904592628064
0 0.41723157352079515 0.437822267477927
0 0.4527391778386157 0.420456623253615
0 0.47860246718577715 0.40407338511684665
0 0.5516844330274541 0.36681427657604215
0 0.2921326300534217 0.5039811173210973
0 0.28416648798662686 0.37409793948349745
0 0.6295110016413357 0.48902546808771463
0 0.5136397408078546 0.44138225025456884
0 0.18297024864865385 0.4148323521018028
0 0.49800846417960914 0.3875548608277155
0 0.5169361266105071 0.4889366460883099
0 0.3271490832709748 0.3890961130352124
0 0.5488902208921702 0.46402693993371463
0 0.24701493419706821 0.5562835872821186
0 0.4683298141412113 0.36700007769724596
0 0.5745438917175584 0.44658593943585523
0 0.406163829419276 0.650300286386324
0 0.3982217334534811 0.6690805717006973
0 0.24533106888765874 0.5097421173816142
0 0.3531683617797883 0.6287348154446353
0 0.21895447980774485 0.37120891239332116
0 0.5565813852717048 0.6881991278866063
0 0.6269181626646415 0.4933792258086412
0 0.4926765776522782 0.461864914064822
0 0.2592347521820794 0.4188854985910913
0 0.3836956114872642 0.3938218059423177
0 0.40693013070394163 0.3902731802476489
0 0.5473612407627313 0.6040865811316863
0 0.3100827339550723 0.5447182304833247
0 0.6075666402669057 0.7016383662171986
0 0.5088205157738664 0.6946969325127809
0 0.4598496306039717 0.6857558385185574
0 0.5184596213309661 0.20917705394651578
0 0.6590699041667192 0.6911368757486344
0 0.4279244468425927 0.38360255930734716
0 0.4474787741251614 0.3754814503309519
0 0.46135327090387757 0.37046413567403086
0 0.25904764453678025 0.3741077243309954
0 0.4387607687841291 0.3567961649726266
0 0.41325704972057237 0.3555265578886737
0 0.3903868272090736 0.35938511724057404
0 0.3682122166551974 0.36737127300837763
0 0.35472671817178314 0.3755193319333636
0 0.17968290169601855 0.3638477845684342
0 0.3665474640286487 0.39355816996615867
0 0.6332314544073914 0.5113637385161026
0 0.5468792837599049 0.5395574170610179
0 0.5651552175050196 0.4940749303154323
0 0.5995267901731574 0.5211895750916522
0 0.5578763212846674 0.32386813698255495
0 0.4584566644676354 0.6674401577400124
0 0.5056506393720275 0.678537469584009
0 0.6107158515116443 0.690514270896497
0 0.34251019488210266 0.6438624856264695
0 0.45888825230624364 0.3626617278741754
0 0.5492482214518215 0.40542717148428375
0 0.6634673391995223 0.679804801552192
0 0.5584208947484908 0.7011206016592357
0 0.26953605700122274 0.5544380429646243
0 0.5941800343925538 0.5864208805820216
0 0.5923635360339413 0.5944246268790702
0 0.591021784297798 0.605156588424807
0 0.5909521299535814 0.6164641727571902
0 0.5807245676608189 0.6273610524509264
0 0.5541985443104869 0.5880221921464671
0 0.5478643114152162 0.5880204904338587
0 0.5418726578354836 0.5874218575332476
0 0.5042450981943504 0.5777825804508251
0 0.3640370441843634 0.5500562069856603
0 0.5330161717922791 0.3831704167892104
0 0.4855601047368153 0.3416686612626781
0 0.4678478743880987 0.3499629194969716
0 0.5592066882097203 0.5876606891984525
0 0.3695448087933271 0.5992229015282963
0 0.5149275699387426 0.33277804524354315
0 0.5670538245011931 0.6478376862795456
0 0.6084756311839041 0.4027918475477592
0 0.5697847646863564 0.39053311684857245
0 0.593360327994046 0.38091032048282414
0 0.5417667445929154 0.4432640854431235
0 0.6621051638022714 0.6618001642434493
0 0.6565942252459733 0.6397487433708232
0 0.6143950084629266 0.6487060776223307
0 0.4918827113250028 0.6264700579254524
0 0.49799476790687314 0.5100091012923614
0 0.5264183977699798 0.640455656984578
0 0.4317526930700178 0.5203673519518064
0 0.48047383688390255 0.5361781857583834
0 0.41585882404900115 0.5587601340335349
0 0.61250333585169 0.6717414583200993
0 0.5245592236194921 0.4585617419170297
0 0.4679905467707178 0.645701814993568
0 0.5127648698246997 0.6586696419378986
0 0.4634408485144377 0.6068552675454513
0 0.32770626627556654 0.5780882968202882
0 0.42114827628044976 0.6164558861566627
0 0.3017937807447236 0.5943796054824538
0 0.46690748899203277 0.5678457256244577
0 0.5308848316578761 0.4230937968777574
0 0.5745150156967018 0.4863579965803934
0 0.5528889115413894 0.4947355647449908
0 0.5877073552945385 0.4689046771629997
0 0.45750529100389586 0.32214702115110727
0 0.40971459675094357 0.31558671558032864
0 0.3699492800818837 0.32081642986639686
0 0.33755236839794595 0.3331886204040569
0 0.3157656004085489 0.35052516904214154
0 0.30963096395134926 0.3979281679443691
0 0.22644553025779518 0.46469974530779795
0 0.34294970033933286 0.4261741556551146
0 0.37478453009996726 0.42649714810692746
0 0.4116474616786708 0.4182971129598825
0 0.4437987201887628 0.4057701405623685
0 0.46804136442749394 0.392739609207796
0 0.4850202231951382 0.38154123043236526
0 0.197833223025436 0.46067741461422135
0 0.5512477392735688 0.4998832823789638
0 0.5636047442322192 0.4250440335144167
0 0.6007735304858374 0.4829120655422625
0 0.6114195708347403 0.49021888653869217
0 0.596580504561248 0.48683373623568077
0 0.5572832071262858 0.5040655740577241
0 0.619608078961787 0.4902623172039571
0 0.6176103551102721 0.4945518537707951
0 0.4789571730500978 0.36478224675292553
0 0.4966035439916279 0.3656538565521655
0 0.5101840021493642 0.3662708013601925
0 0.3469142365552809 0.38148487045065216
0 0.32305662317768385 0.3723625070698883
0 0.6270830699283144 0.4007739123442899
0 0.6969868450061135 0.30540076332247773
0 0.6560770098281943 0.4806058010329371
0 0.7005691965637 0.2056252837828968
0 0.6477142795920372 0.33991937468881195
0 0.6679966310444085 0.33692299172930096
0 0.6865344844434572 0.33134958698697714
0 0.7018868676994158 0.3092694034718949
0 0.631356652016225 0.33910651096831196
0 0.6607451273695283 0.26693027586392737
0 0.6375636165232762 0.2758895892811858
0 0.6827202967327574 0.2650555249789487
0 0.6967063646601594 0.27052640153662016
0 0.7183452336036641 0.31967609745004905
0 0.7192563634851704 0.6209843653699626
0 0.6992825404133486 0.29542580493118453
0 0.7310369520083718 0.29581327749335246
0 0.7234157524679018 0.29531101331762644
0 0.7040685424986093 0.4260486358533735
0 0.6509084435908691 0.5308124269480291
0 0.6515246378662793 0.5503509732044262
0 0.673149741538193 0.5340727973243464
0 0.6861745174164358 0.5408839390329693
0 0.6659256994076397 0.5497130159450614
0 0.675820963214273 0.5519011594031168
0 0.719446558829235 0.5584581170393073
0 0.6622370206143545 0.4700080898144971
0 0.660399443105511 0.44891835852809575
0 0.7116206051862758 0.2439452066693617
0 0.6434075435542542 0.38426028972734577
0 0.6885367622194083 0.4504959570972816
0 0.6823315571831621 0.4387095996219179
0 0.7531205875718076 0.40641697632229845
0 0.6445858715021092 0.42288737173961555
0 0.6748546342486921 0.23380540411757386
0 0.6973675461890905 0.23370981226148813
0 0.6874946035120798 0.17194620863251064
0 0.5974085943206496 0.26970451134054557
0 0.6206804591676464 0.2909188930755076
0 0.7286605624401051 0.5362407791873683
0 0.7389373209165491 0.48573912809724396
0 0.6760267178001611 0.4669766367777534
0 0.6622527868527434 0.4782734929219536
0 0.6966489576127218 0.5566229309724725
0 0.689737480295741 0.557844057743964
0 0.6985818570398766 0.21682802782110547
0 0.6868167932590713 0.4593811165379441
0 0.6430322932808296 0.24260002134934716
0 0.6411465200717035 0.22460191343789515
0 0.6222904784523923 0.13943807822854623
0 0.6974749084076156 0.19359301033875218
0 0.6332298674337242 0.18206860562381538
0 0.7134913711444192 0.23000640470696532
0 0.7116619355004766 0.21976893864895986
0 0.6526087478775046 0.5409615519254104
0 0.6703734691052333 0.5423310606375985
0 0.6818176537104275 0.5463599022315896
0 0.6710466564349507 0.4721088540294896
0 0.69322544141956 0.5573066495035006
0 0.6913588843915773 0.5629582960320556
0 0.6865035729563754 0.5583397740255232
0 0.6742012840898141 0.46336612053539444
0 0.6697804239457068 0.5555359435470207
0 0.661103024430897 0.5545736990545107
0 0.6487822438711706 0.5563883535887884
0 0.6770563532152901 0.6111982600844424
0 0.676233852363151 0.6025457543523415
0 0.6704729999537054 0.5912798989726149
0 0.662138973241267 0.5799621783520864
0 0.65413890098748 0.5723179373404254
0 0.672507500194985 0.5636754939089651
0 0.6805071584556414 0.56620793822019
0 0.6895170289537181 0.5701230610194413
0 0.6973293553227964 0.5749231853562853
0 0.7102953441764998 0.5070530785166699
0 0.7234061616270439 0.38252189781354823
0 0.6775907838474149 0.5611357248347738
0 0.6844732126464015 0.5618257323037024
0 0.657657980594946 0.4881918138783911
0 0.6805485577686973 0.4732276560819667
0 0.6600847738268583 0.48354351190121275
0 0.6663953056154044 0.39039078338638594
0 0.7044137092712133 0.39544760737082235
0 0.6840740887691146 0.4470127363567767
0 0.6644520563599856 0.14860507457152658
0 0.673215635444807 0.17981394739902537
0 0.6746207626293534 0.21493683321320492
0 0.710203403202088 0.5763155932011812
0 0.5960701200301233 0.239752778702456
0 0.5833939953666666 0.19397352807547735
0 0.5681395904849404 0.1422092247268428
0 0.6987016735517461 0.3218656651675701
0 0.737908823982529 0.32976706824872803
0 0.6206947764300782 0.33677993688894353
0 0.7099508328930192 0.27406879378401716
0 0.6272544285849385 0.37502487343938457
0 0.6822927798265996 0.44646463692188265
0 0.7555657344991746 0.3399332658428213
0 0.7399885874727498 0.3510807597118875
0 0.7255921833541082 0.3671403949999291
0 0.6885998961718186 0.37252400329579477
0 0.6586254825410636 0.36978639163400817
0 0.6374851648250351 0.36554960815802867
0 0.5978389746792938 0.3558593536848607
0 0.7716237345467443 0.3836525193699028
0 0.7179064353846986 0.26641092057461324
0 0.6533279229441414 0.4825341003744499
0 0.6536218925662662 0.4065286604606587
0 0.7085681993352331 0.2916617091259231
0 0.621360546382873 0.35929585131614106
0 0.6802418578578078 0.4472851583491201
0 0.7045320768071257 0.29243338030317556
0 0.6735739464993062 0.4321104691080425
0 0.7324595014038293 0.43152397015820376
0 0.6172061253177084 0.3291533788909083
0 0.6597759004520334 0.424957505127658
0 0.757937121650447 0.550709997571033
0 0.7455712848383448 0.5699258843193884
0 0.7583001246270926 0.3812453174072763
0 0.7643599490756574 0.5158427200887514
0 0.7212533283492794 0.25496233455512834
0 0.7235510937221672 0.6374057440654092
0 0.6465251533233601 0.4883364224563474
0 0.6735938181695731 0.41676298204971396
0 0.731466262884762 0.2932469469049703
0 0.6833298326186512 0.32040761190912
0 0.6662510980082594 0.32627147309806037
0 0.6977274787166844 0.5645023412678553
0 0.7755363836236622 0.4251221273256385
0 0.6964267812993216 0.6740316305471503
0 0.727442594649999 0.6283504873514175
0 0.7362759660767473 0.6037405785659086
0 0.6485861491249956 0.3285382097829943
0 0.632126437743073 0.3287842367330323
0 0.622139301960883 0.32941270509491793
0 0.721429206430912 0.25671800255127575
0 0.6257851669645828 0.3078740546236867
0 0.6404948258853477 0.2960263985006706
0 0.6600282982639645 0.2895843989499237
0 0.6787792546269686 0.28775786942114
0 0.6898709930803465 0.29016915919340175
0 0.707464528148589 0.24350699717583862
0 0.6924605891108513 0.31311679071058396
0 0.6943525377175083 0.5007466055776761
0 0.678189486913059 0.46356825439826305
0 0.6625024247104707 0.5046312085312346
0 0.7458475217547106 0.5832783353069554
0 0.7348633525164231 0.6098303051098534
0 0.7018074500172035 0.6623795233990835
0 0.7445413044289403 0.5327698773663977
0 0.6196008685814298 0.3214090327853742
0 0.6275838981180087 0.3861803764558357
0 0.716661868535954 0.6524908714320349
0 0.763620488345623 0.42684292871019114
0 0.6653463850202768 0.5673089462777843
0 0.6741045476949733 0.5723644384871358
0 0.6834116652607918 0.5799580350518226
0 0.6914854972906734 0.589107847796834
0 0.6970422510867533 0.5947773623077766
0 0.6826330821799196 0.555031829683677
0 0.6888964187515818 0.551794099483801
0 0.693903665665699 0.5481718562219454
0 0.7223340919160325 0.519533290811207
0 0.7686747234800587 0.4453846783093784
0 0.6120348336256068 0.3642273774613505
0 0.6012433436901673 0.31369624235059906
0 0.6113006168085596 0.31428240835666654
0 0.6765275114904279 0.5573989119218743
0 0.7678435632716054 0.4922046371776125
0 0.588853771271913 0.31709463641695357
0 0.7075718213682589 0.6069269614375156
0 0.6136248087429482 0.3798124383973039
0 0.6542533355886522 0.41503063861442646
0 0.6862612489772879 0.6275462431752163
0 0.7342126588134662 0.5585775698656621
0 0.699932199133479 0.45830567116322724
0 0.7224667422149492 0.5842083212474118
0 0.7393603528971258 0.44177449501079064
0 0.7212828943586868 0.47383479754561963
0 0.7558000546110712 0.4698380295349204
0 0.6976359172359757 0.6460615422414697
0 0.6640281273942926 0.42337520835192305
0 0.7461096829046374 0.5658356700902399
0 0.7322196613835252 0.5942020724649014
0 0.7446837180658527 0.5301617068441018
0 0.7734741458426351 0.46085221009409943
0 0.7595137454893278 0.5233157540145128
0 0.7653610879636329 0.47100070617769074
0 0.7365329868119695 0.49686855051828466
0 0.6400945290275242 0.39601679324455885
0 0.6803083727541177 0.4578190553447475
0 0.685791435772958 0.459328400440838
0 0.6732712140225846 0.4463924621110377
0 0.6113939032606457 0.28599204663997113
0 0.6400860421683477 0.2642635627285294
0 0.6683274460551532 0.2550788833719233
0 0.6906688613412173 0.253470616982035
0 0.704453073118044 0.25949730617196665
0 0.7124760529917219 0.29438972090897353
0 0.7466774054843447 0.33792844492456187
0 0.7162128929858622 0.3330737178092418
0 0.7023951477654602 0.34618580189088116
0 0.6770526617765427 0.3525269564727078
0 0.6511728817030139 0.3531428099650404
0 0.6322088568754818 0.3511285556399304
0 0.6191563434574915 0.34826100342299626
0 0.7124023622144824 0.33724742693745574
0 0.682815446153931 0.4649865578698075
0 0.6420769696326359 0.4054222143214682
0 0.6727841166050538 0.46316916579785555
0 0.6600314722112988 0.47654618063698645
0 0.6695735308787097 0.46677679652753085
0 0.6769548903988756 0.4724917393663655
0 0.6585540342266145 0.4795202563638272
0 0.6523651819190254 0.48504701198443123
0 0.6123444314884103 0.3317480281967184
0 0.6063571593359761 0.3391859735483709
0 0.6054207068746504 0.34575389983213467
0 0.6957027763128281 0.2928396641884161
0 0.7037244797076868 0.27842308791435283
0 0.3974279706244883 0.3731373967035957
0 0.4251958698682163 0.3671489035629708
0 0.3907982156328533 0.3534239439860634
0 0.36904570557501004 0.3794021221930566
0 0.40384034472315206 0.3927983367896598
0 0.6456524903035682 0.3096570055121961
0 0.6721189331425272 0.3041909381423307
0 0.6386585248553235 0.2899352476972601
0 0.6192283437627814 0.3151485060868056
0 0.6527855574436809 0.32908986061811446
