0 0.43374491930007936 0.7519205102697015
0 0.40747477058321235 0.6898734666407108
0 0.417330102622509 0.7085778379812837
0 0.3765484048053622 0.607213772367686
0 0.4019990261644125 0.6653519908897578
0 0.3973429583013058 0.6305088456720114
0 0.3884270589798689 0.5413300876505673
0 0.23137547262012959 0.5533846978098154
0 0.37589674163609743 0.4629493128042668
0 0.3688761029392481 0.42700856723822656
0 0.35069959089159963 0.3128968643955886
0 0.4355393718928099 0.7599693913012743
0 0.437963605299592 0.7687210785225034
0 0.44011994563043116 0.7746501689776778
0 0.4446036070585251 0.7916628130711615
0 0.44655425325036047 0.8028323423117399
0 0.4491825893521309 0.8164432641118765
0 0.4522851757705212 0.8293519442901015
0 0.45131655000150206 0.8411431835964323
0 0.4116085464134812 0.7006487662903964
0 0.3934156225994229 0.7022244748659432
0 0.15130748730152846 0.4617007913999259
0 0.30021822415292265 0.5702550103422255
0 0.27807876784354446 0.5742697725538164
0 0.2564756447449327 0.5761383304838091
0 0.22590175066143275 0.562599612865597
0 0.3185184709727764 0.5643430787138641
0 0.2538136728107929 0.4927452828735113
0 0.28150657247751953 0.49451147257350386
0 0.229883742518723 0.5003596685361117
0 0.21641671117395161 0.514221117272973
0 0.21401361413300038 0.5823485353495925
0 0.38480294309556484 0.876466896943748
0 0.22255297116935252 0.5451908841729164
0 0.16413411162793637 0.5676527764648199
0 0.1912009770050645 0.5652690907940269
0 0.3069039799273014 0.6753833918832243
0 0.40913764722645285 0.7522569926455617
0 0.41785832941532136 0.7720673925243318
0 0.3894743286073208 0.7650911095552146
0 0.3793220264837146 0.7770829720422625
0 0.40232046470046046 0.7772540360689163
0 0.39208409786224363 0.7832630128599704
0 0.3550740726292133 0.8168184193782508
0 0.389642739854753 0.6922584024257958
0 0.3810417640954256 0.6693156193941832
0 0.18984367419034243 0.49518207823857663
0 0.3384703051298857 0.6055859219282865
0 0.3475405413657427 0.689778538607061
0 0.3443191934376955 0.6756982593797147
0 0.2449788874015212 0.6801809675991535
0 0.3777559129521251 0.6365330254659056
0 0.2304165281355381 0.4596030592918396
0 0.2041498938575387 0.472733171004802
0 0.1580128211528063 0.41820840784348545
0 0.32951458655297755 0.4693608263973147
0 0.30627454724162817 0.5062163531780243
0 0.3357334524393082 0.7997382287867367
0 0.24991818256676196 0.7697826271876693
0 0.3666390962898731 0.700697278790176
0 0.38327898625284434 0.7046430024318397
0 0.3730666071176529 0.7964836570434273
0 0.3785742301493883 0.7950198941864073
0 0.19355240184813738 0.4581227828282863
0 0.35069388821721076 0.6990319249220193
0 0.26958274450153114 0.45601065424270926
0 0.26318172458559275 0.4357460596133024
0 0.22366429641842842 0.3504146694671363
0 0.1708062903955579 0.4411158650647849
0 0.2409220976755023 0.3953455514740199
0 0.17888187412172557 0.48483917699195445
0 0.16137181241065263 0.47669488401152194
0 0.41281709894537927 0.7630515279248357
0 0.39567993246018884 0.7718390248715877
0 0.3853028554469347 0.7805458289571107
0 0.3724822487682104 0.7036774302832782
0 0.3758493298664689 0.7958143619820476
0 0.382734165340662 0.8010563734918833
0 0.38134596198797227 0.7942692610435188
0 0.37107672188431023 0.6935627555474639
0 0.39783977065235376 0.7846768921241164
0 0.407958984002471 0.7803489561192691
0 0.42234427854418755 0.777145397104323
0 0.424797903932631 0.8442832287400961
0 0.4259087650105357 0.8311433177441359
0 0.42461192049086094 0.818043692689389
0 0.42465389482676985 0.8040589060634374
0 0.42586103826761246 0.7933584519661963
0 0.3999670008197427 0.793831922672689
0 0.39577419236302375 0.7995472032576799
0 0.39106655176728966 0.8071354776620865
0 0.3877131637185812 0.8148976792581379
0 0.345467983931303 0.7604696386493742
0 0.19846809059381484 0.6597209518775344
0 0.4143108017742634 0.7044154413044452
0 0.39195950105786326 0.7936923937872052
0 0.387346601113677 0.7971658565104007
0 0.391258486546576 0.7121024344116449
0 0.3613499155268073 0.7105499537661671
0 0.38735469095408914 0.7084462936967612
0 0.31909168921411035 0.6235680094920099
0 0.28657098663970826 0.6459807037375868
0 0.34452677741646764 0.6857885367237031
0 0.17923224046826364 0.38078073197975754
0 0.19481055438518524 0.4133029795251787
0 0.22140787746757268 0.44112417227588596
0 0.3739571195095778 0.828258134610951
0 0.3167060151696205 0.434835008578375
0 0.2952292460948229 0.3851527042686939
0 0.2792037529870868 0.3294121847953647
0 0.2374316630885005 0.5725757467094809
0 0.19533329401165248 0.6037681347690522
0 0.3299296053126454 0.5580083060078322
0 0.20180622730404138 0.5294043804053217
0 0.34936993941664696 0.5872200492769479
0 0.3545184265822172 0.6804261916317046
0 0.1845070982351899 0.6190555001609027
0 0.2095448227599263 0.6210478597320617
0 0.23690035287290812 0.6282717863097786
0 0.2784091914072633 0.6189207701012492
0 0.30841704532504083 0.6049693736247719
0 0.3300980497151613 0.5912447720766068
0 0.3689354505389929 0.5506549724377692
0 0.19994723834097386 0.6700638732872903
0 0.1884665943682194 0.5275720153003931
0 0.4006482383236289 0.701749875023961
0 0.34510181918740274 0.6316861710511148
0 0.1655297914519906 0.5588803817052395
0 0.34539960157126187 0.5760951612144709
0 0.3444000255316496 0.6856690499931574
0 0.21493799444288014 0.5468554315157235
0 0.351857465878129 0.662883620057255
0 0.22092936672270297 0.7137388743460178
0 0.3292514346539974 0.5491733047179878
0 0.3628429718315601 0.6470059587620198
0 0.2965947713702917 0.8310814572498202
0 0.3079660201445222 0.8471739768981934
0 0.19032903145998717 0.666873138025403
0 0.2667177639901638 0.8023172952234745
0 0.16098434552550317 0.5192488349974156
0 0.38645159620791675 0.8940468106418848
0 0.4053824195638299 0.7051379670388996
0 0.3300173833966255 0.6523688280954957
0 0.177794536575675 0.5716148725710809
0 0.2547387659549713 0.5610502171795815
0 0.27473530974239113 0.5603597911540419
0 0.3787457413971424 0.8051207773387432
0 0.2188726408407092 0.7141506458632648
0 0.42983550392091274 0.9171118629164994
0 0.3685614777728915 0.8910588761791587
0 0.3416447054594755 0.8731240913271904
0 0.35989903248846533 0.37362846517935394
0 0.4731173437088728 0.9158218659460544
0 0.29381657429039476 0.5572488414123654
0 0.3116972766816616 0.5535902811214328
0 0.3236075442284346 0.551487145293504
0 0.1765162257477641 0.5237648728769273
0 0.30546107068657874 0.5293293937109411
0 0.2837556724436581 0.520298769697547
0 0.2620283752679825 0.5187487086281181
0 0.24213113095611333 0.5240644365549088
0 0.23119815923273562 0.5325590034946799
0 0.15327608697116374 0.5064200209919363
0 0.2409245677292347 0.5582430452108383
0 0.42198807690292595 0.7266993334516882
0 0.36035907585173843 0.7457801908254623
0 0.3649288576096296 0.6976051009260118
0 0.39437900986522434 0.7332433188334108
0 0.38349751140922306 0.5022537328302861
0 0.3279123339802027 0.8561683072708547
0 0.3567534605041146 0.8743328308686614
0 0.42316586151719093 0.9072922151535749
0 0.2795161733403802 0.81499337349087
0 0.3213945750147104 0.5416747159324586
0 0.36169133000075815 0.5951953348703682
0 0.4675791848450899 0.9048778008669615
0 0.3967215657234192 0.9072172082960606
0 0.21190355829894542 0.7157073607668281
0 0.4110884426161647 0.7938082914799451
0 0.4076650807633996 0.8024334348738194
0 0.40479396656155586 0.813616150803864
0 0.40374296698719264 0.8256121668964624
0 0.39690730050206185 0.8386105326935649
0 0.3851934436708689 0.7890495499596
0 0.37923651952296494 0.7885161947458983
0 0.37409106604754927 0.7871540944091976
0 0.3371570654213428 0.7795924756675958
0 0.24582996182143688 0.7283473066985607
0 0.3589358938857913 0.5671528114005924
0 0.34115696102380755 0.5227087480947376
0 0.32873431481420995 0.5292680977843702
0 0.39050090946257116 0.7891070148907602
0 0.2628131560981274 0.7774709107354283
0 0.35960745010524986 0.516619804315269
0 0.39023648109287024 0.8569295058958233
0 0.3944544542580843 0.6005148534663022
0 0.3726259760558605 0.5808492652140558
0 0.39167595878243444 0.5724575302563608
0 0.3552374443039298 0.6376567169092595
0 0.46208555325865747 0.8865279780700803
0 0.45644905641674993 0.862558810878545
0 0.42290033902972934 0.865680668875575
0 0.33696891032159326 0.8249271849170328
0 0.32984229139983656 0.7063281968235969
0 0.3622616969048977 0.8433984301052988
0 0.2810597911477089 0.7075706491246819
0 0.31617520228028295 0.7318001223728061
0 0.27584131360054015 0.7450769410468638
0 0.42085498534142973 0.889552528783679
0 0.34840434733778236 0.652762936707586
0 0.325175497867167 0.8381947688758373
0 0.3552834801375866 0.8574736282229424
0 0.31434149406850337 0.8015874704346061
0 0.23734221067279576 0.7499795263633132
0 0.2917883452028036 0.8024583565071225
0 0.23590139020234346 0.7606753429397941
0 0.310319765843451 0.7632349317893385
0 0.3536742152646184 0.6129032844677568
0 0.3633202724158764 0.6908476686105132
0 0.35564014595001936 0.6970791657455265
0 0.3657373609021306 0.6741321887820959
0 0.31764609441161157 0.49620491368696096
0 0.2773198314011097 0.48064574925228953
0 0.2436838498339057 0.4808581678662449
0 0.2186110969632864 0.4902470504399389
0 0.20437148585915565 0.5063767307437956
0 0.20552296191453934 0.5562984722666442
0 0.17381702065467836 0.6176444437354803
0 0.22559067308902742 0.5926332054659724
0 0.24899294022470714 0.5985245505347848
0 0.2781163491308689 0.5946737952530384
0 0.3052506685256958 0.5859575951471925
0 0.32583327814936636 0.5766070023644716
0 0.3395132811740041 0.5674309416674077
0 0.18184804394841195 0.6083906138315797
0 0.3585655018687248 0.7023315411061049
0 0.3636797398328781 0.62011398402974
0 0.37531286403536795 0.6909734059125185
0 0.3901111548766494 0.699228152539581
0 0.3779392771422863 0.6938036646693945
0 0.3661557946354151 0.7074487024918199
0 0.3939488226547837 0.7012155519798398
0 0.3985627835616469 0.7048537475056946
0 0.3367352830246091 0.5489040865562856
0 0.3489099457859993 0.5516327231191098
0 0.35550543684512376 0.5541748708579689
0 0.22586489878594876 0.5393144194968045
0 0.21076705176383256 0.5291907116770744
0 0.4156236104667187 0.5998287020251155
0 0.5634572215378284 0.49783540549688043
0 0.43512009270489216 0.6946927782148122
0 0.6466691542416811 0.36294890008866787
0 0.5030814826488494 0.5360743248835206
0 0.5250715918838977 0.5334526940714568
0 0.5465733598917722 0.5263204089365899
0 0.5749417446553707 0.5022262504789978
0 0.4840472485870123 0.5326874426566064
0 0.5188277933746577 0.446887138672173
0 0.49357489235699176 0.45548836858943104
0 0.5452992100268602 0.44647187893278895
0 0.5643206462264061 0.45394730027765035
0 0.5979758743196726 0.5124026848934591
0 0.5422165498137475 0.8513192752376199
0 0.5707560479640961 0.48685458302497864
0 0.677440420538187 0.4696117969229817
0 0.6234612587839365 0.4840035159140825
0 0.5325909659266472 0.6338811297900975
0 0.4589532267302275 0.7433351285755634
0 0.46068282797932625 0.764425766468048
0 0.48747505322098733 0.7480555601418019
0 0.5060157407075166 0.7549900650978089
0 0.4812540654093027 0.7634057538583875
0 0.4972332574427128 0.7647818070836365
0 0.5465204443782568 0.7835125518031418
0 0.426510795019567 0.6855725089088083
0 0.42493480127304795 0.6611377749592066
0 0.5950893595814705 0.42298174747265876
0 0.47451721765100957 0.5796940789557994
0 0.48308021426200864 0.6652042354457081
0 0.48391834162175656 0.6501775793731213
0 0.6056865863502026 0.6138805915601552
0 0.4195688167586923 0.6285714104771614
0 0.5287827398627997 0.4069809902459383
0 0.5655598506331444 0.40926871956326066
0 0.6118917923420668 0.3265462776180357
0 0.4298016525804996 0.44820810621604323
0 0.47472596205770967 0.4724612308200449
0 0.5593549761921167 0.7602894205600024
0 0.6881083007901907 0.6928565619513393
0 0.46815432608127594 0.6825476355850697
0 0.4518595639616251 0.6923131251707673
0 0.5275368049740792 0.7693321021273732
0 0.5217814471572637 0.7698175094090403
0 0.5775884486734867 0.38917266856878996
0 0.48694022856652736 0.674590012896806
0 0.4843582432717085 0.41655470826663077
0 0.4837627116590738 0.3953606738243252
0 0.4972369708120823 0.2941152279265225
0 0.5961323522031308 0.3556998905725777
0 0.48955036252737044 0.3440269080456346
0 0.6106083258986473 0.4063538966234773
0 0.6297068476676941 0.3843753952998668
0 0.4604379776865244 0.7544792925938963
0 0.4845969930291176 0.7563259130343795
0 0.5018568333238363 0.7600550442934036
0 0.4640527106821537 0.6873993694782257
0 0.5245641533285379 0.7696648744866252
0 0.5180209644138813 0.7774147362448275
0 0.5188546158373356 0.7700624511577189
0 0.4543412882834673 0.6783064010553062
0 0.4933065682649612 0.7678515635430813
0 0.4781874854117632 0.7679198762401939
0 0.460266400128603 0.7703609865158796
0 0.4805298920720816 0.8350054047070443
0 0.47945974543690684 0.8220110312104225
0 0.47469980269670486 0.8094758529216051
0 0.4694138213992119 0.7963362242095172
0 0.464763655140996 0.7867296604439616
0 0.4961105599999428 0.777161003369838
0 0.5021531403064727 0.7810113553889095
0 0.5094425838440657 0.786564564704895
0 0.5158479802310467 0.7926162066869438
0 0.524080254882574 0.72873839084059
0 0.7002621918916703 0.5666315137408674
0 0.5064473204314709 0.77375065125525
0 0.5120396547019481 0.7753544269129634
0 0.4466428436338902 0.7022971831262111
0 0.4830489821732044 0.6891092032194137
0 0.44913368560373784 0.69748779181391
0 0.5025321692228317 0.5889837992377579
0 0.5449987586587668 0.5978786043822766
0 0.4906713359057903 0.6594040680676698
0 0.5645337671041488 0.3021076925098896
0 0.5516092855483293 0.34044585484080014
0 0.5342819415032863 0.3846641515381634
0 0.5300488993525505 0.8016031976789236
0 0.4292644739151001 0.41240233266726134
0 0.4280190529301763 0.3578501678071916
0 0.4281820598989725 0.2986635873094201
0 0.5651923928409814 0.516023943386972
0 0.6274064153432846 0.5231007194146514
0 0.4708269573748112 0.528256674669683
0 0.5915274426341057 0.4597364384215325
0 0.4543077353388071 0.5669957809150219
0 0.46665893234312533 0.6598413257859648
0 0.6608270380645991 0.5297627801075577
0 0.6119314458221197 0.5476101174484939
0 0.5804040778428317 0.5651900109834969
0 0.5336261007934808 0.5710582692641765
0 0.5000759080052376 0.5673094991128892
0 0.4744291577488184 0.5604678050614893
0 0.4129039155319333 0.5420043025165796
0 0.6632814425975084 0.5848380976356566
0 0.611148190125823 0.4502137331292033
0 0.42322839200496676 0.6977081345394254
0 0.4743352625519037 0.6073206773027777
0 0.6887945115566254 0.4576368916314095
0 0.4538078561425209 0.5508697904646397
0 0.49475650638341906 0.6584978158585727
0 0.582441159337759 0.48293261155486106
0 0.46630990877747536 0.6417253953404725
0 0.6984605446457863 0.6275616004131734
0 0.469375129416585 0.5192316156812012
0 0.4430707812309265 0.6320860463194549
0 0.636440446227789 0.7740015612915159
0 0.6425494030117989 0.7915613118559122
0 0.6908631898462773 0.5746718254406005
0 0.6621374264359474 0.7338845871388913
0 0.6543355047702789 0.4233713798690587
0 0.5515031229704619 0.868498265184462
0 0.42320332676172256 0.7018555701710284
0 0.49965855181217195 0.6209075646474957
0 0.6478101201355457 0.4812452193815261
0 0.5422346856445074 0.5147987507283688
0 0.5233990505337716 0.5216242941096425
0 0.523620592802763 0.779729101061821
0 0.6641445025801659 0.6336792564950884
0 0.518149009346962 0.9037313250824809
0 0.582093296200037 0.8577421608380973
0 0.6100184969604016 0.8302978775463998
0 0.5053093716502189 0.5235909658484161
0 0.4881071548908949 0.5221161939203739
0 0.4763693269342184 0.5211092268582433
0 0.630601305514574 0.4378332867287099
0 0.48156569004058836 0.49324803045019505
0 0.49797881580889225 0.4806441966909915
0 0.5175778135657311 0.4753237304277718
0 0.5389662243425846 0.4750856441445649
0 0.5533541049808264 0.47887270408682525
0 0.6708864562213421 0.40447914861142636
0 0.5547049425542354 0.506332271033898
0 0.4992917239665985 0.7210122006013989
0 0.46660578474402425 0.6792575364001096
0 0.45355654060840606 0.7227682482451201
0 0.608753365278244 0.8106125294230878
0 0.5811700597405434 0.839097794983536
0 0.5142443351447582 0.8932336717844009
0 0.668159119039774 0.7481701270677149
0 0.47262475863099096 0.5094581818208098
0 0.43543927669525145 0.5811044095084071
0 0.5525080867111682 0.8833063125610352
0 0.6894577458500862 0.6296929243020714
0 0.4819800954312086 0.7815668497234582
0 0.48818506933748723 0.7884385263547301
0 0.4950774807482958 0.7980267819948494
0 0.5011928033083677 0.8087584082968533
0 0.5083536714315414 0.8196605743840337
0 0.5103676106780768 0.7669113969430328
0 0.5151671074330807 0.7645140406675637
0 0.5193800576031208 0.7616447460837662
0 0.5447933960705995 0.7427069663070143
0 0.6314569719135761 0.658865752723068
0 0.43306557163596154 0.5527917806990444
0 0.44536358788609504 0.49834797251969576
0 0.4617453157901764 0.5001060163136571
0 0.5058950893580914 0.7687280549667775
0 0.6430913560092449 0.7103983673267067
0 0.41924044881016015 0.5010917717590928
0 0.5266284551471472 0.8346559372730553
0 0.4148742061108351 0.5727235021535307
0 0.4583824619650841 0.6185313796624541
0 0.4930549874901772 0.8543183397501707
0 0.5721262481063605 0.784839971549809
0 0.5193950437009335 0.6719738059677184
0 0.5525511883199214 0.8117221873253584
0 0.5745389103889466 0.6542973915114999
0 0.5455473095178605 0.6905113072134554
0 0.600492975115776 0.6870321181602776
0 0.5059159107506275 0.8760968631133437
0 0.47566176429390905 0.6290517769753933
0 0.5958845511078834 0.7929944267496467
0 0.5696974061429501 0.822746904939413
0 0.5851983692497015 0.7543519422411918
0 0.6630156051367522 0.6740896445699036
0 0.6164469361305237 0.7462810430675745
0 0.6825445130467415 0.6817228021100163
0 0.5684345290064812 0.7172391540370882
0 0.4546588808298111 0.5937999250367284
0 0.46041241511702535 0.6731625840067863
0 0.47653685957193376 0.6753439124673605
0 0.4466780211776495 0.659283653832972
0 0.45686313025653363 0.4670920504257083
0 0.489562364667654 0.4420214317273349
0 0.5225966311991215 0.432297437870875
0 0.5527857273817063 0.4322085184510797
0 0.5763110496103764 0.44132263800129296
0 0.599636048823595 0.4835865221451968
0 0.6879307553172112 0.5210944472812116
0 0.5857320003211498 0.527881721034646
0 0.5617045775055886 0.5418503368273377
0 0.5305502705276013 0.5495077304542064
0 0.5013712108135223 0.5497766260057688
0 0.47871912717819215 0.5454228005371988
0 0.4620493479073048 0.5397980927489698
0 0.6964135497808457 0.5107312619220465
0 0.4781409025192261 0.6808979283086956
0 0.43721343837678434 0.6063073588535189
0 0.44335482083261013 0.6787523692473769
0 0.43520039431750773 0.6913798946887255
0 0.4452211868017912 0.6818468457087874
0 0.47417064756155014 0.6882546089589596
0 0.4305268868803978 0.6947634701617063
0 0.43039685264229777 0.699049345869571
0 0.46096331998705864 0.5209721780382097
0 0.4472636725753546 0.5276988817378878
0 0.43646293990314006 0.5336213990114629
0 0.5626478396356106 0.48271460775285957
0 0.5782183952629566 0.46504309293814006
0 0.2681423218920827 0.5415522853843868
0 0.29177753664553163 0.5381361464504153
0 0.2656900392845273 0.5159534127451479
0 0.244485954195261 0.5448720647022128
0 0.27044310234487057 0.5669647700153291
0 0.503105652704835 0.5021061790175736
0 0.5264554850757122 0.49697149586863815
0 0.4977013077586889 0.47748356498777866
0 0.48081220760941507 0.5067866875790059
0 0.5086126789450646 0.5266537257004529
