0 0.4807386838061654 0.4665065893660421
0 0.4387993713759858 0.42067439092890074
0 0.4491921740219645 0.4309202141087988
0 0.3862020638163971 0.38125524621294893
0 0.42774105727996514 0.4074367396533489
0 0.4134237149163433 0.38893758343613666
0 0.37915665474112914 0.3434554229935874
0 0.24334621445640273 0.3860342322808245
0 0.3570692498722802 0.31548819342709106
0 0.3436603414542649 0.299326918695284
0 0.28932597484115674 0.23085422465658706
0 0.48382098146754765 0.4708122912308444
0 0.48671101940714795 0.4748133369114088
0 0.4887586221422838 0.47730974691069644
0 0.48835702839752904 0.47734158453734027
0 0.49166890201361285 0.4818714983437372
0 0.49583993746858573 0.48761282504900644
0 0.5006385886960704 0.49387185032600944
0 0.5168653169403905 0.5091984720657701
0 0.44424684604872827 0.42663975367727486
0 0.423190640123642 0.4327516691840213
0 0.13510491820457188 0.36061581580535224
0 0.303409897600827 0.3766143990923529
0 0.28577585291603336 0.38505151673503546
0 0.26753223250093666 0.39171675025768904
0 0.2391665259619122 0.39361284802789276
0 0.3174188788575323 0.36777743486606557
0 0.24843422100757775 0.35670938885406306
0 0.27129491402403166 0.3494430662173292
0 0.23093080245282338 0.36628602088793466
0 0.2224927562005494 0.37526361595677293
0 0.2283802611105468 0.40772767575538676
0 0.4603236912871185 0.5583383829697318
0 0.23399440336810506 0.38556754427111667
0 0.1704189575317761 0.42061200559787126
0 0.1998100878832781 0.4076160095308138
0 0.33026139948355115 0.439642199355623
0 0.4537690911118103 0.47217743940975354
0 0.463581251628373 0.4816149503964445
0 0.43229665080814256 0.4837505339604357
0 0.41795195865890256 0.4933866343420485
0 0.4441955072562332 0.488348461849534
0 0.4285951200062814 0.49474301691288536
0 0.4047958619244721 0.5192137509584427
0 0.42123103571002896 0.4264727087448473
0 0.4081634781120912 0.4146321019076783
0 0.18928281545801007 0.37783651248268457
0 0.34410608887834393 0.3913989896359651
0 0.368984697751053 0.43733420595526695
0 0.36229365768477967 0.42991518877122714
0 0.27241227638138377 0.45796170458197594
0 0.39604346697097237 0.3969687566809032
0 0.22631036907272495 0.3501579469960669
0 0.20163350349859052 0.36345341024191485
0 0.13283241370125956 0.33322302673173987
0 0.32135087409583124 0.3315495871331381
0 0.29419539557041036 0.3467767382769481
0 0.3789675433350646 0.5130463981110117
0 0.28548304023949994 0.5391356914263704
0 0.389965344098923 0.4393979643026124
0 0.40983610292491707 0.43727202583914215
0 0.40023223343102826 0.5071563492326633
0 0.4050655740758647 0.5053691619440265
0 0.18480448121123988 0.35902633841918863
0 0.3724462612248633 0.4426664807226347
0 0.2660588980045008 0.33924747671446076
0 0.2543260717521543 0.33019622415304184
0 0.18250912727545138 0.27854501051099406
0 0.15689458511769772 0.3444456142251906
0 0.21522333383884118 0.3013746409636477
0 0.17304447900665842 0.3756369018684263
0 0.15382580783056177 0.3675180725429369
0 0.4586691451461419 0.4777052253484726
0 0.4384943131033493 0.486350577486598
0 0.4232663928490618 0.49415032695169037
0 0.3965893810533959 0.43978370969062264
0 0.4026895421354667 0.5062366053462029
0 0.4149531396510808 0.5049861722990222
0 0.4077467415481806 0.5044785585740338
0 0.3974054708429005 0.4328206800248312
0 0.43267139695260837 0.4950377934652826
0 0.44844743317883945 0.48941669337775395
0 0.46727629265059595 0.483624209528384
0 0.4895338804015647 0.518137721263844
0 0.47578972464670305 0.5012056740081828
0 0.47132483351489773 0.4947198569450689
0 0.46836476003670174 0.48870609279560007
0 0.46724994723563607 0.48373259231448174
0 0.4325262653924849 0.495413102209568
0 0.4306921300518772 0.4987017003738362
0 0.4292799076470344 0.5029921577028607
0 0.42923243181860965 0.50777885398787
0 0.383560028170114 0.4834058608697808
0 0.21598039753735065 0.4775801322058491
0 0.44671748197920946 0.42877331440863403
0 0.4206693993638391 0.49983818051607715
0 0.4177953927251308 0.5021909400820732
0 0.4209941201235937 0.4398506097495556
0 0.3862158545981283 0.44731031811755634
0 0.4155065865134415 0.4385990040457767
0 0.32988153491169214 0.40614048504958983
0 0.30554781643592793 0.4264453858461069
0 0.3635735156257515 0.4364066639024278
0 0.14635240165111812 0.30615286480473436
0 0.1753085815631177 0.3224580098429452
0 0.21191779548383277 0.34227596498701884
0 0.4294936068194068 0.5218241724955
0 0.3025166064743762 0.3179756619198167
0 0.26078309345504513 0.28310762677827606
0 0.2288485875596171 0.2546630966598573
0 0.2509802040522513 0.3951112686291985
0 0.21439208191536044 0.4239578880369663
0 0.3259521858037814 0.361303109837615
0 0.20831071415349192 0.3871293762779754
0 0.35130997605459846 0.3782498739335848
0 0.3783276047071685 0.42907204867705057
0 0.2019724592809444 0.44140270870664844
0 0.23514738225418588 0.42839744865246443
0 0.26364655420184135 0.42458223972631537
0 0.2980610057711601 0.4092315492098746
0 0.32006213133749756 0.39403638227478316
0 0.3349522546986523 0.3812684972325097
0 0.36314090227951173 0.35327991065771686
0 0.2257534455427009 0.4683663640981135
0 0.19193443125518767 0.3914997501541739
0 0.4331022719650165 0.4300798297576282
0 0.3547841907357392 0.4049814019514167
0 0.16701553166722474 0.41909426547910855
0 0.3450543886131566 0.36982688680291176
0 0.36287281257302867 0.43682389512010245
0 0.22651417905707721 0.3896286299695139
0 0.3707139729319707 0.41994083559383516
0 0.2465814275505102 0.5085903616703075
0 0.32250269409269094 0.35705585024603037
0 0.38211864038654 0.4072302641428035
0 0.3476947631848895 0.5593668614392695
0 0.3629160777706167 0.5738054889699687
0 0.21335943436007138 0.4769509139916171
0 0.3099642659982909 0.5490857706121777
0 0.16025188719124897 0.39161261835176014
0 0.46730947551196034 0.5750724857916003
0 0.4375444488680881 0.43149833381175995
0 0.34492370453865634 0.4207442226293294
0 0.18510722170543412 0.4145961013501105
0 0.2639209019101184 0.38315263390541077
0 0.2799576688962786 0.37770458861537604
0 0.4130031153883623 0.5081029469552247
0 0.2496318750731323 0.49447562189205835
0 0.5207538152032573 0.5802211811685044
0 0.4439310101063355 0.5846502758238626
0 0.4071251519996187 0.5815104877819186
0 0.3146068921069736 0.263497070611819
0 0.5666202169073664 0.566489753515824
0 0.2947459258948979 0.3706173746158247
0 0.3087494796870843 0.36324684678212454
0 0.31836907144473947 0.35915669385829696
0 0.17617684068239253 0.39276170455243276
0 0.2967971598162599 0.35497489782131236
0 0.27703771229995333 0.35785031043317006
0 0.2600047834541487 0.36370913732958876
0 0.24590142998520448 0.3717623858348183
0 0.2392108534746196 0.3781455368127512
0 0.1461607406887671 0.38742884345676587
0 0.2521273884922266 0.385402580804151
0 0.45855105433451093 0.4414591428054416
0 0.3960606957907262 0.46931589346217073
0 0.3884055178369517 0.43763038969558216
0 0.43027323022808717 0.45222905553553416
0 0.3677028890132256 0.32835222165221756
0 0.388977333093467 0.567651680306248
0 0.4270478097478981 0.5722929378566535
0 0.511355803064678 0.5706473488522612
0 0.325107007894827 0.5607153578944828
0 0.3136286544006156 0.3556001583195251
0 0.36671644250821805 0.3790041852904403
0 0.5574076270441646 0.5567546516008999
0 0.48111968795242516 0.5851392736253531
0 0.24159822321456412 0.5049631882296957
0 0.44839605575670366 0.4897213495619919
0 0.4475535432929578 0.49426243292248767
0 0.44857089351052826 0.49960716716621234
0 0.4514709751567115 0.5058598894139995
0 0.4575863949468602 0.522231465448504
0 0.4158778173606033 0.5003533871925395
0 0.41115785471123195 0.5009149138046347
0 0.40709787947328197 0.5010319742495599
0 0.37701516266426316 0.49874623200815654
0 0.27955350628041703 0.49280100963685824
0 0.35684369140021177 0.36468672250276024
0 0.3302523022031654 0.3449702021544394
0 0.31859235076800635 0.3495355448483125
0 0.4207505602389574 0.4996180728725765
0 0.3020034889569101 0.5266978799001031
0 0.3471750786285038 0.34068537357708684
0 0.45822478838912817 0.5398435362655184
0 0.4016105003816926 0.37317854457575345
0 0.3747788734491105 0.36790504922037537
0 0.3906528551293456 0.35862013017353805
0 0.368477625772357 0.4050230019442413
0 0.5444910340820965 0.5420451990288236
0 0.5297072774366193 0.5244544705618983
0 0.49579825608626654 0.5353500041300836
0 0.39081604604649806 0.5322487671738085
0 0.3559216791358979 0.4529230923432371
0 0.42400912495087023 0.5386614984144336
0 0.31193205989573314 0.46645839317985205
0 0.34966220941556536 0.4726275050121805
0 0.3122453849114802 0.494030657345834
0 0.502758428859322 0.5548483810347059
0 0.36180190235862264 0.41617174138841423
0 0.38263280090430507 0.5493974041031755
0 0.4218371734023094 0.5552021715304126
0 0.36083254946962645 0.5218662708673788
0 0.27208548893585155 0.516177772341863
0 0.33792258434645506 0.5329984465371007
0 0.27209628592042817 0.5297216628880604
0 0.34827598475891614 0.49546965357402095
0 0.36101571191102266 0.39156222343444824
0 0.3893931425460007 0.4329598743630492
0 0.3787414633628467 0.4397063436715499
0 0.39179024695540254 0.4218742824766947
0 0.308376626395013 0.3416541491675636
0 0.2706525030991305 0.34627756767946744
0 0.2410655011544409 0.35503077490822127
0 0.22009385551285485 0.3657037968868795
0 0.20881398111257865 0.37644187199032825
0 0.21514391129755456 0.3981497977738795
0 0.1890587249122884 0.4492603580912818
0 0.24359790588040714 0.4093501634247925
0 0.26565956409372715 0.40597153455018997
0 0.2906317532710407 0.3963271962559741
0 0.31163578986635676 0.384324029897866
0 0.3269558031840817 0.3736099942546824
0 0.33687711175045243 0.3654285157504289
0 0.19101624332530343 0.44805299085767375
0 0.3816681801462951 0.4424935725072156
0 0.3757533833951406 0.39216860416142835
0 0.4047353679071302 0.4295106808776441
0 0.42039551521125046 0.43151434057432675
0 0.40625185171223205 0.4310974611536316
0 0.39051442581188417 0.4438819979196009
0 0.4256594990906508 0.43148777990237525
0 0.4298086701689855 0.43298722657820454
0 0.3296554163098335 0.35563039820155373
0 0.34182110700108437 0.3556969904381296
0 0.34932083928066754 0.35680257107900537
0 0.23618398934764706 0.3822767473757267
0 0.21954170274345772 0.38320722107006155
0 0.42050101276001206 0.3684355590654456
0 0.515343849911638 0.28558704791509587
0 0.4650448900849923 0.4170908403137456
0 0.551371050350692 0.20523378876564297
0 0.4690457619726658 0.3161606093787629
0 0.4899292934038069 0.3102261021571315
0 0.5087206048647994 0.30286816572365555
0 0.5273602949860303 0.28662874808777933
0 0.44938841259673884 0.3194976089441258
0 0.4722553443001664 0.2725617500912884
0 0.450427434042744 0.2819016813907934
0 0.4941972892569459 0.2673768636001193
0 0.5106494600844124 0.2672188774399135
0 0.551390210652481 0.28751861854739813
0 0.6123351517902769 0.502438546522804
0 0.5197738584778879 0.2793308370139288
0 0.6083139993412339 0.25752338200159697
0 0.5670096036856589 0.2702484943944475
0 0.5309241883780645 0.36523807631886523
0 0.5042214106120493 0.45550607371589413
0 0.509806754472463 0.46647721431825473
0 0.5323283758176409 0.4511769773519557
0 0.5526293722669715 0.44947199329085974
0 0.5304317763480155 0.4604593458706918
0 0.5477158751176752 0.45615211955231166
0 0.5922479704022408 0.4499425803837569
0 0.45577864365085313 0.4135763298558152
0 0.44784152726440324 0.3998132404749808
0 0.5304969831815233 0.24918328703421613
0 0.46227641962468624 0.3472087742841762
0 0.5027417794841788 0.38769198759742407
0 0.4978344630773949 0.3796073412117751
0 0.5887580914017947 0.34068902347074903
0 0.4332403729305319 0.3830431664119596
0 0.4736535441454338 0.25577785333861475
0 0.5045459768532411 0.24883553571999073
0 0.5141732172797555 0.1906152610545573
0 0.3963934901453879 0.30049079502730264
0 0.43436542258638405 0.2941065153673939
0 0.5983687210828066 0.43175907400639163
0 0.6964404553822849 0.3861791726363742
0 0.4937442022011332 0.40088472612526105
0 0.4800314909738043 0.4113089690065902
0 0.5799234925728777 0.44868382147472835
0 0.5748698084574678 0.4502253958388515
0 0.5081209569521572 0.23677460136620895
0 0.5085483166672613 0.39234332999457483
0 0.4376196221488973 0.272241219068351
0 0.4323599261596151 0.2611473013201486
0 0.4101892164705888 0.19327955150409884
0 0.5115464017119097 0.21117949485778809
0 0.4184720295116953 0.2247890981481127
0 0.5369827839667383 0.23848877612339414
0 0.5461043623964423 0.2207350777057202
0 0.5078541033941767 0.461493658306806
0 0.5317169072349435 0.45609615451615787
0 0.550412301298069 0.45280506445661833
0 0.49079822854179406 0.4049379843408647
0 0.5773487497607003 0.449489700405494
0 0.5679940414493498 0.4550559201642223
0 0.5719362735424353 0.4511612344371236
0 0.479262027160629 0.4022691938216272
0 0.545199617581523 0.45849071928988333
0 0.5288077476231948 0.4633290417816328
0 0.5101059410397125 0.4696112856592821
0 0.5432201575325883 0.4984151910504569
0 0.525780265421971 0.48455359851536545
0 0.5200318272185066 0.478447868772175
0 0.5147274367349304 0.47330735267504404
0 0.5097964789880358 0.4697403658343398
0 0.545541876198157 0.4586801033305085
0 0.5509020092532687 0.4593900296351184
0 0.5570612350559753 0.4610013184340104
0 0.5631404588727847 0.46354375520478125
0 0.5556826204385447 0.4197379953187445
0 0.6599539871449056 0.31284158077576885
0 0.5579840199131033 0.4551711336750051
0 0.5628128408899774 0.4549916292662206
0 0.4770804182018923 0.4192845290121825
0 0.507740145954101 0.40258815641636436
0 0.4785259007273809 0.41544548584067303
0 0.4892370116127574 0.3467273840923672
0 0.5289836670069591 0.34347320339925913
0 0.5061804355810517 0.38361501240211987
0 0.4686482243401849 0.18543343812875127
0 0.4702067371943723 0.21138749482191127
0 0.4716717276884162 0.2435147529872863
0 0.5811961074562176 0.4658319013922111
0 0.38892867906100076 0.2826659896451494
0 0.3689897775488055 0.24236579871048097
0 0.35262251467160555 0.2083214961964151
0 0.522459159321759 0.294772203201833
0 0.5809655657604985 0.2871978676513485
0 0.4359801029381545 0.32093971271229826
0 0.5340004211858563 0.265054226650492
0 0.44123079822115274 0.3444907468460176
0 0.48546733812469506 0.3892232425834822
0 0.6124852665740511 0.28880845285628154
0 0.5748245345185632 0.3018449788670177
0 0.5534847870307125 0.3168636756422727
0 0.5139533759945113 0.32946205317326216
0 0.48162511817139125 0.33467175600969273
0 0.456316290990166 0.33698219733069773
0 0.400859965092462 0.33903381868225074
0 0.6325091339809739 0.31746296179683314
0 0.5488622097055549 0.2575012041336816
0 0.45470956834438053 0.4219890855576681
0 0.4724546346165564 0.3611244556048642
0 0.6125226214366115 0.2532694236091945
0 0.4354122472198113 0.3369448921926644
0 0.5080936457961798 0.383128330597411
0 0.5286170717166818 0.2768928253132364
0 0.4791452883864227 0.37959948441256647
0 0.6814186242611512 0.34716348042306694
0 0.432549713584392 0.3165704235434532
0 0.45518220199838927 0.3799984221873076
0 0.6798319503988909 0.4361842988949755
0 0.6928168405657229 0.45137090543689934
0 0.6554938860885475 0.31271248594250367
0 0.689068220231844 0.4080712641386882
0 0.5754348442120396 0.23668194683673588
0 0.6309963586213796 0.5149366325982239
0 0.45513831872655 0.42488768745375716
0 0.49852782649838406 0.36368316298593645
0 0.5853379002731779 0.2651358142333186
0 0.4999804168777621 0.2967895390060933
0 0.48387571966842463 0.3034091122124506
0 0.573179723047044 0.4556590760855571
0 0.652162543133549 0.3451087368733209
0 0.6090523276640021 0.5478433409462804
0 0.6592010954475921 0.5052223746543345
0 0.6768780962928481 0.4817642588978228
0 0.4662680590282316 0.30821858735188196
0 0.4485552485060433 0.31224938919362816
0 0.43775146511261875 0.31547510364781256
0 0.560055882062601 0.24844008659862954
0 0.4454606279892766 0.3001686662597501
0 0.4601957112874674 0.2900325011300004
0 0.47691886904446973 0.2832520687547715
0 0.49485043922196265 0.2792825235620789
0 0.506969330103501 0.27875353817058646
0 0.5817753975482091 0.22499374138272327
0 0.5095235992061056 0.29075925505679584
0 0.5301940881687662 0.4198314853660438
0 0.49180163345907046 0.3992199348690717
0 0.48837804292207176 0.43089309642496315
0 0.6667822396949582 0.4649930121782033
0 0.65071373845896 0.4899182092884313
0 0.600365294062573 0.5380350066267926
0 0.6992377821841965 0.42135758066306944
0 0.436122491793788 0.3106132987076822
0 0.4310589957496394 0.3549359363058339
0 0.6378404493241207 0.5274887781428255
0 0.6745732974099077 0.3440828382482995
0 0.528935843511768 0.4634607311176217
0 0.5348556428013936 0.4655117368244607
0 0.5408138399538787 0.46904580133116763
0 0.5471527322154978 0.4739997770799243
0 0.5658110031939071 0.4822963225128858
0 0.5619700580187466 0.4528407718500365
0 0.5655141730347405 0.4506349168393923
0 0.5683009153150994 0.44840080080472905
0 0.5798836267836716 0.4236546683570613
0 0.6302629362629808 0.36272240543495055
0 0.41989823584647284 0.34101802693760913
0 0.41144467979345634 0.31433289214644744
0 0.4244939655713413 0.3100939584167107
0 0.5579892349145983 0.45501308888196945
0 0.6621924203051173 0.39285689495179965
0 0.3948980981241102 0.32225864356302697
0 0.5889887876160766 0.49168771877884865
0 0.4113704722536647 0.3541603265735118
0 0.4629304580714392 0.3699493121517741
0 0.5622089823464984 0.5109450561196908
0 0.6171206689399221 0.44861396045788476
0 0.532799155248896 0.3874987924228544
0 0.6067609332663857 0.471228144577016
0 0.5756967145463695 0.3687145927030107
0 0.5617166475757308 0.3941766906367696
0 0.6117000032378279 0.3830914505473945
0 0.5837899333109027 0.5251200704470925
0 0.48180312355575355 0.3715531838976819
0 0.6449919547075811 0.4523632074503795
0 0.6301500604528448 0.4783488965552786
0 0.6201951634138823 0.42588306769080786
0 0.6672115308920974 0.3693576189486877
0 0.6485640762130851 0.417806600584932
0 0.687735149960803 0.375080945375173
0 0.5923995917420024 0.40518570804725523
0 0.4511011349766151 0.35796196199953556
0 0.48371583158555237 0.397793837863466
0 0.4999578571675912 0.39473508039246435
0 0.46718246125332685 0.39373524406034016
0 0.41873289547536685 0.29918646375122276
0 0.44532990528513555 0.2794470033081977
0 0.4729013864112937 0.26713893157632457
0 0.4984470132900321 0.26069801260271797
0 0.5188801231105691 0.25984395214396977
0 0.5456217622951322 0.2745178439047026
0 0.6341933476860109 0.28377461919318075
0 0.5448387394780698 0.2975166007552458
0 0.5280364682169064 0.30888323445359
0 0.5015194990226756 0.318631528755245
0 0.47401187269260053 0.3248210887870063
0 0.45125700557685416 0.32815152147541876
0 0.43476002436617145 0.3295630482227906
0 0.6366519311685925 0.28250841391475306
0 0.502530204942045 0.39771808424721594
0 0.4410283016445844 0.3677850278175395
0 0.46936480417523696 0.4053240522094395
0 0.4641987464350203 0.4151759800379691
0 0.47148530104238057 0.4067637813480004
0 0.5000720463855111 0.40346029044493387
0 0.4608565099213434 0.41834851451542066
0 0.46145805068638013 0.42110569402575493
0 0.42628166808382323 0.3199386744071608
0 0.41898503114023933 0.32723123523528164
0 0.4155819143128136 0.3325660458725432
0 0.514223204034826 0.2790644094347954
0 0.5229951455865217 0.2696681613021571
0 0.26890522650564497 0.3702955683288367
0 0.28812331823713105 0.36302316253599914
0 0.2599488284195895 0.35921186735124694
0 0.2496920407385282 0.37761684458540834
0 0.27788710083974444 0.3815533355202364
0 0.4802796091560436 0.29177530336639157
0 0.500778737032543 0.28425766576243483
0 0.47096495978210284 0.28080941040230833
0 0.45962828049517196 0.2991258813797132
0 0.4896608560305575 0.3027015605374523
