0 0.43343598764065816 0.5125799690899642
0 0.4280812156022243 0.4628087774027085
0 0.4291707813415838 0.47482271848813346
0 0.41188836522886285 0.417414924642746
0 0.42776963730221207 0.4492071729315364
0 0.4280984383886275 0.4308330896108047
0 0.4297538229223827 0.38669291108954645
0 0.2982729538546308 0.38349077235097473
0 0.4291839966469485 0.36047176897957706
0 0.4286991986648544 0.34398510196394677
0 0.42958769339906133 0.27029498137425684
0 0.4331238062080482 0.5169299190351064
0 0.43264902022707724 0.52081974433816
0 0.43232753714951483 0.523203944976347
0 0.43199186035148474 0.5231594250577948
0 0.43173065032486035 0.5289072901874349
0 0.43126910645514727 0.5358568853766158
0 0.43081682402154675 0.5432051595138467
0 0.43282753407307295 0.558971032122339
0 0.42845021212554496 0.46945006702689157
0 0.4091784368552592 0.4682172807338445
0 0.22814422035994736 0.3289894803656616
0 0.3516125130750563 0.3942945717793444
0 0.33162531532023265 0.39543311227706895
0 0.31292091358615004 0.39474341257110884
0 0.2903597335452619 0.38809085191915865
0 0.36894906368916447 0.39124816299780557
0 0.3228543399347235 0.3621801695637945
0 0.34541401214411727 0.36334974064991094
0 0.30281712908459746 0.36420605666395545
0 0.2904218293969398 0.36854738985066826
0 0.2728114967922802 0.3955656077604795
0 0.3582689926919082 0.5819517986282058
0 0.2920535979387553 0.38063139338856156
0 0.21893556505117728 0.38720628781163174
0 0.2521628904277864 0.3876235338224881
0 0.3336066327098271 0.44867026681701344
0 0.40998830990460905 0.5084822131995705
0 0.41137607780325675 0.5191034194136012
0 0.3874854326815061 0.511442967299102
0 0.371202635133396 0.514623423093471
0 0.3928027970959311 0.5185229935399864
0 0.3773780963990999 0.518729103324206
0 0.3428220028948525 0.5342709658586461
0 0.4112239275532572 0.46217472759493883
0 0.4083882795403833 0.44919545311426773
0 0.26264855168435886 0.36031856506630994
0 0.37330008905542933 0.41450802528339886
0 0.3659553547268328 0.4564333506792352
0 0.3653724605784468 0.44902740067977837
0 0.27701527738700743 0.4470356215817341
0 0.4098762746738351 0.43213652819395065
0 0.30774818036867224 0.3496336563881757
0 0.2806555310912106 0.3526501886114694
0 0.2437248375347775 0.30641843302958255
0 0.3929435414383593 0.36261918827675393
0 0.3652771388221046 0.3678910416159509
0 0.3271408167100795 0.5217020901432936
0 0.23534988571444285 0.5151135525193767
0 0.3807831417931163 0.46406700364921405
0 0.3967939131366818 0.46832414392543875
0 0.3485475272426139 0.5194461150769738
0 0.35312235501149425 0.5196571230780387
0 0.27113493560286966 0.34428903503694397
0 0.36556728581047576 0.461901991803577
0 0.3452081830929155 0.35260695094863576
0 0.34155046534926997 0.3418933838551891
0 0.31701257853242365 0.2771552033398462
0 0.2553581797072421 0.32241362425080244
0 0.3285221578958242 0.30565175951283047
0 0.25243137825442397 0.3540821861529696
0 0.23787734637279873 0.3398502888832835
0 0.41035958492885466 0.514611754566431
0 0.39016344863921404 0.5153183287576489
0 0.37419320780621923 0.5167384269660797
0 0.3855629006157751 0.4664226356299891
0 0.3508859929507193 0.5195554914897766
0 0.36031006041752256 0.5228853044302567
0 0.355655565533949 0.5197996073334977
0 0.3898533178574365 0.4604511707481267
0 0.3798031987541396 0.5201724360062592
0 0.3950122594428451 0.5205576512692631
0 0.41262319518010254 0.5217354544370935
0 0.40692721092668566 0.557931892087926
0 0.40697115918864374 0.5416747616684955
0 0.408159075750281 0.5341785152213298
0 0.41008233157512936 0.5272999057087345
0 0.4125114012023677 0.5218626285592715
0 0.37961792982304876 0.5204291179560233
0 0.3756878508011932 0.5229579826843911
0 0.37158234061106393 0.5264447180797225
0 0.3682433583409242 0.5306358221864355
0 0.3490773725282887 0.49856763246698654
0 0.2192273203931425 0.44638795421823213
0 0.4287216083915985 0.47203930035449454
0 0.3680874686688185 0.5202376002418823
0 0.36425204125597427 0.5214049658481625
0 0.4035075161120166 0.4737264411388964
0 0.37333342218366655 0.4698064571813397
0 0.40025643036579306 0.4710844045207984
0 0.3532008426668851 0.4221474740492261
0 0.321741975783168 0.4313735860413399
0 0.3624651470100102 0.45471548704781395
0 0.27164762511687435 0.28871489251437393
0 0.28417360353405063 0.3103827189222194
0 0.30177688618878956 0.3391401884888393
0 0.35965125197949616 0.5435037968707257
0 0.3864169363742289 0.34614003527963505
0 0.37529781165168336 0.3043108277724705
0 0.36802605636741803 0.27153603821668937
0 0.2982200390213858 0.3925180834164654
0 0.2516122437689615 0.4039445975120517
0 0.38031162613111996 0.3883098740184653
0 0.27141718825568323 0.37365156260953436
0 0.38678239451964264 0.40609549172222614
0 0.3776116829527461 0.4522929213185241
0 0.23138548174630041 0.4129657281049784
0 0.2629935837391278 0.4128657506265934
0 0.2862607371871886 0.41776857076995616
0 0.32333157195345213 0.41629761829972267
0 0.35143436110861925 0.4112963080946086
0 0.37236975032188324 0.40559188578871713
0 0.41120580676943064 0.3897465646158958
0 0.23386560319720404 0.4415498495209908
0 0.2563744715374449 0.3724260979966409
0 0.4180824565903648 0.46881281157982524
0 0.37390389180053835 0.4280559288850729
0 0.21692064647441325 0.38534731193837046
0 0.38786768471903127 0.39927928959545883
0 0.3617318449946849 0.4551944352038529
0 0.2839066168374341 0.38141281284607836
0 0.3774294162816975 0.44336434394337126
0 0.2240767075234781 0.47985495670118195
0 0.3810775375155651 0.38400507229717745
0 0.3931804921316064 0.4364137485947298
0 0.2721119299935906 0.5493161081727864
0 0.2741835832433856 0.5651412722857102
0 0.21821508965576472 0.44474946221579675
0 0.24943151733959498 0.529936479917471
0 0.22843409928938616 0.3610797377060289
0 0.35323812966437446 0.5971208324898845
0 0.4204018230995406 0.471396608143181
0 0.35671048465630284 0.4377815307698388
0 0.2373512673151234 0.38919542546289554
0 0.31564361496788 0.3872920963643254
0 0.33190545030748064 0.3881403341673423
0 0.356826259309183 0.5248302299043407
0 0.23697591779510613 0.46930473616373714
0 0.3910496782754426 0.6172607101608014
0 0.32945887643196015 0.597702412393646
0 0.3033196457621196 0.5843885461057442
0 0.4292026133397999 0.30444574671918934
0 0.4345312094234902 0.6202699591716131
0 0.3487915412887283 0.3872165586799383
0 0.36521610180320946 0.38546856203912827
0 0.3758761756041128 0.38474018950069294
0 0.24423540938321664 0.36923534568885097
0 0.3622005728437849 0.37586076098723686
0 0.3448338387938945 0.372811672291246
0 0.3279228719437252 0.3722588020930256
0 0.31159155572886055 0.37404893365675124
0 0.3017303779640276 0.37674703049486963
0 0.22029479807647673 0.35380578311025235
0 0.30517749520747556 0.38546539486750314
0 0.4297343886497876 0.48638466443272604
0 0.3671405236844135 0.4905369161911633
0 0.3805438455842111 0.4619843382658302
0 0.40276225866830867 0.48664716782345285
0 0.42992688176910515 0.3725678000761115
0 0.2983592688308462 0.5679902906219164
0 0.3241614019903152 0.5829637291962686
0 0.38977737676190294 0.6068792857661627
0 0.2529055074910107 0.5436786196154096
0 0.3749458636764599 0.38051849077253236
0 0.39837643925262534 0.4105594470233157
0 0.4339128510783548 0.6099560840082341
0 0.35772615995096124 0.6092174277789351
0 0.22342032501878945 0.47514966805128084
0 0.3948945145568122 0.5208241296527178
0 0.3909280867437306 0.5250855526630429
0 0.38788183823065914 0.5305500136337419
0 0.3856334135179286 0.5372551595927149
0 0.38051564578452834 0.5518421262934587
0 0.3646156631977014 0.519151888679767
0 0.3611633992227523 0.5181520369605742
0 0.35844249383586907 0.5170790710203026
0 0.33467770238285477 0.5093298098747281
0 0.2614728720129832 0.476756488337465
0 0.3993493725505212 0.396894832506128
0 0.3938072943331107 0.3762088677697424
0 0.38281122206345847 0.37680479611499584
0 0.3682453821858634 0.5200955263082532
0 0.257974314260418 0.5101283474460893
0 0.40777206566670665 0.37696942492671637
0 0.36874236344643263 0.5666096602445063
0 0.42871851231092994 0.41551000554708467
0 0.41130191929962323 0.4040003499906996
0 0.4292638379999477 0.401285276086866
0 0.3843741128626077 0.4315426899255186
0 0.4333447805889275 0.5945974045257637
0 0.43303109802629636 0.5757711209032846
0 0.40014589626504027 0.5741325519655062
0 0.3227150230061101 0.5408559901018938
0 0.3462539614056763 0.46628833216601523
0 0.34378787283988105 0.5557250787058602
0 0.3028331992175916 0.46485974542472674
0 0.3288888692167466 0.48051903693788295
0 0.28614516357850767 0.4871600444658079
0 0.39298622982333536 0.5919233115146989
0 0.3730238275197537 0.4386159458562084
0 0.30518477300748875 0.5519338845126871
0 0.3310866508956837 0.5681769357643266
0 0.30660540493124205 0.5237354399717372
0 0.24128030090714278 0.4930127468230068
0 0.2816695310175419 0.5257970763613349
0 0.23197854873116897 0.5035570433390313
0 0.3136164595008544 0.49884206083589705
0 0.38652964175233373 0.4190216423484726
0 0.38365322197585 0.4582468192970407
0 0.3719646730662688 0.4609404795303725
0 0.3917953512104957 0.45018473904633866
0 0.3786253075965721 0.36723770668217237
0 0.34579602292860334 0.35981888283530006
0 0.3168678669177968 0.3578586087602636
0 0.29357573037724133 0.359914667337485
0 0.2782294235151747 0.3650602697786214
0 0.2697827793333841 0.3845527108920657
0 0.215921389789361 0.4155647065760433
0 0.28268393303227163 0.4010195157666137
0 0.301356087276793 0.4046878313942664
0 0.32715161948505306 0.40497128684343636
0 0.352233766456661 0.4021288208339525
0 0.3721234979836837 0.3980855992792741
0 0.38551918020390946 0.39423192076493
0 0.21778197343582692 0.4155969424848107
0 0.37261127141992684 0.4642197459504224
0 0.3973417585796636 0.4232036424395831
0 0.3971601620559459 0.4597031796971957
0 0.4078966192496212 0.4662029339351516
0 0.3975398005188807 0.4615778632030107
0 0.3785816139905997 0.4681201370405978
0 0.41169754747787246 0.467718585839738
0 0.41385007410755625 0.4703236678480238
0 0.3874672180770532 0.38469922143048135
0 0.3958282174299593 0.3878272714336281
0 0.39958982141283544 0.39021840907525324
0 0.29625373293200263 0.37883036265122716
0 0.2826614562907945 0.37401159437022347
0 0.4461125883719195 0.41749557852745056
0 0.5736303669602975 0.3844795453807582
0 0.44873624197814777 0.46843162259977794
0 0.650264877340068 0.3292714355756407
0 0.5183508786494317 0.393623875103135
0 0.5375592311763245 0.39540449232942815
0 0.5564154078779013 0.3952812419097493
0 0.5823442122858503 0.3888033629543539
0 0.5020227657388086 0.39000272084081516
0 0.5472337461036184 0.3612003851465989
0 0.5252542271400276 0.3617919538224089
0 0.567541676370994 0.36372103061581
0 0.5807775686616483 0.36845018204463564
0 0.5992302362523649 0.39615595829335676
0 0.5106210240527339 0.5835796991984049
0 0.5815713179662175 0.3811692740174307
0 0.660464921804226 0.3885311272427224
0 0.622735385823509 0.3877528877793879
0 0.5321295634721932 0.4496469097076983
0 0.45731241223604785 0.5098367881407773
0 0.4541826365596574 0.5204065502553746
0 0.47915326431393623 0.5142082799819933
0 0.49395917777134024 0.5184482380315878
0 0.4723592838677375 0.5210735796802286
0 0.4869282332289478 0.5222367394877516
0 0.5259740725969491 0.5356327983672204
0 0.4451952370936456 0.4624411546881648
0 0.44752501769234304 0.44935547862795816
0 0.6080231321570666 0.3603561095137527
0 0.4910890975886065 0.4147631941714149
0 0.49448870138629625 0.4574442297976086
0 0.49595946033039817 0.44992092775477877
0 0.5923531039253526 0.448520473703958
0 0.44675324922022613 0.4321994100143944
0 0.5573336169447588 0.34805262226449407
0 0.5869056371081135 0.3522016427385202
0 0.6304420533225589 0.30618912723941216
0 0.46901240726204024 0.35892844599658164
0 0.5060985213874475 0.3661120528544205
0 0.5416565119572307 0.5232171778553638
0 0.6489487079822499 0.5182706712596659
0 0.47930273397461226 0.4649252943370653
0 0.46286804083248845 0.4688691795412181
0 0.5141028415249742 0.5250443409642448
0 0.5096030434512574 0.524896035267823
0 0.5981359124669562 0.3436629095695157
0 0.4956338759511709 0.46304573825951933
0 0.5180209249096073 0.3496413242773733
0 0.520811820483726 0.3389830224054015
0 0.546396678475582 0.2765964604104343
0 0.6149650275221338 0.3220595678017623
0 0.5324082911500464 0.30483083375662134
0 0.6203627426015295 0.3539645391907813
0 0.636509567256207 0.34027808785870456
0 0.4561014828150687 0.5159615851614786
0 0.47580309058337106 0.5180385060392428
0 0.4906476849447126 0.5204266047348147
0 0.47443628489323286 0.4672419457439927
0 0.5118233487819848 0.5249855367169864
0 0.5020998058759648 0.5272773123629715
0 0.5070602096131315 0.5248022510845592
0 0.4686429952473744 0.4610806300804235
0 0.4838229581389738 0.5234105163726254
0 0.46944518840831256 0.5228531967470611
0 0.4522855834954459 0.5229095134182252
0 0.4595994910468226 0.5583786556254262
0 0.4551976685128782 0.5427336227958617
0 0.4545249746221563 0.5352227073432743
0 0.4535144996707854 0.5283559458735196
0 0.4517568372513937 0.5229299269292665
0 0.4835756737738848 0.5235086345802182
0 0.48735586764371913 0.5261369254170121
0 0.4910116553630518 0.5297066740475703
0 0.4939633594906848 0.5338953418684178
0 0.5162583838176468 0.49977746638266934
0 0.6653418519898601 0.4486244133525137
0 0.49457397093267547 0.5241232966815216
0 0.4983868411863628 0.5255731688677401
0 0.4560967649778594 0.47426603999042855
0 0.4884083206238954 0.47085295736357785
0 0.45934925803347776 0.4716545979937781
0 0.511998203623554 0.4226844570990922
0 0.5448730583100215 0.43228498776105867
0 0.49972863697811315 0.45578604234733444
0 0.5972938589427782 0.2881462890384854
0 0.5815999198542989 0.3095887461812168
0 0.5636715487293575 0.33754290818520216
0 0.50842602348522 0.5446733166666134
0 0.473876497424815 0.342105904918002
0 0.48351844319182896 0.3039015317470699
0 0.49233747484243434 0.2712120121965806
0 0.5726327856435723 0.39342366369522136
0 0.6219564601778984 0.40472615801769757
0 0.4914553197019774 0.38680882700651453
0 0.600867620628813 0.373806587325922
0 0.47674748900791875 0.4061708498908126
0 0.48128267086070514 0.45298536505172216
0 0.6432131582304187 0.41461950459558033
0 0.6067417568486669 0.4137998098048611
0 0.5802514225892399 0.41879388808772183
0 0.5422926694154739 0.41696308337259985
0 0.5147526163769804 0.4113158496717612
0 0.49412877865783544 0.4052930945611518
0 0.4493094323931829 0.38970639154422976
0 0.6404685564339161 0.4436433114975259
0 0.6168115782834913 0.3722956284772659
0 0.4389306194270435 0.46898722400267917
0 0.4895596337383208 0.42846060878988623
0 0.6661025764339644 0.3864308821334355
0 0.47824749318153964 0.3986948630840018
0 0.5015422969084719 0.4562664266297783
0 0.5900813044737214 0.38181796718550765
0 0.48244459910885146 0.4439173808348352
0 0.6607078368087178 0.48268915216128033
0 0.4920027764595073 0.3824079586867837
0 0.4648645437606003 0.4366827401993931
0 0.6040847030994685 0.5524262450635433
0 0.6049623012380756 0.5682509988546371
0 0.6614445163665906 0.4470741918337518
0 0.6290187944212685 0.5330696461209352
0 0.6486067720081495 0.3618756851208383
0 0.5166690232961074 0.598983539727287
0 0.43709177535999083 0.4715013171451679
0 0.5077394173359093 0.4385221616729446
0 0.6408539983727362 0.3898427209722391
0 0.5538897566173387 0.3881508486642354
0 0.5372697811411775 0.38827588141936326
0 0.5054662507837233 0.5293543101760788
0 0.6385031483419563 0.47174709992132324
0 0.47877473829557066 0.6181646235071231
0 0.5441384428059277 0.5997405065682487
0 0.5730479821238829 0.5870922079336816
0 0.5212966854805532 0.3865824704044971
0 0.5062292269228593 0.38419819283096684
0 0.49663065309109894 0.3832442843341741
0 0.6313842804697545 0.36878647925197217
0 0.5105177141402079 0.3741701068221659
0 0.527009235775989 0.3712152510989403
0 0.5433340783676376 0.3711257752948913
0 0.5598477148653372 0.37345183845879376
0 0.5703421952607839 0.3766209078223809
0 0.660521830715563 0.35438835035091726
0 0.5653405372539292 0.3865375914543435
0 0.4963333757351274 0.4915510778841765
0 0.4790265796625096 0.46286955632377363
0 0.4580928122057863 0.4871487349703692
0 0.5757715412941964 0.5709918973886449
0 0.547660040223728 0.5854639483318813
0 0.4788625007900207 0.6079101424286331
0 0.6293478903725095 0.5467634704233943
0 0.497991722320085 0.3789683590116708
0 0.46242960364274355 0.4106860954206491
0 0.5135087961250026 0.6106681975441567
0 0.6566983989399412 0.4779271365183851
0 0.46903645214827167 0.5229302603157534
0 0.4724444998023303 0.5271944529984308
0 0.4749574986812861 0.532622395326262
0 0.4768547393867503 0.5392467848200729
0 0.48670349262006907 0.5526019140970015
0 0.4988401556468528 0.5234544208084327
0 0.5024489794412385 0.5227148926452451
0 0.5054543489671272 0.5218122359095276
0 0.5324354991316795 0.5107217753926913
0 0.6106670510185801 0.47884479564601096
0 0.4626711515466804 0.39695353417292883
0 0.47532926961455657 0.3741872890487961
0 0.4890237035148818 0.37504118159953237
0 0.49482385546940827 0.5241018060756766
0 0.6170839797705412 0.5127467136236205
0 0.4559296838453282 0.37504845198945724
0 0.49936549754246423 0.5678457547573076
0 0.4479482023288374 0.4040423695106005
0 0.47680935700950416 0.4319416253247123
0 0.4668565164927555 0.5747572669516439
0 0.5471475651568692 0.542858206761488
0 0.5184340573361387 0.4674279754036579
0 0.5253588505413221 0.5573889593715253
0 0.5649327123942582 0.46626907268512074
0 0.5376455461525399 0.48185558336368506
0 0.5838418039290801 0.4890972764055798
0 0.47454675197925256 0.5928586657712425
0 0.4895727150142193 0.4391576476071192
0 0.5667244987157376 0.5544837525897268
0 0.5392206604390041 0.5703266118315683
0 0.5633088917997868 0.5258239780863126
0 0.6353891077248947 0.4956644003589948
0 0.5908340407616418 0.5283042709680571
0 0.6482777028628017 0.5065670104130454
0 0.5547967072090377 0.5005078135949114
0 0.4756325514906127 0.4192882746026136
0 0.47480658150237537 0.4589283382115157
0 0.4880168205532043 0.461937356416298
0 0.4653885185556567 0.45058631589231285
0 0.4895925245693196 0.36501598066609836
0 0.5215912822472013 0.3580213013658489
0 0.5503741369137297 0.3567241586582816
0 0.5746456669724506 0.35939403304803197
0 0.5918283517593923 0.3650040685104719
0 0.604186002570002 0.3849196411885213
0 0.6635183811025775 0.4174144630306873
0 0.5873874194272186 0.4018382745106583
0 0.5667644126907639 0.4053413586664027
0 0.5405761272363041 0.4050994995927465
0 0.5160415509472722 0.40166474684425024
0 0.4970737277003734 0.3971824681089408
0 0.48370268009603024 0.39306417048193404
0 0.6664827912236038 0.4171296483904555
0 0.4878235768688762 0.46525562905531
0 0.4620160691278136 0.42337169487407245
0 0.45993413581796316 0.460152969358192
0 0.4497211709132661 0.466580840340559
0 0.4602856951077347 0.46214803103087604
0 0.48219484860158485 0.4690194086212179
0 0.445545402476969 0.46797526778950205
0 0.44383100476925785 0.47047261467230495
0 0.484746850055197 0.3830096956504428
0 0.47311011693723826 0.38634484277471254
0 0.465905389789006 0.38914603297261224
0 0.5765660947755628 0.379090327175631
0 0.5896649821458951 0.3741968546764574
0 0.3282621608358686 0.3788240539530913
0 0.3494576409297145 0.37868782710553944
0 0.3279333865553465 0.36817943374963774
0 0.30719739968038123 0.3789475992915855
0 0.3285734911813684 0.38949943547123583
0 0.541709105119757 0.3782582073269979
0 0.5619337494768526 0.3785066956627196
0 0.5415450530531614 0.36675700183579885
0 0.5215042167059754 0.3779125496529151
0 0.5419091575009667 0.38976297748909483
