0 0.4967936057111491 0.38696962638177734
0 0.47627757036167645 0.34721605522909027
0 0.47982298939124396 0.35663389403750934
0 0.439226190843012 0.3101302095945331
0 0.4703343533303427 0.3352037009553633
0 0.4613934496174688 0.31883964352849603
0 0.43888784102771594 0.2790113859202551
0 0.30981854770494544 0.30173987387747003
0 0.4269673327065032 0.2563724094542904
0 0.4198796597673841 0.2420452265203863
0 0.3868906587848197 0.17745320488145386
0 0.49900031527099403 0.3911729083544966
0 0.5008827590424082 0.3953565212263577
0 0.5020336511990299 0.39806119341781177
0 0.5017281338248564 0.3980620719384456
0 0.5043992831007295 0.4026520006034685
0 0.507273636110451 0.4082486163014951
0 0.5101742793036543 0.41429308229598444
0 0.5155993555874928 0.42741481290347333
0 0.47855448803823925 0.3527764563543209
0 0.4590825485470502 0.3556933400855548
0 0.21691171978802784 0.27122238537539606
0 0.3642693945895071 0.298628153792326
0 0.34799298449702887 0.30413686862026434
0 0.33099659289354866 0.3081238392902457
0 0.30468087643384933 0.3071223989776943
0 0.3772944843639498 0.2925873116954513
0 0.32003988633337227 0.27659533216037613
0 0.34076902966784395 0.2725127247580584
0 0.3032864063330319 0.2831520244911097
0 0.2941712392899005 0.2900436528135037
0 0.2934915714127862 0.3173503070205882
0 0.4565282512618148 0.465417809676433
0 0.3011562957063965 0.30016885935396387
0 0.23552258004960808 0.32430296812368475
0 0.2671457635967628 0.31433685922968213
0 0.3760176688918601 0.35319826827533
0 0.4733589359599611 0.38998024338397425
0 0.4809374145191649 0.3999080146136491
0 0.45409119971420453 0.3990713701299999
0 0.44174283985858376 0.4066165934006373
0 0.46409670441694884 0.40457644885864813
0 0.4508549023581588 0.40896497666835785
0 0.42042686207138974 0.42603314397991565
0 0.4607042712361916 0.3502903649772423
0 0.45286225478934206 0.33916221731814783
0 0.26495162365229236 0.28862546427526337
0 0.3974441381414299 0.31494728465011157
0 0.4129700058990199 0.3544166299743929
0 0.4083873664393373 0.3477201796528222
0 0.3211171780915364 0.36309036180592963
0 0.4456175222345021 0.3236966424662134
0 0.3020323676097652 0.26835793224365817
0 0.2787433993881163 0.2777469140895899
0 0.22519449055518792 0.24745344834915106
0 0.38722369301578274 0.2595911748383356
0 0.3607896707304146 0.2725241333246231
0 0.40011136509154155 0.4181382939003516
0 0.3040049642972324 0.43439626996067987
0 0.42947250248297403 0.3582152311784634
0 0.4461718877048596 0.3581920235917188
0 0.4269430718344191 0.41742444707863574
0 0.430955050756102 0.416361461515012
0 0.26465832757885044 0.27300683160622913
0 0.4136671046523944 0.3592526176269504
0 0.3375878568900668 0.26161559142064356
0 0.3298752166168845 0.25388375572536304
0 0.28705444421781146 0.20555887360503708
0 0.24734119876571323 0.259226088506588
0 0.3121008869746457 0.22815684023974597
0 0.25074365735054016 0.28565674782663153
0 0.2358137256587329 0.27867941493573395
0 0.47714965936282405 0.3956277400687121
0 0.4593066814477029 0.4021173719910608
0 0.44629503964729933 0.40788520159928693
0 0.4345314092124286 0.35915602916392725
0 0.4290095014578622 0.4168905749701072
0 0.43875302811679634 0.4166979349177817
0 0.4332481726356175 0.4157651900381282
0 0.4383244193766428 0.35340027921441675
0 0.45429497892441956 0.4096407542626063
0 0.46760865495256754 0.40599604058956756
0 0.48368804011008015 0.4022109832452691
0 0.49080710679940553 0.43257324203200964
0 0.4878519750807596 0.4190408274315406
0 0.485591322183609 0.41281453206919244
0 0.4840685814295126 0.40702454421831213
0 0.48354683638266893 0.40224641691083496
0 0.454112583204456 0.40983327229817706
0 0.45194800457228784 0.4126047608645066
0 0.44996052121986513 0.41618417117042816
0 0.4488934971716093 0.42011464808298193
0 0.4118265343587036 0.3939258259707603
0 0.2568270634535862 0.37712119044601056
0 0.47913123651043227 0.35477038094962854
0 0.44418395002898964 0.412711501121521
0 0.441444197912579 0.4145859713139741
0 0.4549154938886995 0.3612895653299663
0 0.4231609351447095 0.3643775165512942
0 0.45063116320449376 0.3597657956938813
0 0.3820845376214255 0.32566777433174243
0 0.3569970088808433 0.3400068416975547
0 0.4071492744690698 0.3532727473024009
0 0.24714291686921017 0.22539372202278912
0 0.271345347813938 0.2421117500550505
0 0.291095772434188 0.2614081751393235
0 0.44015179914624797 0.43060359877088794
0 0.3744011557782474 0.24709491431713104
0 0.35431995340015576 0.21754252953805786
0 0.3321336130409137 0.19047983563032703
0 0.3153803147699522 0.3094811780729156
0 0.2784274477187706 0.3290441975645397
0 0.38529983009009255 0.28802736254705896
0 0.27955931886706664 0.2983815335277198
0 0.40663460172388866 0.3048422962859057
0 0.42349751309856126 0.3484341484912928
0 0.26212055252298067 0.34342692252518475
0 0.29673478962934535 0.3345805613890938
0 0.32296413920171885 0.33405481559642847
0 0.35534103020377783 0.3245209876609885
0 0.3765512869247924 0.3140606621037359
0 0.3913703182631213 0.3051226663848628
0 0.4233416650120331 0.28547105052764865
0 0.27689163759350777 0.3678194383780162
0 0.26383533579823765 0.3002221562724183
0 0.468766907149035 0.3545060926589413
0 0.40466474612121994 0.32696500766104547
0 0.22730906331992667 0.32380382198354474
0 0.40235696473847266 0.2967626396296681
0 0.40533267730927985 0.35370039162428485
0 0.29387948791617935 0.30246665447518445
0 0.41844669332646806 0.34028257515983307
0 0.2770426698514949 0.4055435048497241
0 0.38228842284044495 0.284406173704327
0 0.43134154371269373 0.3308634673771651
0 0.3590985274185305 0.4556646200193875
0 0.3656026673219774 0.47025787268859753
0 0.2608571547367003 0.374810217515282
0 0.32810247681387095 0.44356880628544354
0 0.23414445044877735 0.2992970984483111
0 0.45827697249858274 0.4802312781845314
0 0.4711845742295618 0.35603559708249743
0 0.39252208877840766 0.338967673804449
0 0.2520922407831835 0.31867372514545056
0 0.32948566454908124 0.30128753336443415
0 0.34454474525283213 0.2980500140051911
0 0.43659178118990816 0.41904910016750946
0 0.2909359868777835 0.3919128911650699
0 0.5009059901146785 0.4892251331737076
0 0.4340354091609302 0.4867607851823171
0 0.4027459261857945 0.4809133518433225
0 0.4022094913474891 0.20733094733694327
0 0.5412890749133151 0.4816707830498184
0 0.3581018023516821 0.2933752836956494
0 0.3706077215788157 0.28840742033460864
0 0.3788535861379426 0.28578674447709235
0 0.2486799082354359 0.30006941569888074
0 0.3611017455063436 0.28018685873003973
0 0.3437149234763954 0.28073678824348725
0 0.3282840547516294 0.284145497109579
0 0.31475365129501925 0.28961742388597433
0 0.3075696314968493 0.2944326076818549
0 0.21804250056005042 0.2950758556092995
0 0.31828344159800076 0.30211129287878674
0 0.4850274159208588 0.3658879131510638
0 0.4265724196220222 0.38322168653425964
0 0.4290751966283373 0.35659074891304626
0 0.4597673654232336 0.37213063196859497
0 0.4320072184276322 0.26661349530669226
0 0.3927974845080272 0.46676697333653766
0 0.42442607450420444 0.47430912178495654
0 0.49644317089215567 0.4801439141881639
0 0.3343857852337153 0.4558425692544467
0 0.3751701739333246 0.28243888536657114
0 0.42150174591528333 0.3066522196151208
0 0.5374140593668689 0.4724597870439723
0 0.46625937489063846 0.4902040003866389
0 0.2789357296474602 0.4006413109060647
0 0.4674265318266723 0.40613345585871435
0 0.4660784330057061 0.41023866076400317
0 0.4658555722107058 0.41508575194123865
0 0.4668864018243292 0.42072878281275433
0 0.46351868383910344 0.4333204726378123
0 0.44028424957524176 0.4127659694008205
0 0.4363423879055873 0.41281087156655133
0 0.4328909532531448 0.4125432400167852
0 0.4019464229274055 0.4060358180516008
0 0.31831021639315976 0.3930241221535033
0 0.41491660014118836 0.29421923698290536
0 0.39269924463461275 0.2744118911416634
0 0.38092413496064104 0.27747708623823913
0 0.44424464764154475 0.4125793325728264
0 0.32829865367840166 0.42372727134953375
0 0.40975622784184373 0.27197134861911554
0 0.45922959790281626 0.4491549773492675
0 0.45356194318636606 0.3050406467223513
0 0.4313002911436817 0.2982578085384507
0 0.4463176346667435 0.2922371358111285
0 0.41798022429904214 0.32813019445840863
0 0.5310083410662153 0.4588029397570569
0 0.5227916289282881 0.4421557790559271
0 0.4918751606474752 0.44852322340011597
0 0.40493246378458064 0.43610801860906073
0 0.3955150504960962 0.36646327095619147
0 0.43122372249870194 0.44495862592821533
0 0.35380269101132517 0.3737690241440483
0 0.385130412876606 0.38228074212869007
0 0.3468355500827665 0.39692275269307953
0 0.49326732884282654 0.4660671828449636
0 0.4093922996164664 0.3366808357878008
0 0.3930297952307307 0.4503211646840192
0 0.42505134472056577 0.4591012951256572
0 0.38226514633582986 0.42428864603457245
0 0.3045917987499548 0.4122214330279309
0 0.3589567785029826 0.4319906364316526
0 0.29948496089681337 0.4239481704822485
0 0.3777308317468218 0.4010773499806722
0 0.41333752327963064 0.31648720930451935
0 0.4319525481728108 0.35271715621153515
0 0.42064110586500686 0.3573550618645074
0 0.43715450621169544 0.34367644678855286
0 0.37392401014981064 0.26867201557193976
0 0.34066515618368337 0.2691153268451276
0 0.31426261851321097 0.27424391067546344
0 0.2945086653141872 0.281537852641465
0 0.282632317232049 0.2894838521446007
0 0.2826953470383001 0.3081610299970793
0 0.24559225036722163 0.3497029763201009
0 0.30683223425370193 0.3200445345778396
0 0.3271491699244665 0.3192829792050348
0 0.350427552409794 0.31347549415153003
0 0.3702693717635196 0.30542768386827
0 0.38485433566181554 0.2981122913567916
0 0.3948153772431871 0.29239914965802344
0 0.24107510920452035 0.3503325583710187
0 0.42173508643780067 0.3599730777567711
0 0.42766521895385307 0.318153421300045
0 0.44611688427951024 0.3512224509664204
0 0.45758894507003867 0.35447453912617505
0 0.446307397245065 0.3527795067731885
0 0.42811708905450674 0.361969784334086
0 0.46226838571221934 0.3549272944961769
0 0.464508230595485 0.35652412776497827
0 0.38918297802624496 0.2836795883334201
0 0.4009252098267493 0.28479174664918927
0 0.40861831419169903 0.2863439461891202
0 0.3038750126471986 0.2976530202920886
0 0.28985038100053434 0.29635146756966907
0 0.46899812749546504 0.3032171551300132
0 0.5547211476318215 0.2460815285642942
0 0.4951236641601376 0.3471279103254926
0 0.596345746970695 0.1863273980392926
0 0.5112766194278779 0.2661535897548648
0 0.5290923076479331 0.2634473435472751
0 0.5455418755502804 0.25939486208169354
0 0.563770240901605 0.24809406071469403
0 0.4952047154631304 0.2667728491883347
0 0.5229580627511377 0.231816452158534
0 0.503595372904902 0.23712714599526447
0 0.5414485727315363 0.2298564848260603
0 0.5544508554689263 0.23131761106028073
0 0.5821587401239768 0.2513858775297801
0 0.5904678919393084 0.4329189643047858
0 0.5595917675806128 0.24154698330423105
0 0.6284798020901887 0.23496699797502463
0 0.5978942932965963 0.23968052961256192
0 0.5523420980443126 0.31204230975413666
0 0.5169343698931776 0.378648083711016
0 0.519898254910241 0.38966885662597156
0 0.5387963838875294 0.3767837165058523
0 0.5537683102099792 0.3768917745438175
0 0.5360612052938213 0.3855181150678275
0 0.5490128763991854 0.38277803361415863
0 0.5847810041969237 0.3857834527026052
0 0.4908181317150593 0.34316878387893457
0 0.4871906012944553 0.33107018816298334
0 0.5738364735051341 0.2197156601409981
0 0.5005328694115514 0.2910596985315931
0 0.5283722958487013 0.3269731827836106
0 0.525118794778119 0.32002798910590186
0 0.6015591388163359 0.2980568713468054
0 0.47775351580070413 0.3161474902560745
0 0.5273649699014166 0.21943361841250156
0 0.5534080922927546 0.21700283723032993
0 0.5712490408964779 0.1703044140468473
0 0.45732125769490783 0.24713640001373013
0 0.4883553654603336 0.24520023815009906
0 0.5931466435608657 0.3709597835938136
0 0.6644760002584561 0.3503532280092654
0 0.5188230227517046 0.3368197396613549
0 0.5064025466208872 0.3438275523375774
0 0.5728935100462126 0.3780767524587935
0 0.5689065492023593 0.37916255515554675
0 0.5586090962524 0.20797199896280316
0 0.531286871627621 0.3311012780320817
0 0.4951689147754856 0.2289052422063938
0 0.4933867553329986 0.21961438623459442
0 0.49026073742171994 0.16032672576282336
0 0.5665499129049156 0.18754235547089923
0 0.49174243762441305 0.18791198082592175
0 0.5807551532659841 0.21212286253770193
0 0.5908097249010335 0.19888749772655792
0 0.5192207677856736 0.38465255261331366
0 0.537667390121066 0.3814677688954533
0 0.5515484252701635 0.37986283371413965
0 0.5155812735142915 0.3396911843531374
0 0.5708625630840011 0.37864378872125043
0 0.5637841431990914 0.3830560365880745
0 0.5666892993385377 0.3797875737798387
0 0.5088655551814515 0.33668574086133984
0 0.5467126064974329 0.3848713286544966
0 0.5342812871803408 0.3882399184116419
0 0.5194226691256398 0.3927702052869659
0 0.5382525587211484 0.42117575458858325
0 0.5311806810938794 0.4077286541030027
0 0.5273355903184932 0.4018546211114828
0 0.5232085161235022 0.39670773476794147
0 0.5190138385995574 0.392822379651277
0 0.5463968819898107 0.3850317562835804
0 0.5509262747414734 0.3861193160216014
0 0.555654449145431 0.38793558422206104
0 0.5599467153458492 0.39052292510219244
0 0.5637525828636211 0.3572493465482325
0 0.6514854693542356 0.2872395003619401
0 0.5558669816540636 0.38263810479986493
0 0.5598651794311793 0.3827246146789495
0 0.5029770084049391 0.3498656246541203
0 0.5281855386236439 0.33911648543848505
0 0.5046115733035232 0.3469607473715492
0 0.5216825951052748 0.2932444573312566
0 0.5542258442096089 0.2943247936773991
0 0.5303901582956314 0.3239585392285084
0 0.5370835844913254 0.1608174771502398
0 0.5344458734211714 0.18316446752219961
0 0.5281714243085488 0.2096348066908726
0 0.5737496371502462 0.39802717514660046
0 0.4550230171045531 0.23209812783676645
0 0.4495881274342537 0.196190793229186
0 0.44210242172298225 0.16599503850591354
0 0.5581757625483948 0.25418194027050683
0 0.605415375660295 0.25432818955269415
0 0.4845216933475888 0.2664303969645846
0 0.5732752023183781 0.2320584357864615
0 0.4849868296929028 0.28670894710913947
0 0.5158656194158222 0.3266514978115109
0 0.626905722786551 0.25990362314210425
0 0.5977493035404579 0.26506994675466977
0 0.5781891041475794 0.2748220016558965
0 0.5447737963303275 0.28102140452550806
0 0.5181349347467008 0.2820659777608471
0 0.49776479780026106 0.2813712997712951
0 0.45643581158441043 0.2778275183577468
0 0.6366024389863014 0.2849334081013997
0 0.5863024728453677 0.22791796803906345
0 0.48755551388730173 0.35002222095710644
0 0.5067983532081479 0.3031264966812687
0 0.6304327871488489 0.23264285943646362
0 0.4814350198468436 0.27924872070982837
0 0.5310794578298278 0.32379320652588556
0 0.5668688782531283 0.24052321392556894
0 0.5115419746093128 0.3183336156433907
0 0.6601999382609907 0.317530891817549
0 0.4828369105639665 0.2625245674364809
0 0.4942555126288663 0.31610283212385315
0 0.6489519195064254 0.3862998520118603
0 0.6526704357694024 0.4012253319007763
0 0.6514914664237396 0.2851636537175248
0 0.6598875151704187 0.36506288466246234
0 0.6089063061644202 0.21460795337739197
0 0.6012158520195795 0.44539949686630914
0 0.48641240580574324 0.352406769990921
0 0.5265545780244081 0.30760800125806226
0 0.6133912963711697 0.2378456904620364
0 0.5398825500970301 0.25360846152340155
0 0.5255316233505374 0.2573815246207127
0 0.5675025685973789 0.38385944370774255
0 0.645899714011213 0.309619154619134
0 0.5772951167562733 0.47042718313742377
0 0.6208299341733041 0.4409816606321197
0 0.636984282699616 0.4238618802333224
0 0.5106251801809539 0.2594880584789359
0 0.4959828503753828 0.260898328129796
0 0.48700984113890194 0.2622452466816142
0 0.5965817528574363 0.2221890739772631
0 0.4956809978770173 0.25110404322976654
0 0.5093304492209269 0.244633458122827
0 0.5239879534296368 0.24091032428154047
0 0.5391729271606259 0.23940355157938556
0 0.5491342413360658 0.24002148103022922
0 0.6145478221385375 0.20584657691095187
0 0.5488511675401874 0.24968346316313397
0 0.5436327781366266 0.3550105831329373
0 0.5180341355178667 0.33538391970206
0 0.5101056158866571 0.36006720148134924
0 0.6347730299052985 0.4083482063766839
0 0.6192726042607556 0.4269565423761589
0 0.57418651457714 0.4612215070620827
0 0.661308972084004 0.37836698151153064
0 0.4866362964005574 0.2582462817646455
0 0.4773649481003699 0.29373422038295993
0 0.6021568164553331 0.4567679199187652
0 0.6590828477688457 0.31273368108963623
0 0.533911104435506 0.38834778122279956
0 0.539006372184857 0.39084160846212634
0 0.5436350497538629 0.3944405658521514
0 0.5481010189522868 0.3993105961792711
0 0.5589350278934707 0.41013006585231726
0 0.5593980440626973 0.3807429649691651
0 0.5623113477359647 0.37898443509703095
0 0.5646938804699027 0.37720091619353363
0 0.5816276965905791 0.3624558258747709
0 0.6286577757285989 0.32064112329828565
0 0.46985628391089646 0.2815954567513604
0 0.46631613503331726 0.2590271767930708
0 0.4773692490290041 0.25680515407652094
0 0.5561373343934184 0.3824761397596719
0 0.6456098556518555 0.3489338315051535
0 0.45235641106315283 0.2637926387614098
0 0.5746578600095666 0.42106420687143353
0 0.4631330843852914 0.29087843044080597
0 0.49942020100095996 0.30917259770027106
0 0.5508565209482027 0.43418906110784283
0 0.6029859567465989 0.38821297711220343
0 0.5497453063726425 0.3298748144205066
0 0.5912099535698476 0.4060222985951797
0 0.5874313757471417 0.31919217433618463
0 0.5720372617892597 0.33807541408400604
0 0.6122059362090152 0.33457289873689844
0 0.5649362165966759 0.44871059232863825
0 0.5128178057139334 0.31234984078269074
0 0.6224041952063208 0.39501921810965607
0 0.60718124003514 0.41489208694817364
0 0.6100205192747323 0.36957274593304895
0 0.6523169418391974 0.3310183066388835
0 0.6317340300782867 0.3669593666774639
0 0.6633520949146022 0.3390071096195691
0 0.5941219548492328 0.3495840587909671
0 0.491417384342007 0.2983959803114767
0 0.513331251785807 0.33345734835534857
0 0.5252517601070197 0.33242720970209094
0 0.5022583898642788 0.3283154402953991
0 0.474851479348929 0.24787057482677957
0 0.5000339616899905 0.23489478845959125
0 0.524587781532951 0.22780637151521185
0 0.5462501960928026 0.22521044065554938
0 0.562524395144504 0.22649892538354016
0 0.5804745025284912 0.2406698536613713
0 0.6420595602172873 0.2592030029365982
0 0.5751510735439218 0.25855004247547925
0 0.5596423489244088 0.2660273268170979
0 0.5367962400550428 0.2712626753077991
0 0.5137289362433164 0.2735286118543666
0 0.4951649167291496 0.27387554209301435
0 0.48200095542099164 0.27331319127393805
0 0.641168268478435 0.25965370842512103
0 0.5260828994214535 0.3349536398182745
0 0.4841863117788149 0.3050130953391393
0 0.5020732379154019 0.33794436808945477
0 0.49556932517367863 0.3454826364050741
0 0.502682576522879 0.3394732868325883
0 0.5226912840229013 0.3392053624426109
0 0.492826574522516 0.34766424717246625
0 0.4917596413389496 0.3499988425469053
0 0.47707593781144725 0.26467549099006515
0 0.47005627709238423 0.26991031480872113
0 0.46669170908305957 0.27382143986397894
0 0.5550608907056891 0.2408612979495007
0 0.5638155218051828 0.23438667408798053
0 0.33481687760871387 0.2903415201150853
0 0.3525526806226243 0.2858702405423358
0 0.3292976049301417 0.280343198797841
0 0.3169027223535206 0.2948063694048619
0 0.3402476783679879 0.3003812173138494
0 0.5256315139324769 0.2479699818768363
0 0.5433331669672675 0.2438826280227606
0 0.5202585334039252 0.23824141520088998
0 0.5078024383148422 0.2519355630097182
0 0.5309911676399086 0.2576740109834118
