0 0.23958547738530367 0.4520134251719466
0 0.14140041354748842 0.40147807270574115
0 0.1827670848198074 0.40238312353341343
0 0.0476675534562813 0.35311717766161543
0 0.11505840075530595 0.38817609841831197
0 0.08671777636455975 0.3637770513376108
0 0.016787324163267652 0.293366654802816
0 -0.12025924645167746 0.33043193026853446
0 -0.0536114628509366 0.2407860932068322
0 -0.08858552853838145 0.22080684074769005
0 -0.20571961255668164 0.14670650799053545
0 0.25146231619860054 0.4584911660835766
0 0.26524801148499233 0.46405899067656303
0 0.2768870861553174 0.4669239307744815
0 0.2912621166494539 0.47589005753635977
0 0.30487389758908207 0.48581378242840023
0 0.3226951753778709 0.49687102770272157
0 0.3421012061677105 0.5060578392336543
0 0.3454661981093226 0.4913030988492143
0 0.1593750226411888 0.4051117603771222
0 0.14301881258436244 0.411836285941517
0 -0.3040867992442289 0.3162396058868676
0 -0.04889538662610866 0.3176744044207917
0 -0.06119234191713859 0.3285885000000366
0 -0.07764749532695012 0.33766003414845697
0 -0.1118269955797447 0.33278915638359974
0 -0.045436447044070676 0.309549590554862
0 -0.14676889805770893 0.3054316475178106
0 -0.12556898279441633 0.29651156915262483
0 -0.16006084747737545 0.3141012921120031
0 -0.15960664364645522 0.3206870469231956
0 -0.10074112105140869 0.34604723699176654
0 0.29070263214820297 0.5305532925426008
0 -0.13110816886099122 0.32752938687610933
0 -0.19186447156990746 0.3780607426890169
0 -0.13605667811503513 0.3363379759910389
0 0.030834711820101567 0.42214483641587885
0 0.2101071721358265 0.46252114799456856
0 0.24531377676865465 0.47512409024345226
0 0.2024123272735724 0.4798820191107619
0 0.203739297976025 0.4934562523715412
0 0.23382630343917463 0.4847863992563071
0 0.22780609909864924 0.4932503378429352
0 0.2027791855718306 0.5145782870225633
0 0.12213055564345215 0.4109506623242229
0 0.09391904306068695 0.40055842540515496
0 -0.2185667140735425 0.31908258176840154
0 0.008066028070678528 0.35605655977139455
0 0.07753258511173926 0.42276504750068955
0 0.06323371716826368 0.41285494598336875
0 -0.02975792393124075 0.446372548707377
0 0.06796837285411157 0.37689215601823584
0 -0.2181019539312779 0.308313408313087
0 -0.22993783849320537 0.3155517992310631
0 -0.3391433559733329 0.29284250241118115
0 -0.11669474375619591 0.28774918482516904
0 -0.10101738572120667 0.29133164582732385
0 0.16597520626134438 0.507269068457448
0 0.0747661077790409 0.467832804487917
0 0.10960152037709738 0.4220869370733206
0 0.13591091098974076 0.4178355405696284
0 0.2155579005499824 0.5115782252896708
0 0.2205280873129408 0.5079336250171113
0 -0.2602275675006336 0.30665222543497056
0 0.09102814953675945 0.42733419531831346
0 -0.18304472639978075 0.29928959072969213
0 -0.21516493391647612 0.29071866347195624
0 -0.3220443911403775 0.2297392044775783
0 -0.3021524875855846 0.30947233350893943
0 -0.26399482904578286 0.2565491197113031
0 -0.24033439295183268 0.31062750532604255
0 -0.2797139886614802 0.3306608168652263
0 0.22799983742139895 0.4705658550270068
0 0.21855681091189672 0.4832452897446605
0 0.21547717477777878 0.494072501556561
0 0.12087184791084674 0.4216736831223241
0 0.21825865690084956 0.5097380270973181
0 0.23040727659952726 0.510850903896478
0 0.2230784427061927 0.5060211395303281
0 0.10565323927562585 0.4163237282643303
0 0.23750779054147733 0.49168079996261355
0 0.24523493983476854 0.4845957415172467
0 0.2581488391478285 0.4764683558918036
0 0.3130863547611008 0.5061832993936995
0 0.310422104182575 0.5198487606101905
0 0.29310652313472557 0.5097412939269703
0 0.27896803874763654 0.4970167839108184
0 0.27071265022245816 0.48563556644482353
0 0.2434579842953945 0.4964947167295998
0 0.2429581659017421 0.5040891225726459
0 0.24439700172959472 0.5128141642568972
0 0.2488754903383964 0.5210168954853813
0 0.14104998108151434 0.472575997868285
0 -0.06770731598067341 0.406872651066643
0 0.17116670485594862 0.4041029355777338
0 0.23465700393958058 0.5000168803972177
0 0.23209360320505193 0.5056037499120061
0 0.15400251331660958 0.4190477081381094
0 0.11504365192900459 0.4305766280085896
0 0.14510441666169704 0.41851257363828226
0 0.0020193446883194736 0.3754954820814224
0 -0.01414891712957149 0.40577735954199357
0 0.07390615676375602 0.41917789477509815
0 -0.3464171134596534 0.2645732352908808
0 -0.2990323385174612 0.28508194005146575
0 -0.25320557274406763 0.30016430174580777
0 0.2366148466400677 0.515954664911325
0 -0.16280029853470893 0.2765553756453359
0 -0.21201519893227722 0.2260900688723634
0 -0.27559349669826977 0.19271137591558524
0 -0.09567705725880264 0.3378552098434192
0 -0.08485653803502913 0.35625121416375277
0 -0.04646077995105899 0.30369779505668737
0 -0.16554691658603202 0.32534120181878917
0 0.006731307835315915 0.33968428691355185
0 0.07605965310435216 0.41487061463225
0 -0.13654350412549446 0.41468492664468176
0 -0.06077125454120499 0.3751658103146111
0 -0.03449497155720096 0.383742593538266
0 -0.01186707687320755 0.3683344177163828
0 -0.003133317978262044 0.34932376287234856
0 -0.0021538229154454145 0.3369953733282729
0 0.0006669894110956352 0.3087454291578299
0 -0.08116513011838607 0.44710800242119325
0 -0.18245632678484744 0.3256435920826543
0 0.1469953379971232 0.41107560118166403
0 0.03395768531935392 0.3753391955607234
0 -0.1907833852499223 0.3578549842484081
0 -0.006099606160637286 0.32686389197175875
0 0.07576826890166714 0.41666730143391667
0 -0.13528451394977614 0.3273458536059712
0 0.06019671229149798 0.40209380058815686
0 -0.0004070181783726461 0.4359324909627628
0 -0.05638523074648649 0.2972394118484217
0 0.05987979346613804 0.38884027268939886
0 0.16448418906838488 0.5187219476547485
0 0.19605232621554278 0.5145351926739604
0 -0.08246653971912192 0.4355025900819431
0 0.10931096585105649 0.505606008889957
0 -0.24055130926253412 0.3524304483645259
0 0.3077578889094382 0.5375282518779889
0 0.16060165542778637 0.4088743488057353
0 0.03613789901316023 0.3951820578818885
0 -0.1328504192028686 0.332220867038154
0 -0.0968229289678075 0.3289497279511473
0 -0.08149262290778492 0.3215438251297314
0 0.23036085001284556 0.516150500922919
0 -0.023772177650488252 0.46981170392645816
0 0.3789004369033612 0.5316395481554465
0 0.29143599569082834 0.5325429308147857
0 0.25100888908624075 0.5259115794024909
0 -0.1468415565485005 0.1861082964811843
0 0.4306222670655742 0.5119687156936231
0 -0.07004269685962503 0.3117234919208307
0 -0.0635498063169795 0.30330563648440206
0 -0.0586326305957721 0.29901639341165465
0 -0.19536122322368393 0.3186501091280684
0 -0.08306900853161617 0.2992941781926079
0 -0.10089104538627094 0.30466713987219446
0 -0.11719828686839957 0.3130120824510678
0 -0.12892679008934424 0.3212590548938837
0 -0.13184622802036844 0.32591786675940687
0 -0.2562419068184402 0.33651629623513635
0 -0.11005496514215173 0.3312825918578492
0 0.20205373043636624 0.41346320186179286
0 0.14249832288538525 0.4565283922722545
0 0.10360862475504978 0.42105840703549857
0 0.1729080725630982 0.4324294764774676
0 -0.016416970631487365 0.2639521901219036
0 0.21666788433095535 0.5279337817106765
0 0.26095485851633177 0.5326103526182449
0 0.35964759619687675 0.5349845384446957
0 0.14170556685192692 0.4951270967245864
0 -0.06701781938401916 0.2985270292804645
0 0.024786210210203267 0.3463135878689373
0 0.41206229462040417 0.5146477245294248
0 0.3330826210461075 0.5365244663371065
0 -0.020820717731539866 0.4615859311228743
0 0.25486307249938267 0.49213676597363654
0 0.2580149081542338 0.5022616441638325
0 0.26543726602332485 0.5134857757784688
0 0.2777454131227031 0.5240673845568404
0 0.2737178625963289 0.5143531190511137
0 0.22406466344563508 0.5007113597263544
0 0.21590650596206995 0.5029454541663392
0 0.20785108716081943 0.5040050885928705
0 0.1498212784314327 0.4902805116610786
0 0.015785427831059736 0.4751429961512264
0 0.002487653022189792 0.3232535239035329
0 -0.06487079275597771 0.2910182734552664
0 -0.07034012711019538 0.2925129349048907
0 0.23150435626077995 0.49806866830530255
0 0.07960523211126991 0.49795276535966526
0 -0.05332289425303324 0.2963594530527584
0 0.2815499571587542 0.5208764913173529
0 0.06375680181334059 0.3401790725918243
0 0.02565095393206004 0.33254052979496723
0 0.04204574395283806 0.3179256722759515
0 0.04760127641457162 0.38009858407532443
0 0.3910382531529708 0.5081014844556205
0 0.3671227356226896 0.49831677359133103
0 0.3272904895192428 0.5150668518230938
0 0.19245117652616342 0.5179497247305922
0 0.0789972733107688 0.43763742850611387
0 0.2367663067593563 0.521851466200984
0 0.03264562231745365 0.45478553865283444
0 0.08835881498220155 0.46097128059917364
0 0.06256357675118984 0.4797123872433988
0 0.34262298451339024 0.5276139104328217
0 0.05141371120508912 0.3917209908794671
0 0.19416565917950454 0.5241799511658117
0 0.24236946619100136 0.5274188042448732
0 0.14806156957463967 0.5090914728542486
0 0.027789533745756538 0.48603648290085716
0 0.12938882289029996 0.5106145105422876
0 0.04132654669759371 0.4845570261105181
0 0.11117286615663295 0.48458767870363717
0 0.02909873701113877 0.3604534344551281
0 0.0937190203786754 0.41837891165059976
0 0.09235685020327854 0.4248181804300497
0 0.08134032428550492 0.40809298570925434
0 -0.1042749433637523 0.28862559876312466
0 -0.14680872253662677 0.2961260137466577
0 -0.1747595401261922 0.3067740364767873
0 -0.1889133293994611 0.3166479943468929
0 -0.18655002195772222 0.3219681306959341
0 -0.13488231495701725 0.3306703045726203
0 -0.1396014097926142 0.407574706660292
0 -0.08255614479668706 0.3545676847806754
0 -0.05838773476419975 0.35706267379724177
0 -0.038206079880968274 0.34679707865745496
0 -0.026525397809575215 0.33164350702739753
0 -0.023109566107642452 0.3209022058846471
0 -0.022587823067351784 0.3140125664087911
0 -0.1290964324840253 0.3800941008729295
0 0.10216021234040065 0.4266804123458009
0 0.04298597942296264 0.36656209312307947
0 0.10539811370755843 0.41523146029478447
0 0.1340931688995956 0.41265208976337325
0 0.11371727259181957 0.414311395952115
0 0.11725888856880956 0.4269516982209568
0 0.13922251235666894 0.4132464789925292
0 0.15206350604121346 0.41152774430692385
0 -0.05051073174682452 0.2977506359354756
0 -0.03148834696776575 0.3037953829041685
0 -0.020771113659838122 0.31333296158062385
0 -0.1318247976491777 0.3279697833160242
0 -0.1541698255556093 0.32395022745711355
0 0.09076268831602961 0.32763086711636746
0 0.19806815801764563 0.13186292895398583
0 0.19022919655703813 0.3850291683651007
0 0.22474824638961316 -0.01741790162107815
0 0.13665049710719707 0.20511491991841374
0 0.1667795689414731 0.19025393806326504
0 0.1955764095703189 0.1726374549035447
0 0.2147200683609759 0.12979555577515794
0 0.11057775851776845 0.21494974533970745
0 0.10861767392507274 0.1162275781456274
0 0.0779492681403812 0.14045269261248194
0 0.14420268171839862 0.10039815506615198
0 0.1740406870984917 0.0958125340862396
0 0.2557119905805702 0.12952661576172034
0 0.47352880053668855 0.4317102178978844
0 0.19857945066275928 0.11463167973029346
0 0.3432139261163396 0.04837637773146645
0 0.2669759278388904 0.08813840369827831
0 0.2759664628288443 0.277046407944859
0 0.2626013782956331 0.43025098764858305
0 0.29113988939234964 0.4467019771996398
0 0.30880017460678977 0.41755490600110623
0 0.34480831748861773 0.4089605027494339
0 0.3198776287998227 0.43180606807001864
0 0.34646272802238554 0.41983855894198435
0 0.42461473735973987 0.38656725432164374
0 0.16260829017602568 0.38827386003332776
0 0.14202914956948168 0.37289442536168205
0 0.19032402683219177 0.056230757183160264
0 0.16039543664998573 0.2658113811057977
0 0.23223586627047696 0.3334271265104556
0 0.22351077484855836 0.3196240414064913
0 0.35450444833266076 0.21846507994321207
0 0.11403464156089069 0.34974525340448936
0 0.10236520425592967 0.08699967028995673
0 0.147308726283572 0.06393279463719255
0 0.14657651899244 -0.016458565815569114
0 0.0038383136407362755 0.18872203823095693
0 0.06269863751723612 0.16804192917415509
0 0.41677838849792664 0.3619449159588677
0 0.5473720695760896 0.19499874748170568
0 0.22724310171118173 0.3549401728680339
0 0.21412444879396927 0.37209558125121145
0 0.39583915057513924 0.3972737672039495
0 0.38946642192433495 0.4012107487303761
0 0.14486962699775788 0.039425698903422006
0 0.24644610886093524 0.33695081933237875
0 0.05432426983075176 0.1257875380805506
0 0.03869004615490957 0.10832032123312782
0 -0.03360801191924573 0.043455437539865416
0 0.14408402030559467 0.020041374352793344
0 -0.0054878873361958016 0.08599074123004755
0 0.19437629113094412 0.031714729798106724
0 0.21282554587586033 0.015530073747467309
0 0.2780328696008495 0.43935077639814385
0 0.31466337588193605 0.4251195628422137
0 0.3456131038334158 0.41450448643666105
0 0.22657349970129181 0.3610177966542899
0 0.3924876099867786 0.3994694242652613
0 0.38732140770347284 0.4126662344406969
0 0.38595102902510753 0.4032641944412987
0 0.20073837520693133 0.36301462890241093
0 0.34682383154221863 0.4231384044257216
0 0.3232150472325387 0.4357527458248809
0 0.2996287171503337 0.45062978380023483
0 0.38335082242243007 0.4675905030375472
0 0.3724304066001654 0.4837563053106728
0 0.35139121912080323 0.4753310126237595
0 0.33049628946135085 0.46601943600292023
0 0.3143849575834023 0.4588260508764285
0 0.3549968172892106 0.4268787158563876
0 0.3664844847983308 0.4272655223886045
0 0.3813717788357815 0.4286831526901014
0 0.39650268005810196 0.4308634139478397
0 0.33694435981251925 0.358972344249963
0 0.45995380781251466 0.09236286623409382
0 0.37005181192494124 0.41512417621886766
0 0.377930421337521 0.4140193622333173
0 0.21590767103991063 0.3828978747986376
0 0.2546769601406811 0.34955838379768517
0 0.21487708907904957 0.37780127300621985
0 0.20199032195752187 0.2568407016345106
0 0.2621773958777924 0.24157454601872844
0 0.2407028576452955 0.3216854456705026
0 0.06280257658278056 0.001621894038523348
0 0.07232505787047837 0.0406917865379169
0 0.09216918440745603 0.06463139225690129
0 0.4208454281020222 0.4116145933207612
0 -0.020628073875852627 0.1601554896123112
0 -0.07298658377260898 0.13535776767677393
0 -0.11962438494467335 0.09179589752191172
0 0.21416111344056163 0.15035122990036925
0 0.3055487954073387 0.12362955382075934
0 0.09303737923109846 0.22028336604944052
0 0.20962645395768345 0.0864890891427811
0 0.12480555671296245 0.2694615766929742
0 0.20303726796623614 0.34215425340512307
0 0.3658203904291423 0.11242231241049477
0 0.30714353983350795 0.15735911818358084
0 0.28065261773640016 0.1940921153694677
0 0.21845580219364852 0.225715547704849
0 0.16804380196747448 0.24047843778666597
0 0.13237261371932726 0.2494891706746988
0 0.04926623443333651 0.27947632101968456
0 0.4119136942376336 0.1534502174907599
0 0.22826780532475568 0.06773288209979146
0 0.17214021565531085 0.39687344155753385
0 0.1815268594584019 0.28834162785793643
0 0.357973591172152 0.020473603718577864
0 0.10211757225670116 0.255560799481008
0 0.2470565919967578 0.31627564527356206
0 0.20941543364696366 0.10745038882421609
0 0.1908923729861097 0.3262789904499968
0 0.5070387693903715 0.13772159695815736
0 0.08690234411248772 0.21105940301959125
0 0.14999967656261343 0.3362254441355745
0 0.5354394129426073 0.3098337004740779
0 0.5657467593392023 0.30764614097988263
0 0.447363411779884 0.11711078639418934
0 0.5370566115962515 0.2594064835447092
0 0.2768464673051445 0.02823976139291026
0 0.4988344324578484 0.43567573205350685
0 0.18048704513828817 0.3971718351681012
0 0.22482690679655373 0.2835023584076391
0 0.2938351027971263 0.0702879599298532
0 0.17946869649475428 0.1633098221625002
0 0.1547510758292475 0.17999498084330331
0 0.397219803121736 0.4116741260781456
0 0.452811986565304 0.18752599628969505
0 0.4833857827335239 0.47686663108130994
0 0.5370642375602996 0.39902371053878494
0 0.5527920823017184 0.36002683515746753
0 0.1294613489858824 0.1914615529223372
0 0.10546777124027554 0.20139061247769255
0 0.0922130690061217 0.20869585176626335
0 0.24073980473500076 0.04462835102226026
0 0.08368800909256192 0.1750695053190469
0 0.09636989021472794 0.14989017250057987
0 0.12193023286563315 0.1318411211283824
0 0.152043417274809 0.11970643894360088
0 0.1737465049437196 0.1161071919975951
0 0.29203987671888704 -0.005438037621327482
0 0.19265081084889474 0.14708261044261556
0 0.2990923929843399 0.3661404983304179
0 0.22095422335951734 0.3540594147417111
0 0.23883064816609847 0.3945870778431146
0 0.5300449613186953 0.35540465348825667
0 0.5163483768344211 0.39398886572819547
0 0.46749044922615984 0.47893383918097987
0 0.5659816107875724 0.25387852122418036
0 0.0847550703467225 0.19905599351889028
0 0.1077558340714704 0.29683950324408925
0 0.5158227502013282 0.4384522592297758
0 0.49097305207515507 0.157960371230357
0 0.33551961083492216 0.44205053307758735
0 0.3510119686309668 0.44533397490605
0 0.36997491678745625 0.45057775780034903
0 0.38996482810242283 0.45708618605860507
0 0.4084385847873825 0.43877202624710987
0 0.36952350208227586 0.4095859268602853
0 0.3718434545061857 0.40554659625592704
0 0.37362651787787604 0.4013595980005904
0 0.3766098585631922 0.3582713312615221
0 0.42463472020997706 0.23383523542850543
0 0.0854668269912116 0.27354674717298333
0 0.047204585062514105 0.21400354635982086
0 0.06576365722026184 0.20105407689326107
0 0.36703962673672097 0.4129598320673068
0 0.4871187627458458 0.26093350050929254
0 0.02308417270652396 0.23735268999593326
0 0.4425219131602372 0.4325408267136961
0 0.07216261777517607 0.3046995996476743
0 0.16644005466708175 0.3105451395146001
0 0.41246579991256016 0.4691229936794732
0 0.45923449581475567 0.36875785444491205
0 0.2896919271214117 0.31385499400833544
0 0.45852358649960523 0.3991524375284823
0 0.34401345195816 0.27097331949125847
0 0.33568261581645026 0.31612179149834874
0 0.40413732923192086 0.27938299047680326
0 0.44375873155159345 0.4740554199051171
0 0.19888745487736856 0.30539970904493485
0 0.49813093727441143 0.35585940312653686
0 0.48815412858693147 0.39312579713690393
0 0.4462734638072318 0.3394465034190839
0 0.4853652146794527 0.21710124807045483
0 0.4825262377302138 0.30951382919622306
0 0.5238842415295059 0.20242263524296183
0 0.38555137202036466 0.32479181838111754
0 0.14499330177581568 0.29210346908615037
0 0.20416792305253392 0.3562607018711468
0 0.2308696712807214 0.3454762368727797
0 0.17178246614744339 0.3567502050163647
0 0.043124694296781965 0.1808868774685997
0 0.07112656347900272 0.13826778307319068
0 0.10923023125250562 0.10858364855519499
0 0.14722725909819706 0.08942934009023368
0 0.1805832523236172 0.08149224729202807
0 0.23455477718540804 0.10079788990294972
0 0.3993769623964525 0.08029330343293686
0 0.252377996770598 0.15190026321159766
0 0.23142761999754596 0.18101937521379977
0 0.19064196951383594 0.2049398665039684
0 0.14916814638556336 0.22091594938272105
0 0.11877506085151106 0.23093986863526292
0 0.09671334104000522 0.23789124771619377
0 0.41049900729593325 0.0539170077052741
0 0.2390652877821339 0.347755302350742
0 0.12640979828880272 0.3175033824131512
0 0.18171997993684216 0.3728683949849857
0 0.18468081343659964 0.3846570973198254
0 0.189411417829047 0.37230945433290624
0 0.24116645270971943 0.35519578491156095
0 0.1801286954388058 0.3903495132351836
0 0.18746612619438904 0.3911968732413392
0 0.07870535070089985 0.2201101545708629
0 0.07099106139559254 0.23765810381490202
0 0.06811858845843399 0.2529825236850653
0 0.187575131583271 0.11521089905367111
0 0.19551231263638685 0.09680253986162118
0 -0.10686808888860744 0.33146296255885604
0 -0.08904622856089824 0.31958921839253973
0 -0.12789211270334624 0.3185515134288861
0 -0.12535450255556357 0.3430959691826147
0 -0.08615768284534665 0.34382033652771776
0 0.1355781930027534 0.1506398403987336
0 0.16604586999765117 0.13336712155288782
0 0.10996661340590004 0.13212629971793666
0 0.10498888011601903 0.16762907488848836
0 0.16171363396324415 0.16921694524371966
