0 0.5753426207634418 0.5444819644309472
0 0.6119988882590247 0.496368207577346
0 0.6042160887838058 0.5094028075320133
0 0.6358408323367652 0.4435360441929188
0 0.6234446048898541 0.48240183444990625
0 0.6402549102254536 0.4639344624095205
0 0.6828090734779835 0.4182536994525488
0 0.551478410301649 0.3623107734635688
0 0.7088849099919848 0.38829816235364345
0 0.7227133042786432 0.3714011639248634
0 0.7793289606014023 0.3034599976263184
0 0.5705248579868804 0.5495058191751224
0 0.5661409987622629 0.5544385721070179
0 0.5636467370407089 0.5577994208189024
0 0.563005143209644 0.5579632571425991
0 0.5577923072825955 0.5632157847825168
0 0.5514860522487889 0.5696478910960149
0 0.5450485845946748 0.5765930573469487
0 0.5359592061165882 0.5967725373372652
0 0.6072503491102353 0.5031181600322758
0 0.5884264488906964 0.4946143752422886
0 0.5227945362744124 0.2844079637873
0 0.5971083409031448 0.39334427214403084
0 0.5755894517768985 0.38726544555654563
0 0.5566180464609162 0.37975145930397336
0 0.5387423877482829 0.36407406495857064
0 0.6174130914327891 0.3969377427213434
0 0.5948161640730889 0.34861270068348316
0 0.6174107639361983 0.3583026916814455
0 0.5719028911350862 0.34344683609147003
0 0.5548740338696085 0.34350859614062135
0 0.5134552622456914 0.3652394548922345
0 0.4431644190993646 0.5877552028151526
0 0.5472060575595369 0.3567238078871067
0 0.4632753279546033 0.3373863002744274
0 0.49778376220037107 0.34823482408039813
0 0.5282376973849275 0.44395497171343234
0 0.5547880134747728 0.531937434675469
0 0.5458536074780251 0.5451319219841473
0 0.5281878113746643 0.5271854159840639
0 0.5086606192685987 0.5252874309494011
0 0.527707842786027 0.5381063375676024
0 0.512212766982291 0.5330562788075295
0 0.4641494386950913 0.5348923354261164
0 0.5948707632639486 0.4890939299071181
0 0.6032254674431422 0.47478421070221544
0 0.5330210520035547 0.3250267598508061
0 0.5994244909480863 0.42470063736149366
0 0.5531556043449951 0.4658128556565962
0 0.5589559392031768 0.457774314597465
0 0.4725812605946608 0.4198804912899715
0 0.6200422703733911 0.458002558922854
0 0.5909803139207803 0.3317912224734175
0 0.5593746558398657 0.32436478702162486
0 0.557769866336299 0.26780403094987076
0 0.66846211295089 0.3777217041917037
0 0.6338113134969836 0.3707598390030688
0 0.45963087560528 0.516015403188657
0 0.37857190827312676 0.4734351630660071
0 0.5623127517654843 0.47954290284626727
0 0.5754371947082488 0.4899674481239872
0 0.48265804070979357 0.5238263733900975
0 0.48742244562701037 0.5257325318736442
0 0.556237442580902 0.31197099158189434
0 0.548103191120469 0.4712317910423313
0 0.6277262482225247 0.34923014811415604
0 0.6334317569904353 0.337050989891092
0 0.6576955210336525 0.266503656660949
0 0.5565421118846406 0.28698454405842483
0 0.6466758526537729 0.2975006044126939
0 0.5270643675618846 0.3140231854133848
0 0.5241221403298171 0.2979956184770318
0 0.549049822775566 0.5390329678961332
0 0.5274986978215368 0.5329114526402259
0 0.5101769445059092 0.5291351968071599
0 0.5653668927919605 0.4838343308563682
0 0.48509132202066807 0.5247871362860652
0 0.49196151008262584 0.5311419468750989
0 0.4898902320748438 0.5267989067495733
0 0.5745624051145886 0.47937903591040254
0 0.5140588209033012 0.5359728225115417
0 0.5285545084625483 0.5417359917276148
0 0.5450200727614372 0.5491387180552103
0 0.5092458682863609 0.5852235152885534
0 0.5224459936599368 0.5657582477922889
0 0.5294911706739146 0.5589990198504233
0 0.5371181830439878 0.5533347585494968
0 0.5442369865334552 0.5492567279632541
0 0.5133478482780249 0.5359104349129442
0 0.5073622252954089 0.5367440042504366
0 0.5003707552652644 0.538363081821497
0 0.49358519110018795 0.5411157892018125
0 0.5006593066551115 0.5011655322775461
0 0.41594601450892893 0.3971442217952099
0 0.6058502047444168 0.5061512442602627
0 0.5023184432040738 0.5316465578541376
0 0.49723321227761713 0.5312374568395857
0 0.5777121480635327 0.4978342855322188
0 0.5494926677935797 0.4821760084857975
0 0.5765533069067675 0.4939671421720498
0 0.571980784687659 0.4245962039500043
0 0.5316894912039456 0.42156057891206467
0 0.5512073927194528 0.46245200694471167
0 0.6011430368475292 0.26060818165432714
0 0.5962163472305173 0.28560906281505805
0 0.5937966817746991 0.3187403674574866
0 0.4734080261753305 0.5510657846495726
0 0.6763001128869213 0.3585317778414574
0 0.6962427631344484 0.31459939825362054
0 0.7147649034209873 0.2807283505689407
0 0.5430980648683466 0.3717863568361255
0 0.48371831238593743 0.36597835609986296
0 0.63142597861588 0.39849365208351956
0 0.53051682083827 0.34172090674764005
0 0.6208274513483047 0.4214012884953316
0 0.5687535554980454 0.4660300489892994
0 0.45409281082127406 0.36754320421512576
0 0.48879723967579397 0.3804718248438144
0 0.5094562351865612 0.3950476250138836
0 0.5491632882343687 0.40724749236867047
0 0.5823244898701492 0.412275540979876
0 0.6083897750662721 0.4142326381111491
0 0.6608714095276335 0.41399303667139314
0 0.4337265561942173 0.3975355065279249
0 0.5154299491449542 0.3344098026391821
0 0.5969032690576885 0.4984292942436709
0 0.5876296692244385 0.43904073914324027
0 0.4629590793553254 0.33521355572494044
0 0.6297722534964914 0.4138436799032101
0 0.5501627540620773 0.46242748659805977
0 0.5373814229084097 0.3544328085322311
0 0.5765285578596852 0.45659709306082863
0 0.39472167007625103 0.4331335090640662
0 0.6355601362479122 0.39417031088816945
0 0.5991303341706162 0.45570254428447154
0 0.38683002134380134 0.5215153383711973
0 0.3771759146095618 0.5383980409174726
0 0.4162601683612751 0.3948562989632289
0 0.38091893643950636 0.49350223517504294
0 0.49579893129513314 0.3153946258505617
0 0.4259573919698596 0.6004307220379511
0 0.5975265338531007 0.5022415805985962
0 0.5611277068762676 0.44214925175343733
0 0.4795294003966062 0.34318918877861637
0 0.5662904046475887 0.3728995224110026
0 0.5823752099000241 0.3796734594996425
0 0.48674683155410964 0.5317885677019755
0 0.415308493796898 0.42693910623590153
0 0.44735102298790996 0.6353380834494812
0 0.40245396287544916 0.5918675802540088
0 0.38872417686102184 0.5685664550333783
0 0.7519892158553653 0.3360236455294965
0 0.48994093270891387 0.6557545016209284
0 0.600374730222899 0.3847825079076532
0 0.6186937964318887 0.38925390485404193
0 0.6300239722527887 0.39283598770481953
0 0.5046929552260301 0.3255611105511586
0 0.6238241613964024 0.3773313225179479
0 0.608686220548723 0.3670153279883274
0 0.5913223977322164 0.360152967652117
0 0.5726307769022558 0.3562689722934063
0 0.5602336184567084 0.35583025400621304
0 0.4932999176013729 0.3056531145736791
0 0.5569989024863943 0.3670908175948737
0 0.5953232092053994 0.5210280844914741
0 0.5255188322423593 0.5003555036973262
0 0.5637371408874574 0.4773738470630369
0 0.5661562244691278 0.5104341620876305
0 0.6970412884231495 0.4026355243463447
0 0.39600227809632604 0.5502470009892747
0 0.4094825952678271 0.575094867227734
0 0.4544117360416314 0.6246477021039396
0 0.3737100394361693 0.5089095230551733
0 0.6325642990110361 0.3879355306102746
0 0.6284401496143445 0.4309631522636915
0 0.4976539072864082 0.645014773460402
0 0.4204670214701606 0.6142129323620727
0 0.3978657688459624 0.42781845607079455
0 0.5276915503098912 0.5417645222682884
0 0.5202575261988069 0.5441219041096992
0 0.5127999749763504 0.5479803230019583
0 0.5051505022641757 0.5534602684387262
0 0.4872488919645548 0.5681987722822721
0 0.4993006305202194 0.5291064825934776
0 0.49612887333268707 0.526479407551064
0 0.49392461768634943 0.5240359749051108
0 0.4773950666270178 0.5064421516937622
0 0.43381007453021797 0.4441292467864527
0 0.6420558882958215 0.4168585192790066
0 0.6558708800812778 0.3913319353554128
0 0.6436125955989828 0.38722118036146613
0 0.5027673203174187 0.5317297923392144
0 0.4041966953436318 0.4766649610862352
0 0.6705769539365302 0.39841220841027686
0 0.4656937908705162 0.5773106371794922
0 0.6550087753440375 0.44826286906997365
0 0.6476205253325726 0.4292599830668474
0 0.668666234401905 0.4336234262024147
0 0.5949978251820025 0.44699907632193703
0 0.5095977081876734 0.6298096789506035
0 0.5238265870543926 0.6121030498997889
0 0.4910714559904907 0.5975114844631457
0 0.44056619586342055 0.5329812177713367
0 0.524991693056148 0.4672801580981932
0 0.4492678134094762 0.5561672718520614
0 0.48404164045401243 0.44844795023833495
0 0.49627744519840117 0.47471423128592793
0 0.44958066774289246 0.46446827739693114
0 0.46985112648943195 0.6114610821224641
0 0.576783690277649 0.4496719165556673
0 0.41484883261601563 0.5369374425406905
0 0.42770452728575986 0.5631789583442868
0 0.43918209182827367 0.5094487257841704
0 0.40135317336282006 0.45269743957813235
0 0.4140018372108107 0.5016591534882352
0 0.3845316572519748 0.4600701965931533
0 0.46656580686407245 0.48720828157620155
0 0.6087151978812788 0.43493010659796605
0 0.5698849515908438 0.4747140170007512
0 0.5556139062442209 0.47290024604054465
0 0.5850749701747427 0.469361693692812
0 0.648387803979542 0.37612700921253883
0 0.6211180392976688 0.35594509555485804
0 0.5926534154492876 0.34304570954670943
0 0.5663309806714887 0.3363698232325091
0 0.545413439081091 0.33578324817336985
0 0.5193564358936704 0.3521835335624823
0 0.43697667243364063 0.364468089480331
0 0.5194248642934405 0.3750237925922957
0 0.5359327890302824 0.38620410638226976
0 0.5627577303220397 0.39602400011558464
0 0.5909745339709132 0.40221451519840007
0 0.6145737395500359 0.4055946036579384
0 0.6315057729573353 0.40695364616703295
0 0.4386442073661348 0.36542458197884803
0 0.5535781613510588 0.4765001451731592
0 0.6157786069518846 0.4436718703827996
0 0.5823567450937369 0.4812365210466627
0 0.588464096148053 0.4918769433338573
0 0.581467932333117 0.4833482708512009
0 0.5565653092673292 0.4827256499641184
0 0.591231218053271 0.4949103030713572
0 0.5915525483534388 0.49856086534218513
0 0.6415420934233976 0.3975035474244235
0 0.6476291176741538 0.4043660455153904
0 0.6498878173449117 0.40904079909449903
0 0.5529813136419525 0.3562614570061366
0 0.5422427680586344 0.3463566298124151
0 0.671876123741917 0.45712787744359695
0 0.8354563857226268 0.4691078269827193
0 0.6306635877117515 0.5107837224352187
0 0.958190556615591 0.4475229423547137
0 0.7708886821308861 0.45783957973986433
0 0.7894250201466291 0.46697798538683116
0 0.8088735816595347 0.47444484420660615
0 0.840665982550253 0.477293490121762
0 0.7564821764826775 0.4481990733116433
0 0.8303395396341449 0.4353736769138039
0 0.8067030359221541 0.4275548853034127
0 0.8486925097101409 0.4458160690855289
0 0.8575099977948095 0.4558656459161337
0 0.8521595486318287 0.4926201761632726
0 0.5999440657703773 0.6493558850193369
0 0.8464001195262307 0.4686568791343682
0 0.9235400287029536 0.5116553120854972
0 0.8835932047146818 0.4929036754520907
0 0.736026584778143 0.5233606398645518
0 0.6021704714259376 0.5516657525322576
0 0.5890700792812783 0.5631937440214814
0 0.6217871751717251 0.5667324188178864
0 0.6339443687187589 0.5781456146767174
0 0.6076918170260994 0.5718961405581322
0 0.6222897592689032 0.5795444683104322
0 0.6552950768205135 0.6093030773319196
0 0.6306802681039857 0.5027195589913838
0 0.6447231605972933 0.49055927316995634
0 0.8912015583204187 0.4580830689249695
0 0.7229084260761738 0.4714733516608459
0 0.6890398594348327 0.5178969188768795
0 0.6973759436412997 0.5107187328023323
0 0.8001314656727988 0.5449756774781407
0 0.659065504922815 0.47274289949648624
0 0.8517361770019584 0.4262113325513791
0 0.8775047839659712 0.44151998802587605
0 0.9566096433478853 0.41670750945374585
0 0.7512201721901479 0.4041893673871738
0 0.7822010913944762 0.424926050061333
0 0.6819940617550975 0.6024873699399008
0 0.7999641962511383 0.6369896711430688
0 0.6665347518156404 0.5196730368703172
0 0.6458728081425247 0.5172400735858558
0 0.6486402597764264 0.5936865858949613
0 0.6439998910316954 0.5917048459683639
0 0.8953327096026876 0.4372830802871697
0 0.6858708952432093 0.5242554947625899
0 0.8107249888227038 0.41327218133686244
0 0.8224473090275474 0.4038659498311471
0 0.8956561152539824 0.3550898374962634
0 0.9293702524965224 0.4259432464892018
0 0.8604272820217453 0.3769031960409189
0 0.908938246090775 0.45650314431691513
0 0.936177869691797 0.45228910386778304
0 0.5953239268501815 0.5582809502231902
0 0.6144366500008366 0.5696561563814032
0 0.628172468110595 0.5789575718235278
0 0.6596911360064278 0.5202842700308647
0 0.646237138942208 0.5926732925185259
0 0.6341731616336367 0.590658675123384
0 0.6414816948868658 0.5906400935373445
0 0.6577016888996181 0.5111405072544796
0 0.6179709147823893 0.57972912090844
0 0.6029661649271197 0.573014158161654
0 0.58493873404096 0.5658108394970929
0 0.5651346474238064 0.607022287135107
0 0.571609801126887 0.5858890850474869
0 0.5771202462846818 0.5784738995674727
0 0.5817276421610428 0.5716549166734668
0 0.5845449992010127 0.5659673595126125
0 0.6178999455321742 0.5798263757665089
0 0.619683719523575 0.583575784728147
0 0.6204663596480436 0.5881590997611267
0 0.6198817312960392 0.5932138115707515
0 0.6756572583285363 0.5689516785568085
0 0.8787897560421539 0.5745119197105152
0 0.629191872825765 0.5850126586746478
0 0.631813468006642 0.5876843662581582
0 0.634228342698644 0.5199384137556173
0 0.672013058124677 0.5297067565978437
0 0.6398737826587065 0.5186290701014408
0 0.738047394901514 0.48765901513937593
0 0.7642940308736719 0.5101569076811058
0 0.6964399020956911 0.5181888058997582
0 0.9381920076582743 0.3861366065515988
0 0.9062819518148899 0.40090550827807275
0 0.8667478317637807 0.41830301565536554
0 0.6292114819845428 0.6117387650993423
0 0.7707703289292429 0.3894287003339201
0 0.8100083526223898 0.3569365624554347
0 0.8440029532041239 0.3288671175638835
0 0.8270547049039084 0.47854647677445755
0 0.8684931826656279 0.5106501309336096
0 0.7477968126211477 0.4410592748958995
0 0.8725721204410428 0.4692933367214341
0 0.7154211410847695 0.4570561225215594
0 0.6784533963579199 0.5079309132652007
0 0.8836048421976359 0.5309992635595626
0 0.8451241083119226 0.5146320393120033
0 0.8133426466551812 0.5097504087008428
0 0.775435757053935 0.492581145648939
0 0.7515350824788861 0.4758629222818907
0 0.7350949654760568 0.46181992689768475
0 0.7009379056322834 0.4290493254320345
0 0.8553936051447755 0.5588301019068214
0 0.8904634315682494 0.4744047116542208
0 0.6190346970992244 0.506896497492773
0 0.7091839933039054 0.48528090886015823
0 0.9315172905183356 0.5125014324119126
0 0.7240548733135929 0.4490293059228123
0 0.6981321084920479 0.5192769766393779
0 0.854436189422141 0.4727900422353675
0 0.6877697833368311 0.4990401294460331
0 0.8442834941265376 0.6064326049409051
0 0.7521008581085049 0.43669648992194643
0 0.6749709959587326 0.48453452297742816
0 0.7225570516741794 0.6530983756309834
0 0.7106454284132823 0.6699477109140244
0 0.8755194293740003 0.5705521133174931
0 0.7647880808166836 0.6430764109760091
0 0.932143309518047 0.47961364756675734
0 0.5938985679379624 0.6668515962319098
0 0.6153416582585677 0.5090546247319899
0 0.7199419928795617 0.502752926254618
0 0.90095663961509 0.5021335808695226
0 0.8123903514250465 0.46541697909866553
0 0.7953815494218598 0.45920671916742256
0 0.635835576073631 0.5939665035601112
0 0.8284630342994047 0.5857293507543163
0 0.5381763987648098 0.6714707887259083
0 0.6219127048211901 0.6788190253942773
0 0.6621099480468294 0.6768263263114984
0 0.7802333094017662 0.4515335037224535
0 0.7660460539324128 0.4435821767302527
0 0.7563007869150328 0.43911665732014005
0 0.9087523954879978 0.47681976682034094
0 0.7797612930931475 0.43520252428193024
0 0.8006162056294472 0.43828241451494937
0 0.8181343026783156 0.4445084091005982
0 0.8327533087652662 0.45315000987139303
0 0.8399687809464724 0.46031325720790506
0 0.950132142752409 0.4774599590919156
0 0.8253307669706966 0.4681273804626603
0 0.6619665354652249 0.5532499628438465
0 0.6677235982826223 0.5173360427328642
0 0.6251519400140514 0.5334416553918002
0 0.6780823546097331 0.6612847122377243
0 0.6372468148398659 0.6652512533077295
0 0.546438681933543 0.6610524883304817
0 0.7540077372737553 0.6576995987823044
0 0.7615308269210483 0.43552303368198697
0 0.6957307138844676 0.45635736917240033
0 0.581133451677211 0.6779894050264704
0 0.8434742235619089 0.5993300309215767
0 0.6028924802642154 0.5731424843703491
0 0.602950628887376 0.5783012163271939
0 0.6010595573031384 0.5842199259694072
0 0.5974052712807189 0.5911434188053228
0 0.5992489977051383 0.6117417038674804
0 0.63401508582351 0.5858352688559587
0 0.6386893002478324 0.5865014508582543
0 0.6430364238179248 0.5868247765777768
0 0.6829594685493604 0.5862125026035137
0 0.7926256770834975 0.5820169519039168
0 0.7085869904283596 0.4419544359156187
0 0.7423764997688325 0.42219587323674257
0 0.755863062389519 0.428019930055176
0 0.6292571203135278 0.5850058015489924
0 0.7695104162330213 0.6180644329043402
0 0.7215825676432123 0.4159547868522181
0 0.6007462568662089 0.6302619737343512
0 0.6861837495766256 0.44377209462117456
0 0.6922452489481025 0.48409661591268965
0 0.5602120503216333 0.6246131715783174
0 0.6719033942436394 0.6232208689485771
0 0.7063603520231403 0.5369562690240749
0 0.6372114368916854 0.6297035465637842
0 0.7554780556617872 0.5524184445216171
0 0.7136014266668455 0.5583014603758204
0 0.7551998034443544 0.5820561967034271
0 0.5541176556650064 0.6445939173732979
0 0.6997632568945056 0.49661720695271006
0 0.6826298562404902 0.6416189656525418
0 0.6412182416685898 0.6470873396897662
0 0.7029189931471711 0.6120085195246814
0 0.8038744293153286 0.6081152027607828
0 0.7292433287138524 0.6241674584107123
0 0.8087258632092372 0.6242929376877736
0 0.7151110797472622 0.5832015815852345
0 0.7022696603899417 0.47042543592228403
0 0.6659911261952441 0.5114389452813328
0 0.6781263442952996 0.5199390259989793
0 0.6630878457394631 0.4990730375267457
0 0.7663846658947675 0.4178969605515401
0 0.8064602392361216 0.4226404537541279
0 0.8372690788591686 0.43234206206988596
0 0.8593436771922786 0.44438464410495065
0 0.8713800542704437 0.4567066233983074
0 0.8664675623826359 0.48195777433937875
0 0.9030274521235538 0.5418146956118121
0 0.8352707290778989 0.4939840400888436
0 0.8109632468903842 0.4898224688958431
0 0.7839512136643347 0.47897232264496276
0 0.7613314380464347 0.4658057230214278
0 0.7450827576382004 0.4541052931892699
0 0.7345295389709265 0.4449422753591468
0 0.9067420203076757 0.5435887013656505
0 0.6754940232343 0.523413568303205
0 0.6837187367288963 0.46939974461776623
0 0.6488453316218827 0.5065675391343193
0 0.6329606134930382 0.5090293084689672
0 0.647804281188418 0.5087444010204163
0 0.666639333995788 0.5252983594934145
0 0.6270773615688086 0.5086404727097007
0 0.623557488474509 0.5108455284026222
0 0.7440064456313848 0.43463246448748355
0 0.729213769507149 0.4340030476990817
0 0.7193104266796423 0.43446373021689016
0 0.8436121277349151 0.46502544946860574
0 0.8608309863054234 0.46502480661307555
0 0.5866113506743441 0.36900169035230856
0 0.6079910167128496 0.37692029293680535
0 0.5966166766441386 0.35722938314944075
0 0.5652514683568607 0.36108859795807063
0 0.5765411651328854 0.38078256896224577
0 0.8104853730486787 0.45136042252398917
0 0.8308098103203203 0.4594206063859705
0 0.8201217132256083 0.4403544909496238
0 0.7903949267676343 0.4433069121146548
0 0.800927935006178 0.46248604767564416
