0 0.5740842992439866 0.6418833673000336
0 0.5911381877027452 0.580692084133625
0 0.5828423046506941 0.5986962463706732
0 0.5883529653772712 0.5036794094368815
0 0.5966223073191941 0.5592580201104284
0 0.602483700402081 0.5296222339384258
0 0.615690958313644 0.4538040892686695
0 0.4637001764960587 0.4118957620114088
0 0.6293918395414948 0.38392902598716316
0 0.6367997320368886 0.35171278403140604
0 0.6587087246589363 0.24527889685705304
0 0.5722364593297243 0.6500231480225921
0 0.5697356018237769 0.6584309410303831
0 0.5676638009957969 0.6637663519009948
0 0.5646703829988837 0.6755418503656984
0 0.5631998313125223 0.6848892886191607
0 0.5609267284162343 0.6962793373502791
0 0.5580242262687534 0.7079524012282491
0 0.5524969441350549 0.7224828183650971
0 0.5874038918875157 0.5907062029466033
0 0.5677721206098795 0.5857851915061474
0 0.3901062984485179 0.2899464033078402
0 0.5161398007534445 0.44855743926018476
0 0.49542362289503217 0.44453295804560183
0 0.47573930080980065 0.43722904063761237
0 0.4521668832283467 0.4158666407689452
0 0.5344157169107348 0.4477645453065634
0 0.5035050514154136 0.3668076110072434
0 0.5269655623473227 0.375665744766593
0 0.4797721324488521 0.36622510305605827
0 0.46233800346963105 0.3732689283788204
0 0.4300055876839906 0.42395036104135214
0 0.4724503878504038 0.7273167986422777
0 0.4578558181412518 0.4024389339610934
0 0.3638383491896093 0.38650097893550994
0 0.40861703995615245 0.3986906583420932
0 0.4842627465724945 0.532840711902827
0 0.5521357311401516 0.6325792625546456
0 0.5497995967976749 0.6536827902309597
0 0.5268024481832981 0.636715609766543
0 0.5093857820145786 0.6433976002968848
0 0.5314479986205697 0.6520146322436631
0 0.5165857740677893 0.6530171656981111
0 0.46977444463409485 0.6673433691263199
0 0.5745850818697363 0.576813043281436
0 0.576871027238667 0.5555216885171831
0 0.4365282647777349 0.3427529986016452
0 0.5378437566570937 0.4870473899878561
0 0.526950417086482 0.559760251827538
0 0.5267471812665463 0.5471094893291593
0 0.4194425801280886 0.5140754093416036
0 0.5828054600395263 0.5278552828356624
0 0.49271031841635704 0.32937641805037854
0 0.46163092940114436 0.3308541817124933
0 0.4225122410804033 0.2568329756613821
0 0.5801278783008457 0.3702334525529295
0 0.5445868814364075 0.3926136618480086
0 0.45980750494636596 0.6449466093443335
0 0.3498195208143443 0.5867982123978436
0 0.5397429074160754 0.5750096774660051
0 0.5538873410783708 0.5840665991418064
0 0.4883423425257206 0.6568384528160095
0 0.49326022719033064 0.6572153815068305
0 0.45270036249421536 0.3128113470505923
0 0.5232931318227202 0.5683116644620896
0 0.5314018985722214 0.3391887993551791
0 0.5323649806901812 0.3199811126571149
0 0.5266990441363305 0.2273379869759083
0 0.43661523931659757 0.28347130296751855
0 0.5320463987998665 0.2739804453682154
0 0.4245445402339101 0.32751251277513804
0 0.4057091793976724 0.30906487395986915
0 0.5504697819706053 0.6441051381640136
0 0.5290840536821634 0.6450436909683048
0 0.5129237208515406 0.648408920224756
0 0.5433147680945695 0.5795677798800171
0 0.4908925180789083 0.6570791540667414
0 0.49820893378928305 0.6635229923762381
0 0.4957368463743478 0.6574142422527075
0 0.5512037661857903 0.5708547223359346
0 0.519211011659354 0.655930706858635
0 0.5334784968756139 0.6563092013821006
0 0.5498150963336229 0.659156759083271
0 0.5259156975895166 0.7163639449514448
0 0.534840094204992 0.7012573378160596
0 0.5387975538149476 0.6897786192595958
0 0.5430391125380993 0.6789074073545635
0 0.5468422705773264 0.6707380214706063
0 0.5175375046208501 0.6627077762037515
0 0.5128482897765935 0.6660714760422707
0 0.5071920957881957 0.6708911817520857
0 0.5018522547092289 0.6767681522294879
0 0.49012582246214154 0.6159890471957624
0 0.3405098352581263 0.473924091970548
0 0.585174054838717 0.594415005017072
0 0.5072829525917768 0.6603003267198801
0 0.5030152808409184 0.6616765479557216
0 0.5579544783569872 0.5928427269682288
0 0.5265817938372492 0.5811597218737006
0 0.556003027735278 0.5885387628339231
0 0.5120826717466116 0.49434806648641827
0 0.4740789905190468 0.5009429894387722
0 0.5206351533066481 0.5552973010577261
0 0.46617859657853844 0.2346677588298917
0 0.47707378133200107 0.27006506263278424
0 0.4887701887637377 0.30943100568838416
0 0.4832870434038341 0.684556021168828
0 0.5815776606090367 0.337681066384539
0 0.5865511517040431 0.2867035639006644
0 0.5887685300782323 0.23168142465874553
0 0.45979337822645905 0.4277014223858714
0 0.4019157196395099 0.4324888828676194
0 0.5470999909564853 0.444874819368124
0 0.43788473987951876 0.3775593280326575
0 0.5565438434481621 0.4762880804948509
0 0.5410434513352811 0.5546738083474338
0 0.3748396393377334 0.43981985640712085
0 0.41425085556693375 0.45316785140894356
0 0.4409424735698849 0.4693217456806451
0 0.4828871110919863 0.4768611388280988
0 0.5144235002342612 0.4759119893424213
0 0.5387556460220366 0.47150311442092063
0 0.5938704163767398 0.45445727817714215
0 0.37067991816438733 0.4883293335326016
0 0.4210008887108415 0.36756696701049807
0 0.57766572535038 0.5880697049200535
0 0.5369016062933951 0.510741860885173
0 0.35274361898191275 0.3762953369412571
0 0.5581750146113336 0.4640581992454827
0 0.5168462991248817 0.5546668167226017
0 0.44672405142337085 0.3990818980149925
0 0.5420185345225036 0.5394714669324457
0 0.34184028590098026 0.5282031525857747
0 0.548994772322476 0.43716884711757303
0 0.5624905577860773 0.5309990742243826
0 0.39449390708468857 0.6581038276664912
0 0.3886549071408808 0.674734172038734
0 0.3484225845430046 0.48025613711215553
0 0.37191247078590095 0.6225226113572717
0 0.3837296565063298 0.3447319925762713
0 0.46536721801385283 0.7412439332343638
0 0.5775979997590184 0.592091709934175
0 0.5137505546677857 0.52200438529253
0 0.3877573954407126 0.39620797606185076
0 0.4814244272653013 0.4265695438720286
0 0.49825180107727646 0.4335986758582294
0 0.49343935754150153 0.6660863696597517
0 0.36883973944932225 0.5317495450377464
0 0.4948997976258397 0.7716501818969845
0 0.44037135257385673 0.7321971712633968
0 0.41692694639787076 0.7086742136627435
0 0.6476281506940722 0.3012858902104199
0 0.5338934120722115 0.7830655752681196
0 0.5153428588993847 0.43715581065043807
0 0.5317710384726524 0.43800642192363737
0 0.5427352921105921 0.43819759916514156
0 0.40468358248472214 0.35679604122415187
0 0.5377292815130204 0.4114593680948019
0 0.5221390954218805 0.3982185051776469
0 0.5039305948652327 0.39227502322755753
0 0.4848086845129728 0.3919113130774349
0 0.47191354297101495 0.3955246721860021
0 0.368171694688499 0.32801532712765036
0 0.47073901765979825 0.41905558640137314
0 0.5792987121734768 0.6146490950137377
0 0.511891318904236 0.6090947224758565
0 0.5409633851610124 0.5718528131954372
0 0.5521135889459401 0.6107296702452004
0 0.6216870645061136 0.41927818953990936
0 0.41766820801422 0.6906126982532441
0 0.4408723270986229 0.7153755039907992
0 0.497097366116941 0.7637501556426287
0 0.3664118626154959 0.6365594634786248
0 0.5460127501748502 0.42751004486344757
0 0.5723689729813486 0.4880827148910612
0 0.5379121612757445 0.7747242391109467
0 0.4655833848752081 0.7539092252030969
0 0.34855582150630654 0.5292457786388696
0 0.5310781944543124 0.6660954733379185
0 0.5260603304021061 0.6720064551569521
0 0.5208011459559202 0.6801742023788393
0 0.5158691640943289 0.690165707655251
0 0.5015566268935799 0.7018710349686443
0 0.5041941460222006 0.6549709606915712
0 0.5002713906113059 0.6526452258229256
0 0.49686013464815915 0.6499234809540212
0 0.47226217919960617 0.6284805681556463
0 0.3966102432459593 0.5540646630339324
0 0.5756630376912654 0.46378345023840667
0 0.5695124675519765 0.41833188040181996
0 0.5559046130627394 0.4195718377828598
0 0.5075625346973538 0.6566397741436958
0 0.38708536508493124 0.6007655852474272
0 0.590344965737313 0.4198307099752128
0 0.48574143182486296 0.7138041727244854
0 0.6069656347855925 0.5043747847899794
0 0.5906853945925832 0.4807832218706608
0 0.6111193037591874 0.48059679674915967
0 0.5501505062915385 0.5199610101059079
0 0.542715113190934 0.7599715465679765
0 0.5478367798496038 0.7402324417605997
0 0.5148553615901619 0.7322872612625361
0 0.44824259262531996 0.6678989848122001
0 0.49493649462237954 0.5665583324618637
0 0.46389963338151574 0.6926253030076623
0 0.4468605063855648 0.5504023261368275
0 0.4721074347849935 0.5828458323143423
0 0.42397538251243533 0.5792891709133983
0 0.5037568819709122 0.7500781789422035
0 0.5345745207276196 0.5292601624503732
0 0.42793256165459753 0.6750468287616969
0 0.4497838812414557 0.7015569216571749
0 0.4378328976221383 0.6397334062494338
0 0.36994934384711087 0.5681298093870282
0 0.410559028480202 0.6327554733492434
0 0.3543430677615106 0.5759263086132705
0 0.45257060923613607 0.6060520183295012
0 0.5547722612507642 0.49905947484076024
0 0.5459524643607437 0.5661491767503322
0 0.5324383303988725 0.5683976760134101
0 0.5580753304529935 0.5539312759414315
0 0.558565455302596 0.38801100603304806
0 0.5283842865377665 0.3625102379359305
0 0.4987046827562153 0.3527527700178325
0 0.4720477837137878 0.35250911917537453
0 0.451388053689152 0.36069037625566125
0 0.4298588587436825 0.3998405803460628
0 0.35277954838238657 0.43261285675689576
0 0.43986676149070264 0.43726973407901826
0 0.4603667134419084 0.4500997297931463
0 0.4884560648351908 0.458328125718981
0 0.5157799458131194 0.46080691162496806
0 0.5375222815200686 0.45892288722097874
0 0.5532219386193902 0.45523866508156063
0 0.3451068795286119 0.4239559506997466
0 0.5308700725901871 0.5736240612342953
0 0.5689138311892747 0.5093519477173686
0 0.5604307285044342 0.570933305285871
0 0.5676082683727145 0.5825180999003351
0 0.5589269044809043 0.5738012188114225
0 0.5343299823347479 0.5803960325196386
0 0.5714863555971533 0.5854580417275429
0 0.5714924963656813 0.5896909607574343
0 0.5564833509735763 0.4389901289716363
0 0.5672112735919654 0.44510191972367463
0 0.5745466577820479 0.44940950712189076
0 0.4642747664358467 0.3990116904489696
0 0.45027320897206663 0.3830751373898238
0 0.6234065977856517 0.5107266759499908
0 0.7624447274021804 0.46801057932898404
0 0.6032715787179768 0.592892323806882
0 0.839140416868031 0.38532405542209747
0 0.6963624116033316 0.4803064804524183
0 0.7174377358518541 0.48601040821522473
0 0.7377188343554735 0.48850995050743223
0 0.7655823353677988 0.4756915710866451
0 0.6796067046932877 0.4725097991526127
0 0.7458603420294821 0.4094606919679791
0 0.7188934817910194 0.40894478652626276
0 0.7676191220059991 0.41810163017362356
0 0.7789740525186062 0.43148824297823013
0 0.7750780596397817 0.49330398384481666
0 0.6143014027737081 0.7520119458436966
0 0.770759682264179 0.4597407980822027
0 0.8245489470660686 0.48176465299911797
0 0.79476078748703 0.4759824336040765
0 0.6897302930243313 0.573880784958601
0 0.5966019955463707 0.6424883613362908
0 0.5883009755052626 0.6621327878907323
0 0.6141007649712265 0.6557022409513593
0 0.6231676687486469 0.6674416160210968
0 0.6025353950448334 0.667225749604404
0 0.6123650531284511 0.6729004363529384
0 0.6448569812811911 0.7001835407689214
0 0.6070233521051704 0.5831875479780138
0 0.615826940909028 0.5633112325333058
0 0.8043301124125719 0.41582465460523965
0 0.6617513278499245 0.5120550118386745
0 0.6477265801280737 0.5844075500965118
0 0.6519328884780407 0.5726880574598908
0 0.7483244434930384 0.5794941857457161
0 0.6202148447744549 0.5353286379016936
0 0.7700960364192724 0.38167746788822116
0 0.7932999340817333 0.3949967134743929
0 0.8341519281268119 0.345433685882017
0 0.6786022166721523 0.3854876303113997
0 0.6944861411117017 0.41817447780631484
0 0.6632122993469238 0.6840209433808923
0 0.7393306089565158 0.6624937669374049
0 0.6290847420692444 0.5932579275220633
0 0.613404112495482 0.5962920742109418
0 0.6304870219901204 0.6851159337908029
0 0.6258474942296743 0.6835246108472347
0 0.8036508194170893 0.38207225799560546
0 0.6448680523782968 0.5929631868377327
0 0.7343099107034504 0.3758934277575463
0 0.7413284548558294 0.35817257198505104
0 0.7748163684271276 0.2818481171503663
0 0.8211795546114444 0.3652941973414272
0 0.7563793899491429 0.322815397195518
0 0.8145996620878577 0.40646432554349304
0 0.8293871641159057 0.39840498492121695
0 0.5929116593673825 0.653484657779336
0 0.608415623754263 0.6621894127689302
0 0.6180772668682039 0.6704185916110873
0 0.6235370005480945 0.5959059690125287
0 0.628089701384306 0.6843601828441024
0 0.6209319566376508 0.6875165008939803
0 0.623445479478687 0.6826857251115144
0 0.624549843557179 0.5857882867567241
0 0.6076378718018531 0.6738934291526675
0 0.5978394784964621 0.6697984854690731
0 0.5845180259086191 0.6666415119543672
0 0.5780768025666475 0.7259832918643951
0 0.5810351768508554 0.7101800348609686
0 0.5824376043863595 0.6982910681515933
0 0.5827491893433034 0.6867713830433786
0 0.581812781188637 0.6777992712333798
0 0.6058846528641879 0.680068891029805
0 0.6094670827500522 0.6849181654863059
0 0.6128406969830393 0.6912018883042037
0 0.615199637785554 0.6982480259612203
0 0.6533143252134324 0.6480107253417373
0 0.7892348043620586 0.5643852844834327
0 0.6134944526478648 0.6810989540070296
0 0.6173151915892958 0.6841152210719883
0 0.6065351905301213 0.6029170757159591
0 0.6351480129174888 0.6031018075533211
0 0.609763640537858 0.5997409116476774
0 0.6794438267126679 0.5280140873976051
0 0.7098571342416108 0.5481719614006579
0 0.6519880668260157 0.5819654702208936
0 0.8153124045580625 0.3107063945848495
0 0.7991333394311368 0.3395174057222903
0 0.779344210959971 0.3650999430567026
0 0.6269999511539937 0.710914883762598
0 0.6922996141947806 0.35508777243085204
0 0.7067088980227709 0.31276644770987333
0 0.7241356019861996 0.2615074777044356
0 0.7549850812181831 0.4854155738838017
0 0.7892749260179699 0.5129652704112232
0 0.6691547328606248 0.46566612729802725
0 0.7898380167782306 0.4452416247688234
0 0.652114365901798 0.49557407703250644
0 0.6410525389946997 0.5750581454485655
0 0.804136707726866 0.5267846902832389
0 0.7776593966409564 0.5296901109628379
0 0.7536778946407139 0.5355077254585922
0 0.7162760382518172 0.5253434687852859
0 0.6894600106403231 0.5112579666078091
0 0.6709895236417651 0.4980363670736551
0 0.6338758405297995 0.4625690195709467
0 0.7891514611430466 0.571953900437802
0 0.8016383891925216 0.443445760384202
0 0.5971802020445466 0.5918291598558426
0 0.6541377196088434 0.5345952820032835
0 0.8234140858054161 0.4737814191263169
0 0.6580020934343338 0.4842201699037105
0 0.6525245869532228 0.5821697203442454
0 0.7767757754772902 0.46074072788469494
0 0.6447564852423966 0.5604550081305206
0 0.7667184365913272 0.6124504474923015
0 0.6695493067614734 0.4573396483436227
0 0.6344706389121711 0.5455294913612306
0 0.6960035899654031 0.7144873855635524
0 0.6847512516193092 0.729396297223866
0 0.7974535735324025 0.5702233276329934
0 0.7247100000269711 0.6903537168167532
0 0.8284728981554508 0.4376743561588228
0 0.6112336460500956 0.7661176946014165
0 0.5927160109393299 0.595209792535752
0 0.6677727056667209 0.5530971969477833
0 0.8051104623824358 0.48116887188516555
0 0.7402438711374998 0.4762176362331957
0 0.721001920569688 0.47457141811028125
0 0.6240618000738323 0.6913946677930654
0 0.7710033349692822 0.6114076029509306
0 0.5717110693454742 0.7845661891624331
0 0.6273534586653113 0.7639122739434242
0 0.6527851267717779 0.7501425601541996
0 0.7025949964299798 0.46929110269993546
0 0.6855840343050659 0.4631208117119968
0 0.6743797592818737 0.45995253142900766
0 0.8118550337851047 0.43924885550513865
0 0.693880064971745 0.44004315142519773
0 0.7153444718569517 0.4329390415456146
0 0.736492570117116 0.43346558008342984
0 0.754851932823658 0.43972120895050465
0 0.7640652703121305 0.44810560550540685
0 0.8357146356254816 0.4261512480676174
0 0.7534142844378948 0.4732471970841289
0 0.6383223474025727 0.634226627741009
0 0.6305249294266104 0.5902249096892774
0 0.6055632662959397 0.6216699972748756
0 0.6658611552789807 0.7352300798520446
0 0.6389663900248707 0.7498694498091936
0 0.5777252878528089 0.7774795219302177
0 0.7118045845068991 0.7022919890470802
0 0.6774624841287732 0.4509179501794279
0 0.6390404335223139 0.5015547930262982
0 0.6013660214841365 0.7764965431764722
0 0.7764026647433638 0.6138773580081761
0 0.5955068426206708 0.6788826089352369
0 0.5983622999861836 0.6861796075478196
0 0.6001700477674603 0.6954041097313166
0 0.6006926625967026 0.7061453575268388
0 0.6048598530702293 0.7205280037596822
0 0.6193247876130045 0.678127112891525
0 0.6241161813028157 0.6778092488646508
0 0.628422306664288 0.676788835786283
0 0.6618187286891043 0.6653490081429482
0 0.7464130997657776 0.6230820141732692
0 0.6431536560878157 0.4775338096078485
0 0.6626537846401334 0.43335866648703814
0 0.6721734520047903 0.43879465479403734
0 0.6148189691826701 0.6779424538835883
0 0.7292732995934784 0.6672362734563648
0 0.6484960951842368 0.42924424093216657
0 0.6107256450690329 0.7359134383499623
0 0.6286241844296455 0.48837204799056055
0 0.6435883811675012 0.539148504845798
0 0.5797622663900256 0.7436902372166514
0 0.6597439460456371 0.7071739639155566
0 0.6662079610861837 0.6006716352887451
0 0.6365495547652245 0.7236890921369195
0 0.713880164269358 0.603230060171336
0 0.6802986335009337 0.6238374738022685
0 0.7179098960012198 0.6368672406300903
0 0.5806777723133564 0.7634814878925681
0 0.6497172224335372 0.5528179689310491
0 0.6694847106002271 0.719119992479682
0 0.6418147914111614 0.7355681540444493
0 0.6811084473505616 0.6862489411607384
0 0.7533881861716509 0.6434802981093526
0 0.7014811554923653 0.6881698900833726
0 0.7536435299552977 0.6539459593594075
0 0.6860992979258299 0.6516837317496538
0 0.6462984971702099 0.517714586481452
0 0.6319012882187962 0.5835376390255987
0 0.6395372157916427 0.5902637641876936
0 0.6299247283488512 0.5683717123232782
0 0.6858662439510226 0.40956372739747166
0 0.7245792429894209 0.3982574689202011
0 0.7560009060427546 0.4009411604143679
0 0.7783896757289768 0.41074296324513854
0 0.7900101354345679 0.425402488745749
0 0.7832831596955657 0.46774424212053417
0 0.8140157281421125 0.5264213442802429
0 0.7648313311859966 0.5030925499275327
0 0.7436993524432183 0.5080227378755808
0 0.7167954055592418 0.5033659880049527
0 0.6920185854658485 0.49371481463313105
0 0.6739802550524473 0.48377742161974313
0 0.6622082836925983 0.47483036313205956
0 0.8067458553239704 0.5183013731613755
0 0.6368819238618016 0.5951423160731792
0 0.6354236389510334 0.5227759402245283
0 0.6202157599851489 0.5826861537992954
0 0.6065197205170989 0.5900903937406838
0 0.6179749108850956 0.5856094905175269
0 0.6301175130531191 0.5997564607299865
0 0.6031465786509216 0.5916128200478852
0 0.5985899807885289 0.5950614025816321
0 0.6631750709377229 0.45682842219248415
0 0.6542228637263179 0.46015887539833783
0 0.64951823791489 0.4639412351883948
0 0.7682496726512908 0.4542623866349459
0 0.7822556437924504 0.44510619845241306
0 0.5241790410131216 0.41453648414462807
0 0.5497007835656404 0.42158706439659
0 0.5294171460904181 0.3887818326707929
0 0.497641562204808 0.4074298252351582
0 0.5188326458446681 0.44023085106164217
0 0.7324850691482425 0.4523868104442954
0 0.7520376304164529 0.45597613584250213
0 0.7364375984296203 0.43315379731357095
0 0.7124897525645792 0.4484629794955254
0 0.7281998460181057 0.47138678762130437
