0 0.8230765065907136 0.47491070705911387
0 0.8530444266355556 0.4075571044631626
0 0.834456915197813 0.42566698945086934
0 0.8228144023729407 0.3342037960239079
0 0.8558022527267104 0.385988789278528
0 0.851763165353433 0.35633668303489685
0 0.8350144103169441 0.2812169668467148
0 0.6307630981116191 0.26765033071455746
0 0.8306092668486678 0.21381127652914628
0 0.832722597795984 0.18231502719547438
0 0.8319298876044543 0.07672478634378184
0 0.8224593227648217 0.48077100800431294
0 0.8203133871049985 0.48657360180564546
0 0.8177222867050896 0.4902611675469772
0 0.8171531980776269 0.5076975503693456
0 0.8180390785083823 0.5165428451869799
0 0.8178449765495632 0.5276822691378387
0 0.8160002123078575 0.5385876225388568
0 0.8143276295260243 0.5529408517091171
0 0.8470126847210138 0.41760524381761965
0 0.8159449401756992 0.41698613477789837
0 0.49494969447993714 0.16444222058938898
0 0.7008893559889301 0.28801970974258756
0 0.6761685051833806 0.2898443649644437
0 0.6511543581019277 0.2885784640260365
0 0.6154859230003279 0.2752207911532858
0 0.7224375799136318 0.28289216704990555
0 0.6719178444017535 0.21736406619134158
0 0.7001964246611232 0.22040813604126805
0 0.6435165093482836 0.22174916073032047
0 0.6227325801535145 0.23172934469969375
0 0.5881291078403592 0.28971875646839973
0 0.711216947387742 0.5779168782026871
0 0.6201108560047072 0.26107836236124454
0 0.4836750238647927 0.2642733281073363
0 0.5525002108238961 0.27164435308912527
0 0.6878143142017982 0.38222143494564553
0 0.7946377930271885 0.47168382587640184
0 0.7944716194077678 0.4863067152707473
0 0.7634871078088231 0.47952482907668403
0 0.7417969851876083 0.4876520986142366
0 0.7703180873523587 0.4890127552592236
0 0.7508465790230295 0.493157007124113
0 0.6938490762739725 0.5143437419248664
0 0.8316719076879646 0.40733780290769495
0 0.8303733698051908 0.38640887711359106
0 0.58512617809617 0.2098492056131363
0 0.7405570643427579 0.3267453457998193
0 0.7547801557280447 0.39942421550336094
0 0.7493191911312549 0.38686905736508576
0 0.6001826543765871 0.3780162339625151
0 0.8270932837672855 0.35855282467344535
0 0.6606012812775114 0.18234458319518876
0 0.6191392583043679 0.1913614324901415
0 0.5349813480659024 0.12679009230240532
0 0.7734873693274416 0.20572301874990048
0 0.7231262408034957 0.23138490293336952
0 0.6766731962561607 0.4945805220500283
0 0.487430557406143 0.46118245850438655
0 0.7731811643132697 0.4114870978438336
0 0.7939859585755545 0.4173353674619094
0 0.7141002561573101 0.502421417184498
0 0.7204691515830548 0.5020046073457469
0 0.6021965799205329 0.17579633528771607
0 0.7496211419448905 0.407944880620293
0 0.7114787593321956 0.1852722301431324
0 0.7095890337115397 0.16623285309128139
0 0.6701478858923783 0.08158083169356636
0 0.5652717430063564 0.15108101756676384
0 0.69021317994465 0.12568328225094338
0 0.5632547485925581 0.19878735490467236
0 0.5265567482489607 0.1814016009154527
0 0.7944429766224779 0.47979218389676964
0 0.7670191983975794 0.4846702386503634
0 0.7462739954176156 0.4905521527580593
0 0.7781405554193518 0.41507427044536754
0 0.7174035454492854 0.5022586340489594
0 0.7293803052895743 0.507664518252663
0 0.7235583669060598 0.5017508327960968
0 0.7924887397852929 0.4059717069501462
0 0.7542349360883236 0.49460843905158663
0 0.7728621642226758 0.4914009016493092
0 0.7943809497291627 0.4899510907090229
0 0.779428668887071 0.5522859008415886
0 0.7864143259661354 0.5370192994242129
0 0.7894737456479798 0.5261828920115595
0 0.7921414216575415 0.5150586693183236
0 0.7941081612978292 0.5069592087165169
0 0.7542418856983599 0.5042643715506014
0 0.7497544185784848 0.5080200187537981
0 0.7439318144612986 0.5135659202285435
0 0.7386004893190187 0.5195250293482905
0 0.715793525395186 0.4608158632465031
0 0.45463101225702657 0.3524913772292759
0 0.8410730738516735 0.4216829271420189
0 0.7398579140882129 0.5031772654989491
0 0.7349684412550667 0.5051279975020367
0 0.8018430772682895 0.4251623581285062
0 0.7551444906579412 0.4196883924629377
0 0.7981956361428552 0.42139579627824864
0 0.7106088727469677 0.33890869332396467
0 0.6668738239323315 0.35363615440285723
0 0.7416431519972242 0.39569861059603484
0 0.5912862767100983 0.09847798412260803
0 0.6175790708512068 0.13133442181607952
0 0.6515923783830975 0.1638759917539099
0 0.7164884863988213 0.5296585046726724
0 0.7703443919510945 0.1742355227470398
0 0.7598510328680277 0.12840502780416738
0 0.7480683912239645 0.07558407964913741
0 0.6285649916643034 0.2840043083481167
0 0.554286293078052 0.3059578061103821
0 0.7375371340338303 0.27748842615148295
0 0.5914520281569465 0.24269105442192243
0 0.7623324008739513 0.3131701544575069
0 0.7761172771291889 0.3922222414742345
0 0.5180830302769723 0.3146147242058878
0 0.5777089469863669 0.3229172945022583
0 0.6172044251681023 0.33163082107253694
0 0.6701395885775918 0.32803046444187994
0 0.7069731712665247 0.3187819400559301
0 0.7349182351937761 0.3084215985692066
0 0.8080797677292771 0.28599619541479193
0 0.5230765848865976 0.36264120651328047
0 0.5661034879234174 0.2385108706743821
0 0.8341253473544898 0.4172243838724883
0 0.747409834485987 0.3497639762318653
0 0.45591168899251067 0.2552477434925411
0 0.7573884028293516 0.29654505771139394
0 0.7339692886756815 0.3956451540407927
0 0.6051973176148274 0.26068738025167715
0 0.7706617033513992 0.37695729706598363
0 0.4645235223452682 0.4053230599216793
0 0.737237391507496 0.2696398403333581
0 0.7991195770547442 0.3653133498585742
0 0.5797785993098564 0.526291786328606
0 0.5661394050668763 0.5433807735857756
0 0.47909393185830634 0.3587025678676108
0 0.5386533401501568 0.4944430623365485
0 0.5029791894814243 0.2198955078487811
0 0.7025855966722188 0.5951521505480227
0 0.8310383240813795 0.4209400467250658
0 0.7205566224925544 0.36520182594009065
0 0.5215870951018904 0.27491316380708114
0 0.6571052052566538 0.27558702619179437
0 0.678316519231252 0.27734244724978574
0 0.7239490551469119 0.5105633476506108
0 0.5261177699608 0.4052045837692592
0 0.745128771128214 0.6188013810178508
0 0.6573543195491252 0.5916956655357195
0 0.6163418941280764 0.5726962188015814
0 0.8334238264385773 0.13130164185295934
0 0.7969204151759977 0.6201162898022196
0 0.69815962061124 0.27599935129932734
0 0.7172211506606444 0.27296824934689895
0 0.730362506016441 0.2714005566161612
0 0.5389331106663399 0.23253256186195043
0 0.7156132577068132 0.25135906727417656
0 0.6944835529379223 0.24392936255620873
0 0.6736340733326 0.2429294476042623
0 0.6517819988176875 0.24659992093625277
0 0.637115398907791 0.25220003542692765
0 0.47038707720196765 0.20527114155499832
0 0.6419691007341379 0.27193326703880144
0 0.8316888920152965 0.44272078327510667
0 0.7441611515924983 0.4497622795726942
0 0.7755484807750453 0.40843463488247084
0 0.7979450929586006 0.444194836979327
0 0.8294046461258245 0.2475188945946486
0 0.6208584911554403 0.5543477244999098
0 0.6600138119057469 0.5749174755552541
0 0.7514921133608922 0.6092787657095038
0 0.5232744701611607 0.507874526148257
0 0.7306597479821547 0.2627238444660021
0 0.7919150072595348 0.3220085510741109
0 0.8047046279129775 0.6104445436726446
0 0.7002237684538831 0.6081016048141148
0 0.4864377211779356 0.4063902818638345
0 0.7729223400516354 0.5054986632388571
0 0.7688637028407791 0.5115984740464584
0 0.7642521819342738 0.5202654962954314
0 0.7601524316098379 0.5298011515451514
0 0.7447718079809261 0.5429892151252084
0 0.7343322596634212 0.49766915103663567
0 0.729405830492792 0.496577434176984
0 0.7250846019419639 0.49506807897401894
0 0.6927638004898377 0.47620854144511016
0 0.5735773226327222 0.42161192790321683
0 0.7854388800004254 0.29799425627874293
0 0.7605923679049896 0.24929111988648125
0 0.7422749494890803 0.25242837848870653
0 0.7385411578352037 0.4982415396234264
0 0.5628226062525874 0.4696410938449528
0 0.7893811274805794 0.24827535528203715
0 0.7256125125062206 0.5598971921464672
0 0.8460147012349056 0.3311283510664235
0 0.8155205268412828 0.3117501516704974
0 0.8407163705028917 0.30756476275298905
0 0.7718882445731888 0.3565303729928058
0 0.809506808448097 0.5938722190649613
0 0.811834668011769 0.5722054199032162
0 0.7687630309196918 0.5714064533295838
0 0.6646403524133823 0.5220709158026654
0 0.7089718174108345 0.4118500909079676
0 0.6911661533395881 0.5436165371666783
0 0.6444789816260986 0.40750480060992034
0 0.6837788640076051 0.4328575805477474
0 0.6174452746206004 0.44067524153253307
0 0.759004122213177 0.5927058287288831
0 0.7512258848418361 0.36796499672143357
0 0.6364079675758663 0.5355829606885495
0 0.6729045104154426 0.5578182940897735
0 0.645729781533389 0.49616537923398224
0 0.5315803745356591 0.4406487654084745
0 0.6042130222625058 0.4967603175536446
0 0.5028623288659297 0.4510469659515049
0 0.6614179741186292 0.4597456875054733
0 0.7694388642583204 0.33549694755802983
0 0.785643276475046 0.4025458405847135
0 0.7641939221192962 0.40681840259095897
0 0.8027217807653158 0.3886098535164543
0 0.7441371851803168 0.22509921892829562
0 0.7052632262120428 0.2082768660524617
0 0.6689692774949514 0.20475415470807448
0 0.6356530905417774 0.210017392039299
0 0.6087250728160143 0.22242311316987742
0 0.5826490642907827 0.26599467241245767
0 0.47744473094201606 0.3114543935526972
0 0.6054229039050962 0.2999309577371763
0 0.6350421418800302 0.3069234281778336
0 0.6711632596409839 0.30698794346788655
0 0.7035335527085091 0.3019740499880003
0 0.7288888314657885 0.29479662490927655
0 0.7472582095829041 0.28766334471495253
0 0.452999802387279 0.30296416697294815
0 0.7614268082315507 0.4118478935697804
0 0.7973847075810899 0.34323132582332777
0 0.809757286682725 0.4046829861143361
0 0.8176552262157202 0.41428985673448315
0 0.8052100983812757 0.4077071718547655
0 0.7662128812592962 0.4175051748752594
0 0.8248722663392192 0.4161280562048373
0 0.8222883428730394 0.4200047731399536
0 0.7473342980703582 0.26985391870788905
0 0.7622420559434787 0.2747111888035484
0 0.7746424010104459 0.2785532886567323
0 0.6280918173977862 0.25675079485644464
0 0.6080731734147539 0.24422114024991576
0 0.8647948532648708 0.33363807149555375
0 0.9720430539354034 0.26574703960315044
0 0.8611024345230797 0.41618464666864147
0 1.0111562386155128 0.1718147584925527
0 0.9105151686007562 0.2871573445589646
0 0.9323431792790475 0.2888608219830886
0 0.952553749408411 0.2873869483885558
0 0.9738555382127347 0.2713532418012619
0 0.8941015211622352 0.28209550588027293
0 0.9523722152023212 0.21928014509055926
0 0.9251049006276805 0.22223370982253032
0 0.9748288083659566 0.22314729820127072
0 0.9859010959449022 0.2323680316624434
0 0.9847716868895552 0.2844514126363008
0 0.8813428814806368 0.5685523991999419
0 0.9770813263628794 0.2577957912631657
0 1.0092731540941673 0.264200707881347
0 0.9954234581116749 0.26263166432795315
0 0.9325505309616742 0.3792164128759633
0 0.8475574821881626 0.4711817160896633
0 0.8405297052763079 0.4855846555336662
0 0.8658724974678911 0.4772560233655183
0 0.8753530320751927 0.4843188446501027
0 0.8547875447117764 0.48702589325282886
0 0.8638408406759086 0.49014452851336937
0 0.9042494131819062 0.5098238172738448
0 0.8705568593805251 0.4064612811026366
0 0.8767746170253857 0.3857505041620006
0 1.0109346304898676 0.2105702387249988
0 0.8894437885964694 0.3251951056977977
0 0.9032457466034786 0.3972539658131807
0 0.902788696081742 0.3848815109418786
0 0.9885502613109091 0.3728031751902207
0 0.8719364219223675 0.35793573286222374
0 0.9821431755047777 0.18961116256921187
0 1.0032737570936265 0.19609707451385
0 1.0092862089690955 0.13622558855492137
0 0.8923648330990387 0.20646424215772877
0 0.9017113766268544 0.23250098863373633
0 0.920986022638238 0.4902296843736068
0 0.9505049134402171 0.4491549497065337
0 0.8846589496116275 0.40978383655133455
0 0.8682622865004384 0.41677645107974176
0 0.8815178882492625 0.49787843849347985
0 0.8754475662565749 0.4975677853045256
0 1.0101931655536527 0.18033780105735944
0 0.8988791832133479 0.40591198257778
0 0.9477563426708397 0.1906751785589301
0 0.9535009098117766 0.17215720104134602
0 0.9560757403302452 0.08984509265941122
0 1.010512977514578 0.15686768967172374
0 0.9505357969876217 0.13112796208132868
0 1.01626777422169 0.19807395844355874
0 1.01614761741265 0.1858122530190841
0 0.8450394825928885 0.4792820772399073
0 0.8608530604321024 0.4827043053896531
0 0.8701998962332373 0.48740869838258494
0 0.8784192389930072 0.4136283498743306
0 0.878468438335087 0.49778406101724376
0 0.8733090023793604 0.5034454848455346
0 0.8726575576254855 0.49742798416510875
0 0.8835990691314572 0.4044712131438048
0 0.8575412140268347 0.4916957772296408
0 0.8488555654235508 0.4895576591077058
0 0.8356757923636747 0.48922427607619245
0 0.8419939946059299 0.5502419440642647
0 0.8408905329263728 0.5355622120525526
0 0.8410108845842921 0.5247377639231474
0 0.8386845838116563 0.5137787738571996
0 0.8351169657772002 0.5058740838714267
0 0.8566325687519882 0.5010649390842603
0 0.8620640462183434 0.5046825862449148
0 0.8676010018781476 0.5098740678766499
0 0.8717229000252226 0.515785916214404
0 0.9100839030807433 0.4579688694166101
0 0.9722703126785548 0.34746469596157903
0 0.8628567564098731 0.4994001492210057
0 0.8682669303987337 0.5011295984620633
0 0.8612577615548735 0.4248660056487374
0 0.8882020816368901 0.4179685250572536
0 0.8647053202047296 0.4210826215536698
0 0.9100086264636206 0.33679589862408843
0 0.9454445581397285 0.3505053437274435
0 0.9019963106383448 0.39369319729183033
0 0.9937307409456243 0.10838381881299226
0 0.9905170659008233 0.1378362194351528
0 0.9890863555281059 0.1711011098778766
0 0.888553816339244 0.5246945015762163
0 0.9037284522276857 0.17668515858442888
0 0.8992161743504845 0.13122631998165793
0 0.9040443672110205 0.08028424006441365
0 0.9669949741143248 0.2816244830255923
0 0.9968949893246526 0.2978720338448234
0 0.8838673760385617 0.27677632648011913
0 0.9955764144821011 0.23946426329405412
0 0.8771087828537693 0.31197651352571404
0 0.8984751965364685 0.39044531531955884
0 1.0166877385066904 0.31058817402176236
0 0.9950905588010083 0.31826891562213067
0 0.9779786704027135 0.32971510239269425
0 0.9405804806105469 0.3268604358901148
0 0.9118980435735505 0.31775200081908184
0 0.8925002205954946 0.3084771083748859
0 0.85542999394238 0.2856410011001255
0 1.0158203362446765 0.3561886688937312
0 1.0046703689124272 0.23384548943975697
0 0.8579279565778763 0.4166650712490082
0 0.889719272437303 0.3484091191188149
0 0.9901796850659277 0.25671434065570004
0 0.8792834587233223 0.29806012239145196
0 0.8989712817837363 0.39376153090725774
0 0.9825154667639214 0.2565860485253127
0 0.8964295106251603 0.37533721042715984
0 0.9631494041532278 0.39645042445348655
0 0.8819691257794267 0.26829355644143144
0 0.8860885233658812 0.3641422046267468
0 0.94515605189878 0.5122270928776782
0 0.9268651978801126 0.5282784322033758
0 1.004993688153184 0.35225359641987347
0 0.9639097369559433 0.48154313823451167
0 1.0132468371935512 0.22257292840791784
0 0.8790987744603468 0.584025622450787
0 0.850086523219943 0.42084008584851806
0 0.9057016868306242 0.36325840639031454
0 0.999172772726287 0.26215291476767993
0 0.9542128226679304 0.27601019390251325
0 0.9350986347088347 0.2778906110836112
0 0.8776444873732069 0.5061500119126361
0 1.0045683979988098 0.3970563134421473
0 0.8389434405481038 0.6123428997786149
0 0.8870228886928248 0.5775157379067463
0 0.9053997360169888 0.5570589516473853
0 0.9157659886809795 0.2761524085117423
0 0.898402128206647 0.2723011050535285
0 0.8874402549927649 0.2702096893735554
0 1.0088003208131895 0.2259667352489803
0 0.8997677590536035 0.24994344115257264
0 0.9192269594287095 0.2420523674591728
0 0.9415555044036844 0.24021414997784987
0 0.9610381515939599 0.2432516818461211
0 0.9708764287440673 0.24908013939857482
0 1.00495302968699 0.21017606867396313
0 0.9654980800721956 0.2714465206084044
0 0.8947363063369108 0.4479336979596511
0 0.8874673065122055 0.40676159599552986
0 0.8617732992152805 0.44365216649096945
0 0.9217018649467955 0.5395554239335267
0 0.9009489329612773 0.5611737375674041
0 0.8483285641540652 0.6028962907583817
0 0.9393584533877994 0.49404865814291915
0 0.8878343043767888 0.26127641097359033
0 0.8720106268706529 0.3212280817653822
0 0.8669469266643991 0.5969151722348255
0 0.993758961558342 0.3972171153711236
0 0.8480093692145918 0.5032650509606237
0 0.8531616282365893 0.5091797450314397
0 0.8574888646278692 0.5175469206727069
0 0.8600034543677516 0.5271835814351621
0 0.8683376930168142 0.5390212186004805
0 0.8697403126760669 0.49382294468257737
0 0.875535280727174 0.49264765692793805
0 0.8804357625220133 0.490971772307935
0 0.9191925686014735 0.4727775599645532
0 0.9902733099525389 0.41424346047898997
0 0.8660977102978074 0.2973860798970513
0 0.8745906208844288 0.24921523967514866
0 0.8827435526510944 0.2523242210564406
0 0.8640435159854267 0.4945199691730997
0 0.9745353659533936 0.4594121603862099
0 0.8645142384035431 0.24927019114079682
0 0.8752299200581468 0.5530591837737872
0 0.8606955251130073 0.31127523844656735
0 0.885877404604917 0.35533422853635704
0 0.8460926407867152 0.5676514184993247
0 0.9191278138238451 0.513538867753485
0 0.9152734756631695 0.40905017775038016
0 0.8983552345763082 0.5351183857606805
0 0.961895096966106 0.4025816103686457
0 0.9326706228210874 0.42883922535440194
0 0.9689844461238902 0.4338069747323575
0 0.8505535435093485 0.5874526775401572
0 0.8921929114376721 0.36652556009914566
0 0.9280782620544019 0.5231762129327525
0 0.904272535248943 0.5462772975797239
0 0.9387845909627883 0.48867371678352356
0 0.9907037311274073 0.43104239909545233
0 0.955586507268574 0.4861567919668944
0 0.9804807248646799 0.43970531484355097
0 0.9413611101715461 0.45474170005839804
0 0.8804024108888014 0.33446326203968213
0 0.8916013502394375 0.40059219080468883
0 0.8966858018513607 0.40478773790857064
0 0.8897817539780036 0.38703346148781154
0 0.896019678481895 0.22528422759926836
0 0.9338854081604792 0.21127223424289537
0 0.9659488954297875 0.20938391024651734
0 0.9883115714334924 0.21384764067504716
0 0.9983468732756117 0.22377098202705384
0 0.9877228355440109 0.2598385953384897
0 1.0095782224898753 0.30807717481385105
0 0.9793193605930909 0.29633537401323734
0 0.9624501239994298 0.3049687157506528
0 0.9357161432828592 0.3056449015503344
0 0.9095462500725103 0.30061571675798165
0 0.8911814833788768 0.29390297467293947
0 0.8792769962354846 0.2874687902305437
0 0.9783183894241634 0.3014579817004826
0 0.8923996136240337 0.4098615358705106
0 0.877608570229748 0.3422278627105381
0 0.8826934764890567 0.40282612728035966
0 0.8661220988825612 0.41286515308463057
0 0.8781552187612524 0.4060097821380781
0 0.8844268521213013 0.4158662127411884
0 0.8638530836805053 0.4151031600392383
0 0.856439083814621 0.41929539312487063
0 0.876855966432587 0.26947395931119505
0 0.8700199208181837 0.27515101666035857
0 0.8690146304990934 0.2807468805624091
0 0.9751114041908927 0.2537491228269494
0 0.9885637058835962 0.24240469802980838
0 0.6694883386725965 0.2582609965749409
0 0.6962430707948364 0.25815460578255034
0 0.6702564491930864 0.23761268167392066
0 0.6421095055892415 0.25831457920696427
0 0.6685239990930194 0.27870778674664703
0 0.9236007647021957 0.2561920585839645
0 0.9517327861293502 0.2567821519530338
0 0.9239106393702652 0.2348483401796092
0 0.895331017592031 0.25554245697415395
0 0.9234553424884444 0.2773037596889164
