0 0.449854780798373 0.5155691826257153
0 0.40062868757092435 0.4862277681628863
0 0.4131814364505851 0.4932884298588919
0 0.34458130727643554 0.4605815562865008
0 0.38696842251912406 0.47674731813047244
0 0.36905827405660047 0.46342547939739365
0 0.32532585800989816 0.4304405608470889
0 0.22859698987525442 0.48562708313482394
0 0.29664118555576907 0.4101520182861798
0 0.2799076988645222 0.39871687377276627
0 0.2131826271829398 0.3509832547734613
0 0.45414166411627893 0.5188955849279528
0 0.4581115851583688 0.5220973521902941
0 0.46064861377944116 0.5241021559290264
0 0.46061053515776346 0.5245400400481363
0 0.465981490586115 0.5284869688144629
0 0.47237733265627985 0.5333531773176746
0 0.4789185135260872 0.53831623321858
0 0.49704602295937744 0.5479611937982448
0 0.4073303452004557 0.4904431583008904
0 0.39295794879612717 0.49795574241358304
0 0.12965323322493097 0.4811356225307437
0 0.2755786378098571 0.4688814890341482
0 0.2635132701176664 0.47835363166919653
0 0.2505505557941354 0.4864198255582132
0 0.22769036629925604 0.492421161653339
0 0.28468234091997147 0.45959846610608307
0 0.22310183845136478 0.45968274405037146
0 0.23974537833229356 0.4504823857459469
0 0.2115762055568073 0.470222664160141
0 0.207516859083072 0.4790746656017027
0 0.22353199383486871 0.5052718385190204
0 0.4667552165363146 0.5939860293182774
0 0.2208253733165886 0.48664431792238483
0 0.17977422799753107 0.5248774407782416
0 0.1997742599443249 0.509340007128059
0 0.32045930947946466 0.5158599415335102
0 0.42943298946256225 0.5236661018452783
0 0.44151236246461456 0.5307938247055247
0 0.41589203023392224 0.5367082582003828
0 0.40738528772540716 0.5469036259944888
0 0.4277677419392959 0.5391253737219865
0 0.41700109256350476 0.5466395470759143
0 0.409172429986622 0.5705211473547894
0 0.38861195192388864 0.4932147709355838
0 0.3738919217949328 0.4851224268044251
0 0.1798190665633782 0.4857910639349965
0 0.31471278162106225 0.47450545257416327
0 0.3517577071552691 0.5084310333797897
0 0.34379859203877655 0.5032281224494395
0 0.27905477729180583 0.5390424201453942
0 0.35804456310427707 0.47220326808915625
0 0.20085933885496596 0.457305191003758
0 0.18495946474697278 0.47197790886612906
0 0.11890729516744614 0.45814727214367496
0 0.27344127290922665 0.42780937934699265
0 0.2581740288954714 0.44516680724378943
0 0.3858887731381085 0.568542301222898
0 0.31940402106746385 0.6029233681982842
0 0.36944589213184686 0.5073427643249
0 0.38440859706505487 0.5031785910976105
0 0.3967725349509198 0.5612613610599352
0 0.40042642860308936 0.5591226276280223
0 0.16936177452621254 0.4708041578963183
0 0.35650991194921994 0.5123092635818149
0 0.22992837526228116 0.4422630949512772
0 0.21713065032077872 0.4364857455526573
0 0.14208365588084512 0.40493911439957825
0 0.14259699813049773 0.46332728355259134
0 0.17631689410494722 0.4186699539962886
0 0.16565470024943352 0.48636473186206125
0 0.1476795053028542 0.48339268219643744
0 0.43585044177977933 0.527936609758847
0 0.4221107114268386 0.5381451008328493
0 0.4121662941963776 0.5468628836282785
0 0.3748904878030653 0.5068129209288652
0 0.398630333011565 0.560180219511191
0 0.4083358509385068 0.5578790222821028
0 0.40239727594282315 0.5580156488695006
0 0.37259412038585416 0.5012185028281765
0 0.420476243223833 0.5463888563107753
0 0.43176366000071814 0.5394981471092805
0 0.4453131410738696 0.5321317250313966
0 0.4780709675472716 0.5590304034775582
0 0.45964411484158557 0.5484879068706346
0 0.4536039968547614 0.5430960929480152
0 0.4485496441307275 0.5374840968760891
0 0.44527186226585636 0.5326700925395109
0 0.42029512706010236 0.5468395747568296
0 0.4197827017177706 0.5504410361898118
0 0.41981344508088153 0.5548785348301348
0 0.42110890927522077 0.5593410519802052
0 0.3790887007894723 0.5441452811161677
0 0.23850365209838617 0.5647457243091818
0 0.4102311163492825 0.4918493478410486
0 0.41183455353197845 0.5521599209826925
0 0.40999588467504666 0.5548941623689472
0 0.3939639938914258 0.5039207667544268
0 0.3690534557985223 0.5143242769915125
0 0.38926910479431565 0.5035650175118792
0 0.3082264354047568 0.4885865874264551
0 0.29519279560317163 0.5086009136360624
0 0.3471448003597882 0.5083801054220268
0 0.12132609667985336 0.43319832781950635
0 0.15042238860674526 0.44206258568210877
0 0.18619655250855113 0.45294587821632193
0 0.4303150902623716 0.5696012174737626
0 0.252821177892063 0.4191146164700605
0 0.20747246998159782 0.3972589255351087
0 0.1720157717557057 0.37878557337798935
0 0.23791794608468594 0.49171440681253653
0 0.21741724678355714 0.5204711731361307
0 0.28988882834496704 0.45293894334547763
0 0.1995473883074263 0.49108985908653424
0 0.3157690408761087 0.46270066499710083
0 0.355913742404917 0.5005814578870068
0 0.21414173021912575 0.5363448276251986
0 0.23593289567076642 0.5209343165591143
0 0.258162396757499 0.5135194226235583
0 0.28174045277030574 0.49603307355141296
0 0.29522192089453986 0.48043939039327094
0 0.30366066843271255 0.46770388535831287
0 0.3159497974683409 0.4405428376318752
0 0.2439167852634969 0.5545013308309127
0 0.18748696472333826 0.4969257214579029
0 0.3996300136913424 0.49463610642630124
0 0.3284803428079771 0.4840504113530767
0 0.17583512223285178 0.5250339328810789
0 0.3082576462108156 0.45668911923100985
0 0.3467179889912191 0.5088397332507631
0 0.21586562385377678 0.49101935456628387
0 0.3467170541053233 0.4940327967422596
0 0.27572088429461356 0.5847345985796141
0 0.2857469602123551 0.4499235507370769
0 0.35084655297839124 0.48230515960334003
0 0.37720350338065106 0.6090726241253425
0 0.3948521714495576 0.6185852924118871
0 0.23647512949031332 0.5637680519966112
0 0.3432195380977962 0.6061803977126661
0 0.16129272042409235 0.5025336962679158
0 0.4773463231065999 0.6060820092325625
0 0.4038616668270982 0.49518210710822674
0 0.3259145484670349 0.49832555403312045
0 0.18996556297592496 0.5172468193847201
0 0.24450860399266947 0.48009960580131283
0 0.2560608092209567 0.4732923076852508
0 0.40743278712034225 0.560934170000795
0 0.27358344747968344 0.5717589977210846
0 0.5217195315205533 0.6028176595767339
0 0.4624630475173826 0.6166142961685208
0 0.43245993425016815 0.6188533444335496
0 0.24466836160939673 0.3738057341264642
0 0.5537427534227786 0.5857915884774664
0 0.26624680456259975 0.46531901217025257
0 0.2758345808023992 0.4572624741257101
0 0.282790779095629 0.4524326255356056
0 0.17486943903824556 0.5003294186747592
0 0.26338269172803214 0.4522258796985599
0 0.24764769913061804 0.45732508059861005
0 0.2353831468069035 0.46441605827514676
0 0.2262857901337354 0.4730521877822669
0 0.22276031744220984 0.4794727223722831
0 0.14768432356093242 0.5019742833531421
0 0.23558029985946158 0.4837296254177024
0 0.4243200984985932 0.5003935903094817
0 0.3843804426167322 0.5310621416007263
0 0.3674959358961686 0.5061666776520618
0 0.40558714257634204 0.5127620769367702
0 0.3104682558256647 0.4194871009044025
0 0.41287364324797754 0.6105025318869646
0 0.44457037422967993 0.6090458959772966
0 0.5110568702220917 0.5968556933212972
0 0.35987460224524787 0.6138018930087918
0 0.2778309936756673 0.45015695248393045
0 0.3283350040083346 0.46124296959327615
0 0.5429845899343491 0.579418297695077
0 0.49191216897705325 0.612082526627658
0 0.27068299994520517 0.5817200005918309
0 0.4316989730881608 0.5400698646039203
0 0.4327043349976125 0.5447799662748972
0 0.4354079530938812 0.5499663587281669
0 0.43984635984120163 0.5554764748051546
0 0.45348548208889755 0.5664490778809008
0 0.4082089581567308 0.5531296952479128
0 0.40430570167043933 0.5542416584448538
0 0.4008752097902091 0.5549125831196273
0 0.3791397958993912 0.5573661789514016
0 0.2977468679132669 0.5658973703781763
0 0.3152082351886708 0.4507630553798399
0 0.2873541009814843 0.4384239937948144
0 0.2796722514473874 0.4440520749143932
0 0.411986508447191 0.5519468422601188
0 0.32869711048577144 0.5895488437103189
0 0.2995529236352962 0.4319991369502268
0 0.4595163950453634 0.5798047241093456
0 0.3540445818849232 0.4520128250553988
0 0.3306190201445766 0.45108034980037937
0 0.34004916023948917 0.44144208329743234
0 0.33954054635504016 0.48223157291826996
0 0.5282858823952468 0.5695244523062222
0 0.5114972374361494 0.5578578564783802
0 0.488184814867766 0.5713321660523829
0 0.40231443066959793 0.582425744097302
0 0.3465169885236284 0.5230568445463112
0 0.4313442917621654 0.5833025718296784
0 0.3150285033752089 0.5401174936821496
0 0.3481785324604615 0.5399644208559091
0 0.325217357310264 0.5621633276991223
0 0.499511604723723 0.5856721545907034
0 0.33845025365767273 0.4921178573715514
0 0.40155828776566876 0.5969771017198977
0 0.4348716881612073 0.5962813030118528
0 0.37440625286620594 0.5778557605285576
0 0.3001764925277751 0.5856153271768404
0 0.3599866087669912 0.5896019628946332
0 0.305176909527053 0.5966017277560373
0 0.35489870802215906 0.5584830784279368
0 0.3285436633488406 0.47225424420574436
0 0.3661972715154938 0.5023650922205137
0 0.3604460692276125 0.5091023192457531
0 0.3636628318092097 0.49306937944198
0 0.26741062963138457 0.4386063231074292
0 0.23729775716429172 0.44775110612744873
0 0.2156614411784255 0.45930515478054684
0 0.20180636028880658 0.47128468665523804
0 0.19604500010609627 0.48195333530505496
0 0.2092874610553617 0.4994920811791351
0 0.20570688403171042 0.5452858747347541
0 0.23652584705015886 0.504360504988311
0 0.2537518208441527 0.4982031824580137
0 0.2713303185351517 0.486740852287714
0 0.2850061170756817 0.4739102817315986
0 0.29455324375759 0.4628561457646066
0 0.3001421534496805 0.45457774001187173
0 0.20636288627334262 0.5449951639857845
0 0.3638580791328264 0.5109436960108038
0 0.3403471011830413 0.47086363404557324
0 0.37672473393056705 0.49770914514859516
0 0.3901139899440434 0.4973605715710184
0 0.37876120306875394 0.49878012518519943
0 0.3714080018841702 0.5109661139439845
0 0.39426549459281174 0.49668837068737415
0 0.39828219588684 0.4973200218401093
0 0.29111805946930597 0.44753439141356427
0 0.3008926331025103 0.44569060670724814
0 0.3073090965981069 0.44526683312395343
0 0.22155463825101437 0.4834630422402119
0 0.2076845632299133 0.48636697124743805
0 0.3675783856407456 0.44573715221190796
0 0.41845404907413153 0.36366736230210983
0 0.4207080949259841 0.48019951128441357
0 0.4224655365814333 0.2924481169253156
0 0.3899164054056872 0.393734783096158
0 0.405034768840541 0.386369167678598
0 0.41824427506198053 0.378077421931253
0 0.42945880669614545 0.36258380077239394
0 0.3750714241810467 0.3989773407794427
0 0.3780555799603462 0.35899315099569334
0 0.36336381215116254 0.3693111311590326
0 0.3944943978086762 0.35173323215997737
0 0.40832046127837635 0.34918744829685794
0 0.4493062904347544 0.3597114519148633
0 0.5697285111831583 0.5291083380579948
0 0.4208815881739492 0.3580103858873464
0 0.48646358206220297 0.3281751387901064
0 0.4565630185863246 0.34340321218621905
0 0.45673661970573926 0.42865117153395776
0 0.4646292500521826 0.5032119170047235
0 0.47357190108817554 0.5122931303753369
0 0.48582030865161313 0.49639243470585864
0 0.501277280566485 0.49269097147212515
0 0.48766767913880554 0.5048139203285825
0 0.49963360733312107 0.49918526130310004
0 0.5360930425965268 0.4895733135981836
0 0.41183523671782535 0.47830000681721646
0 0.4004980912027152 0.4679880705864533
0 0.4180298266203507 0.3318040266741013
0 0.3943999383760535 0.42316808459767397
0 0.4405486748918243 0.45180988376555237
0 0.4337134724077971 0.44582025026497635
0 0.4958790696185568 0.40027565455091174
0 0.38291044241708255 0.45612792443969974
0 0.371508178503617 0.34595890472764557
0 0.3954658521258313 0.3356229974415855
0 0.3855942121666411 0.28588314197849535
0 0.3231817331650983 0.3931167247718659
0 0.3543797025214071 0.3810682053799215
0 0.5340563936725907 0.47395528615384863
0 0.6000566411277523 0.4248559069482313
0 0.4380381826473319 0.4636915569072184
0 0.43084362440783047 0.47373442978098773
0 0.5226230627816656 0.48857688342315564
0 0.5190537763030633 0.4907022527810456
0 0.39419861429411435 0.32513801451178564
0 0.44690179986798245 0.45486621137546457
0 0.3469784985417905 0.36459886234091676
0 0.33817133404638455 0.35635389085265173
0 0.2989679727217425 0.30327255937500275
0 0.38932803856289905 0.3033493004631305
0 0.3158567583431368 0.32760209692777065
0 0.41979478332011594 0.3219994918267796
0 0.4219978419334992 0.30631930337867874
0 0.47013986305050226 0.5080485319097837
0 0.4871261644622554 0.5008071060629858
0 0.5007211313299511 0.4958695021012555
0 0.43715985734825547 0.46730438382297323
0 0.520817294716835 0.48968484943759616
0 0.5160715981670048 0.49528027887361636
0 0.5170608153161795 0.491844796832057
0 0.4267748931179876 0.46651961168517236
0 0.4984306608853133 0.5015719886059347
0 0.48739641840043274 0.5075231191256772
0 0.4749384166105934 0.5150199312230815
0 0.5148523990874705 0.5356143786423448
0 0.4968375434046206 0.5263051332338996
0 0.48926475190598034 0.5218384262660275
0 0.48173176497220993 0.5178861037112664
0 0.4750802316095518 0.5152909209330877
0 0.4986786933048912 0.501570640158826
0 0.5041671566989111 0.5012896334131559
0 0.5104953993273817 0.5016488019323003
0 0.516736877353295 0.5028039635955424
0 0.4953764965352805 0.46994695488525473
0 0.5475049070689989 0.3679883165851883
0 0.5071801141552303 0.4970630463482677
0 0.5115837143815082 0.49606358216724533
0 0.4313908203140549 0.48036633345527924
0 0.4499638747909795 0.46312833944524545
0 0.431110750073972 0.47717778579048487
0 0.41633696400600934 0.4191154592495034
0 0.44793211603942124 0.4107100105156069
0 0.4419794817981513 0.4479755744122077
0 0.3451380677845167 0.2882988247750462
0 0.354461720780186 0.309321127238049
0 0.3651238067642502 0.3362690119639687
0 0.5334404836530271 0.5038374760660572
0 0.30976367547460226 0.3798111516820348
0 0.2815132934762084 0.34895162656903267
0 0.2569556927875332 0.32376007012267044
0 0.42746293318012485 0.36976005568884424
0 0.4738077440339586 0.3551647170190362
0 0.3646109499361204 0.40188161893815233
0 0.4271907015987065 0.34405218847635866
0 0.3762398877221605 0.4236046323093815
0 0.42709757258062775 0.45501307171324024
0 0.498660606858523 0.3540554507163124
0 0.47320643261722894 0.3680840081710746
0 0.4604993556504664 0.3833431078903917
0 0.43225156256686087 0.39905780213682546
0 0.40732538311377814 0.40766024454564287
0 0.3871223550775777 0.41302632961584174
0 0.3413188072002452 0.4240498124905255
0 0.5240092828221943 0.3754397149103275
0 0.43671488761901855 0.3357540737243666
0 0.4141123670598735 0.48534626902445505
0 0.40716141851051996 0.4335153573665066
0 0.49019665335831436 0.3235975340872571
0 0.3696185943225156 0.41590873162815534
0 0.44346541101517883 0.4472678804743117
0 0.4276690036058426 0.35446464421524515
0 0.41849320641030435 0.44803242590548337
0 0.575625052270682 0.3941812274464663
0 0.3604858378353326 0.39866438065318094
0 0.3994369957110156 0.45104444739611255
0 0.6013315378323846 0.4676368482734846
0 0.6179113436652266 0.4783459984953853
0 0.5420328760924547 0.368624663223391
0 0.5994385736791984 0.4437608584977578
0 0.45224384574786475 0.3153237275023391
0 0.5882775103268416 0.5366274476915166
0 0.41556129636971845 0.4876736646545106
0 0.42943262989106384 0.43202374610995903
0 0.47087827907956165 0.3365056523918242
0 0.40829212704430456 0.374454240868057
0 0.39702959261510684 0.3816141217839027
0 0.5206029181895049 0.4948909629298293
0 0.5487819971597713 0.3960998509673105
0 0.5817658862342006 0.5653675269821415
0 0.6085773350104041 0.5253357201598693
0 0.6151074051209118 0.504558052489723
0 0.3843494475535724 0.3875447968425958
0 0.37159861073545786 0.3929981336645458
0 0.3641704388934633 0.39703316900177277
0 0.44315233211154526 0.326693255616271
0 0.3656425246078035 0.3844487141223921
0 0.3744051022374112 0.3747760501784691
0 0.38574196009532263 0.36740982073588646
0 0.39925418956124265 0.3618941784336947
0 0.40937850041233975 0.3596793540577958
0 0.4551182243487109 0.30431167030895967
0 0.41464266310567444 0.3685460319013699
0 0.47458017552676407 0.4737019225739051
0 0.43584573139315064 0.4625952453285024
0 0.44468543710915936 0.48795900569445844
0 0.6007117084834886 0.4924538374163102
0 0.5958482882250911 0.5143339569153993
0 0.5714662123633467 0.5590269842009613
0 0.6134716424605121 0.4533881207091221
0 0.36143169066180353 0.3936321205203084
0 0.371398976639561 0.4334169929658157
0 0.598506528398265 0.5455771874690402
0 0.5672645115334055 0.3926704008186209
0 0.48763884150463604 0.5076314042443815
0 0.49438940085794614 0.5085934490181397
0 0.5016648626845815 0.5107006865783014
0 0.5093573555350304 0.5139673719371575
0 0.5273139606351438 0.5192961218780365
0 0.5095778807349827 0.4946947638755259
0 0.5117623135447502 0.4922292968933133
0 0.5132705361946769 0.48993318042029504
0 0.5162991350111754 0.4697691525022189
0 0.5366929516844128 0.41332708147988806
0 0.35754519020733627 0.4233789359745772
0 0.3417345078095146 0.4007623476394709
0 0.3514426146512446 0.39506059555687767
0 0.5071678887242856 0.497113107447175
0 0.5725210153538248 0.43434867360021756
0 0.3301354683935642 0.410217285534178
0 0.5481739617560221 0.5236819460988045
0 0.3551851067206134 0.4351674940275109
0 0.40227174953274103 0.44201404158619867
0 0.533283135165339 0.5427673848858778
0 0.5553934742575106 0.48528074894262396
0 0.4654706114012262 0.44722629532865854
0 0.5551551862255387 0.5048418042884357
0 0.4944900808774907 0.42535259299304173
0 0.49166072062824084 0.44838974030985346
0 0.5283862028432929 0.43253722754509555
0 0.5545212976310564 0.5510228911171788
0 0.41803852825061133 0.4411419334187024
0 0.5790106696279153 0.4847953079835228
0 0.575720770203549 0.507492249318655
0 0.5496621203163395 0.4664113265664681
0 0.5688542849991632 0.4144101493816445
0 0.5699012493309767 0.4563088812257933
0 0.5877192036613174 0.4168680313488711
0 0.5201453634578249 0.45310022725143295
0 0.38871000707149506 0.4335443008205165
0 0.4287979502392852 0.46227229224598926
0 0.4408259045170701 0.45790149357871734
0 0.41392776305260864 0.46076809949633
0 0.34245670716399734 0.38790295402640884
0 0.35745202523210773 0.3685879180396813
0 0.37582167011240253 0.3547585093672725
0 0.3949266387068707 0.3458139948222948
0 0.41222641455090564 0.34204195483007294
0 0.4406995151353919 0.35005201960819354
0 0.515835251821124 0.3468620873771716
0 0.4471331481700358 0.36879110012365424
0 0.4366589742510215 0.3802658552708833
0 0.4179671892653341 0.3917353370267412
0 0.3973870426416397 0.4003990615407626
0 0.37987885915714764 0.4061143703326799
0 0.3667205559170764 0.4095708857411924
0 0.5192572218568429 0.34517756390614784
0 0.44397517552842264 0.4599996050414832
0 0.3838898073072019 0.44275426681058994
0 0.41985583856053976 0.46997987144235254
0 0.41931130348340323 0.4786989304466524
0 0.4221030885110731 0.4710266757486523
0 0.44408854842185974 0.46489302328099374
0 0.4177368118063263 0.48164490210837213
0 0.41926998871824017 0.48389112603837164
0 0.3563384323016457 0.4024039736368518
0 0.3526797563485477 0.4099462837844655
0 0.3513471843755763 0.4152004597843557
0 0.4158702402011208 0.3587524893059247
0 0.4199012524407843 0.3493546677780324
0 0.24441425243149634 0.46854235458633176
0 0.25780900988889777 0.45976396390925284
0 0.23320187822632168 0.4610023681020391
0 0.2310171937165053 0.4774003518016442
0 0.25566628737294156 0.4762254690994387
0 0.39202453714349994 0.3724667983858482
0 0.40615318002908124 0.36352392124093097
0 0.3801826251589734 0.3644958746929963
0 0.37785946966513345 0.38130654340636905
0 0.4039678482905678 0.3804141122145929
