0 0.30935518118403227 0.3949100742705714
0 0.30310891229185843 0.3301435012977344
0 0.3161521266690261 0.3492783069991456
0 0.3089678607684531 0.25482187165429415
0 0.3060799765644028 0.30928868521897557
0 0.3184865418669703 0.280296239990015
0 0.35766274637455564 0.20609333239995634
0 0.18932096906703152 0.16797007006197312
0 0.3794411583770093 0.1443727660102966
0 0.3858365463695938 0.11449163718916737
0 0.41781640567367884 0.0076067152495582265
0 0.3079704826684307 0.40249894811703374
0 0.3081338600003176 0.4104627887852276
0 0.30999015904159 0.4161278307437897
0 0.30743977606153605 0.42575419282380006
0 0.3033789090401263 0.43756642413977237
0 0.2995561375606546 0.4521378945237912
0 0.29795481546891395 0.4659995413816775
0 0.3054061376219459 0.4717683938745493
0 0.3061731627805056 0.34010544695412387
0 0.286953447534026 0.33567886268749786
0 0.1526041190973003 0.061993407698485034
0 0.2607178150606956 0.20005846128296167
0 0.23217478187250004 0.19729434886869912
0 0.20666883660734986 0.19188296871063426
0 0.1815942345763282 0.17296391182814164
0 0.28423511781852595 0.19872924371268422
0 0.2326763162224127 0.12767203980550978
0 0.2654336510802344 0.13626882076834718
0 0.2028954823811849 0.1268341546527113
0 0.18430797373362295 0.13328819962355276
0 0.1604977849004366 0.1828134896846625
0 0.2198200454528955 0.47813982323716625
0 0.18476131779970312 0.15954737493786186
0 0.13236644228013586 0.15356214587299968
0 0.14749163346324892 0.16147249537154126
0 0.21618383679744438 0.2873068541383591
0 0.28299807873275357 0.3866509914207763
0 0.2857347389491056 0.4062446515781049
0 0.2589066811888624 0.39000236683379347
0 0.24406887587311743 0.39613961126095953
0 0.2683080597747144 0.40502036788973944
0 0.25565707369102275 0.406112030481759
0 0.21414645398549326 0.42270856619642944
0 0.28171974577777964 0.3261442186352544
0 0.28048444137298806 0.30574382970127434
0 0.15773837286219608 0.10783175529001619
0 0.2805124078151419 0.23922551178132384
0 0.2427657073636135 0.3100849734708524
0 0.2474561789624697 0.2977380947754406
0 0.15132889587530415 0.2723379334607444
0 0.29354132165154107 0.2787189277977989
0 0.20762162071337803 0.09479565328112044
0 0.1763526632917299 0.09570933135744102
0 0.1688975121477525 0.02960303421028125
0 0.3165087305384574 0.13327504984867838
0 0.2913984829287449 0.15105420627152197
0 0.2003654290160401 0.4034589808017682
0 0.15369074864924956 0.34166290232548696
0 0.2605325426700876 0.32506233577530225
0 0.27791792797527726 0.3346818916904279
0 0.2293586542280458 0.40939028918171844
0 0.23575780774763733 0.41003003564124674
0 0.17135445505595034 0.07979668305514338
0 0.24510723052264974 0.31896982701441734
0 0.2520982910403245 0.10519615053749694
0 0.25096298464768224 0.08699241828042478
0 0.25715027438650884 -0.0019612657947662157
0 0.16641264510669296 0.05405241393814453
0 0.25384393012780937 0.04235834887804696
0 0.15243170873152553 0.09544075216157749
0 0.14902612802793655 0.07916147954547748
0 0.2828835369014054 0.3972196769409667
0 0.26288307770836555 0.3981145554647659
0 0.24909335817936226 0.40131279216787685
0 0.266664809174389 0.32977312698531835
0 0.23253777444505577 0.4097700467505775
0 0.23714868341990225 0.4165431059206637
0 0.23909072224184763 0.41036099366867507
0 0.26465968719775157 0.3206427559113731
0 0.2619752049160232 0.4097264344318987
0 0.27393077431822854 0.40988419869075565
0 0.28993293135572107 0.41213323970953114
0 0.2756497797062643 0.4653809733284167
0 0.268630625818559 0.4588432224413838
0 0.27228674099599715 0.4453623904206882
0 0.279423874345043 0.43135348590799033
0 0.287092994157073 0.42131267464199007
0 0.260087977782142 0.41453023221546087
0 0.2517373716230873 0.41880906323274486
0 0.24274051218009968 0.4246738958663453
0 0.23567900669088754 0.43130554539707905
0 0.22292495517136096 0.37124827685066686
0 0.14918544366777087 0.23743223601255936
0 0.3107816389710497 0.34456516997501874
0 0.2514551263347232 0.41248828363113893
0 0.24407839546386573 0.4143235362566317
0 0.2847207967611811 0.34393685522932593
0 0.25454692017260216 0.3325717823383526
0 0.28123550535105973 0.33949295819376984
0 0.2532047636503224 0.2478043357023416
0 0.20851995276032592 0.25685157905371425
0 0.2459099858784847 0.30623387357297416
0 0.20055226685046007 0.007292343119081978
0 0.1990531005447717 0.04034516129630823
0 0.20443592140142866 0.07641735611060937
0 0.2288252821357416 0.4370910498661736
0 0.31202866304978477 0.10361723592296576
0 0.31899048784653916 0.05149524527997636
0 0.32718438038723074 -0.0012123233403641576
0 0.18845563826801107 0.18371753670727484
0 0.13439771139936196 0.19307028104702886
0 0.29968039995188905 0.19595214672172412
0 0.16480307270297043 0.13853469548133995
0 0.2990935277595794 0.22845089021391762
0 0.2513779118764315 0.30508772862224154
0 0.12125519711336644 0.20194373591639364
0 0.13750353076761004 0.2117282917705207
0 0.16108241470025883 0.2257371962832186
0 0.21135467533870853 0.23089410516971978
0 0.2516716229829857 0.22836123716336088
0 0.2806348297521651 0.2234081332675946
0 0.33212155746899064 0.2072575500312324
0 0.11564314451149042 0.2485301999714428
0 0.1519446230049042 0.1319790205921228
0 0.2929727693827604 0.3375062849194097
0 0.2739188642524701 0.2625986253872466
0 0.14947249106080127 0.14578079963073182
0 0.30220810515131596 0.2162427945068469
0 0.2494000793932725 0.3061811092752999
0 0.17575187134228165 0.15755967743480548
0 0.2584905058359928 0.29024622529840316
0 0.1490667026391704 0.2873783849489194
0 0.30433649525082085 0.188640161539419
0 0.2745735476628768 0.28193652572723243
0 0.15596057871262803 0.4103178769445267
0 0.16793522960562215 0.42583428089991926
0 0.12016998492270636 0.24189952510995225
0 0.1418172169646485 0.3759151253456506
0 0.140201932806477 0.11326224887713837
0 0.21467417778728679 0.49350926689446545
0 0.29962061692198977 0.34220828758641936
0 0.2508962417392136 0.27495637412269275
0 0.135416498001245 0.16157460436462975
0 0.2098310542621201 0.18074990013917794
0 0.2334973703471305 0.18611887392525475
0 0.2311865637342421 0.41923415118132157
0 0.12036141331533162 0.2901435711513312
0 0.253170387350398 0.5279878114168637
0 0.2025406131927344 0.48420708971663406
0 0.18629792782900145 0.4595756450781045
0 0.40023966601712524 0.06188146941387615
0 0.3041996246905064 0.5424437421960191
0 0.25866164692300114 0.18844030478510992
0 0.28199197434121187 0.1887510095160609
0 0.29685542966536194 0.18920393335743071
0 0.14464688358261146 0.12446892975618283
0 0.28586662759026177 0.16782922209642184
0 0.26335708986369255 0.1566279266779415
0 0.23693603691723136 0.15062911832294526
0 0.21190511923042132 0.14980053382750136
0 0.1973022997236366 0.15308255904589219
0 0.14628772255328062 0.09889572335127443
0 0.19642912055091036 0.17433594876584915
0 0.31536324876103755 0.36580506300393006
0 0.24193346243110492 0.3626759452179979
0 0.25831900512000067 0.3217496167356595
0 0.2812225375529959 0.3622988638596032
0 0.3719865149445385 0.17471557417616676
0 0.1744668323644917 0.44162270017325306
0 0.19400964252096858 0.46697992648179537
0 0.24767024282642977 0.5171220334954917
0 0.15934777602874975 0.38870083647794995
0 0.29883495452020953 0.18071656314709697
0 0.3032832477304289 0.2398509851183754
0 0.2999655222721237 0.5316356845176258
0 0.22244427930251015 0.5078690853743507
0 0.12400314333341676 0.28759495975872196
0 0.27151336944360527 0.4173839646406448
0 0.2625333702535652 0.42481880770704616
0 0.2538007746497504 0.43488690971185606
0 0.24758137215813286 0.4464979296484694
0 0.24850107039764915 0.452150713902312
0 0.24552672715495816 0.40811899009223185
0 0.23929846086662165 0.40556714081535705
0 0.23432688633029122 0.4025791022724237
0 0.20868508592783977 0.38605059516696505
0 0.1383100939597443 0.31159267115135925
0 0.3160861453278173 0.21642183629087747
0 0.32155527714059223 0.17325677515599675
0 0.30901897039344844 0.17362326731125768
0 0.25200576061825103 0.4103656522572612
0 0.14091475976170967 0.3560688110967033
0 0.33698661836217064 0.175325667562957
0 0.2344029584376932 0.4643446851652651
0 0.332085361869501 0.2552645532087015
0 0.3194461166143989 0.23233843282960093
0 0.34458073437642706 0.23173093305418666
0 0.27706735254191667 0.2712121574452129
0 0.29984760627472146 0.5137729047776792
0 0.3030675972680108 0.49147554517934877
0 0.265031099319458 0.4820905706752984
0 0.19063541300291065 0.4218432911859153
0 0.22636607568041026 0.319393362100132
0 0.21025201056500992 0.4445732717696851
0 0.17672980832253143 0.30637769510570806
0 0.2028608522255072 0.33737719906404756
0 0.15866695605307746 0.3358747546855634
0 0.25211718213929835 0.501112546021946
0 0.26577201964472125 0.2805430130265391
0 0.17423144461725543 0.4272833001880219
0 0.19739057806184251 0.45322483244795386
0 0.17582559528396569 0.3960232787048474
0 0.12780664293028468 0.3248143072326343
0 0.15531468505767895 0.38735070481848793
0 0.13049992554479364 0.3312811550621788
0 0.1858615709437455 0.3632509670318506
0 0.28912858940142805 0.25067637208551646
0 0.2563079809970993 0.31583648015515875
0 0.24805267651875815 0.3183854549837569
0 0.2634602822274041 0.30404192504410543
0 0.3025823308409547 0.14738436181324358
0 0.25950838278809324 0.1249862148072392
0 0.22001208733025787 0.11568293080162316
0 0.1893500143961369 0.1152015267945707
0 0.17077132723600172 0.12266590729498635
0 0.16346085271675237 0.15980901581029922
0 0.12267875671386719 0.1971107641348062
0 0.1666591601977817 0.19485415703953265
0 0.18826395601963253 0.20611687314015226
0 0.22295146194293344 0.21210834669609802
0 0.25825351033565236 0.21288160632212702
0 0.28508484706604226 0.2103541733357853
0 0.3032994521893472 0.2068082605497525
0 0.15204580567723555 0.19129816716471418
0 0.2513612420152989 0.3239644947714699
0 0.2907958293704392 0.26063625276469576
0 0.2672951964737414 0.32014398957593754
0 0.28312124108239045 0.3320147010465019
0 0.2712061828274807 0.32331192893342087
0 0.2592987190905235 0.33121662865431545
0 0.28592638946551496 0.33492605459575836
0 0.291901286557424 0.3396302709183373
0 0.3110225057716278 0.19072790305835371
0 0.31947537348996535 0.19746085211110953
0 0.3210590949161447 0.20237738113052928
0 0.18977545548400146 0.15636327919868614
0 0.17489191382337246 0.142440294257749
0 0.359240756046286 0.2615992920562482
0 0.6170747674626412 0.22167378368849952
0 0.34272773545994745 0.34345044571751604
0 0.7958258576244474 0.1391026302934074
0 0.5207644755320011 0.23206706178454925
0 0.5517555243677372 0.2374600884251701
0 0.5834498382586655 0.23998748837187647
0 0.6311952398835327 0.23057770110166873
0 0.4949150211233601 0.22392424541159558
0 0.5791840038711219 0.17132301485767
0 0.5417496306147221 0.17009835121349787
0 0.6135190522356285 0.1788035352199603
0 0.6353481507701554 0.1901021984438546
0 0.6566585373821304 0.24809683559420773
0 0.4186344769932955 0.5123789956013616
0 0.6320894044651973 0.21604640691425092
0 0.7791812551393211 0.23752887694599528
0 0.7014491426573097 0.23441588250212014
0 0.49848431763317375 0.3262966304731826
0 0.3434360776302054 0.39567213346021246
0 0.3386839825472386 0.4142508160191984
0 0.3783110771819556 0.4093144962581964
0 0.4018241490105645 0.4210290293724011
0 0.3672734501836397 0.4204321353199383
0 0.39000117693015995 0.4268231902259607
0 0.4485304978825777 0.45774762813275616
0 0.3287807522917823 0.3329525310962726
0 0.33689036472238226 0.3135336836496481
0 0.6824996568602052 0.1757123138957892
0 0.45476018153220343 0.2624463126682245
0 0.4191998983744523 0.33527875270325536
0 0.42849656146207304 0.32313774397578865
0 0.6008519040023108 0.3348362198272071
0 0.34750221215849586 0.2859314141182092
0 0.598727850605258 0.14372548651390563
0 0.6477017025295779 0.1562555699874037
0 0.7617216064489717 0.0982556795350279
0 0.44934304783956036 0.15023104027627757
0 0.5087213893588498 0.17686093681917403
0 0.4729038233951413 0.44343548584669923
0 0.7038204938673572 0.4242790061444901
0 0.3931095348559409 0.3443487273237576
0 0.36722786192127843 0.34714992672871475
0 0.43176846595690976 0.4390558509019236
0 0.4244991583789853 0.4378491773392065
0 0.6699239390073635 0.1426728106916141
0 0.4210361216565688 0.3441347296055133
0 0.5342877522932825 0.14019629178336634
0 0.5413176950505025 0.1219129670447054
0 0.6143171324146738 0.03712472195823353
0 0.7199319146519942 0.11979121122116479
0 0.5776025671467221 0.07866097862918536
0 0.7081609195370754 0.16639564883785127
0 0.755188205545183 0.153749910120766
0 0.34102239597329703 0.40581503719948353
0 0.3725315009375556 0.415319714302453
0 0.39592232006631023 0.42404406129742583
0 0.38585901260375977 0.3470777351254472
0 0.42801167581864685 0.43849050970123216
0 0.41290905664293026 0.442589968538132
0 0.42062161752074173 0.4371793317718628
0 0.373643177590496 0.3362980254541952
0 0.3858421523508122 0.42846089887161987
0 0.3637009593222639 0.4234268478692149
0 0.33779540279214615 0.41930175027527367
0 0.3437421007407941 0.47623161909679257
0 0.3346143786569865 0.4692645181482211
0 0.3342972493571915 0.4551032348372304
0 0.33498145407624097 0.43990926468334257
0 0.3354851885093488 0.42869531508451836
0 0.38484284917799405 0.433455434470131
0 0.3892433328880109 0.43936695210849896
0 0.39450876661341827 0.44742469142039365
0 0.39895553668911793 0.45564987560430653
0 0.4395625991501111 0.4026245317710474
0 0.7754786420497392 0.3231802329468651
0 0.4022234429558404 0.4351053017016036
0 0.40717280511375814 0.43853659999256317
0 0.35529486452646963 0.3538515211675114
0 0.4100250437391176 0.35497998991332497
0 0.3608961705681231 0.35065229327533953
0 0.48470891979958514 0.27890708852118956
0 0.5315190745200471 0.30089876541314414
0 0.4335516968505274 0.33273807082313317
0 0.7042644875798579 0.06383563168703939
0 0.6639961110030432 0.09383798293031442
0 0.6131886166634319 0.12640556450278614
0 0.419686666781382 0.4666039354313677
0 0.46200905372198825 0.12037910197299129
0 0.4918973954747335 0.07079728109577593
0 0.5214123154143921 0.019809838491506852
0 0.6125584197558945 0.23829858481122282
0 0.6902788125639625 0.26751926784126906
0 0.47790080466144663 0.21685158282804032
0 0.6677218672754668 0.20331554157665363
0 0.4342019906718668 0.24628535498635837
0 0.3975314693771106 0.3257064434666984
0 0.7211785579470994 0.2829027368237797
0 0.660461000401339 0.2829065694214818
0 0.612656661932417 0.2879017327730648
0 0.5491429678827738 0.27759052513125604
0 0.5052294765444968 0.26317105358972337
0 0.47270518126819344 0.2494383439088401
0 0.38859388525251576 0.21441305950045966
0 0.6967684656596013 0.32934575930190163
0 0.6962263566984547 0.20275122460465841
0 0.3220869568612078 0.34167905870717935
0 0.4401088121126024 0.2849643439911425
0 0.8097875009623648 0.22978575756184208
0 0.4477972143845593 0.23520232494265889
0 0.44060478279058884 0.333054590529908
0 0.6477148607194566 0.21764255169862376
0 0.4074390786443111 0.31084065601086847
0 0.7470814489918075 0.37309747220228273
0 0.48143828458351484 0.20918661870133762
0 0.37847269867821565 0.2961839103279784
0 0.583980312164453 0.4794831487317436
0 0.5930182116208889 0.4952073719935676
0 0.74870362956461 0.3291056602717208
0 0.6378240059319732 0.45271519607248395
0 0.7703606562076999 0.19264598604970085
0 0.42569492475020226 0.531077512917808
0 0.32333791570411885 0.3453541564674804
0 0.46524338756533834 0.3041914624337571
0 0.7338430830042997 0.24010101255898278
0 0.5815293771757496 0.2264731541609231
0 0.5539975360714846 0.2248517010158624
0 0.41853210966078214 0.4467770154483783
0 0.6770221266529257 0.369636008724237
0 0.3675515280067206 0.5487508103489495
0 0.47758551581586295 0.5323214882288497
0 0.5295858783401746 0.518314334816826
0 0.5287693936190159 0.22027670270718705
0 0.505003841089116 0.2144003722804804
0 0.48899294718278113 0.21141930510060855
0 0.7258523385301768 0.1987965950093711
0 0.5147860879234845 0.19603241651583783
0 0.5441254666097445 0.19220160295407232
0 0.5716456726586504 0.19392196024759129
0 0.5982730257139504 0.1998135715056532
0 0.6145556298948878 0.20664079915791655
0 0.8104235788615202 0.1806086061385493
0 0.6017111211086063 0.22477341359987046
0 0.412486429122998 0.3871441740578356
0 0.39199686393463357 0.3411458650716958
0 0.3546364050117328 0.3729476374559128
0 0.5308358640693647 0.5019992307161751
0 0.48045772442714774 0.5171674299544801
0 0.36472645194696296 0.5382229948577028
0 0.6502168207145709 0.46530005926141343
0 0.4919895028038848 0.20387067353001798
0 0.39839597514493286 0.25241397606869476
0 0.4235944799382052 0.5437088298340575
0 0.7228603523126323 0.3738551701600559
0 0.36189232169867136 0.43114788025712814
0 0.36478276561490064 0.4403150574848675
0 0.36761167066560374 0.4522471896375711
0 0.36963369520448097 0.4649950703873802
0 0.3846371625538924 0.4733105518947394
0 0.408716819269194 0.4324920647822249
0 0.41461826742981833 0.43176786901470954
0 0.42012767768878156 0.430620369438927
0 0.45975748011820033 0.42240754207863973
0 0.6165725561640532 0.38006543218137356
0 0.41165255528273914 0.2288129054985869
0 0.45474059232990804 0.18846637305741112
0 0.4780306518792534 0.19323686688852768
0 0.40342591534987343 0.4329281549293774
0 0.6152672298806463 0.4270115161475282
0 0.41790851300283016 0.18512860997416342
0 0.40418124198913574 0.49259264829059757
0 0.3738836847620902 0.23945883768625534
0 0.410912629225843 0.28958900087176803
0 0.35213986060602204 0.49676585159362696
0 0.48488154171182096 0.4682814568376389
0 0.4644605598861365 0.35283112506896924
0 0.4484913406326331 0.48339560323249037
0 0.5406115529634398 0.3577028853824725
0 0.4871276151076209 0.37783201891012463
0 0.5611633762752981 0.39413975517208966
0 0.35957834188886684 0.5198611844652377
0 0.4303431505207821 0.30306358840138004
0 0.5169211840458053 0.4833601517037462
0 0.46881547648843813 0.49916704013324775
0 0.5127917548163617 0.44729894256820313
0 0.6596353345637699 0.40272959781150086
0 0.5620698951702896 0.45015036221891164
0 0.6906910743073023 0.4147951770514345
0 0.5036989802079235 0.4092610381281795
0 0.4197430862225503 0.2682534580984816
0 0.3831920252143622 0.3341903279955014
0 0.40615082416031284 0.34130643769955865
0 0.36834300793618036 0.31893424332713166
0 0.4824479112236334 0.16980803193756566
0 0.5369994817591971 0.1600251611048421
0 0.585142759968051 0.1614739821551326
0 0.6254822161557864 0.17019723884213847
0 0.654003586986368 0.18390883619602497
0 0.6701802063903077 0.22564894741716476
0 0.7689010702448783 0.28381598538484054
0 0.6346654480309795 0.2567572674145714
0 0.5971693032079464 0.26050977704052725
0 0.5525902020845482 0.25573407946684107
0 0.5131014165260809 0.24603671521043624
0 0.48321341324767336 0.2355939107009778
0 0.46205589010846987 0.22633752645775915
0 0.7954647901246874 0.2757961425347069
0 0.40651766687846014 0.3463521516932466
0 0.38604420037578335 0.27355222265941265
0 0.3553180500186033 0.33308759712563535
0 0.34198169571032627 0.34082984095945146
0 0.35867046909652456 0.3362780364748007
0 0.398474437727345 0.35126712784980435
0 0.33321317951742124 0.341835699618434
0 0.3340971898689544 0.3455075594944695
0 0.4679331161993013 0.2085751872093152
0 0.4463558002627439 0.21213585219253747
0 0.4300550453954463 0.2155404048986709
0 0.6241905134644725 0.21173328075546044
0 0.648902017149708 0.202665651949069
0 0.25551159318974265 0.1689469199211072
0 0.2874393062911731 0.17289066295654248
0 0.26016652498313847 0.14952671784943286
0 0.22351595251966153 0.16483619456854873
0 0.2506204697725584 0.1880204866583736
0 0.5664264829896337 0.20752247834738832
0 0.6003949213371003 0.2114548887878942
0 0.5699423851726724 0.18669178120244426
0 0.5328911225572764 0.20352796991221822
0 0.563166213550156 0.22828608851272839
