0 0.6129329580546431 0.3926045153321338
0 0.5946840399931251 0.34394212296696935
0 0.6008729353735719 0.3588761085388707
0 0.5749659669047167 0.30071766428252894
0 0.5921289912004511 0.32970897857548476
0 0.5909022555572574 0.31184561237567615
0 0.5899947860321415 0.2692361171839952
0 0.46485123258351274 0.2756434096341707
0 0.5860757208448925 0.23057550358839063
0 0.5832475428842794 0.2110720105281397
0 0.5770674517637566 0.14894737950226172
0 0.6139450800066759 0.3982215667305206
0 0.6151484777907279 0.4038754053810397
0 0.6162864086748678 0.4077159309086679
0 0.6163147005728026 0.4076615082783525
0 0.6171993841476078 0.41331035716860903
0 0.6182810466123533 0.4201487257701008
0 0.6196698069195204 0.4278283826276368
0 0.6205346743391535 0.4472397485700976
0 0.5971821501913956 0.3515283685772359
0 0.5823207828314495 0.3531178028977552
0 0.4020191060088355 0.23064561705796324
0 0.5154457138183248 0.2840078621685338
0 0.49844265109879055 0.28653175139627535
0 0.48197160221101865 0.2874592353148955
0 0.45962750748239994 0.28104794371862707
0 0.5297911778281007 0.27997026557014104
0 0.48080360543627276 0.2442772140522965
0 0.502085039132758 0.24435154680444413
0 0.46240448932858963 0.2486441103684134
0 0.4520297334038256 0.2558085011000059
0 0.4472449597930103 0.2912817585702036
0 0.5562751275577625 0.4696040497440584
0 0.45857729068033803 0.271885802181495
0 0.40054348576420973 0.29038225644442883
0 0.42714742310187986 0.2817234202843754
0 0.5075034369333384 0.34248521080871924
0 0.590835040946047 0.39114899737160413
0 0.5961176231817857 0.40482331307328384
0 0.571284813845711 0.39850476008503377
0 0.5586685853291161 0.4055335222839975
0 0.5801482857028141 0.4070661124728975
0 0.5673698222712625 0.4099047724105397
0 0.5341653444092987 0.4286166669106951
0 0.5792740752551123 0.34485339016473593
0 0.5741112703763986 0.3315050721335478
0 0.42638074289142835 0.24591664381387854
0 0.5412555331922282 0.3052763728534474
0 0.540387420023041 0.3461859496701665
0 0.538235159551544 0.3392825429679967
0 0.453792609054328 0.34591635585832997
0 0.5738290741348065 0.3147788820814352
0 0.45962582547453384 0.22769100634323783
0 0.43826678288385335 0.23438240938326893
0 0.4111386504228608 0.2040622779050795
0 0.5399975752780206 0.2319439698000248
0 0.5214618617346518 0.24973006809459014
0 0.5181058092585092 0.41623215531768587
0 0.44573651411362336 0.4156757236695757
0 0.5566946833948546 0.3527940065920854
0 0.572144319865271 0.35561547142450883
0 0.543971397705722 0.4158613476432672
0 0.5480559698388546 0.41522236481434155
0 0.4285622413902846 0.22676651872673623
0 0.5419026594373244 0.35266892015099194
0 0.4916269581151914 0.2253701074116704
0 0.4863421288220691 0.21500369701899735
0 0.4715605254288967 0.1648945187737628
0 0.4192590033203238 0.2140589813057448
0 0.48211484883404987 0.18812711161224782
0 0.41644284908781576 0.2404297542254798
0 0.40781991749624663 0.23591046231467516
0 0.593086487318896 0.3987642276186903
0 0.5756883761425059 0.40315252609279645
0 0.5628417651110058 0.4077836595663503
0 0.5618926396098318 0.3550333082675934
0 0.5460590059998669 0.41554197852685004
0 0.5548955131683672 0.41670559551201614
0 0.5503165752701619 0.41488174029759
0 0.5620934950022758 0.3469531986893726
0 0.5708005926905805 0.41138445646489036
0 0.5835419336829004 0.4095899527814208
0 0.5987073371053245 0.40845404853339956
0 0.595378630397692 0.44803703398931594
0 0.5978766223297843 0.42829553670242054
0 0.5971342523892721 0.4205300999956639
0 0.5974258179403056 0.41390851690989583
0 0.5987018311577004 0.408417579256186
0 0.5707153753389286 0.4113751128942025
0 0.5677332410958246 0.41416632119013147
0 0.5647775459138653 0.41783010158218253
0 0.5627117380185469 0.4224369955830881
0 0.5312081643297702 0.3901580652268995
0 0.41716825440211636 0.3505303676054925
0 0.5990648294802959 0.35509213362755226
0 0.5611750530039711 0.4130810238734013
0 0.5580538377354417 0.41473297695485817
0 0.5778962348583881 0.3603595593730275
0 0.55071950813889 0.3603245087531434
0 0.575170830206529 0.3580304175531831
0 0.5223694495259458 0.3150349008102043
0 0.4930263360970131 0.32654380731555926
0 0.5372042069958232 0.3459509906648588
0 0.43232645672836384 0.18179588854646817
0 0.44224044762331727 0.19767772066159076
0 0.4516427664691386 0.21786424830681136
0 0.5500486760954314 0.43675477022216436
0 0.5302325340640193 0.21455436176946519
0 0.5269526844286214 0.1839744570125051
0 0.5183935245884119 0.15493169193174325
0 0.46788533824154094 0.285760038498403
0 0.43120968234941426 0.30253222484548553
0 0.539299226637128 0.27601080519311566
0 0.43838288084867133 0.26342766934416206
0 0.5528876425596229 0.29494671302349296
0 0.54865133492001 0.33950243485408005
0 0.4105782527083586 0.31525623581322637
0 0.4435251993972038 0.3121150349702488
0 0.46597422250715487 0.315899719210232
0 0.4993983600838778 0.31055267743703696
0 0.5233268930816449 0.30265846088820814
0 0.5406655295111459 0.29500328809941184
0 0.5729569399155645 0.27406320881609825
0 0.4164264757924945 0.3438822947630361
0 0.4252950593766281 0.2622352144798311
0 0.5880219090714234 0.35174696410403533
0 0.5436440632061617 0.31826153906787474
0 0.4036686038166159 0.2904317871529181
0 0.5530662376292145 0.2868475983289777
0 0.5369812226873912 0.34731312183772817
0 0.4510075851080287 0.272878018455679
0 0.5472668978986861 0.3310591245398802
0 0.428452845175558 0.3826270494140497
0 0.5393606724869853 0.2708161834742175
0 0.559703940014799 0.32128435540266065
0 0.48024496857375537 0.4445569697214442
0 0.48856712299308697 0.4587314355106247
0 0.4081418248923016 0.34805512854031156
0 0.4560601133460234 0.4285001902520156
0 0.40367961571186406 0.2615999128220796
0 0.5563134195180884 0.48187174224386026
0 0.5917985949209471 0.35513826445037244
0 0.5285406969644852 0.32993716226906333
0 0.4148200400142227 0.2851049000976466
0 0.4813020579548325 0.27926549862245886
0 0.49596617047042285 0.2789442216565295
0 0.5521251148060907 0.41925670828472
0 0.4258846819778032 0.3708973215574644
0 0.5939687530073938 0.49755680903333244
0 0.5400137646037315 0.48301270963097154
0 0.5167156166165187 0.4732324860009159
0 0.5798177842978184 0.18045256681302013
0 0.6330863295225152 0.4981046308990286
0 0.5104356234272321 0.2769302785897455
0 0.5243536406177006 0.2741187198990199
0 0.5341794312251771 0.2724416101095723
0 0.4141956734380642 0.2600458960155813
0 0.5211423459435314 0.26082459213186043
0 0.504549765417093 0.25729637912341524
0 0.48830833031406884 0.25780963956141006
0 0.47362495355213746 0.26144531586257014
0 0.4654895677093715 0.2658586120572077
0 0.39998214192028286 0.25807195663953025
0 0.4714589610632965 0.2778259405568868
0 0.6034694430320072 0.3701314178167605
0 0.5461511353525934 0.38059560549693283
0 0.5555680666417512 0.3502897339708665
0 0.5785141099354386 0.37287908800843717
0 0.5890202070213069 0.2508164905533403
0 0.5064576222612385 0.45942053607865874
0 0.5306323657307443 0.4704869927144518
0 0.5889093521903839 0.48963412149947566
0 0.4663497176225678 0.4412129987187746
0 0.5333896628286265 0.2668202905093922
0 0.562995327172903 0.296597198528402
0 0.6291768438956908 0.48980859189140363
0 0.5645418677023192 0.49172077075440007
0 0.41935797897069266 0.37756596493119954
0 0.5834083454644127 0.40954198748791587
0 0.5805993791873948 0.41391727344996454
0 0.5790103285373012 0.4193121582186189
0 0.5785030191960717 0.4262306564996223
0 0.5700627694275812 0.44379874629800725
0 0.5572816515773661 0.41259014397776095
0 0.5532443202120342 0.4119940633032502
0 0.5498728799920545 0.41109994229148417
0 0.5214114803427885 0.4024422190436462
0 0.4476330436860459 0.3764072887870778
0 0.5631014250753298 0.28341513246047395
0 0.54887895789076 0.25844441533756524
0 0.5389570168805021 0.2611138392396334
0 0.5613197582431987 0.4130520392365816
0 0.45593348969135605 0.40916714397799064
0 0.5640095516347684 0.2562218440347025
0 0.5624036283432683 0.4566256099221419
0 0.5906872870675622 0.2973011460791783
0 0.573782740074371 0.2881595261541067
0 0.5904034482401634 0.2838893064430782
0 0.5526092833984754 0.31927343309760425
0 0.6260701753670657 0.4773929921351895
0 0.6231719969697139 0.46164063696099933
0 0.5916589751273771 0.46228265278145714
0 0.5185385452041144 0.4348003740738086
0 0.5237889984614739 0.35951220513391896
0 0.5389761102979194 0.4476361654552759
0 0.4817929677193678 0.361083979616646
0 0.5097419068783144 0.3745951497254251
0 0.47265651124187663 0.3844249040639701
0 0.5882124621656877 0.4775848777688184
0 0.5439053788969789 0.3285152028922607
0 0.5066637404986072 0.44524056687742386
0 0.5314047227177439 0.45803377407939494
0 0.5004612576483675 0.4189668374569142
0 0.43687199100160395 0.3936671875104183
0 0.47986331047639563 0.42237521061042443
0 0.43413498312360627 0.4046050844406213
0 0.500687270885027 0.39371322049480195
0 0.5538312621131728 0.3072014419304557
0 0.5556169105732994 0.34501996010291475
0 0.5471393149739077 0.35001006280006813
0 0.560093574508836 0.33482245554109247
0 0.53037478199488 0.24490171679261685
0 0.49820671007351536 0.23764436731652386
0 0.4719398313433812 0.238443205920922
0 0.45225223150685867 0.24348019768877857
0 0.44078409162503257 0.25175288999948847
0 0.44078485378484683 0.27705256440559356
0 0.4016460944831623 0.3192223125145215
0 0.4568923524411922 0.29674295333921075
0 0.4750123472279134 0.2996500757228093
0 0.49817922632779754 0.2974649643113299
0 0.5196629937439529 0.2924564557583058
0 0.5361375774763808 0.2869453633866724
0 0.5473400389594871 0.28177277977560083
0 0.4103150578993785 0.3203202799087813
0 0.5490182097451093 0.35397929479094115
0 0.5625684913955157 0.3084878950726752
0 0.5670319226597935 0.34428340789316747
0 0.5796267449981553 0.35055132949051737
0 0.5689455482652922 0.3468268158889952
0 0.5554970018094099 0.3577499392152834
0 0.5825199693567139 0.35139183503906934
0 0.5863359195773612 0.3547779744078799
0 0.5452226013070923 0.2709227050719809
0 0.5551886687424615 0.2734088042036158
0 0.5612033054798464 0.275299103946245
0 0.461420409601449 0.2690375051578554
0 0.4473729106570095 0.2633939884623894
0 0.6084511166886438 0.29827887003495246
0 0.7403104676224511 0.2560747684050007
0 0.6162792732821235 0.3508464102150679
0 0.8091032489945617 0.2001376602412606
0 0.6859752534562525 0.272196708273153
0 0.7055585293830196 0.27218054047151774
0 0.7244558351955334 0.27059460387510414
0 0.7495474503513126 0.2604530873585816
0 0.6688846869056235 0.270127376421493
0 0.7058857850384611 0.22471187487035907
0 0.682840910641956 0.2285711119989721
0 0.7284249269761114 0.22596956351224115
0 0.7440652085255973 0.23177025765597986
0 0.7671846168956676 0.2688372176484901
0 0.700586619256418 0.4611804049555995
0 0.7472664899966888 0.2506854115080099
0 0.828198821484288 0.2596487331123245
0 0.7880481636222405 0.25587229176061826
0 0.70527350789384 0.32894764878168825
0 0.6348506769299004 0.3880953374697047
0 0.6353468166876443 0.40217810418425487
0 0.6584859098060222 0.39268420473868104
0 0.6747645921847991 0.3976503370188865
0 0.6533796493011185 0.4021006161425294
0 0.6682772192522444 0.40293346583342354
0 0.7100705154837436 0.4171880123828973
0 0.6110754694616745 0.34264894343223895
0 0.6115728575846314 0.3288280902122583
0 0.7661637432464568 0.21708936788955657
0 0.6593389243264741 0.2967845835939509
0 0.6615060074922907 0.33804946069289993
0 0.6635698311439546 0.330782486360614
0 0.7684773713476044 0.3242743958612116
0 0.6096635421242895 0.31217158558655855
0 0.714496745464671 0.2038484520020605
0 0.7438039716788988 0.2069573661609858
0 0.78428443448956 0.17567367284070878
0 0.6297867031540045 0.22412141990594836
0 0.6647683931553917 0.23757733575770168
0 0.7229272054217536 0.4028647098721576
0 0.8320421306141318 0.39009395659136836
0 0.6471054971469605 0.34687133237761275
0 0.6314057934133313 0.3518577661333966
0 0.6952621182308921 0.4049994222590235
0 0.6909810139911587 0.4049212248886333
0 0.7522141686974698 0.1973753754331284
0 0.6642365632932398 0.34466495333599445
0 0.6777176723701541 0.20819869132435956
0 0.6780338635676018 0.19681743951905675
0 0.6951804357238963 0.14742232287297397
0 0.7704333099634838 0.1871198037592303
0 0.6854575104099788 0.1719106842740243
0 0.7772773999705094 0.21031682009623498
0 0.7955474219744718 0.20691750922790764
0 0.6355650309268935 0.39584257622726826
0 0.6559442645135308 0.39777620616747217
0 0.6715955842396378 0.4003334583020678
0 0.6428395572593947 0.3498626202762294
0 0.6930117493943323 0.4049771884743239
0 0.6840351362268633 0.4074986072815433
0 0.688590880813478 0.4048999205690806
0 0.6352123349024776 0.34189177177199465
0 0.6657990960380699 0.4046212277826475
0 0.6512811605185899 0.40483319475537255
0 0.634876590363587 0.4059546922936159
0 0.6478934915508399 0.44478087298342495
0 0.6421896714701432 0.4254257396823552
0 0.6399359648992241 0.4176734133260925
0 0.6375822839857657 0.4111525304511148
0 0.6349383515899192 0.40591440731737793
0 0.6658083733627062 0.40474797747716185
0 0.6697299484210678 0.4070663570689888
0 0.6736982254790858 0.41027912672828226
0 0.6772747261111747 0.4145237249987466
0 0.6933911210122491 0.3796326062258552
0 0.8435356845835593 0.3207870670894281
0 0.6767494665922494 0.40490725845181974
0 0.6802836279325848 0.40603680320146707
0 0.6265759078259207 0.35740129194673703
0 0.6593562174698472 0.35355731761422143
0 0.6288122949720938 0.3547342895459728
0 0.6829045378457644 0.3036620141912241
0 0.7180570042083032 0.31084783154041495
0 0.6687606651068739 0.33723520030494497
0 0.7482384802922921 0.15736791792036103
0 0.7355469687830044 0.17462570088751175
0 0.7188436582621642 0.19259616348589836
0 0.6947381202178665 0.4275364082734458
0 0.6313668707000555 0.2049722609733667
0 0.6353633213898301 0.17539403835932413
0 0.6398243479084867 0.14537724272376684
0 0.7407695769257686 0.26691115795731213
0 0.7904771669504511 0.2776419064577888
0 0.6569563339028177 0.2676335847427865
0 0.7639508779290356 0.23798066248245933
0 0.6428152207080825 0.2883267931911458
0 0.647217928860258 0.33269989957996443
0 0.8150719064700452 0.28672027383364884
0 0.7780469185692348 0.28918295288954127
0 0.7521450486867237 0.2960853078285185
0 0.7125995457172394 0.29569434543617634
0 0.6835850151530801 0.2913793034914161
0 0.6615701077608117 0.286262377720921
0 0.6102467126484159 0.2712317033141267
0 0.8168098410976588 0.3163033516801038
0 0.7787835328890804 0.23497693687259985
0 0.6068187937580584 0.3504856309803928
0 0.657837338085416 0.31019285212711795
0 0.8364358768181459 0.2589745773654692
0 0.6441311290495506 0.2799426751310418
0 0.6722751942616475 0.3383872968142106
0 0.7561105136378405 0.2503419985958174
0 0.6485223785231385 0.32404376620672
0 0.8414775639898163 0.35459956601888193
0 0.6560314135460914 0.26268103977545304
0 0.6290999183171913 0.31639402345115064
0 0.786990890271553 0.4256168426084919
0 0.7904114635181829 0.4401953077616812
0 0.838298358871967 0.31832185646399064
0 0.811302999906902 0.40560479758500384
0 0.8121510472478746 0.23164632081651554
0 0.70656195220062 0.47349897344239283
0 0.6063622731699723 0.35416787837733743
0 0.6785056930554064 0.319580914843984
0 0.8063863332261516 0.25707059247153147
0 0.7210741058180604 0.2626712559318008
0 0.7044446722364627 0.26445932673806904
0 0.6876734243666572 0.40960763707882214
0 0.8174340237042069 0.3444905074036756
0 0.6737621154966233 0.4932906129280058
0 0.733502856161021 0.47197315856522204
0 0.7598635988144935 0.4589999286400504
0 0.688155161932048 0.2644838964154406
0 0.6723837888945005 0.26359492415139657
0 0.6616738929024225 0.2635040077842584
0 0.7930889046644862 0.23108577995407148
0 0.6718552704853348 0.24898845274575285
0 0.6880937160821906 0.24215248118595584
0 0.7056783987248497 0.2397982438071435
0 0.7237770398960838 0.2411065149207075
0 0.7352399760660743 0.24471093184139883
0 0.8251250572345428 0.22665541095226086
0 0.7324723372479531 0.25964557782274666
0 0.6715828377737778 0.3725684265128705
0 0.6460634407111864 0.3442269306556851
0 0.6312357529306211 0.369561802439329
0 0.7603387923180303 0.44441989807187676
0 0.7346847820634077 0.4588673086393447
0 0.6715301173397258 0.48509070018426376
0 0.8139392318604868 0.4187556287320722
0 0.660755569170296 0.25762619249293117
0 0.6261498867710934 0.2919562445217822
0 0.7056451002253762 0.4839166878652172
0 0.8368344075569121 0.34936824265648336
0 0.6514758266477142 0.4048336350283369
0 0.655547888847343 0.4087494472328688
0 0.6588090918486631 0.4138605026971726
0 0.6618371790722956 0.4206527893950625
0 0.674220331233262 0.4371265073617299
0 0.6802425764281036 0.40380393440316037
0 0.6836720327787762 0.40273646814148634
0 0.6867259545919764 0.40148472318462297
0 0.7112174345974178 0.3900438877714782
0 0.7894214704821382 0.35348728975328075
0 0.6260647351228739 0.27873574017810554
0 0.637841576010869 0.25140217589397057
0 0.6511657327287811 0.25243424910123274
0 0.6767855771986241 0.4047397835081031
0 0.7972968415620458 0.3867421340541679
0 0.6172382937201971 0.2516531559432588
0 0.6889283073602347 0.4490001555584392
0 0.609522227182167 0.2854969142531814
0 0.6433560650811416 0.31292802345852894
0 0.6573487673630695 0.45836165513978955
0 0.7309882281198783 0.42136928472532276
0 0.6916617278308305 0.3483695812752935
0 0.7126462477168957 0.4369302679176758
0 0.7404133066346373 0.34356370835411115
0 0.7133694848179314 0.3610386804205363
0 0.76140250460508 0.36525813421281444
0 0.6663591783760973 0.47311126417806504
0 0.6579204923492946 0.3206196410649297
0 0.7506763404431726 0.43022698973741186
0 0.7263380545604078 0.44644566735967534
0 0.7444483383798398 0.40320342653939706
0 0.815526390251731 0.3684820574538714
0 0.772073530446628 0.40363504080211415
0 0.8299598048759412 0.37834776741783827
0 0.7324599061585679 0.378420241239692
0 0.6416124273956073 0.3009224645897788
0 0.6408234868623033 0.3391451044242923
0 0.6550273074127954 0.3428360839016965
0 0.6299947990646845 0.3299453073189038
0 0.65038133887299 0.23496284813774065
0 0.6805095163327229 0.22174338332745208
0 0.7093125606890972 0.2173921289313741
0 0.7342823354000784 0.21893847765041
0 0.7529005855950626 0.2256315928630802
0 0.7694488622971225 0.25318848560838136
0 0.835930669986749 0.2885414384910706
0 0.7573192202592198 0.2759021433795534
0 0.7367301036285449 0.281408784102325
0 0.7097660720599854 0.2827275850776197
0 0.6843605259048284 0.28090425574478983
0 0.6645022154105866 0.277762443411584
0 0.6500402329340262 0.2742139166977559
0 0.8411433437705543 0.28953045055645854
0 0.6559876287788279 0.3469756770701635
0 0.6261013713567066 0.3039167121011002
0 0.6255185819124873 0.34027702175602526
0 0.6167448872252356 0.3481259146491353
0 0.626573542502359 0.34296645361836214
0 0.6517022932380564 0.35162948460138144
0 0.61293130232815 0.3493551812252077
0 0.612247513567848 0.3530348603631936
0 0.6487727348814534 0.2634998496507062
0 0.6377469367870299 0.2670833780652001
0 0.6298248637074659 0.26974167284511386
0 0.7419296367258965 0.24782669469088064
0 0.7541366511256383 0.23948610250522442
0 0.49939575165761674 0.2670220089058916
0 0.5191602310802363 0.26535256720390643
0 0.49640412326854993 0.25535878672653217
0 0.47946966807299024 0.2687294608404656
0 0.5021949741156292 0.27866505190771834
0 0.7033802766337174 0.2496988209439259
0 0.7241314442097386 0.2485198188646167
0 0.7014063352773964 0.23723449764632376
0 0.6825989643229714 0.2507818557468115
0 0.7053814717737431 0.26212229669428005
