0 0.6874868121484051 0.5055172655893408
0 0.7368972601935916 0.4561665555705195
0 0.7123252719478763 0.4669033589570419
0 0.7273140790183907 0.3926910172338071
0 0.7448193882794484 0.4400726344274438
0 0.7477574557389902 0.4158141581908516
0 0.7488909137799687 0.3515197240788004
0 0.5757821561444713 0.3010194286056187
0 0.762418198439738 0.29198501654293224
0 0.7724103258679742 0.2670352845088295
0 0.7958907091423221 0.18720274723094443
0 0.6858195396869079 0.5108331923899443
0 0.6824114739732898 0.5155313771703969
0 0.6788886353049589 0.5182085140891697
0 0.674972413836614 0.5308461868244668
0 0.6741774759214857 0.5384330594021342
0 0.671647092813383 0.5479146242141724
0 0.6674040688768678 0.55760214380596
0 0.6586268071652107 0.5592999022939931
0 0.7284306215689235 0.46280866602192755
0 0.7004478935800169 0.4572415263756462
0 0.48114799416583515 0.19291832110156185
0 0.6316306909303302 0.32925139484198196
0 0.6097430678327447 0.3266810883646426
0 0.5884070309364925 0.32140638309976327
0 0.5609837009207063 0.30440832506055415
0 0.6515872590648739 0.3285364702991817
0 0.6223801109615875 0.2665324307006338
0 0.6463173777269928 0.2734888859417128
0 0.5965516442918907 0.26535905418188677
0 0.5763539327713458 0.2699739396572113
0 0.5338514345171659 0.31131366620893064
0 0.5643725977481707 0.5615025022755499
0 0.5681656636297703 0.29376515694286515
0 0.44661782965387986 0.2704053744025852
0 0.5066056871057852 0.28951452244882997
0 0.597756910542755 0.40573943749718044
0 0.6654008000927127 0.4982072622879692
0 0.6612453881813132 0.510979700088501
0 0.6373392933898646 0.5000728119974551
0 0.6163774253395589 0.5032539035962975
0 0.6401032184291146 0.5091594696044922
0 0.6221363836818415 0.5091645152672477
0 0.5643523472320774 0.5122951196587604
0 0.7189613720807044 0.45252624750137327
0 0.722747437412972 0.4361740495847619
0 0.5481015784746927 0.244173998158911
0 0.6563468664560629 0.3700067419072856
0 0.6523941249546149 0.4327463932659315
0 0.6502928635024506 0.42155856878861137
0 0.5229797166083818 0.38675945841747783
0 0.7262548027641099 0.41325619065243263
0 0.6194808019082183 0.23441758233567941
0 0.581543187610805 0.234842992865521
0 0.5255909215092011 0.1711749395598536
0 0.7131777165214652 0.2708065198815387
0 0.6636681791556918 0.28606099564096205
0 0.5543559834199108 0.49542496152546095
0 0.39888562059596827 0.42653264429258264
0 0.6648004053403502 0.4455756788668425
0 0.6808562403463799 0.4538545105768287
0 0.5890243562019389 0.5099908113479614
0 0.5942447379474407 0.510630570805591
0 0.5700524468784747 0.2190040153005849
0 0.6453780722601906 0.4385458168776139
0 0.6630213043611982 0.24432737101679264
0 0.6654614314598881 0.22862231757329857
0 0.6545386816496435 0.16172540706136954
0 0.5468363568753652 0.19550986523213593
0 0.6611665493768194 0.1992309956446938
0 0.5312930041438212 0.23100613329721534
0 0.5058318109292052 0.2121257219625556
0 0.6632604347137006 0.5053615839585014
0 0.6388749074514793 0.5050630030424699
0 0.6193035648244879 0.5063475370407104
0 0.6678353688153236 0.4493225574493408
0 0.5918074801726185 0.5103760553442913
0 0.6013616977016563 0.5162577385487763
0 0.5968241699687813 0.5109260937441951
0 0.6840716557496268 0.44454425366028494
0 0.6241825120523572 0.5107556726621545
0 0.6410930450276836 0.5113786744034808
0 0.6596676205973262 0.5139036769452302
0 0.6303644477916153 0.553060649788898
0 0.6436499731372232 0.5513251864391825
0 0.6487485663560422 0.5418706847273785
0 0.6531170894108389 0.532707547104877
0 0.6559139440726974 0.5261674813602282
0 0.6221164937090614 0.5171736945276675
0 0.6181704072362703 0.5195262577222741
0 0.6127883668826974 0.523299679548844
0 0.6073137269881757 0.5279118128444837
0 0.5999552332593695 0.47509775991025177
0 0.3996305030811092 0.3329193623169609
0 0.7208704489242771 0.4650690617768661
0 0.6097009443556485 0.5141084391137828
0 0.6060342188600613 0.5149561410364898
0 0.684850218989279 0.46136863387149313
0 0.6459743057418129 0.44877658615941585
0 0.6831128208533578 0.45778936303180195
0 0.6281302660379721 0.3744746762773265
0 0.5869808117251681 0.37891586863476295
0 0.6413800975955699 0.4271481845689856
0 0.5816192472272593 0.159891690896905
0 0.5966283799270573 0.18979539223339248
0 0.6153693161904812 0.2177351687265479
0 0.5810725734285687 0.5269537485164145
0 0.7176080126639294 0.24470550521560339
0 0.7212402161372744 0.21499311094698698
0 0.723912292767478 0.17154315062191175
0 0.5701520469687555 0.3137883344422216
0 0.500739301878797 0.31856426829877105
0 0.6659718406103228 0.32657430379287056
0 0.5468357409472051 0.2729397496451502
0 0.6782715654243594 0.3633321404457092
0 0.6732468234942012 0.43093151424242104
0 0.4654007692132955 0.31878318890281343
0 0.5173254510306794 0.33718762605086616
0 0.5495080128717034 0.3515433010847672
0 0.5962102548421725 0.3574647685755854
0 0.6301526886856427 0.3558327871820201
0 0.6566249805543086 0.3519871970881587
0 0.7247479720770017 0.3505415688390317
0 0.4582657522481421 0.3587888728017392
0 0.5254956629613171 0.26455232915670973
0 0.7173117962868317 0.46046209646307906
0 0.6567704447585604 0.3902837774027949
0 0.4243918366568244 0.2564317477786023
0 0.678687902815316 0.3460886950078218
0 0.6345076162530028 0.42541929587073946
0 0.5551618878608164 0.2905331041501916
0 0.6718142947748952 0.4174622857052347
0 0.39417001451163186 0.37705252066902495
0 0.6678280377679545 0.32006750884263413
0 0.6999249255041713 0.4134821446045585
0 0.46061670496735885 0.4985561163529106
0 0.4427867414753722 0.5085519412289495
0 0.4192725422427706 0.3451360891694608
0 0.4342446140944958 0.46516468473102734
0 0.4748854018828791 0.23852120456488235
0 0.5510489149019122 0.5739988047143687
0 0.712437971778538 0.46286031526067983
0 0.6302275765363289 0.39787661303644595
0 0.4781563860242781 0.2865205790685571
0 0.5963152931274279 0.31200453975926273
0 0.6142232691788155 0.3170184607091157
0 0.5964832462208427 0.5181298323299574
0 0.45015399340216233 0.39317066099332726
0 0.5811434953028093 0.6011654174846152
0 0.5103797193049736 0.5632601665413898
0 0.4787044869735837 0.540907391257908
0 0.784574185943474 0.23030871567518815
0 0.6254963919763332 0.611212188264598
0 0.6318456648808458 0.31912134004675824
0 0.6493137931127263 0.31959054081336313
0 0.6612796698413466 0.3203653252643088
0 0.5026693653477274 0.25454110736432284
0 0.6532688931683484 0.30159466473952584
0 0.6362814893541129 0.2921607432158097
0 0.6180652487699104 0.2881737981153571
0 0.5982833188027143 0.2877181900584179
0 0.5845993179827929 0.2897588242655215
0 0.44925316091140977 0.22025702155154683
0 0.5843098918380945 0.3064399688140206
0 0.70458623977459 0.4791941653127256
0 0.6275216989705096 0.4710584469463514
0 0.6679203368561424 0.44359417065330176
0 0.6755149113419263 0.4752496802288553
0 0.7523542027110639 0.3210755405218705
0 0.48922882140006707 0.5277391900186953
0 0.5181452514117827 0.5508145959480949
0 0.5900881692929112 0.593596158856931
0 0.4162928921211025 0.4714909978534864
0 0.6637624311868263 0.31334057009738425
0 0.7024033903751684 0.3767460807510044
0 0.6350340846035144 0.6039124291876088
0 0.5442968249806891 0.5841992694398631
0 0.4130956240646217 0.38449160119761594
0 0.6381256083107513 0.521271842977275
0 0.6339484436194534 0.525805141614831
0 0.6286708106003378 0.5324359987093055
0 0.6233618403582469 0.5404279921365821
0 0.6028144769370556 0.5410897996114648
0 0.606562504949777 0.5097066946651625
0 0.6030931468729092 0.5081022350684457
0 0.5999908519341893 0.5062442079834316
0 0.5749684249091408 0.48376559692880383
0 0.48802618411086174 0.41598791246828826
0 0.7020770686314158 0.3558023297268411
0 0.6920111199597949 0.3067293757977693
0 0.6755735897661551 0.30656289950661036
0 0.6095877487779312 0.5107924601306086
0 0.4640827430412173 0.4512712229853091
0 0.7171388256323078 0.31072827758996385
0 0.5813731613933392 0.5503274907236514
0 0.7478998102571653 0.3943631804507712
0 0.7255735261284787 0.3731179128522458
0 0.7481473232417003 0.37428498993749204
0 0.6769733991797852 0.4007264951001043
0 0.6437764637496161 0.5908446519271188
0 0.6513267665210626 0.5739701208860978
0 0.6160308380570748 0.5660378497579823
0 0.5367573234860016 0.5120082202165023
0 0.6082425917215322 0.4336181308912194
0 0.5546107072707104 0.5324378946553106
0 0.5538196752414756 0.41856615439705225
0 0.5806810083677587 0.4460079851357833
0 0.5211004296560651 0.4399368296498838
0 0.6020902956471496 0.5810544760330864
0 0.6560621423970746 0.4060277741888295
0 0.5085103022258567 0.5166492513988329
0 0.5346519908989253 0.5398957205855328
0 0.527227667970178 0.4893630411313928
0 0.4448795151370375 0.4220055533492047
0 0.49132524556277885 0.4811998621277187
0 0.41524079668781033 0.4232376736143361
0 0.5531701414400468 0.46400760723196943
0 0.6793568909330212 0.3830500400584677
0 0.6792061838280895 0.44080786394036336
0 0.6586893464074187 0.44032724162806636
0 0.6981412275977756 0.4329633873441945
0 0.6830843379316123 0.28329906100812163
0 0.6530492471773988 0.2636340491149736
0 0.6222480319278396 0.2552108502906302
0 0.5920841671202494 0.2539569572262142
0 0.5662630465205597 0.2594081230785536
0 0.5342565950654123 0.2904471291148144
0 0.4296729098600538 0.30699330982954603
0 0.5465428896410309 0.3229353259439054
0 0.5703621235392664 0.33390239503072655
0 0.6016071976526923 0.3400184110454891
0 0.6308462237939239 0.34119334713272426
0 0.654488896627141 0.3394731278004854
0 0.6719690579921007 0.33673400567925493
0 0.410507974660267 0.2933731242366459
0 0.6546170998202718 0.443814406187638
0 0.70288074972189 0.3950005852657816
0 0.7002754637404628 0.4466746547947759
0 0.7034367375561724 0.45540297860684603
0 0.694963549061314 0.4481203442034514
0 0.6566649858394394 0.4491007317667422
0 0.7094146057801403 0.45809724019921344
0 0.7051595036426316 0.46068701070287954
0 0.6762356674703567 0.3219018366025842
0 0.6878189927209979 0.3285112878550654
0 0.6976332821599815 0.3340461811293726
0 0.5759328181814888 0.29177789973176044
0 0.561072454666314 0.27745561781136885
0 0.7624279931997475 0.3991988213165947
0 0.8646440355350142 0.3566802138867586
0 0.7391711167343284 0.4634970167408819
0 0.914539444381776 0.2850066050239231
0 0.8108375129168448 0.3653673467428788
0 0.8271904957035313 0.3699115929396256
0 0.8434553256501323 0.3718255198520163
0 0.8661322681962148 0.3618385019509689
0 0.7992158198486203 0.35885581192762955
0 0.8580890576476636 0.3159714551075645
0 0.8364193829829278 0.3143930953481923
0 0.8751818152225536 0.32242141754730885
0 0.8826039298235074 0.33138838591782943
0 0.8720388089347145 0.3746935968813689
0 0.7072347909536051 0.5818236796752266
0 0.8712185428518316 0.350807444686475
0 0.8889695623808581 0.35800488383873647
0 0.8885395844345507 0.35951358287230784
0 0.8011072300698446 0.4434546657230543
0 0.7065570897058301 0.5060771506765614
0 0.6975192603371714 0.5179018906925036
0 0.7191314884339985 0.5143423132274462
0 0.7249694057618794 0.5225622177124023
0 0.707768965917437 0.5216121041256448
0 0.7140319938568965 0.5259798744450445
0 0.7371291796798292 0.5415723484495412
0 0.7513053521675908 0.4579159327175306
0 0.7613136439543703 0.44309657656628154
0 0.9077281201987163 0.31717409647029376
0 0.7812953750076501 0.39336199864097265
0 0.7762835825914922 0.45457010787466295
0 0.7782821943578513 0.4445560880329298
0 0.8469298214692137 0.44647756814956663
0 0.7635930588711863 0.4201259063637775
0 0.8859321351932443 0.29561740445054097
0 0.9026284153046815 0.30423024374505747
0 0.9231999351278596 0.2580525216848954
0 0.8099536409844523 0.2940775752067566
0 0.816202998323285 0.3195677435916403
0 0.7548690524114214 0.5302238272584003
0 0.7944641594329606 0.49359234623287035
0 0.7583114598756251 0.4615378623423369
0 0.7428462248619484 0.4649556719738504
0 0.7260675606034372 0.5352814467056938
0 0.7213333564931932 0.5339822955753493
0 0.9125037567447061 0.2927135337953982
0 0.7691402581074963 0.4606970714486164
0 0.8577658305673496 0.2901618656904801
0 0.8661217823948549 0.27615600798441015
0 0.8953471229128216 0.2165711954883907
0 0.9214956468862036 0.2747922876606817
0 0.8829569918629916 0.24791304831919464
0 0.9161373122554758 0.30816451518431953
0 0.9168674124647742 0.2972518169361612
0 0.7028298530241718 0.5130533757417098
0 0.7138546365920616 0.5187349754831065
0 0.7200979247851216 0.5245820118033367
0 0.7516207674761182 0.4637395449306654
0 0.7236915200786747 0.5346920521362968
0 0.7188646262916534 0.5379335387893345
0 0.719032519294516 0.533331068702366
0 0.7611500774712666 0.45732308263364047
0 0.7083547586656135 0.5261111534160117
0 0.7021624873513761 0.522704077285269
0 0.6923223890202201 0.5201284346373185
0 0.680431940957256 0.5609813923421113
0 0.6870365536407285 0.559094528529955
0 0.6899677407320427 0.5491391606952833
0 0.6905369184425344 0.5394161379855612
0 0.6890234477494074 0.5322213592736618
0 0.7064641296215679 0.5325263619422913
0 0.710024134296438 0.5364706329677416
0 0.7131841161652751 0.5418289433354917
0 0.7149097966435163 0.5479133092838785
0 0.7578544411808252 0.5030090207638948
0 0.8367991552728674 0.41536796870438947
0 0.7115382359403631 0.5326373971026876
0 0.7154193344809439 0.5350745439529419
0 0.7343516741757807 0.4704418975373973
0 0.7565309768137725 0.4686757626740829
0 0.738584452673145 0.46794588462166165
0 0.7942339525274609 0.40564094004423723
0 0.81865919964469 0.42233067750930786
0 0.7741530720630417 0.4512343437775322
0 0.9197551841321199 0.23548437305118727
0 0.9123885631561279 0.2581345825091652
0 0.8958971016918835 0.28191607542659924
0 0.7215615203199179 0.5498609351075214
0 0.8252162807013678 0.2711798989254495
0 0.8402481726978136 0.24106463142063306
0 0.8553104705136755 0.2016796404900758
0 0.8572340291803298 0.3693160977052606
0 0.8799778224657411 0.38789827979129293
0 0.792353478786738 0.3529805810555168
0 0.8905531887936852 0.339156290759211
0 0.7748863871168831 0.38132485151290896
0 0.7758188422607339 0.44890927179999973
0 0.8852312089470418 0.39860716384390127
0 0.8705686635297277 0.40324489241061
0 0.851957537881706 0.4093029597531194
0 0.8225515651638093 0.4012268107870351
0 0.8020418184282987 0.38951631680778837
0 0.7885283846408129 0.3788593572119008
0 0.7641729627452467 0.35811312094978665
0 0.8729357505622117 0.4353916966396829
0 0.9000540158670881 0.3363902125669562
0 0.7375961133157429 0.4637042252913765
0 0.7759460539597532 0.4124221884686014
0 0.8740023578638616 0.34703682090925136
0 0.7800432681713415 0.36802281789157704
0 0.7708679816645124 0.4504110750944718
0 0.8767787516926941 0.3510065495967865
0 0.7771122012611317 0.43644018536028656
0 0.8176690876159979 0.4529110328010891
0 0.7935327558737734 0.3459666205489117
0 0.7725538221066413 0.42670104710952095
0 0.774092050107277 0.5474309745042221
0 0.7563037443906069 0.5563241232996402
0 0.8637784311304921 0.42732493566430135
0 0.7969030546753303 0.5244997216307599
0 0.9040502178604188 0.32583037433416945
0 0.7026656255449938 0.5945350190867549
0 0.7287369932493438 0.4657193406768467
0 0.7841914992617525 0.426605240676714
0 0.8947369634457256 0.3604364040105239
0 0.8471765532765699 0.36250445298526596
0 0.8318580894366555 0.3612678527832031
0 0.7213843132814636 0.5412388760110606
0 0.8529614106468533 0.46550500703894576
0 0.6634799755461838 0.611797148766725
0 0.7119740126249583 0.5908151730247165
0 0.7318445160661055 0.5768844345341558
0 0.8175985413077085 0.35718620212181756
0 0.8052892921411473 0.35175243616104124
0 0.7973202333340178 0.34844336820685345
0 0.9072246515070614 0.330982592313186
0 0.8112474506639916 0.33395066520442135
0 0.8279798151520283 0.33065795742947124
0 0.8453583333479322 0.3325141191482544
0 0.8599615393449431 0.33765847812528194
0 0.8669286783298721 0.3433646181355352
0 0.8990690415806096 0.3135724565257197
0 0.8575161543229352 0.3604061147441035
0 0.7511403735565103 0.4930835599484651
0 0.7622797197621801 0.4595719192339026
0 0.727733240665301 0.48450403731802233
0 0.7483676452513622 0.5659060509308524
0 0.7259653766194115 0.5799383754315584
0 0.6731075335941885 0.6045452776162521
0 0.7744517521527798 0.5292629801708719
0 0.7994954812785854 0.34113948086033696
0 0.7697386097810839 0.3893087107202281
0 0.6906698387440132 0.603618129439976
0 0.8435299581159716 0.46103610940601514
0 0.6994184522849062 0.5324639792027681
0 0.7024021885641243 0.5383124527723893
0 0.7039741874550995 0.5460827428361644
0 0.7035696578576512 0.5552439539328865
0 0.7027884506337021 0.5571086474086927
0 0.7180244101454383 0.5301025478736214
0 0.7229919759151728 0.5300542318302652
0 0.7273735386197981 0.5293231000070987
0 0.7587251833275609 0.5161887811577839
0 0.836306052201468 0.4781746356383614
0 0.7698825266536163 0.368651645079903
0 0.7899328811175149 0.3285660103611324
0 0.7970424948017234 0.33299735603125197
0 0.7128769332624 0.5296104275661966
0 0.8109549298558546 0.5101440160170846
0 0.7788171204535858 0.3258347319520038
0 0.705157881197722 0.5687325088874153
0 0.7634108943621749 0.3802207687626714
0 0.7726570276300544 0.4183471114739128
0 0.6788924210097479 0.5751933730166892
0 0.7501192548028801 0.5463466157083926
0 0.7792416602049185 0.4648500494335009
0 0.7283377516204896 0.559152568941531
0 0.8172139016830403 0.46628690128741057
0 0.785642896414451 0.4828727898390397
0 0.8132327824183132 0.49143644156663313
0 0.6781246440242166 0.591640674031299
0 0.7739697958788146 0.42769256571064823
0 0.7567289150927378 0.5547291434329489
0 0.7313648432331241 0.5687122344970703
0 0.7721685515311749 0.5306527697521707
0 0.8322787233020948 0.48957245142563527
0 0.7883124792867381 0.5299659786017045
0 0.8216179082089144 0.49276736508245056
0 0.7829156566573225 0.5046710314957992
0 0.772778170183301 0.4004358955051588
0 0.7685046502915414 0.4556353237317956
0 0.7696707975929198 0.4594755317853845
0 0.7709789088238841 0.44551060510718304
0 0.8119336246796276 0.31192455835964367
0 0.8445146920402413 0.3060016077497731
0 0.8700446138239425 0.3094244324642679
0 0.8872121240457763 0.3164440808088883
0 0.894249328614577 0.3260477812393852
0 0.8814378726579573 0.35513030860735023
0 0.8783252120989821 0.39291675712751306
0 0.8635428160752939 0.383180890912595
0 0.8466887682190408 0.387448237253272
0 0.8251460348458394 0.3838475299918133
0 0.8058909487951061 0.37582688331604003
0 0.7928438777832881 0.3675196735755257
0 0.7847077071504749 0.3602562585602636
0 0.8528416501763074 0.3799923378488292
0 0.7636813619376525 0.4628782044286313
0 0.7702562898883353 0.4074554826902307
0 0.761721508577466 0.4565713706223861
0 0.7449359639507273 0.4617452849512515
0 0.7567295760888121 0.4580174575681272
0 0.7548296029638984 0.4664602580277816
0 0.7426182713521563 0.4633328950923422
0 0.7343194355945224 0.46535134367320846
0 0.7886428270974885 0.34595276791116464
0 0.7800897782587487 0.34874061890270397
0 0.7757612154211687 0.3522967561431553
0 0.8698519034230191 0.34743460261303444
0 0.8837240778071724 0.34012157191400944
0 0.613642734353957 0.29906285819800005
0 0.6357240893918535 0.3034635170646336
0 0.6192231035750845 0.28313588733258455
0 0.5908079940177824 0.294617277642955
0 0.6078521834038522 0.31503241139909494
0 0.8242404702241006 0.34160999655723573
0 0.8483348888061617 0.34729353811429897
0 0.8301847478293854 0.32359045173810874
0 0.7999351037585217 0.33603348421013873
0 0.8184854778582635 0.35955359650694807
