0 0.35270358062494656 0.43902411409968584
0 0.293095383714523 0.38401228337949705
0 0.31352033557268133 0.39703996325727037
0 0.21000203779478113 0.34332897145552993
0 0.2747283918067876 0.36965474935330245
0 0.2510875071780088 0.3497583156237257
0 0.19119220186134933 0.29833585257207795
0 0.006891879917197087 0.3449038395819432
0 0.13747438030781123 0.2541845554700243
0 0.11128752137915494 0.2335627093151088
0 0.01780846891020924 0.16011938138081652
0 0.3594788571953271 0.4445222467714357
0 0.36657939895295893 0.44967080293883915
0 0.37200943528348385 0.45282316830093183
0 0.38535603226991644 0.4640918473756186
0 0.39428417504085267 0.47216777416876343
0 0.4055691013104805 0.4818891749263234
0 0.41726174560780266 0.49110195390694505
0 0.4381895354528467 0.4965462056767474
0 0.30300408193079226 0.3908720729189835
0 0.278468786035409 0.3994697036833667
0 -0.19355851330083132 0.3288908219705131
0 0.10867790063599495 0.32802103026764534
0 0.08592523942516826 0.34000365505014873
0 0.05971454222242541 0.3497653793751274
0 0.014794258062849569 0.34736614295172097
0 0.11996456572023625 0.3188425247355288
0 -0.02258885730419481 0.313941675007414
0 0.013320151260633508 0.3045284026882402
0 -0.045015311065102426 0.3241939024286055
0 -0.047121064132275965 0.3325299526590187
0 0.01941219997053911 0.3596581156991979
0 0.357920024465408 0.5458710513222401
0 -0.007466454609033931 0.34156597947452133
0 -0.11626896142708099 0.3961425183930855
0 -0.023004055148941556 0.349593188556205
0 0.14127137829482808 0.41716170848335093
0 0.31929827082257733 0.4468478364593759
0 0.3405413592415017 0.4583186718634156
0 0.2998779263928973 0.4623997463167491
0 0.29075956313167445 0.47510087815326585
0 0.321830179180777 0.4671703759461535
0 0.3093533780630128 0.4754881491157649
0 0.27609018478463976 0.5089800236205331
0 0.2700768392926027 0.3916334376216359
0 0.24803820918883956 0.3797170473870292
0 -0.1236789150454324 0.32857301650946674
0 0.14908550431331 0.3584002928094649
0 0.20498352739881362 0.40904235387329246
0 0.19238009394975655 0.4019018514866224
0 0.05985450222773894 0.44242985590779765
0 0.22715520110562884 0.36057504131276413
0 -0.11443436629913024 0.31320580949704135
0 -0.13440520583577298 0.3215662819352156
0 -0.2002456640266668 0.29610883864360915
0 0.03284791363442498 0.2925667632658428
0 0.0521662022745559 0.29975915096549943
0 0.23744725451690737 0.5004463784069636
0 0.09952649989711584 0.5140026359512854
0 0.2364994548418351 0.4097023236511158
0 0.26317467782567827 0.4069505965299595
0 0.28630475894811286 0.4930762565857151
0 0.29288045068581897 0.4901293101825465
0 -0.16945384115860934 0.31256604901695023
0 0.21275814638359133 0.4157834533836211
0 -0.06173235247155282 0.3045342944270775
0 -0.09677508165313221 0.29488318274736686
0 -0.133978176280416 0.2267424039286368
0 -0.15971574105542422 0.3059405986383151
0 -0.07925222109893203 0.2513091176712923
0 -0.1477988188151066 0.32096744686683304
0 -0.16102216395899213 0.333834402643206
0 0.3301392262369269 0.45376841227213544
0 0.3111595110299718 0.4653830884614449
0 0.29978140761077654 0.47563091291651605
0 0.24640784220856454 0.41039099189875955
0 0.2897429297116235 0.4915928687913562
0 0.30339447009664045 0.49253605382156823
0 0.2962160216730858 0.4886661316859199
0 0.2412803013364977 0.4006453906655453
0 0.3166703682408554 0.4749202298382706
0 0.32971629600987656 0.46767259916801046
0 0.34816269054694515 0.46035325399921456
0 0.3998243298208663 0.5081044352068737
0 0.38212855921012945 0.5006364978505199
0 0.37247415534554656 0.49090429557175824
0 0.36451772823615414 0.4801351472576318
0 0.3604331652826398 0.47130967091552445
0 0.3235619802515215 0.480993028778764
0 0.32090703375983337 0.486683878327321
0 0.31919532134060113 0.49374348017103165
0 0.31953542959338 0.5007999144132168
0 0.23389729448763127 0.46415085979203735
0 -0.031164127563122455 0.4526968760281129
0 0.30804054388768565 0.39382633648167586
0 0.31147309993138295 0.4842842934677468
0 0.3072534145685188 0.4882272288185563
0 0.27788794424211927 0.40975262516333966
0 0.23237712366923 0.4212950800378693
0 0.2706878917755457 0.40837544704812845
0 0.13112045057463748 0.37689050151784226
0 0.09908198505514282 0.4035301253747544
0 0.19694841649964892 0.4097613043915193
0 -0.18255292419894334 0.2623574742218778
0 -0.13496182079305125 0.278495200305364
0 -0.1528484530212507 0.3038533392891482
0 0.3128810540659015 0.5128626795143136
0 -0.01947544659743329 0.28117706597487696
0 -0.013184667891087914 0.22670752863584182
0 -0.06890198053941445 0.19444821539864138
0 0.03502096562697415 0.3519827321189437
0 0.023979628828004442 0.37251560034700987
0 0.12381474812071032 0.31295103930635104
0 -0.05490747597147141 0.33783837767541053
0 0.156363278878892 0.34249060235979434
0 0.21232074222484218 0.39843098379114766
0 -0.05654637188599582 0.4221707951555897
0 0.05235754959442444 0.3869308163969825
0 0.08708266825867102 0.39026585733904673
0 0.12658545692384496 0.3719103350475307
0 0.1473943565339479 0.3526161890719992
0 0.15604126789776082 0.3397929145206619
0 0.16844737988735553 0.3113692658086123
0 -0.0092542863093348 0.4521400433559576
0 -0.07672194470081652 0.3369241761991562
0 0.28915346184360324 0.3952534359969278
0 0.1704714183817433 0.37367148981965453
0 -0.1292567991883443 0.3924190978279883
0 0.15813873488188795 0.3298300474988184
0 0.19535812968191718 0.4108431670165147
0 -0.014072085043046042 0.34188863136590164
0 0.1986096935810419 0.38922872124759045
0 0.029280779168072632 0.4833767439546958
0 0.11254770541367148 0.30819710293698566
0 0.2096557708354942 0.37358216345663736
0 0.20541191692090738 0.5407459354061249
0 0.22718269186180856 0.5503968253537288
0 -0.029144829524217274 0.45646508647877976
0 0.1466692514120275 0.529403134455743
0 -0.1434004921073149 0.3634151128404647
0 0.37079008910726396 0.5592766577380125
0 0.2967319541968374 0.39724383009144704
0 0.1602079437000339 0.39315664216716945
0 -0.02506823209016132 0.34927113850911456
0 0.041554750961090445 0.34341148747526734
0 0.06685213335958715 0.33463175129918726
0 0.300675488599745 0.4970703487011603
0 0.037795783472463554 0.47788608682254596
0 0.44588212901529883 0.5626766661873633
0 0.34062758113261515 0.5638406647199131
0 0.29106946069479994 0.5591476413278818
0 0.06500411341713451 0.19804730760386546
0 0.5066958781536118 0.5469064769088727
0 0.08685176533485767 0.32368505891956045
0 0.1008153403735865 0.3142373706098129
0 0.10949607605295342 0.30972398190028866
0 -0.09232950581528467 0.33145151104367077
0 0.07181066922246153 0.3078491102334019
0 0.04234710643814586 0.31245036820924155
0 0.015647967467831158 0.3211462262969283
0 -0.0030448530419466364 0.33032083567916853
0 -0.008604338777719168 0.33657874925280806
0 -0.17080452126541218 0.35924835476586825
0 0.021630325146365266 0.3458271003985603
0 0.3289629132938787 0.4093264560541083
0 0.24808155327155118 0.44704923256436274
0 0.23313153607432852 0.40720492325643626
0 0.2922766254546773 0.42423692660258194
0 0.16467696925004324 0.2761110416652186
0 0.26421419754309994 0.5495335589100033
0 0.3154938221606524 0.554710053322861
0 0.4320457497226538 0.5561298990306198
0 0.1670550070860215 0.536549718637342
0 0.09706927314086303 0.30792297870097496
0 0.1809497289516755 0.3423896508991789
0 0.49475459308060915 0.5398638217333231
0 0.3915632701624295 0.566483964840854
0 0.024288477273932994 0.4845754910759796
0 0.3397172971113825 0.4767124904573741
0 0.3395381700640489 0.48449408371677605
0 0.3423295989318236 0.4937652099174961
0 0.34830587561623455 0.5033262350098235
0 0.3543573778892871 0.513483909525481
0 0.3009191169265956 0.4829524437303645
0 0.2933165725902163 0.4843643704343097
0 0.2863084308583022 0.485009769245116
0 0.23089683873240957 0.48247739852959576
0 0.08448400496179041 0.4777030628064066
0 0.1614089594674513 0.3258809353250343
0 0.10328877016210355 0.2986280638127989
0 0.09588590779887976 0.30162680050090823
0 0.30742403210969915 0.4814233474459937
0 0.13123352209475472 0.5098703097052705
0 0.11662857702890025 0.29942226070526234
0 0.35377037738948935 0.5294495081420754
0 0.23137884980012596 0.33257293701171875
0 0.19050419468919938 0.3285800485848532
0 0.21260159478408877 0.31636650565114594
0 0.19054891816674405 0.372675184111861
0 0.47803555058024605 0.5272795743930948
0 0.45707170218858034 0.5109545163553946
0 0.40799710820998825 0.5246990244583727
0 0.25790280562664386 0.5203665374719658
0 0.18657043261870052 0.43086025468819505
0 0.30472962715454743 0.5277645975386687
0 0.12343735735124677 0.44941885191350645
0 0.1819461960078292 0.45419429629722946
0 0.13562710834706382 0.4787142245653544
0 0.4190544149040673 0.5428511867319562
0 0.1853319303395879 0.3861289063948046
0 0.2510864386327156 0.5354429269883415
0 0.30408362352646856 0.5416983698327912
0 0.213224478977642 0.508489868960488
0 0.08089849151639496 0.4984039406193816
0 0.1849533544562537 0.5183933117777144
0 0.0805923047196513 0.5092806290052964
0 0.18892591443494403 0.4795999176278799
0 0.17578562440248482 0.3576032609136362
0 0.22965489768026248 0.4014667497410893
0 0.21996004451930776 0.4104943824125496
0 0.22735956524997825 0.3888557361679711
0 0.049847012142088844 0.29699434165004307
0 -0.014686848292370889 0.30483018008556795
0 -0.057777491488537204 0.3158603229273822
0 -0.0802072285977094 0.32609417825972625
0 -0.08022409218524579 0.33284249990153286
0 -0.016993021600357087 0.3454849677577986
0 -0.07660545383576099 0.4274168817739611
0 0.04148869543387417 0.36647951390819616
0 0.07267755087669389 0.36604618601951733
0 0.10464213134618751 0.3539060997651848
0 0.12783140987786562 0.3381578936412807
0 0.13918163397895636 0.3270547534223129
0 0.14473110453111712 0.3199532758864361
0 -0.0820593090122762 0.4221129547517353
0 0.22583739333766423 0.4143339906015996
0 0.19706214857503834 0.35695789377884507
0 0.2487893382456735 0.39605430069060227
0 0.27310649547647325 0.3975716134972985
0 0.2529386744720523 0.3977252104952666
0 0.23867845183183373 0.41629080811994923
0 0.2797816979231211 0.3973153545338912
0 0.2872066306036736 0.39942564234614797
0 0.12221291129976385 0.30740665965232983
0 0.14003603308135448 0.3103510719742781
0 0.14874330754018533 0.3166666358956804
0 -0.009044793147578018 0.3400788222343472
0 -0.03945681616223814 0.33739678234675036
0 0.25880471613839706 0.3252336993053432
0 0.39411969677808417 0.2054554248054115
0 0.32895671573117813 0.38080904633690593
0 0.4075032071473729 0.1058293678582351
0 0.3281116906852159 0.24988751394468695
0 0.3558670575357188 0.2411481330120408
0 0.38290148659094475 0.23118289028905323
0 0.41212491810573304 0.20714801684251744
0 0.303594152069796 0.25580076079634445
0 0.31253064892211546 0.18612309339349098
0 0.283457882293669 0.20170129434352527
0 0.3466432968523935 0.17669854441288668
0 0.37539831696683346 0.17593877934900468
0 0.4437658264918669 0.2103447603019814
0 0.5655004512911608 0.47106864811545446
0 0.4001800194068297 0.19608782930023447
0 0.5055800060179666 0.16686087684133583
0 0.45998140930626463 0.18586805395667097
0 0.4234136911384164 0.3135928904034489
0 0.3817320706220619 0.4245283459429215
0 0.3949897646400999 0.43896678051207555
0 0.42230205432775153 0.41939236515357403
0 0.4518372290748081 0.4179029272403016
0 0.42248172536177975 0.43151018316918277
0 0.4461221048600563 0.42675539154740555
0 0.5277238392628698 0.41711118523902035
0 0.31539219378922057 0.3752388190544373
0 0.3025244993751059 0.35975276363277775
0 0.3915347885733415 0.14975394388110613
0 0.3194571926498212 0.29557482854044453
0 0.3773623032157431 0.3457922251057653
0 0.37119586432533425 0.33621086401164463
0 0.5049248906127511 0.2795345537178881
0 0.27939389369407286 0.3412936607713801
0 0.3042427784908673 0.15957997051705103
0 0.3498798234050284 0.1485467551017571
0 0.34869311643049183 0.09109194338109569
0 0.2016486363949152 0.22570664574384405
0 0.26692280443660316 0.22062039629844585
0 0.5279360329300039 0.39452175172056875
0 0.6425989861226786 0.3167579578476586
0 0.3651945253967736 0.36264567075392246
0 0.3488939252332293 0.37502909215743857
0 0.4923092174630628 0.4184518725846586
0 0.4848728416338249 0.4207639999661157
0 0.3505276338460576 0.13300971713354579
0 0.3859836763470485 0.352117671943927
0 0.25520946921678533 0.18360230026154614
0 0.24265021525857822 0.16924771210477021
0 0.19463476337461028 0.10274626210349593
0 0.3489609133090651 0.11343289439788493
0 0.21464399282942342 0.13872579662825288
0 0.39820387116967376 0.13674793039776675
0 0.4032376131930935 0.12229559005791607
0 0.3896794442386064 0.4323763638063116
0 0.42284876095594737 0.4258114462928274
0 0.44931367479799167 0.4223060200647103
0 0.3618125989718779 0.36796271164646355
0 0.4884910525651924 0.4197102973186814
0 0.4816864007132969 0.42855623636664303
0 0.4810445741259096 0.4219177354697231
0 0.3459587673094705 0.3626535580817208
0 0.44317183187742276 0.42973683313118605
0 0.42137036054446225 0.4351371185918154
0 0.3976444585665369 0.44282412726966797
0 0.47679627117728385 0.48032032524280843
0 0.45081639918596933 0.47657761398442133
0 0.4371028831739466 0.4681580974538131
0 0.4226636111987794 0.45968058213927426
0 0.4107891587768426 0.45367398607066234
0 0.45073612229230536 0.4359322182507136
0 0.46114530769581535 0.4367865837341526
0 0.47357618079406805 0.43874783589463784
0 0.48568035102594753 0.4415743817638248
0 0.4633744874584021 0.3803249101197592
0 0.5852718031356103 0.22725862794923612
0 0.46471417126273307 0.42955203525819247
0 0.47284071078280354 0.42894819537939977
0 0.34830218427794896 0.3836373343869319
0 0.3872415290100162 0.3644740103544007
0 0.3484642534567837 0.37950326596007794
0 0.35916668654494144 0.29305973709124544
0 0.4185068145834444 0.2863213617182287
0 0.38383077129030024 0.34103787694820165
0 0.28041054654222 0.08838836380312592
0 0.28793786528995774 0.11714172815795754
0 0.29714730746635404 0.14364408400276518
0 0.5200770960075443 0.43717952470338217
0 0.18329767266657784 0.20152324346178085
0 0.14450363066629016 0.16647058081937996
0 0.11030478998704299 0.12661954035821193
0 0.40463868978154305 0.21896735176638493
0 0.4848628555923575 0.21136474383117748
0 0.2859626690295175 0.2586501133965145
0 0.4098254086347572 0.17441050664103044
0 0.2878143220259671 0.2937331374995366
0 0.3538705097975107 0.3466890047736298
0 0.5255140098841381 0.20842419598309028
0 0.4792637559683514 0.23110952863772427
0 0.44921226013561844 0.2516684503883371
0 0.39190493266290755 0.2693631951636408
0 0.3458965196891173 0.2772909732334413
0 0.30958093935427283 0.28132294986313067
0 0.22349712372077668 0.29075386572280104
0 0.5593228995297026 0.2441550104360705
0 0.42644416330232904 0.1650544570434136
0 0.3163263549407323 0.38537846991741503
0 0.33524658131700025 0.3129026700310577
0 0.5081549670374343 0.15847614057547682
0 0.27832830147149695 0.281971579627493
0 0.38789069941778226 0.3399417284403266
0 0.4123690127068934 0.19211700321799355
0 0.34477893788100294 0.335582126784862
0 0.6170689911278995 0.268898349639784
0 0.28091750328550863 0.25267973885134587
0 0.31105599813320467 0.33627035156829216
0 0.6319008660718861 0.386803573843706
0 0.6471213029406745 0.39887932611105703
0 0.5831924139950346 0.2319009222028377
0 0.6389592488606771 0.35085275362677704
0 0.4526192488046638 0.14233882628018887
0 0.5858732969952032 0.4819311773225506
0 0.31790789911515605 0.38936043011901783
0 0.3741901225178554 0.3143572009755199
0 0.48666403439477524 0.17941153176738697
0 0.3699990935969453 0.22157498469414943
0 0.34622446595364986 0.23094893124038496
0 0.4906306299479199 0.4286338109280008
0 0.5867052469323959 0.2774237590893873
0 0.5616499580411468 0.521549763345775
0 0.6142635740308319 0.46502166512739335
0 0.6314203703956764 0.4364678596686638
0 0.3231657053725126 0.23829314208115548
0 0.3017739920173516 0.24510893363545375
0 0.2883000827162578 0.25062217576647994
0 0.44090830324068353 0.15422875120405058
0 0.289954015977272 0.2298823998067727
0 0.30550873266996714 0.2143898349639784
0 0.3280590016882128 0.20320907266962995
0 0.35584595862320206 0.19596595583154355
0 0.3766029755022958 0.1946915980618478
0 0.4577509861455185 0.1275582590702731
0 0.3849266713430107 0.21304240062709098
0 0.4268503659385166 0.3817075048335789
0 0.3619128868046692 0.36015409874604976
0 0.36862459464415215 0.39643118192009796
0 0.6207245817164329 0.4212365110856641
0 0.6042738800813378 0.4505231728333171
0 0.5524274796121734 0.5133114652984365
0 0.6519200427119742 0.36092582150569025
0 0.2829792128585059 0.2447837476628531
0 0.2733866097680627 0.3080264642428107
0 0.5936549489508198 0.4937325836217842
0 0.6120127125128412 0.26970610386677624
0 0.43227204818765824 0.44410025889621796
0 0.4448877213373466 0.4472920608973022
0 0.45913850192279254 0.45248623052667186
0 0.4735879542203895 0.45902460353937297
0 0.50432969145634 0.4585749625028382
0 0.4664554726725389 0.4233456585613717
0 0.4710747356907728 0.42034698522529285
0 0.47484545717762494 0.4172048828921425
0 0.4978424169846225 0.3850225582100177
0 0.5607550610721362 0.3036839676355835
0 0.25431311514055677 0.291293894268864
0 0.24073726661849124 0.250114599298045
0 0.2626322065224627 0.24386688540131737
0 0.46211414799911565 0.425808278691302
0 0.6041083527013722 0.3377759442493443
0 0.20984507820525752 0.26181914034263093
0 0.5359887068281697 0.4633311478692866
0 0.24286040783179963 0.3089971123782483
0 0.32258560184688007 0.3241595339520546
0 0.5039420232239655 0.49009649383074305
0 0.5608379413306964 0.4109208999579487
0 0.4267218685099847 0.3426828440963727
0 0.5543844717464367 0.43741180492324194
0 0.48798405696571123 0.3158725498692704
0 0.4704196202855573 0.3486624838760032
0 0.5380021570101066 0.3317765703122104
0 0.5330537043291809 0.5021731963785517
0 0.34923834652337343 0.3258819489575224
0 0.5963758926854354 0.4110815290313033
0 0.5825948446108822 0.4412287014093546
0 0.5574813879994903 0.38380781470103054
0 0.6072164595378602 0.30645470036589234
0 0.5929036256130235 0.37058295162829924
0 0.6328543970353493 0.3081665672582805
0 0.5133365568732411 0.36133124282493
0 0.30404268852769073 0.310207072808932
0 0.35166351692083014 0.3571362930967573
0 0.3732553590953602 0.35442815217259094
0 0.32845879305264114 0.35200078744763863
0 0.24319014148118626 0.22598175193632766
0 0.27311918202331803 0.19617466909605413
0 0.3103088906922924 0.17679471279519873
0 0.3481705006416337 0.16629492147678723
0 0.3822144702517031 0.1649813804762219
0 0.4321900616215251 0.19014830719392353
0 0.5488025077033144 0.19747736106139485
0 0.43698371123160995 0.22349410775434644
0 0.4115695465466141 0.24019835937065587
0 0.37336470042099934 0.2537756497891065
0 0.33529608410621997 0.26287680249197204
0 0.30492829886669853 0.26848573786508145
0 0.2813482436072474 0.27118591227141137
0 0.5479526450613883 0.19148283355459483
0 0.3774990381570808 0.3587065682009587
0 0.28996058267380115 0.32271678648526697
0 0.332628684204842 0.36578333844493716
0 0.3274574884005237 0.37792098564609516
0 0.3358088304221882 0.36782989411450223
0 0.3753272878469797 0.3660095051938529
0 0.32376224506756424 0.38131183972703747
0 0.32529599612523735 0.38524992864751306
0 0.27094177813721104 0.25774085337863983
0 0.25667506651284827 0.26853398043631377
0 0.24709501397257616 0.27654167709260086
0 0.3896982117795743 0.1952401791320294
0 0.39834841620569994 0.18025108871369458
0 0.034854544554581625 0.32229055402400514
0 0.06577138722194398 0.3082394854453959
0 0.01112586435889393 0.3078316567489968
0 0.004840486663303295 0.3357271079066809
0 0.05863391265335968 0.33652854276863
0 0.3364516672705799 0.21437573913719024
0 0.36606436012163446 0.20327820557292245
0 0.3189122928345757 0.2001826828202036
0 0.3068105122585337 0.2253316175612408
0 0.35402640084174114 0.22862007892287356
