0 0.4047116647757914 0.3095312677323818
0 0.35902402120763843 0.2695114463567734
0 0.36908643725125684 0.278029378503561
0 0.30911096557974815 0.2355387583374977
0 0.3484739872586468 0.25804753974080086
0 0.33453579101225606 0.24164748564362526
0 0.3003135709820882 0.20039768889546394
0 0.1763969847689504 0.24329398944973946
0 0.2776386290383728 0.17333468422293663
0 0.2649917186278364 0.1589367724955082
0 0.21497606947694137 0.10142981074750423
0 0.40826069879467075 0.3133532218635082
0 0.41166095727163815 0.3170327693223953
0 0.4142218006207891 0.31939879059791565
0 0.41463654277765233 0.3196266256272793
0 0.41891321426500444 0.32401108741760254
0 0.42384621549559676 0.32922060042619705
0 0.42908356257754826 0.33441339805722237
0 0.4339415226941523 0.3450939506292343
0 0.36410113124419813 0.2745080925524235
0 0.34545139838819916 0.2810770533978939
0 0.0757159088211863 0.22702377289533615
0 0.23099439793630785 0.23207001760601997
0 0.21559652135423993 0.24039072915911674
0 0.1992504573629602 0.24747103452682495
0 0.1722758649241017 0.25070737674832344
0 0.24279022637916647 0.22361967712640762
0 0.17951776176367118 0.21601678803563118
0 0.19919014446761296 0.20853223651647568
0 0.1644681730186162 0.22536370903253555
0 0.15719773442200993 0.23400699347257614
0 0.16312715844453676 0.264761071652174
0 0.38384575502056145 0.3902497738599777
0 0.16742684627356735 0.24343105033040047
0 0.10932930648002935 0.2802310362458229
0 0.13520355725094027 0.2659384235739708
0 0.2603491003746572 0.29070331156253815
0 0.37997471622150875 0.31669872254133224
0 0.39095517256013723 0.3247436434030533
0 0.3617693312952052 0.32833100855350494
0 0.3501770472073037 0.3371212109923363
0 0.37397721385502297 0.3317674398422241
0 0.3607956261738487 0.3376634307205677
0 0.3329974481754977 0.35775361955165863
0 0.34343585380069586 0.2756156362593174
0 0.33102696559027484 0.2655479460954666
0 0.12470707876364821 0.23679452389478683
0 0.27044883163888817 0.24592604860663414
0 0.2979256395331543 0.28713279217481613
0 0.2913065466057995 0.28058338910341263
0 0.20782173927063527 0.3099491260945797
0 0.31902147003489995 0.24981170892715454
0 0.1571356108331162 0.20984818786382675
0 0.1356081259234444 0.22301526367664337
0 0.0739715015920608 0.20215538516640663
0 0.243339743870108 0.18850820511579514
0 0.2194460931679477 0.20519102551043034
0 0.30987813963514305 0.35306520387530327
0 0.22161724539878574 0.37801995873451233
0 0.31692237220704556 0.2880662716925144
0 0.334328289265218 0.28554464876651764
0 0.3364563208559285 0.34876278042793274
0 0.34101460185711796 0.34702151268720627
0 0.11890699799456027 0.21950044482946396
0 0.3014037391656767 0.2916061505675316
0 0.19231167435646057 0.19786899909377098
0 0.18094561496020659 0.1903032436966896
0 0.11839470238951237 0.1504778265953064
0 0.09624848296136959 0.21106289513409138
0 0.1487270113404678 0.16920719854533672
0 0.1085113956714454 0.23541228473186493
0 0.09320007770767678 0.2322762869298458
0 0.38547116048310115 0.3214479237794876
0 0.36790123565689375 0.33032483235001564
0 0.355304595325952 0.3375292122364044
0 0.322896764897134 0.28816385194659233
0 0.3388124998334957 0.34787146747112274
0 0.3493657818307047 0.3466431610286236
0 0.3434696036350468 0.3461238890886307
0 0.32275792016931204 0.2821769043803215
0 0.3650687882757705 0.3376571983098984
0 0.3785662206456713 0.3324541002511978
0 0.39506570824786374 0.3263874612748623
0 0.4095397577823504 0.35430561006069183
0 0.40470076328062493 0.3427557796239853
0 0.4003864219007285 0.33725597709417343
0 0.3970589645044959 0.3315585106611252
0 0.39536725405765616 0.3265862725675106
0 0.36519647017121315 0.33776573091745377
0 0.3631963444792706 0.3410724550485611
0 0.36160816090262454 0.3450600504875183
0 0.3611843839449727 0.3490052968263626
0 0.31290614191928634 0.32724281400442123
0 0.15223402606890254 0.3281136304140091
0 0.3664773585193831 0.27621256560087204
0 0.3548556179941996 0.34169308841228485
0 0.3521312148836644 0.34406933188438416
0 0.3445246966312761 0.28733864426612854
0 0.3137102205225307 0.29526084661483765
0 0.3395078434892323 0.2865053787827492
0 0.2581088057840648 0.2601051740348339
0 0.2365460963514836 0.2799103669822216
0 0.2927975127392489 0.2862386368215084
0 0.08594711137044689 0.1772085577249527
0 0.11275907739511003 0.19032447040081024
0 0.1427814964124042 0.2033968474715948
0 0.3555595857779617 0.35948091000318527
0 0.22525909146213013 0.17675084061920643
0 0.1901312073206772 0.15024780109524727
0 0.16027203072672305 0.1263862606137991
0 0.1838431539742843 0.25136329233646393
0 0.1511612554769153 0.2808176651597023
0 0.24968206202206406 0.21739548072218895
0 0.14362053820134504 0.24563943594694138
0 0.2762204079848269 0.23357580974698067
0 0.3053331121640361 0.27954646199941635
0 0.1401206542454336 0.29804081469774246
0 0.1714561994228026 0.2838626801967621
0 0.19827953361622666 0.27910197898745537
0 0.22935163221605445 0.26335233822464943
0 0.24859698991412701 0.24837937578558922
0 0.26138261438387894 0.23611008003354073
0 0.28596477664035297 0.2101261429488659
0 0.1641454775615231 0.3208903707563877
0 0.12740771885475385 0.2503771111369133
0 0.3542779880859282 0.2781473249197006
0 0.2818535689426505 0.25783344730734825
0 0.10461302846670151 0.27862242236733437
0 0.26997836865484715 0.22517535462975502
0 0.29186155217821186 0.28658486157655716
0 0.16020751776902573 0.24747849255800247
0 0.29789006033831317 0.2713702954351902
0 0.18279409040089534 0.3536176458001137
0 0.24534207226141638 0.2137499377131462
0 0.3069752992090324 0.25958986580371857
0 0.28287334408125153 0.3936598151922226
0 0.2961811949701413 0.4055689610540867
0 0.1515708082234082 0.3282182514667511
0 0.24759946577250957 0.3856196403503418
0 0.0991515847246932 0.25433510914444923
0 0.39072926520653395 0.404617253690958
0 0.3583214721116035 0.2791406251490116
0 0.2733793738095657 0.27271735668182373
0 0.12139739229789247 0.27361028641462326
0 0.1955234340351561 0.2392864190042019
0 0.20989679407490336 0.23361020535230637
0 0.3472846789366525 0.34930320084095
0 0.18825868885640218 0.342027734965086
0 0.43958099307897297 0.4076183810830116
0 0.37005319826952787 0.4135158061981201
0 0.3367745549134586 0.4113982990384102
0 0.2389617668788718 0.1294333878904581
0 0.48055993741297204 0.39314495027065277
0 0.22264052992281708 0.2267584390938282
0 0.23422318186772906 0.2197016030550003
0 0.24205650348702204 0.2156889084726572
0 0.1114123507362345 0.2525157146155834
0 0.22224538805692093 0.21297036483883858
0 0.2047898915960737 0.21655496582388878
0 0.19028793498063865 0.22259273752570152
0 0.17837405678532695 0.23043245822191238
0 0.17246833978139836 0.23657221719622612
0 0.08530145911904781 0.2510732375085354
0 0.18471075618720573 0.24208028614521027
0 0.3783563668637172 0.2869029752910137
0 0.3235963272821644 0.31450022011995316
0 0.31526243289851624 0.2866882048547268
0 0.3535921645715185 0.2979663126170635
0 0.28828862447129644 0.18579495511949062
0 0.3202954889477595 0.40005502477288246
0 0.3546309426588857 0.4029928892850876
0 0.4301747574430445 0.3993672952055931
0 0.26029799028259254 0.39505717903375626
0 0.23729098207600738 0.2128784041851759
0 0.29096313084111264 0.23394221812486649
0 0.4714807092981494 0.38479049503803253
0 0.40380254727990733 0.4131518229842186
0 0.17995260821898346 0.3508824519813061
0 0.3787507993857498 0.3326181508600712
0 0.37799799887706403 0.33718108385801315
0 0.3788110562802657 0.34218354523181915
0 0.38142741512021294 0.34737952426075935
0 0.38095047470668086 0.3590559847652912
0 0.3503581538958394 0.3424781374633312
0 0.3456982873866092 0.34330783039331436
0 0.3416320296895245 0.3437005765736103
0 0.3078718351848099 0.34080933779478073
0 0.21674485573464114 0.33949145674705505
0 0.2806173692578855 0.22093293443322182
0 0.2529329289479748 0.2021237015724182
0 0.2417916195548099 0.20690367370843887
0 0.3549164348970289 0.341609850525856
0 0.23958046406345523 0.36727340519428253
0 0.26943628060752933 0.19750076532363892
0 0.38178298306529934 0.37399645522236824
0 0.32284195875020133 0.22746238857507706
0 0.29777781600537506 0.22356874868273735
0 0.31194688501241413 0.21430656500160694
0 0.2945370852299359 0.2576169818639755
0 0.45945751748007274 0.37243368476629257
0 0.44578103178545186 0.35771340876817703
0 0.4154152903381897 0.3688506484031677
0 0.32066767047280853 0.36969371885061264
0 0.28551339127285325 0.3016333170235157
0 0.35071465518811473 0.37417709082365036
0 0.2451957234221956 0.31540511921048164
0 0.2805085409756588 0.3193548247218132
0 0.24724733254507833 0.3393908776342869
0 0.4219572701207969 0.38578976690769196
0 0.2895081359083238 0.2678198032081127
0 0.3138365583980213 0.3849545456469059
0 0.3493088849860689 0.38855335861444473
0 0.2933179284648403 0.36157526075839996
0 0.21070380338832087 0.35930953174829483
0 0.2729854452950151 0.37188033014535904
0 0.2104610211175421 0.3704998642206192
0 0.2809088349180377 0.33924875780940056
0 0.2865792924295301 0.2454851120710373
0 0.31554023435582285 0.2826681435108185
0 0.30686686293262505 0.2889053523540497
0 0.31671815584211244 0.2727203294634819
0 0.23190172340558923 0.1991823948919773
0 0.19778948900816234 0.2048453614115715
0 0.17207338458494 0.21405644714832306
0 0.15377656896801098 0.2247525416314602
0 0.14400655193173367 0.23521806299686432
0 0.1497359596516775 0.25603707879781723
0 0.1275630091600444 0.30502794682979584
0 0.1777492928440156 0.26547078415751457
0 0.19844552008030208 0.2614033930003643
0 0.22100190826408242 0.25127118825912476
0 0.2394927854285292 0.23933755606412888
0 0.25258917717829993 0.2290029413998127
0 0.26108160991545604 0.2211659848690033
0 0.1276154259381735 0.30325426533818245
0 0.3097616952398549 0.29111814498901367
0 0.3001425071093051 0.24582990258932114
0 0.32881179670600785 0.27909329533576965
0 0.3428442983523659 0.2801251895725727
0 0.3303010081467421 0.28036851435899734
0 0.3176833861709937 0.29201962798833847
0 0.3476590258271798 0.27981792390346527
0 0.35144554070480494 0.2809269540011883
0 0.25234314685930376 0.21209115162491798
0 0.264837006997803 0.2119412999600172
0 0.2728968146459564 0.21288342401385307
0 0.16956047794741133 0.2405169941484928
0 0.15435903361472098 0.24157235771417618
0 0.3400108802901662 0.221965454518795
0 0.42152270366964134 0.13766062632203102
0 0.3823693864371466 0.26477619633078575
0 0.45300596037312696 0.06135211139917374
0 0.38026760056938813 0.1683207880705595
0 0.398530181011428 0.16225898638367653
0 0.41543847468236217 0.15469182282686234
0 0.432344864325031 0.13783568143844604
0 0.3635285040768592 0.1717545073479414
0 0.38000088727668574 0.12630615197122097
0 0.36084976031080535 0.13575374335050583
0 0.3999344578579716 0.12082994915544987
0 0.41525874934766605 0.12024229019880295
0 0.45400505253802176 0.13803706131875515
0 0.5192697653951852 0.3316800817847252
0 0.4252228652653487 0.13098902627825737
0 0.5065899824966555 0.10527657717466354
0 0.46747571651054465 0.12025531567633152
0 0.44138929725665116 0.21198191493749619
0 0.4253084345356278 0.29815153777599335
0 0.43110284055380715 0.3086641803383827
0 0.4495494770614997 0.2927044630050659
0 0.4666769206523895 0.290280107408762
0 0.44853862472202466 0.30209003016352654
0 0.4627352461380803 0.29732103645801544
0 0.4994389003385668 0.285615187138319
0 0.37409888499456906 0.2621839828789234
0 0.36652996196695 0.2499474138021469
0 0.43243293496577634 0.1025122944265604
0 0.3773515626140263 0.19917011260986328
0 0.41489963468326174 0.2364436574280262
0 0.41016562307334464 0.22901136428117752
0 0.4936335554913334 0.18550662137567997
0 0.3524183498128601 0.2351073920726776
0 0.3798521864025489 0.1108497865498066
0 0.40814246237277985 0.10331375896930695
0 0.4184337724810061 0.0509321466088295
0 0.3118902495049912 0.15570322051644325
0 0.3475684911498557 0.14779601246118546
0 0.5039391271446062 0.26888134703040123
0 0.587356994819382 0.21749123558402061
0 0.4073217141887416 0.2489931508898735
0 0.3956345646925595 0.2589295171201229
0 0.4904776099745346 0.28828808292746544
0 0.48607788599379687 0.29018018022179604
0 0.4109086794373782 0.0915698241442442
0 0.4201030452614245 0.24036629498004913
0 0.3476575698055651 0.12731408141553402
0 0.3418960922762104 0.11723376996815205
0 0.3244957006333963 0.05994719825685024
0 0.41709356058550917 0.07000540941953659
0 0.33308559348401817 0.08773612231016159
0 0.4381014884490034 0.09169531986117363
0 0.4488873978995759 0.07632658630609512
0 0.42898798782540404 0.30376777425408363
0 0.4492961293005425 0.29757051542401314
0 0.4649024409768374 0.2936892621219158
0 0.40489120344104973 0.2527668885886669
0 0.4882755452847999 0.2892706133425236
0 0.48219098029253277 0.2948908135294914
0 0.4835165946379952 0.2912912704050541
0 0.394576036978675 0.25093959271907806
0 0.4608364819508532 0.29998305812478065
0 0.4474568379961926 0.3052585981786251
0 0.4317535702139139 0.3118443004786968
0 0.4576022472718488 0.33355528116226196
0 0.45148370844190533 0.3245147652924061
0 0.44495348883387836 0.3197235018014908
0 0.4383722338015619 0.31531035527586937
0 0.43224256947312667 0.3121671862900257
0 0.46153152693548927 0.300325371325016
0 0.4677217468295408 0.30045001953840256
0 0.47456736311964365 0.30122828856110573
0 0.4809395857155323 0.30255263671278954
0 0.4652245950925609 0.26130247488617897
0 0.5538743964355924 0.1513369083404541
0 0.4716964618343374 0.2961353659629822
0 0.47689972307694994 0.2954416908323765
0 0.39355857654110243 0.26620863378047943
0 0.42021825763842335 0.24949461221694946
0 0.3945908958659224 0.2627074532210827
0 0.4022380707218595 0.19720207899808884
0 0.4392205717285042 0.1916837878525257
0 0.41770688169028447 0.23217716813087463
0 0.37708940405560576 0.049187071621418
0 0.3796117561666862 0.07266185060143471
0 0.37741656091226183 0.09933530353009701
0 0.49056213389596215 0.30100707709789276
0 0.3033542107871693 0.13928426057100296
0 0.2884814166666373 0.10683787427842617
0 0.27253794265182124 0.07715721800923347
0 0.42813050309601036 0.14622176811099052
0 0.4802806426001632 0.13652662746608257
0 0.35211594532365387 0.17332180216908455
0 0.4367372708638077 0.1173295509070158
0 0.35788522563550784 0.1977779120206833
0 0.39982850428508676 0.2384723722934723
0 0.5120184790828953 0.13486682437360287
0 0.4752795443586681 0.15136627107858658
0 0.4564144323053567 0.16672561690211296
0 0.42128940420630184 0.17990562692284584
0 0.3925296172661626 0.1856948845088482
0 0.3702553612706454 0.18866857886314392
0 0.3201267397760049 0.1950410231947899
0 0.5310963196275027 0.16041558794677258
0 0.449982475489378 0.10922044143080711
0 0.37342034158823284 0.26973117142915726
0 0.38677780921368493 0.21209558472037315
0 0.5105357264047083 0.09951205365359783
0 0.35156355312337045 0.18954187259078026
0 0.41958399222272896 0.23134544119238853
0 0.43287616287884506 0.12828156538307667
0 0.39360248119286867 0.229728352278471
0 0.573377245956141 0.18203921057283878
0 0.34939124354201817 0.16900399327278137
0 0.37221598770955333 0.23106177523732185
0 0.5748060511668092 0.2663808986544609
0 0.5869565142075652 0.27832889929413795
0 0.5499268978348245 0.15328267216682434
0 0.5811979487214399 0.23985742777585983
0 0.4763067862747804 0.0886479839682579
0 0.5361093273791282 0.34164539352059364
0 0.37384146783986816 0.2722964994609356
0 0.4109230156501998 0.21285393089056015
0 0.4845771383818077 0.1136870589107275
0 0.407346839895067 0.14947170950472355
0 0.39281070410557417 0.15624431893229485
0 0.4871749049457519 0.29468874260783195
0 0.5484024805381246 0.18484748527407646
0 0.5183882376422053 0.3733682855963707
0 0.5609451360676599 0.3302701488137245
0 0.5748977058607599 0.3074096404016018
0 0.3775188184302786 0.16107143834233284
0 0.3625419187642958 0.16499916091561317
0 0.35364047462201637 0.16797886602580547
0 0.46020576325447665 0.09964525513350964
0 0.3578840682849936 0.15289219468832016
0 0.3698481978929561 0.1425633430480957
0 0.38475069112103916 0.1354997530579567
0 0.40127870181332465 0.13127588666975498
0 0.4127349785488585 0.13056663051247597
0 0.48181118265442224 0.07650796510279179
0 0.41613635704245255 0.1432327013462782
0 0.4421083105970984 0.2633250094950199
0 0.40564762533682847 0.24763837084174156
0 0.4050175039826528 0.2758572921156883
0 0.5650367808082829 0.2935528792440891
0 0.5522591084565805 0.3172900453209877
0 0.5097235650148081 0.3649626150727272
0 0.5909598643041175 0.2500590495765209
0 0.35154451284071675 0.1632432509213686
0 0.34901342459994816 0.20850490778684616
0 0.5433019248201795 0.3525061383843422
0 0.5669997219482193 0.18128817901015282
0 0.4481147730965977 0.30563731491565704
0 0.455081351182383 0.30714503675699234
0 0.46218053923676844 0.30976976826786995
0 0.46936212318099063 0.3133177049458027
0 0.4774825797294793 0.3172321803867817
0 0.47463878284653893 0.29351089522242546
0 0.4775693436841602 0.2910247892141342
0 0.4799119331266569 0.2886573597788811
0 0.4870494257496751 0.2630663253366947
0 0.5301355693651282 0.20308849960565567
0 0.3379643485759911 0.19575795903801918
0 0.32851166958394257 0.16823266074061394
0 0.34075322731033614 0.16327591240406036
0 0.4714247084668149 0.29595209658145905
0 0.5578660610253396 0.22844669222831726
0 0.3127565076979606 0.1772429272532463
0 0.4982952513610539 0.3236643150448799
0 0.3308628084866897 0.20896725356578827
0 0.37858010885184223 0.2210838422179222
0 0.47485419937773893 0.34325460717082024
0 0.521421840009482 0.28243545815348625
0 0.44303378033573215 0.23323526978492737
0 0.5134059556800387 0.303648941218853
0 0.48227554154784785 0.2123909592628479
0 0.47006400026704953 0.2370065562427044
0 0.5144204667404942 0.2232639342546463
0 0.49451784595199255 0.3544655665755272
0 0.39540776132565475 0.221800334751606
0 0.5461001370264136 0.2838883399963379
0 0.5341166311308093 0.3084139972925186
0 0.5230473948075719 0.26166027784347534
0 0.5614404820877573 0.20624275133013725
0 0.5475640360913847 0.25233200192451477
0 0.5789300643879435 0.20926561392843723
0 0.49779755330604053 0.24500391259789467
0 0.36740420961185644 0.21022197604179382
0 0.398560981468662 0.24662869423627853
0 0.4127332238561433 0.24312122911214828
0 0.3836988461730273 0.2434082068502903
0 0.3334772632983716 0.15329904854297638
0 0.3557751516447119 0.13386723957955837
0 0.3800711869869543 0.12151717022061348
0 0.4031988956520091 0.11474553868174553
0 0.4221456195835186 0.11326689273118973
0 0.44811749847038934 0.1253852155059576
0 0.5304696703248698 0.12773210927844048
0 0.4484485007174637 0.14798582717776299
0 0.43329732646436797 0.15969115495681763
0 0.40954229648670426 0.169793501496315
0 0.38521105528849625 0.1763417962938547
0 0.3656045295622038 0.17996899411082268
0 0.35115788310118345 0.18190100230276585
0 0.5327126902892537 0.12464657053351402
0 0.4150061109305724 0.2456427477300167
0 0.3587487211207981 0.2201816812157631
0 0.38605692917885986 0.2539891451597214
0 0.38169390440959 0.26308246701955795
0 0.3878772922022187 0.2552078813314438
0 0.4131789531396783 0.25085844099521637
0 0.3788226671192957 0.26613136753439903
0 0.37939260624673055 0.26858505979180336
0 0.3436325287203426 0.17255723662674427
0 0.33672426616692025 0.18030422739684582
0 0.3331832589338655 0.18623594380915165
0 0.41981161693515984 0.13077834993600845
0 0.4269522829386203 0.12204508669674397
0 0.1986026957469142 0.2277628742158413
0 0.2153275306943966 0.22032061964273453
0 0.18935012639216756 0.21773263067007065
0 0.18181874258848635 0.23523347452282906
0 0.20773527398705482 0.23783009499311447
0 0.39167183386566845 0.14361562952399254
0 0.4095804517197868 0.13590450771152973
0 0.38220814137679077 0.13361753895878792
0 0.3737295781788619 0.15116751194000244
0 0.4011917885230935 0.1535884514451027
