0 0.3488084275437438 0.7349305132161016
0 0.2776857144806696 0.6952434707594954
0 0.3052583875377541 0.7002341131801191
0 0.22673650895771774 0.6380689959811128
0 0.2635203387750232 0.6801143546467242
0 0.2509118210848259 0.6543546173235645
0 0.222957495438016 0.5815041805091111
0 0.09273765446699184 0.6091958351109339
0 0.19037308948843376 0.5275218272986619
0 0.17119788670021555 0.5054265895939392
0 0.11264740546112476 0.42008079594892006
0 0.3533779936640159 0.7410525217004444
0 0.3594435639679432 0.7474870431682338
0 0.3648130419137685 0.7515610383904499
0 0.37445330781781155 0.7638452503992164
0 0.3773158343265886 0.7694793933111689
0 0.38162036078131717 0.7763345814269522
0 0.38755705304767774 0.7833860138836114
0 0.3873376018651154 0.7801832910465157
0 0.2887207124706196 0.700070881260478
0 0.27473506784957386 0.702442146902499
0 -0.002132091833197552 0.5439063823093538
0 0.16033452482003233 0.6066198648318001
0 0.14163996352125768 0.6154028954713241
0 0.12295096869701924 0.6208019457433535
0 0.09615694164581921 0.6129957857987155
0 0.17208542804355206 0.5973671668897504
0 0.08094082311119723 0.5659979251091894
0 0.1075100589381612 0.5600243516590284
0 0.06377296651835027 0.5760352378306182
0 0.060388191481647285 0.5867354061292566
0 0.09610980587161105 0.6266895176923793
0 0.3394098409815975 0.8171519539926363
0 0.0842826325122429 0.6031562886160353
0 0.049333229660987854 0.6149897222285685
0 0.07628751457061457 0.6129623244638028
0 0.1920488813649053 0.690885865688324
0 0.32689523632111755 0.7420930000103039
0 0.34288951025708864 0.7554777411663014
0 0.3147127331922884 0.7571381347334903
0 0.3112757276419712 0.7696480467267658
0 0.3322639217519242 0.7635975881763126
0 0.32616034846590913 0.7714003985342772
0 0.2918033883299517 0.7849137361930765
0 0.26146963068648527 0.700370928256408
0 0.24524150821177856 0.6870229980219965
0 0.024929144865144855 0.5756480325175368
0 0.19829612630216972 0.631704090665216
0 0.22818826438616152 0.6996483153623083
0 0.22222373974711998 0.6885629445962284
0 0.1387455099788697 0.7021508364573769
0 0.23434469087616258 0.6624001173221546
0 0.030405782163143158 0.5511304048092469
0 0.018812778122399166 0.5624765080926211
0 -0.018615309796903446 0.51967238171593
0 0.12231891910019128 0.53768692502509
0 0.13561639651332213 0.5613181554104971
0 0.2682596729339465 0.7782422573670097
0 0.20383373064839322 0.7387011118557142
0 0.2502787714095219 0.7034953329226245
0 0.26905262194897817 0.7042750959811004
0 0.31687165731969086 0.7874443661907445
0 0.32114667202467506 0.7847460842002993
0 0.00418576241835304 0.552553754688605
0 0.23696119807984517 0.7039625484658324
0 0.060909232367639954 0.5417094678334567
0 0.04444854447375173 0.5299381742334884
0 0.007167486959825392 0.4719099865011547
0 -0.001970871635105299 0.5406714585488257
0 0.03804987255969773 0.5047565859297047
0 0.01563398151294045 0.5678180456161499
0 0.007339726890558782 0.5611523681360743
0 0.33442877087256184 0.7497374129036198
0 0.32318973800410394 0.7608714390060176
0 0.3182985994802869 0.7707924658189649
0 0.258075005820264 0.7044527276702549
0 0.3190563570546067 0.7860883015653362
0 0.32529605422978813 0.7878869260134904
0 0.32307467237114906 0.783377967969231
0 0.2485098401489465 0.7008460515867109
0 0.3322367875472359 0.7711375423099683
0 0.33915461340676184 0.7647577192472375
0 0.3498961355375207 0.7583673985108085
0 0.3634247442950373 0.7872779918753583
0 0.3654116171857585 0.7917294199052064
0 0.36081721892823343 0.7842076295095941
0 0.35849748972965323 0.776674719867499
0 0.358346006144648 0.7705910417048828
0 0.33739575840856717 0.7787883090584174
0 0.33488284423947334 0.7831778905961825
0 0.3325389622022276 0.7889125211083371
0 0.33183445408940315 0.794625189382097
0 0.25908900991730066 0.7490020922992541
0 0.12577841698151568 0.6616508458619532
0 0.29678406218147796 0.7000068247318267
0 0.331346755442412 0.7809014838674794
0 0.32823564338943234 0.7842375685987265
0 0.2813177353338055 0.7083681182368942
0 0.25295984971782437 0.71004902370598
0 0.2752263894223649 0.7065738447982332
0 0.18757964387212112 0.6473535322624704
0 0.16444046965435796 0.6706037730626438
0 0.22802568559089434 0.6942701913740323
0 -0.018011224658592888 0.496244733683441
0 0.006213336616106655 0.5219314016725706
0 0.01301951220502024 0.5402175895545793
0 0.3116725701028886 0.787790547700032
0 0.09340902790427208 0.5185264604895011
0 0.08329714008647462 0.4879621209333772
0 0.04961768594448981 0.4480715651874957
0 0.10737219906371573 0.6200545390015063
0 0.09463899234390777 0.6413530757893686
0 0.17791367783818557 0.5901930774035661
0 0.05918360639201558 0.5944118990846302
0 0.20202834369695705 0.6177665986444639
0 0.22890458474664585 0.6949271247438763
0 0.07428316861067129 0.6573379940312841
0 0.10552807322338871 0.6561707839369774
0 0.12447905086952707 0.6604688216162764
0 0.15491608076769373 0.6469946775747382
0 0.17540795291247574 0.6309205636382103
0 0.1869279134856618 0.6180157112038653
0 0.20734094925548718 0.5916208646219709
0 0.10306831416876419 0.6940401403800301
0 0.048851984350577644 0.592497075057548
0 0.2781468827439391 0.7032254667385764
0 0.21178435453254243 0.6520966505874758
0 0.058929586459113205 0.5973225172447122
0 0.19262543604101823 0.6062120094895362
0 0.23036456723576007 0.6919752065254294
0 0.08024980662309605 0.6034714605497278
0 0.22269502201158067 0.6809495412785074
0 0.16242817967482234 0.6989970106793486
0 0.17422669040768043 0.5834299856553907
0 0.22536289173623789 0.6706557434538136
0 0.24829778577322545 0.7945602004942687
0 0.27090040845391544 0.799305701514949
0 0.10664591565728188 0.6823261178058126
0 0.2147328123126341 0.7740766146908635
0 0.025960055949247402 0.5854608020704726
0 0.3484798734602721 0.8300812204246936
0 0.2881783491567425 0.70250820627679
0 0.206413593467163 0.6689143037018569
0 0.0770129865926245 0.6147832219367442
0 0.11399120902237685 0.6129490297125734
0 0.13189036828344283 0.6083562284060147
0 0.3232010596472284 0.7916985484568969
0 0.13585537753027419 0.7224977453117786
0 0.4011603846498158 0.8399640205113784
0 0.33558572958345 0.8288059602613035
0 0.3067173510789871 0.8177485948023588
0 0.14129172864815462 0.465071563584649
0 0.4457037290153296 0.8295994324528653
0 0.14835694343175576 0.6003596599983132
0 0.16206667960985846 0.5915304948454317
0 0.1706809782139633 0.5863806952600894
0 0.04425837860807129 0.5879062765966291
0 0.14583670793344145 0.5753703103441259
0 0.12291007869593475 0.5752535409901454
0 0.10173781353818334 0.580416980644931
0 0.0870663226460633 0.5884174856802692
0 0.08271426415961722 0.5955611526318219
0 0.022578016976299492 0.5685044000978056
0 0.10141114639523237 0.6124399616018585
0 0.31590833644504135 0.7109759268553361
0 0.2649991340611292 0.736265513430471
0 0.24598868004977703 0.7027028621538826
0 0.29130851930898166 0.7219876757782439
0 0.20922438006686128 0.5513852841828181
0 0.28349613268738205 0.8100844642390376
0 0.3155342693562093 0.820001450828884
0 0.3863953392466773 0.8339559325057527
0 0.24038324019183283 0.7731686349796212
0 0.16406617613266344 0.5800463678720205
0 0.2128656091897384 0.6272447203164515
0 0.4305367275424626 0.8237981209936349
0 0.3659347148369188 0.8377683837128722
0 0.1417077801635732 0.7144916461213775
0 0.34628124810431316 0.7752938613943432
0 0.34449518342380936 0.7810225524332213
0 0.34424588084220886 0.7879457337052925
0 0.3463708023014276 0.7953332989112191
0 0.33605474751928577 0.7893646117137826
0 0.3227665727229222 0.7784544899411824
0 0.31711877105028735 0.7795031522927077
0 0.31187052903291973 0.7797296810409297
0 0.2603059167285328 0.7640397681490235
0 0.1601514915895203 0.7336701362677243
0 0.20421255282733752 0.60354131842437
0 0.16956441889962423 0.5666317048928012
0 0.16479957330486047 0.5713653442328391
0 0.32776360634876334 0.7768133651303208
0 0.1963305381005225 0.7627385055241378
0 0.17672915092628935 0.5642522897409357
0 0.33740172114061273 0.802425927830779
0 0.24172360952133717 0.6299346801379453
0 0.21737745379948098 0.6164868148124736
0 0.23290706863221916 0.6068862778337105
0 0.21992323847244616 0.6593478841626126
0 0.4154287495690843 0.8110186190708824
0 0.40062004036229587 0.7942967917608178
0 0.3699595212288525 0.8024456800326057
0 0.27648007270434627 0.7916118735852449
0 0.2242236325274343 0.7098961168009302
0 0.306484823398616 0.7990554148736208
0 0.17984981089830399 0.7188057410976161
0 0.2208443862264571 0.7313715946415197
0 0.1906735281581464 0.7448333072273627
0 0.376165932773248 0.8205959161338598
0 0.22062214237192404 0.6687591867602389
0 0.27107874320253084 0.8008677139230397
0 0.3060503364743098 0.8093635779360067
0 0.24735474950917388 0.7801796997370927
0 0.1658176909322324 0.7445078102790791
0 0.22826285514494646 0.7806690847096236
0 0.17637538731746052 0.7446379607138427
0 0.2283539188944775 0.7550303468885629
0 0.21225284412503242 0.6392005001721175
0 0.2397451146465281 0.7008369006540465
0 0.2373527759767097 0.7038401676908783
0 0.2344072618238304 0.6913189983238345
0 0.13450672453188378 0.5541512830749802
0 0.09013448793279089 0.5539196608831053
0 0.06017645788581475 0.5625641671211823
0 0.044647314788206764 0.5731940113655899
0 0.04415099282303582 0.5833165140903515
0 0.07938615394675214 0.6077949827132018
0 0.07535027121396168 0.6491656931846038
0 0.1062788113789714 0.6346177130937576
0 0.12497503318540427 0.6369369392809661
0 0.14824200988463734 0.6291709053127662
0 0.16856232139727342 0.6168050255464471
0 0.18112089177188667 0.6058147208846134
0 0.18788474328492 0.5974255601996961
0 0.09343019937691481 0.6273662032640499
0 0.24421123868745306 0.7057067507634992
0 0.22008328876741554 0.648134193148302
0 0.24849348037463168 0.7010914347094038
0 0.26845438632628194 0.7023740846825682
0 0.25401702701397566 0.7009776178261508
0 0.2548475072759649 0.707742159910824
0 0.2720665565651396 0.7038226600574411
0 0.2812158782844958 0.7034973012364429
0 0.17991415557006132 0.5825413782959399
0 0.18909912159585435 0.58521793977074
0 0.19175063154619673 0.5898540785131248
0 0.08255596871933212 0.6000685567441194
0 0.06559163753105246 0.5947670933992967
0 0.2634292750254921 0.6233999818563462
0 0.399452552523302 0.47477543703887776
0 0.31687471416333446 0.6863208970297938
0 0.46223563004447066 0.3468605233275372
0 0.3371455500955167 0.525147902706395
0 0.3616390570026377 0.5171221894414528
0 0.3859579464339692 0.5063160429830137
0 0.4128974565993185 0.47593826159186986
0 0.31611729623830837 0.5287813409515049
0 0.3354607763821664 0.4468596191185972
0 0.3096531663575898 0.46251655412109
0 0.3644714679407037 0.43860062613435413
0 0.38789926858051965 0.43936167294564454
0 0.4427241744554561 0.48072304255936454
0 0.4931088828522226 0.76246287252592
0 0.40591962603123294 0.461654104616331
0 0.5293452357468398 0.4198631246128808
0 0.46595248774341913 0.44891108556286147
0 0.4043276520526927 0.6064193385450737
0 0.3708981231826803 0.7218861867552219
0 0.3814268361615098 0.738001359027365
0 0.4032585870312608 0.7175941576128421
0 0.4273355329490226 0.7175346938164338
0 0.40370239544173947 0.731153940571391
0 0.42336491948884464 0.7271672072617904
0 0.47015538358170056 0.7144781096473984
0 0.2964606971844383 0.6870376049824383
0 0.2863401294402454 0.67096097022295
0 0.4101489390368047 0.40479961896072264
0 0.3278688221522 0.5797169342961
0 0.35781611550761305 0.6484766797527023
0 0.35461918539975 0.6355912342019703
0 0.478883540176827 0.5678347762836062
0 0.27352110466555407 0.646649808274663
0 0.3323930639611638 0.41076556087835975
0 0.37321898454557295 0.4016785984130009
0 0.40608077075170435 0.33678524286850636
0 0.23741059183426524 0.4820128578854644
0 0.29338322928094346 0.4830807199296744
0 0.4756893272633138 0.6956145151801731
0 0.629730962054885 0.5749207750934622
0 0.34901893462823785 0.6649853421294171
0 0.3355714643131132 0.6779099122337673
0 0.4605647064745426 0.7220078768937485
0 0.45487169370703073 0.7238013215686964
0 0.38128984427970386 0.38168993993945743
0 0.36597067992324417 0.6526160782446032
0 0.287468651957486 0.43501881296220035
0 0.28159579488894215 0.41846035569906237
0 0.2615284466225168 0.3603870348761911
0 0.39174881593688676 0.37284865411727325
0 0.26652023455371027 0.405436403012794
0 0.4239599095738452 0.38763923751919166
0 0.442697417638872 0.37827842044441595
0 0.37658490904647374 0.7303935153328854
0 0.40334670715357945 0.7247609954165376
0 0.42513879453358444 0.72240513096685
0 0.34681230864447093 0.6696500386880792
0 0.45772674793134566 0.7229654097686643
0 0.45088466386432235 0.7311597073855607
0 0.45243610636047693 0.7245277674949687
0 0.32970036209925363 0.6699997769749683
0 0.4220950839960057 0.7301067976200062
0 0.4037755332563234 0.7352069059143895
0 0.3843515562298505 0.742684909960498
0 0.4151411043561023 0.767882123913454
0 0.4119412306210269 0.7715063421622567
0 0.40485022136050725 0.7648951213644899
0 0.39874528947731724 0.7588140676202981
0 0.39425040846285614 0.7545795684923297
0 0.42869111101912416 0.737710428432278
0 0.43408613813960034 0.7385699945299522
0 0.4410363816372726 0.7404342294387195
0 0.4477279255895511 0.7429858202519624
0 0.42235510439976404 0.68394403723271
0 0.6006510575180468 0.4733120820444563
0 0.4408176852309186 0.7315141074683356
0 0.445306867685007 0.7312507332667061
0 0.3335012263901856 0.6876290660189546
0 0.36856552504974865 0.6639439314603806
0 0.33448568099866743 0.6830789805754371
0 0.35943228006362915 0.5784871180096398
0 0.40630765647991846 0.574390504444423
0 0.3653547447984633 0.6391664517962414
0 0.34129304536010907 0.33963097573622414
0 0.33442816705159517 0.3800708809624547
0 0.33334883707373036 0.39175808957737424
0 0.45754095976767334 0.7316575181225072
0 0.22699490659262822 0.4540516133541646
0 0.20579129935282728 0.4349832106543624
0 0.1878439098920511 0.38744905351296716
0 0.4054759685759959 0.49149103135518407
0 0.48033701272114465 0.4828340591295906
0 0.30162815927811293 0.5299012079187061
0 0.4190925087617791 0.4370884949422401
0 0.30241412661321787 0.5774258860751339
0 0.3363223534239375 0.6530243825005448
0 0.5235740281641483 0.4784691678441089
0 0.4674549830024657 0.5090418813669163
0 0.4354919088275536 0.5343306564442489
0 0.3836435761464679 0.5518341115311436
0 0.3455306986427825 0.5571491804135882
0 0.31697279733160266 0.5592476274008337
0 0.24894030788994354 0.5747281738597414
0 0.542295157585455 0.5208261761976325
0 0.43937270391894423 0.42396847472890564
0 0.30018181936896365 0.6948260155708893
0 0.33512452358137007 0.6024897208680278
0 0.5489164318727411 0.3963108167052269
0 0.2925922804228637 0.5590087017287378
0 0.371250603671955 0.6351648007398066
0 0.41516910655343015 0.45733186013024785
0 0.33158567985114845 0.6376044048563294
0 0.619693080044311 0.5201822785903578
0 0.3003304348043773 0.5217355544476405
0 0.3013521564881439 0.6404910234005555
0 0.5846432353491369 0.6695850498002508
0 0.608997486045827 0.6736516206808713
0 0.5811853036284447 0.4946919758034789
0 0.6017034419852755 0.6273576739041702
0 0.48610165375082387 0.39526241334236184
0 0.5143858732088752 0.7721350975658583
0 0.3055739783398483 0.6954742123899252
0 0.36609604825144226 0.6047029688954353
0 0.4938352417362773 0.4398396278853002
0 0.3768389289793761 0.4963586023644261
0 0.35590094635668007 0.5067897677745508
0 0.45654993860617926 0.7314556450947471
0 0.5607612858647886 0.5559741833935613
0 0.4931131473377995 0.8077492498185324
0 0.556800899622233 0.7496551926369253
0 0.5823711325293002 0.7175699162742366
0 0.3360824478061303 0.5130332074087599
0 0.31725455529015995 0.5173527929445971
0 0.3057370854784613 0.5207412624488706
0 0.4593928031947302 0.4086429934138837
0 0.3108338627802289 0.4956095553610636
0 0.32659615624857985 0.4787341995731644
0 0.34728619488685025 0.467779808005561
0 0.37053322662477906 0.4611850243547688
0 0.38663916970076767 0.4604641207858272
0 0.5075917929086996 0.36562594382659247
0 0.3905398531452469 0.485447807221309
0 0.39381897838219354 0.6850041296171105
0 0.3456954285502434 0.6640122699348823
0 0.34579015296438464 0.7003440970311994
0 0.564780695606833 0.708171114195948
0 0.5414696588464405 0.7397744989913443
0 0.47816057778570964 0.8024729601714922
0 0.6252237781882286 0.627417275827864
0 0.30296832104416 0.5129452203278956
0 0.2828894435711529 0.599044826367627
0 0.5278428537042245 0.7804777784192044
0 0.5990777265118516 0.5359011809463087
0 0.4124999159704084 0.7454818148327911
0 0.4184420048866583 0.7479162737079289
0 0.42516279641700827 0.7520299805247266
0 0.4324274042054363 0.7574362479474234
0 0.4394313122915185 0.7499843844900961
0 0.44120718749321025 0.7245467254649038
0 0.44442408143178275 0.7216523717926896
0 0.4471938459445601 0.7184706097711687
0 0.45067306235432625 0.6879849509700485
0 0.5257214419543743 0.5905108046920403
0 0.27472040632172773 0.5751452837301337
0 0.2682528610786666 0.5167617290240267
0 0.28663662440426974 0.5103242205536884
0 0.4382306897769804 0.7266422545132429
0 0.5635229365333266 0.6211557933169862
0 0.24136837409890216 0.5312992632389069
0 0.4676023907959461 0.754803092972092
0 0.25719095531689085 0.6004279639409936
0 0.3185321649779444 0.6200513275421184
0 0.43616301809316094 0.778581428916558
0 0.5031777861649576 0.7061177139696868
0 0.40224730012857396 0.638838123238605
0 0.49055732414126396 0.7306592376983684
0 0.4555931465457315 0.6103056533181149
0 0.43533831186916516 0.6467645920489146
0 0.4976135382185812 0.6252641131696494
0 0.4587566778063774 0.7916794868914977
0 0.3416285433846971 0.6200362716679988
0 0.5381446432160295 0.7025495063351548
0 0.517453510152257 0.7329337451768958
0 0.5057548563117567 0.6807894517546115
0 0.5755382944708285 0.5851171759159669
0 0.5434874020840811 0.6608829272182092
0 0.608989749589692 0.5780392402864021
0 0.4696199453395346 0.6604532132330148
0 0.3092264158894186 0.6003165988170582
0 0.33384340418421704 0.6649673165186591
0 0.3541293733793756 0.6582515678975893
0 0.3115981491687505 0.6615913475337236
0 0.27228670591569465 0.48665248434180797
0 0.3008168692012196 0.45460080744131753
0 0.33370429892902786 0.43576457944253216
0 0.36652993135478185 0.4266829694094865
0 0.3950596795133922 0.4263016517719497
0 0.43706342837084894 0.4547778520895087
0 0.559362761028435 0.45546771155103394
0 0.43212243687847385 0.4976832602982936
0 0.40810930728912354 0.5175791490337123
0 0.3731824533770914 0.531775975032993
0 0.34031678007348726 0.5395095490891001
0 0.31557529144313023 0.5430504938506562
0 0.2970007395614748 0.5448917996300303
0 0.5768686630155729 0.43254174181948535
0 0.35853379446527234 0.660616825002691
0 0.28995594147430814 0.6202293736131295
0 0.31414433009922504 0.6764989420123723
0 0.3131103433020737 0.6858347235166509
0 0.3196550078042176 0.6765311947335367
0 0.3578482312352761 0.6668503022064334
0 0.30783789183782495 0.6903162287629169
0 0.3128080743000559 0.6912359492934268
0 0.2905433271890101 0.5274498284510944
0 0.2781486187292182 0.5404322393562483
0 0.26883196312448254 0.5513821763188943
0 0.397153126804725 0.46105858609080314
0 0.4054950266752554 0.4446266188893629
0 0.12801232812521252 0.5876622402149698
0 0.15165754205182844 0.577399348370407
0 0.11692483544997546 0.5708487654509752
0 0.10448793500013974 0.5978311709735704
0 0.1389210709249196 0.6044000212265097
0 0.3534906062742938 0.4826965534168741
0 0.3774830172567264 0.47243348891320436
0 0.34051151233522786 0.4655427502873151
0 0.32969722977798915 0.49275581111078676
0 0.36656668895612593 0.4998106276859408
