0 0.4372036275656327 0.4433314579984416
0 0.40307290171799454 0.39989282385162683
0 0.41120047122240067 0.40824559784453845
0 0.3609594505118287 0.37089951919472736
0 0.3945609235569187 0.39005326965580817
0 0.38339832279345265 0.3763138029886329
0 0.3559937535420708 0.3421491170706956
0 0.24526856847755288 0.3774680514698443
0 0.3378409382927677 0.3210971167554026
0 0.327368652852981 0.30934104647325433
0 0.2867281206923982 0.2610259276369344
0 0.43979348258479783 0.44692882701106695
0 0.44194315163337666 0.45019097950147546
0 0.4434705846335577 0.4522233015817145
0 0.4431728108421616 0.4515692649976067
0 0.44575006385212357 0.4545964974424113
0 0.44879690752081247 0.4582826087008352
0 0.452032118063906 0.4622835607632347
0 0.46476235823786777 0.4697489602410275
0 0.4073577111829882 0.4043858614952668
0 0.39012438463776006 0.4095728481593339
0 0.15824083003984846 0.3597770618355792
0 0.2928282827462839 0.3702975006207176
0 0.27901471195661504 0.3766448245100353
0 0.2644278547200172 0.3816580901975217
0 0.2414145645402048 0.38318904975186224
0 0.30358259736195853 0.3635328580503878
0 0.25052513813842897 0.3549857116911722
0 0.26817886328891566 0.34960018163142
0 0.2366151256567758 0.36209903074347455
0 0.2295628328524206 0.3689129106376482
0 0.23241128173211348 0.39408301140951074
0 0.4145152102346006 0.5065480826989465
0 0.23773787308322347 0.3770893028248911
0 0.1823170317903809 0.40445890245230304
0 0.2086324273892071 0.3944897586884706
0 0.3137225403409937 0.41707156792930933
0 0.4153774529695511 0.44770077907520794
0 0.42380251200950664 0.45573439740616345
0 0.3990060849034268 0.45684631233629974
0 0.3878616765141487 0.4645346701145172
0 0.4086259660189566 0.4610758080430653
0 0.39616343168460805 0.46606284898260364
0 0.3727728392442931 0.4798122158517008
0 0.3885569663151451 0.4045589112717172
0 0.37810904791821603 0.39594436922798987
0 0.20247893578008466 0.3707431775072347
0 0.32558619498234725 0.37974871759829315
0 0.34579329565167427 0.41452187040577765
0 0.3402347357376762 0.4091233598149341
0 0.2666140506448953 0.4318598327429398
0 0.36876454755015997 0.3827516909526742
0 0.23324421453087227 0.3492653606378514
0 0.21322248025756815 0.3595746230819951
0 0.1577394027262926 0.3393227532505989
0 0.30826470174867177 0.3343144376640734
0 0.28584443243301433 0.3476000292145688
0 0.35260049674821936 0.4754583084064981
0 0.2693401589665724 0.4931618351003398
0 0.3630642229286225 0.41559351332809613
0 0.37922456261256465 0.41371137227701105
0 0.37437790567460266 0.4755523723104726
0 0.37831750220578647 0.4741363797498786
0 0.19967538353217684 0.35654832552308624
0 0.34862603149984195 0.41878928891990497
0 0.2645370879251024 0.3405245970124784
0 0.25564115907510987 0.33396986029718234
0 0.199683863831603 0.2979678479225739
0 0.1763382153990476 0.3471150631489961
0 0.22456430433237035 0.31418083089849225
0 0.1888178366681804 0.3695498316184334
0 0.17268470658556276 0.36441423970720044
0 0.4197980103933293 0.45241267590419104
0 0.40407834623170935 0.459162623985954
0 0.39211013281474943 0.4653092110934465
0 0.36854996596989426 0.4159061727316483
0 0.37650584494290146 0.47480578202268353
0 0.38622117285495217 0.47323443060335907
0 0.38024314606319304 0.4734402013861615
0 0.3691338590629723 0.40997868452383124
0 0.3992397432094035 0.46652262107185694
0 0.4117661087733248 0.46215850179610046
0 0.4266530612240667 0.4574251025915146
0 0.44210381935472076 0.4769491637530534
0 0.4325558549684027 0.4679449420908223
0 0.4295620092231294 0.46383853969366656
0 0.4275190308690071 0.46006876813328784
0 0.4266714746861354 0.45668361821900244
0 0.3999178197396838 0.466294940399087
0 0.3984448375261348 0.46843801050082495
0 0.39726479675458826 0.4710559307233147
0 0.39685695278255834 0.4738455822934275
0 0.35719942471579363 0.45145027080307837
0 0.2152648900999971 0.4471318650504817
0 0.40927226906237396 0.4061342898918235
0 0.39032822766381764 0.4699793496857519
0 0.38832084445849707 0.4715363901594411
0 0.38808115361177403 0.41567364982936694
0 0.35978166799506417 0.42249999486881756
0 0.3837299546145875 0.41470405329828675
0 0.31382651481291524 0.3913413027058477
0 0.29395943151220033 0.40729644894599915
0 0.3412249251876188 0.41423378172128095
0 0.1696961195734532 0.3189559164254562
0 0.19193236481236375 0.33051789001278253
0 0.22189329426897608 0.3436650465364042
0 0.3927591520807017 0.48099060356616974
0 0.29390862867560075 0.3242452011808105
0 0.2619099953900213 0.29971795431945636
0 0.23760547302663326 0.2796082710442336
0 0.2510329454165438 0.3842584633308908
0 0.22058927057229955 0.4066143178421518
0 0.31002230302471184 0.35850123024505115
0 0.217220617701178 0.37823839744795923
0 0.33177973508186964 0.3694847012343614
0 0.35340413540277793 0.4077027887105942
0 0.20772116631269455 0.41987289358740265
0 0.23784279507463393 0.40937853572161303
0 0.26117805237679376 0.4059773489185002
0 0.2887641505702682 0.3941198555023774
0 0.3064325780648252 0.38255279997120734
0 0.3185060924809912 0.3727676129859427
0 0.3424721766749154 0.34989831434643787
0 0.22662462229314057 0.4402087952779687
0 0.20336254507951115 0.38180551451185474
0 0.3981279238410618 0.4071813860665197
0 0.3343177134090144 0.39000326524610107
0 0.17946713004747164 0.4034139397351638
0 0.32679230833183165 0.36398723656716553
0 0.34063143056371936 0.41472088124441064
0 0.23145856667795908 0.3801836792541587
0 0.34723278305128863 0.40102880610072095
0 0.2383135859247135 0.4704331528881322
0 0.3069644839219425 0.35540637438711914
0 0.3568665927033062 0.3909422023140866
0 0.32203828721590666 0.5079914746077164
0 0.3322183734372906 0.5187826467596967
0 0.21432142915285152 0.44670872131119604
0 0.2917349084239939 0.5001349811968596
0 0.17617592110258082 0.38251967145049054
0 0.4186402994977391 0.5189702951389811
0 0.4017853490684343 0.4083227858595226
0 0.32593894069609436 0.40239184576532117
0 0.19520178080900855 0.40067489186058874
0 0.26187678483193333 0.37532951196898584
0 0.274616673912691 0.37127884315407794
0 0.3844775790753572 0.4751600798057473
0 0.2455249040832986 0.45954257120256836
0 0.46285639120184857 0.5223471029945042
0 0.39814804283821065 0.5264043160106825
0 0.3679478015426708 0.5243444028108016
0 0.30588987048553384 0.28409555554389954
0 0.5018248988882356 0.5112665477006332
0 0.28606574140165164 0.36601639441821887
0 0.2966543980266737 0.3604071749293286
0 0.30381950881818065 0.3571492653826009
0 0.18938543242604836 0.38344839668792224
0 0.2875776666661967 0.35413456999737286
0 0.2725711688399315 0.3564462072175482
0 0.25947019587392395 0.36081023060757184
0 0.24824834355841513 0.3667409789303075
0 0.2425644268160281 0.37148892879486084
0 0.16520958320926066 0.37973574905291846
0 0.25241731876588386 0.3769828696613726
0 0.4185963661774345 0.41712751725445624
0 0.3671013507992029 0.44014201086500415
0 0.36176728983612166 0.41412241044251813
0 0.39540497391768126 0.42603944889877154
0 0.34660277734308137 0.33075544691604114
0 0.3547718639930953 0.5142257731893788
0 0.3854829604211061 0.5173521754534348
0 0.4554295755274918 0.5152486821879512
0 0.3016383189546025 0.5090789626473966
0 0.3003257833745169 0.3544311925120976
0 0.34476441582259926 0.36964521395123523
0 0.4943050999680291 0.504070371389389
0 0.4292901658817478 0.5264222945856012
0 0.23635820574734523 0.4675530810718951
0 0.41204897492476134 0.4616161481193874
0 0.4112911488374938 0.46468420391497406
0 0.41195011705808016 0.46793631237486133
0 0.41385548399842303 0.47168498907400214
0 0.4157238660947136 0.48063915838365967
0 0.38638300918366597 0.47032839772493945
0 0.3829849516244038 0.4705814162026281
0 0.3796779822720134 0.47061392146608105
0 0.3519188670198555 0.4639353123695954
0 0.27140808866723726 0.45792109551637067
0 0.33687799002813257 0.35885219599889673
0 0.3144895731592956 0.3457235933645912
0 0.3045705127651277 0.3496139292483744
0 0.38998421492136043 0.4698716700077057
0 0.28772904869654903 0.4833971197190492
0 0.3291875112639821 0.3416890333528104
0 0.4144711189943811 0.49321488388206647
0 0.3739413518620574 0.36445096394290094
0 0.35175433026059816 0.36087886082089465
0 0.3651949415874222 0.3535049603037212
0 0.34562950111601665 0.38969202015710913
0 0.48473891162354016 0.49306959302529046
0 0.4739838074082914 0.4804864124111507
0 0.44572883941557095 0.48922620519347815
0 0.35948150961295416 0.4889373733945515
0 0.3343877666832312 0.4273319166639577
0 0.38607629712509073 0.49311379634815716
0 0.29890778887531033 0.43771037265010504
0 0.3292099990598533 0.44263830003531085
0 0.2984359241698099 0.4588282224924668
0 0.4498013729310554 0.5033709808536198
0 0.33991412672659627 0.3985130760980689
0 0.3511936198110166 0.5011270389608715
0 0.3827489876876707 0.5049229873263318
0 0.336254648540331 0.48120649029379303
0 0.26307249125903065 0.4756106468646423
0 0.3165856126047995 0.48874778332917584
0 0.2606715242499891 0.4858396169931992
0 0.3280652849732534 0.46071165800094604
0 0.3397084834135097 0.37948961037656537
0 0.36258343574793445 0.4102664855511292
0 0.3538426947982415 0.41600953755171405
0 0.36448215425986313 0.40179143327733746
0 0.29718241905388626 0.34299530866353406
0 0.2677522268470215 0.34649867370076803
0 0.24471215344965458 0.353103822340136
0 0.22791039044766323 0.3612516645504081
0 0.21843885930012102 0.3696851503589879
0 0.22181297620029553 0.3869139947321104
0 0.19579323826600675 0.4259527921676636
0 0.24473137230328892 0.39502930770749634
0 0.2625682687629824 0.39233345635559247
0 0.2826446749107993 0.38489898002665973
0 0.2994314355208822 0.37575896019520966
0 0.31153673921590264 0.3675363750561424
0 0.3194735730471818 0.361194948139398
0 0.1967884969452153 0.42506364376648614
0 0.35623728184272413 0.4183115622271662
0 0.3519876095587793 0.379536258785621
0 0.3749217818612638 0.4072141550157381
0 0.3877481636793717 0.40856566442095715
0 0.37626211134635884 0.4084592552288719
0 0.36349308604131575 0.41947813202505524
0 0.39204645950509154 0.40840788444747095
0 0.3954461278474849 0.4096340951712235
0 0.3129328460149143 0.3540954486183498
0 0.32355564492552175 0.35375301669473236
0 0.3304175652725541 0.35412783402463666
0 0.23982003136821414 0.37458225048106647
0 0.2266015186096015 0.37514438059019006
0 0.3894500034334867 0.36067618235297827
0 0.46476899087429047 0.29566817244757776
0 0.4243320806518845 0.3973380683556847
0 0.4967139787648035 0.23838655099920605
0 0.42648118118877 0.31907256141952844
0 0.4423334033268949 0.31497062969466916
0 0.4575810764470826 0.3097225038901619
0 0.4739307463169098 0.2964782151191131
0 0.4123544867919839 0.3211457188362661
0 0.43203964635081915 0.28546083653750626
0 0.4148704352910104 0.29240503712840704
0 0.4494827852948852 0.28158660945685016
0 0.4623152944056884 0.28151071589926013
0 0.4928316755787186 0.2978567403295766
0 0.5409734984454901 0.46194642652635987
0 0.4689572481033595 0.29047967558321747
0 0.5423110169561013 0.27621686458587646
0 0.5063920059929723 0.2836872501217801
0 0.4779982579791028 0.3583344849555389
0 0.45551033577193384 0.43433538662350696
0 0.4597689305310664 0.4438423611547636
0 0.4765535750142906 0.4312246137339136
0 0.49129192482518114 0.43044034035309503
0 0.4752461244554623 0.4391097050646077
0 0.4877734691228556 0.4358290705991828
0 0.5252678575723068 0.42499877706817957
0 0.41708377764924714 0.39437507935192273
0 0.4112131679835527 0.384140164307926
0 0.4791355340377144 0.2675017623797707
0 0.42306392056786496 0.34463225790987845
0 0.4551464882881745 0.37541638444299286
0 0.451385467596676 0.3693540089804193
0 0.5246464742914491 0.33970544519631757
0 0.3997935683506986 0.3716348429089007
0 0.4338393017001774 0.2730824079202569
0 0.45863437069498975 0.26757637346568314
0 0.4674135809359343 0.22787395087273224
0 0.37068624340969586 0.30674570734086243
0 0.40235373442587646 0.3013891707295957
0 0.5298913420866365 0.4117187948330589
0 0.610513122347386 0.3727991114492002
0 0.4473967579719813 0.3854485491047735
0 0.4365497759502867 0.3933744877576828
0 0.5107614289483299 0.430634556905083
0 0.5068114728707335 0.4318932489208553
0 0.4620684971627982 0.2578816187122594
0 0.45960630460277846 0.37926022773203644
0 0.4045523586480514 0.2853738322206166
0 0.4008522950436758 0.2767557543904885
0 0.3847940190006857 0.23116369448278262
0 0.4648877466502397 0.24221462108518765
0 0.39050102363462036 0.2534062120577563
0 0.4851084758082162 0.25861284331135126
0 0.49224560319081595 0.24907040304463843
0 0.4583560526371002 0.4396027255317439
0 0.4760781413187151 0.4354108649751414
0 0.48958364193854126 0.4331735391979632
0 0.44500310265499615 0.3886454992968103
0 0.5087969683758591 0.43130527760671533
0 0.5025561312618463 0.43516218532686646
0 0.5047476175038711 0.43251341386981634
0 0.4359177172831867 0.38603678410467895
0 0.48614086145940033 0.43771703670854156
0 0.4741826601650404 0.44152334073315497
0 0.45983108780954196 0.44645419263321423
0 0.4861345446628073 0.4611808268920235
0 0.47138624589728273 0.45544554163580353
0 0.4672280566199966 0.4515857333722322
0 0.4632350831576016 0.44843557541785034
0 0.4592159265733283 0.4460738379022349
0 0.4857899002406908 0.4382269570361013
0 0.4902379988976147 0.438482852085777
0 0.4947143020513265 0.43932225976301276
0 0.4989746970974881 0.4406201450721077
0 0.4960790143712707 0.4016376565331998
0 0.5819980286709641 0.31774169141831604
0 0.49516775329475815 0.43565158610758575
0 0.4988680379870145 0.43534973782041797
0 0.4341697964979255 0.39948073094305786
0 0.4587590958437194 0.3873857285665429
0 0.4353578596011452 0.39650302347929584
0 0.44480349188265594 0.34425098027872003
0 0.4768628137915031 0.34180419211802276
0 0.45790724423916446 0.3726090179837268
0 0.4316395404546157 0.22446775404007538
0 0.4321062569708928 0.24275371464698212
0 0.43293786324236705 0.2633924594391947
0 0.5165521311371223 0.43656662365664606
0 0.36549195736322715 0.29285366250121075
0 0.35042213365111663 0.26742812213690387
0 0.33832872132568254 0.2433069153972294
0 0.46928764814915863 0.30324029274608777
0 0.5159150190327478 0.29809868400511536
0 0.4028193455027497 0.32186854144801263
0 0.48080408427378407 0.27970891510662826
0 0.40610385864325194 0.34258298802634946
0 0.44146358043603273 0.3762115648259287
0 0.5457499441893204 0.2995682527189669
0 0.509874076946922 0.31044617748778797
0 0.4919041803349619 0.32269773729469464
0 0.4599488960660022 0.3319517772482789
0 0.43475826926853345 0.33518534380456677
0 0.41569550367801084 0.3364582748516746
0 0.3736564959196941 0.3385729627764743
0 0.5608500569410946 0.3214142108741014
0 0.4929297754298086 0.27368270055107446
0 0.41594880722139194 0.400813278944596
0 0.43090540235457214 0.3552952188512553
0 0.545184590894243 0.27353212399327237
0 0.3998546517737534 0.33626796564330225
0 0.4593291235682757 0.37237685465294385
0 0.4758926170027774 0.28847635893718054
0 0.4365587458014488 0.3690697796966719
0 0.5990654761376588 0.3432642561586007
0 0.40109012243540393 0.3179483970870142
0 0.4174876736234064 0.36927957768025604
0 0.5960388146340847 0.4113154994404834
0 0.6070172491928806 0.4219525592482608
0 0.5793640192436136 0.3172644321685252
0 0.6035579818746318 0.3897926042909208
0 0.5160305216584516 0.2607947830920634
0 0.5556916345072829 0.47095714444699494
0 0.4161990155344424 0.4031331383663675
0 0.45192953328723495 0.3572519110596698
0 0.521801325937976 0.27917256627393805
0 0.4513306693862314 0.3044913378746613
0 0.4383113726001719 0.30930659952371015
0 0.5060592371484508 0.4352743236914925
0 0.5752709877231846 0.342255430377048
0 0.5378243858399598 0.496192111917164
0 0.5795894025460534 0.46275853074115253
0 0.5940645946108777 0.4448890737865282
0 0.4252128000168697 0.31252844404915103
0 0.4125073532695356 0.3151056727637415
0 0.4047528221879316 0.31721149125824805
0 0.5025231575836306 0.26606517835803656
0 0.4098671217975409 0.306081794526266
0 0.4211516683192357 0.2987460565307866
0 0.43470479758537334 0.2938062513004179
0 0.44907254094015 0.2907978004735449
0 0.45863999264395755 0.2902400811081347
0 0.5211758683233157 0.25268800394690555
0 0.45942943429817323 0.29988411230885464
0 0.4763123049684193 0.40114509152329486
0 0.44587848432686017 0.3840201153703358
0 0.44286423532859137 0.40917099105275195
0 0.5856370088522849 0.43313266790431476
0 0.5721543434521427 0.4519119126641232
0 0.5303774195844713 0.489067897848461
0 0.6123173573742742 0.399390886011331
0 0.4034863676389922 0.3136264675337335
0 0.39794107299783954 0.35049544274806976
0 0.5619029405972232 0.4800147504910179
0 0.593894451694644 0.3409093505014544
0 0.47361793854962225 0.4415564213110053
0 0.47858246691201045 0.44272879219573474
0 0.4829661342436853 0.44482475843118585
0 0.4875258822803912 0.44780901009621826
0 0.5043659250697364 0.44878865065781964
0 0.4978253559573837 0.4335479490135027
0 0.5001536324296308 0.43189562209274457
0 0.5021376119035742 0.4301446766956993
0 0.5147796695970971 0.40535756751247076
0 0.556580597291822 0.3561777990797292
0 0.388987487586944 0.3400007972250814
0 0.38331453048664593 0.3172171005736227
0 0.3945347720190235 0.3133782433426898
0 0.4951710064450036 0.4351118932599607
0 0.5816543949363024 0.3788557577392329
0 0.3684591936028522 0.32440723608369415
0 0.522546897439853 0.45476669461830804
0 0.38217921263497806 0.34993374412474426
0 0.4233669057164503 0.361867658469988
0 0.5006291292931723 0.4696903021439262
0 0.5460601620700049 0.4227149227391119
0 0.47933508164208866 0.37569819261198456
0 0.53749919715135 0.4393372898516448
0 0.5130982330959776 0.3611446800439254
0 0.501788135132064 0.3810873303724372
0 0.541244267931451 0.37220112007597217
0 0.5173806737622489 0.47956708397554315
0 0.438341187880091 0.3632338863352071
0 0.5685640657725541 0.42439206009325775
0 0.556084791927234 0.4437977263460989
0 0.5482244860866795 0.40580434708491614
0 0.5864917661832727 0.3606392184029455
0 0.5710554103488508 0.39836534015510394
0 0.6035720999150173 0.36444573817045794
0 0.5254142809173336 0.3903001754180245
0 0.41395491037679755 0.35279165435096493
0 0.43971550173085666 0.38262749495713605
0 0.45262277012933855 0.3806986575541289
0 0.42690636476744775 0.37948989803376404
0 0.3895180985007597 0.30539510885010596
0 0.41071862597828324 0.29081124844758405
0 0.43269738279606984 0.2816500498548798
0 0.4530098950085433 0.2767425101736318
0 0.4690113830501619 0.2759669384230738
0 0.48944704121221666 0.28691581863424054
0 0.5627816701712816 0.2956239930961443
0 0.4869234493893126 0.3059828404499137
0 0.47270355065879616 0.31521184224149457
0 0.4511298584225385 0.3223601236291554
0 0.42975890377293463 0.3264932421886403
0 0.41291674485673074 0.3285633432476417
0 0.4005665231658065 0.32948929978453595
0 0.5636836771407853 0.2953004147047582
0 0.45461404550334683 0.3831923817810805
0 0.40600610621597455 0.3601501532222914
0 0.42820118173308996 0.38817266277644946
0 0.4236951896353908 0.3957633369642755
0 0.4296498442797557 0.3893680222656416
0 0.4524765994561755 0.38778413378674054
0 0.42096683885092323 0.3980821416429851
0 0.421421111277912 0.4003192037343979
0 0.3958344845020253 0.32091027141913125
0 0.3886339680656143 0.32755178472270136
0 0.3846961086534936 0.3326759662317193
0 0.4644626578235108 0.2903630066177119
0 0.4719081396318 0.2832058438140413
0 0.2652047417410042 0.3659855911265249
0 0.2806933374832506 0.3601649196251579
0 0.2577662084089673 0.35780416493830475
0 0.24951906194505485 0.37184466486391815
0 0.2724861763417721 0.3742057551508364
0 0.43663720041513443 0.3006313857824906
0 0.45206682886118477 0.2953595402448074
0 0.42998684537799464 0.29252113077951514
0 0.42107210826614627 0.3058108334308085
0 0.44321784960187 0.3086401457371919
