0 0.4843449240495384 0.47755229105802477
0 0.4458367004676207 0.4332280893619655
0 0.45961505048888646 0.44624584796381933
0 0.39628333909602104 0.39391196007822077
0 0.43445776258339863 0.4193914270534569
0 0.4211595086105765 0.4012652678983886
0 0.39051062686030874 0.3574410920717469
0 0.25595466484500384 0.3957792043018074
0 0.3638007964011486 0.32214308920360746
0 0.3493969502076821 0.30393907937015135
0 0.302999477849228 0.24145763294369565
0 0.4893029304496347 0.4836541277353837
0 0.4950384829617754 0.49016303308203774
0 0.4994528238280413 0.49453014619544106
0 0.49941578469698944 0.49465474895402495
0 0.504043953328193 0.5008295397130715
0 0.5098022805990549 0.5082651780766934
0 0.5164958200877225 0.5163626123209294
0 0.5313666349724878 0.5300675613873479
0 0.4525076030175897 0.44005951894765477
0 0.43633797224060894 0.44553214294903754
0 0.15731964835637732 0.37145319839819474
0 0.31823747972898847 0.3903808627141958
0 0.300694713612649 0.39803103973217707
0 0.28261703353390916 0.4037850617694588
0 0.2533678174773349 0.4035350748804771
0 0.33158779521531695 0.38182103867624323
0 0.25499821111622745 0.3584256205572134
0 0.27868428750883173 0.35221846798220935
0 0.23741861259886987 0.368442885348109
0 0.23023164297457988 0.3789560738063994
0 0.24610725196101998 0.41861216494349207
0 0.4775948094416268 0.5759514854067848
0 0.24637830949030848 0.39377311030689743
0 0.19393453492393978 0.43275166092132655
0 0.21773184930221945 0.41509625223838315
0 0.3490898699700078 0.45476944239533584
0 0.4603189317988947 0.48262737912624154
0 0.4757884024064752 0.4969856592119575
0 0.4432754531691346 0.4966306299054656
0 0.43445745248834794 0.5083380540211996
0 0.46052356007732925 0.5042265797195649
0 0.4490787097673376 0.5111594834581477
0 0.4309156157296418 0.5372887131880645
0 0.4299345783543486 0.43833901635071143
0 0.41654171093606746 0.4260556430709796
0 0.19472999763891163 0.3762743406269063
0 0.3607510977153537 0.40670929369138403
0 0.38907418044810554 0.4494530667109984
0 0.3824445549948809 0.4427559809858392
0 0.29273851876017415 0.47368819907265886
0 0.4051768479216451 0.4088377244666177
0 0.22110454643828958 0.3456354364961469
0 0.20151392983484873 0.35985995875019317
0 0.15329449400620118 0.34182955671091375
0 0.31377491908234384 0.3282665308116197
0 0.3032752901692934 0.35221894982816127
0 0.4068221778054781 0.5296842724669213
0 0.31646687144468605 0.5525865928799498
0 0.4097034087412468 0.4517632445701364
0 0.4273604104287514 0.450510262775154
0 0.4279018363872158 0.5245581868649865
0 0.432190829943001 0.5227051115169579
0 0.18500076542423746 0.3546383634668772
0 0.39457130432128906 0.45553716624818263
0 0.2563039696920773 0.3340061495617992
0 0.2436532975500646 0.32427170229893104
0 0.1999006086512457 0.2858832567011943
0 0.1713097243872373 0.35006022787227686
0 0.22657439917451722 0.30686470473847804
0 0.17993403625387683 0.3738938132587935
0 0.17059002822964503 0.37528184214893845
0 0.4677537362786788 0.49060213799570124
0 0.452009004631123 0.5008367804252133
0 0.44152996258393623 0.5099050951939003
0 0.4164922335479833 0.45256373394771116
0 0.4301272335183268 0.5236263749312285
0 0.43995268133622184 0.5227173790544355
0 0.43456598575608135 0.5216727109850288
0 0.41223528314743363 0.44464677054675017
0 0.4544555856708736 0.5118147158155254
0 0.4666391168465594 0.5062330644003817
0 0.4816892355806214 0.5004963888173678
0 0.5059724344482904 0.537778190537995
0 0.49287181438776007 0.5234907287843421
0 0.48709908492454496 0.5150969983482895
0 0.48317279921302314 0.5072088415215329
0 0.4814527019669738 0.5007200695219494
0 0.45411492903021317 0.5121232274533654
0 0.45236464919923225 0.5162705146298021
0 0.4509875170792205 0.521458094193488
0 0.4512604007238074 0.5271888053049895
0 0.40564724488600395 0.4980010518840715
0 0.24574464748177346 0.49131162360268815
0 0.45598356180553196 0.44304170261244147
0 0.4451263071615485 0.5165805890112698
0 0.44239984811106814 0.5195417798199907
0 0.4367474355275118 0.45387391215946826
0 0.40837358334396456 0.4610006221536161
0 0.43223196921972284 0.45222381116295396
0 0.34709544196913517 0.42193515694775835
0 0.3229559032474389 0.4423441459484795
0 0.3853297999388055 0.44981452931209104
0 0.16532892114502468 0.3134798636289538
0 0.18777840738558066 0.3272423867751904
0 0.20594360317861984 0.3374700098812413
0 0.45195087903662573 0.5406169143377566
0 0.2917854416219494 0.31202175870996895
0 0.2722077973281281 0.2904898342298192
0 0.24481481024484594 0.2632846294664869
0 0.26573756073094623 0.40615793169379566
0 0.23558617480696506 0.4355941613515218
0 0.33940308632226934 0.3749778624676189
0 0.2192707476736624 0.3912881135272713
0 0.3667017011451319 0.3930508362478903
0 0.3940425405773935 0.4406749794797069
0 0.22342105983178825 0.4547282901464724
0 0.2557342389464881 0.4418497459561217
0 0.28325786218361515 0.43905600312711146
0 0.31655700573941326 0.4237129601443849
0 0.3374720210767497 0.40847649627706917
0 0.3513393339225512 0.3952451106213054
0 0.3755297799150652 0.3668647617185149
0 0.24861590369341244 0.48271072545305355
0 0.2037425140539805 0.3944664996545188
0 0.4426397238602618 0.44284034309600917
0 0.37263304422676313 0.419558562484442
0 0.19391391360307042 0.43279888182461096
0 0.3597915258085677 0.3829109611965361
0 0.38555456716803055 0.45119609886190803
0 0.23902573188145956 0.3972930861454384
0 0.3872473760496212 0.4321635744484867
0 0.27744709439418486 0.5222009704226539
0 0.3358098771501694 0.369868758679772
0 0.3941973813726932 0.4191406067012071
0 0.37513701007838995 0.57349813418562
0 0.3901913150956359 0.5877058178770775
0 0.23869527392246553 0.49028190578065334
0 0.338939528676528 0.5625761710629076
0 0.18055097035717863 0.40228532275565865
0 0.48443664327452457 0.5912181102261156
0 0.448183672086096 0.44510621717330123
0 0.36401963736940535 0.4357304586415865
0 0.20606622854365578 0.4226123198073785
0 0.2769417083716091 0.39492102363864245
0 0.29330881801335623 0.39056513623363165
0 0.4382734477268493 0.5263184352415282
0 0.27512639471750217 0.5084159828367687
0 0.5352817572621856 0.5979275155802067
0 0.464308718085792 0.5991209047515186
0 0.4310080068272377 0.5955999131296196
0 0.32549680486510074 0.2726728899472234
0 0.5792827289315718 0.5866359114980831
0 0.3084108087583936 0.3842871262579739
0 0.3221392679315076 0.3771886758777608
0 0.3315851766348891 0.37277104707659126
0 0.18993439490785075 0.3960816472852263
0 0.30944821452289695 0.36441785681481453
0 0.28885516398566685 0.3653242481188948
0 0.2712332719488989 0.37035373011890915
0 0.2570973651067114 0.3784246498129281
0 0.2508047096085448 0.3853641431204745
0 0.17058177625579674 0.40020070089345555
0 0.26490714341276306 0.39614988709030363
0 0.46895683616525513 0.4570034885940765
0 0.4161915619413561 0.4835088446694596
0 0.40704239697396 0.4496229629890591
0 0.4449089649860366 0.46651265334014463
0 0.37787881883387825 0.33993058879168425
0 0.4133381706501361 0.5821748254011992
0 0.4478561083475749 0.5871512522550524
0 0.5257616669316835 0.5891604717372179
0 0.35467838574562394 0.5744043171238833
0 0.3267490375897049 0.3672675328428338
0 0.3798109349570697 0.3925018965029249
0 0.5705015606518034 0.577525480788629
0 0.49819824816305425 0.6008313536977902
0 0.2689250105292485 0.5180912411847368
0 0.46625876803941363 0.506560250824573
0 0.4656666932226736 0.5123473248895811
0 0.4669418729810272 0.5190969969378132
0 0.47055420468125164 0.5269615042443369
0 0.47718713781501676 0.5412758712341138
0 0.44001535499146216 0.5171422130253469
0 0.4343627012228664 0.5175845215634471
0 0.4293200905564465 0.5174799479690253
0 0.40228783015460406 0.5140359214707917
0 0.3038421094669068 0.5075958289352118
0 0.37066705883303774 0.37876444236904966
0 0.33864614430359147 0.3534569292843175
0 0.3295765359441942 0.35926370694189846
0 0.445432991166658 0.5163636801957416
0 0.329934557907692 0.5408481743489327
0 0.35321630480923233 0.34735731951662807
0 0.47651002804438275 0.5587499235190597
0 0.41069009673746326 0.38618796946955664
0 0.38612929388943606 0.3811414926325908
0 0.40095612695951505 0.37225965224728197
0 0.3841179140257936 0.4184747476871608
0 0.558335188068921 0.5634135411900967
0 0.5440855280256472 0.5458592159741399
0 0.5113400764103178 0.5553685369945708
0 0.415607308410894 0.5495290849723068
0 0.3782687461325891 0.4677766264319754
0 0.44564399362113405 0.5568473612894865
0 0.33255604978352155 0.4815988073162004
0 0.3716264412372927 0.4877878450879864
0 0.3361100319317121 0.5090709547368752
0 0.5174890889900143 0.5743878301786107
0 0.3807741246394467 0.43009898175044553
0 0.40700072364465095 0.5654255215193377
0 0.44268461873259723 0.5717673956179151
0 0.3870313087093176 0.5381539001518271
0 0.2997053381259934 0.52972891484322
0 0.364581512373711 0.548286339148086
0 0.30080491794815545 0.5427604255889978
0 0.3729597465901435 0.5110397252048097
0 0.3765425848055489 0.405573517668481
0 0.40443906288609727 0.44446611738338526
0 0.3982877245935207 0.4516491903310396
0 0.4034570435431436 0.43310473679828376
0 0.3108034677143338 0.34447719603359533
0 0.2710004594758593 0.346092161344213
0 0.2422795420206046 0.3547147034930916
0 0.22346052804073704 0.36597203139831375
0 0.21537883083025613 0.37797640284904244
0 0.2300289269489578 0.4054704807719597
0 0.2133132876977639 0.46218703107005743
0 0.2607146927827521 0.4213306877125545
0 0.28286345573417243 0.41902022335041805
0 0.30727937528352695 0.40997472463869583
0 0.3276897281534058 0.3983657012800543
0 0.3421214484464267 0.38758771893690946
0 0.3510318919073177 0.3788617752513298
0 0.21943604556317067 0.46193066297792923
0 0.4026772061732248 0.45501276157817255
0 0.3879734119282493 0.4050428880696871
0 0.4161828620524346 0.4409035828267159
0 0.4323869650625478 0.44376092932137456
0 0.41935596134089215 0.44286555535986977
0 0.4117759634673847 0.45705982550185603
0 0.43636019571924006 0.443924079756109
0 0.4418749950103116 0.4461577613146699
0 0.34248970354659647 0.3680910336203268
0 0.35436431114180683 0.3676990975184935
0 0.36165905602370635 0.3681843294149019
0 0.24807921529822208 0.3899292558515105
0 0.2294120100731588 0.3883793788129876
0 0.4293411081098806 0.38236967889534657
0 0.5323028463854569 0.30135151451709224
0 0.4715061620317934 0.4334097843544156
0 0.57320620968372 0.22596296476048916
0 0.486693170503222 0.33199282787761103
0 0.5065361527953973 0.3267820676167806
0 0.5252006016200101 0.3201815985164055
0 0.545305338589954 0.30349450485379087
0 0.4683961843136494 0.33450519871644946
0 0.4800718831613597 0.2790330872148359
0 0.45893446076268385 0.28855811380872537
0 0.5039354889704708 0.27480253184876857
0 0.5232175782260009 0.27679758245537595
0 0.5697038239064599 0.3075646706321994
0 0.6263611872487933 0.5263490129251774
0 0.5367295221437381 0.29445637708284605
0 0.6308101209407114 0.2814769838370529
0 0.5857165121327975 0.28927976277028145
0 0.5443807040588765 0.3873022056761242
0 0.5054622247249265 0.46686690127482267
0 0.5163789487086268 0.48278388790055815
0 0.5359238952021056 0.4647590466240207
0 0.5583311223782568 0.46555719188615385
0 0.5368969390160927 0.47768856230236234
0 0.5545340773928518 0.4745411445446709
0 0.6043122921311905 0.47798897371906524
0 0.4620542237024267 0.42726307088921384
0 0.4536704594575906 0.413120267104034
0 0.5397991530502899 0.2558734089720483
0 0.476666488224947 0.3662967565012913
0 0.5075500257910556 0.40823968852601467
0 0.5042048926594891 0.4003579649938589
0 0.6065171368514435 0.36545294005663786
0 0.44045158981773924 0.3964874657596193
0 0.4759757342720837 0.25467289629436674
0 0.5094291673430914 0.2509887542377333
0 0.532305809515941 0.20889564255038565
0 0.39939300671911443 0.2981311296548496
0 0.4456497131520686 0.3023192174628335
0 0.6086533816554879 0.4603409620226264
0 0.7165547790406626 0.4156173230553208
0 0.4984638273464477 0.4209647712921228
0 0.4858326222826157 0.43035154716641294
0 0.5871452923062481 0.4688831010118586
0 0.5824683009320674 0.4702121102843298
0 0.5136709230861584 0.23836144713126645
0 0.5136239264584794 0.4143039151733997
0 0.4391890550464517 0.26878279130331945
0 0.432686430743978 0.25666113594332995
0 0.42347655605666246 0.20699386169262626
0 0.5263836831483157 0.2258647723692138
0 0.42967330604665893 0.23538020111265637
0 0.548477921053327 0.24573955048366086
0 0.5643628845737956 0.2381343674592945
0 0.5117171519919287 0.47518304148975876
0 0.5366202653208866 0.4715574241819836
0 0.5565670950000297 0.47003244685859574
0 0.4956222885771643 0.4251989209685339
0 0.5847021223120549 0.46961081862783566
0 0.576032622705532 0.4750469265197839
0 0.579747526957516 0.4709728799280332
0 0.48490543808112163 0.4193646520459685
0 0.5530356981080292 0.47745193687139775
0 0.5366476225953565 0.48173794359052213
0 0.5188227044379158 0.48747863021551396
0 0.5570151478932377 0.5205177132155047
0 0.5402280489603678 0.5069592713641853
0 0.5324485566042647 0.49919056024204117
0 0.5251736922606134 0.4924203120693773
0 0.5188866184733588 0.48750610845763476
0 0.553140475780149 0.47745394239238664
0 0.5589835968198655 0.47885426486573635
0 0.5659223525835995 0.4811476171851492
0 0.5728824015408126 0.4845180124127898
0 0.5640714296811744 0.44342121490243436
0 0.6842405662757938 0.3402512247155027
0 0.5660478721691083 0.4743973981766474
0 0.5707652103548815 0.47461894313160446
0 0.4842348403065517 0.43764268383592453
0 0.5135481943561055 0.4248994471980076
0 0.4849890259247792 0.43416787128822476
0 0.5049049494638724 0.3670613418440191
0 0.5458475225585423 0.36519917653722256
0 0.5129582902047202 0.40555411360177007
0 0.4839065530129123 0.2013380060008928
0 0.48274000988730903 0.22371274416520148
0 0.47416960287697707 0.24160022027686195
0 0.5949512805616806 0.4919691479840532
0 0.38895889399926875 0.27733037384952147
0 0.3799612966016375 0.2525774784782687
0 0.3654857839964613 0.22061878526244177
0 0.5399678447578526 0.31217005005737647
0 0.5997660230483687 0.3105588483543289
0 0.45519068321598233 0.33527162028293983
0 0.5486225287119547 0.27785937559036983
0 0.45469177473446487 0.36225356107332457
0 0.490731641713074 0.40701361196715624
0 0.6332321700164537 0.3132025677950776
0 0.592161665485881 0.3257122003063768
0 0.5687154820699732 0.339712546987026
0 0.5281500534669257 0.3498919203835709
0 0.49619620560593747 0.35310867186687905
0 0.47086829651257156 0.3536526108322357
0 0.41210957405939386 0.3540266665423952
0 0.6527572704266899 0.3436140145908217
0 0.5635878192221565 0.2707315716756826
0 0.4619826951107395 0.436216706321353
0 0.4841382284707661 0.3806831269037156
0 0.638573384989163 0.278150332408125
0 0.4492461610946977 0.3517858745003281
0 0.5165381308346358 0.4058204572073886
0 0.5462116775130421 0.29207331025633826
0 0.485595261748833 0.39785820028695074
0 0.7037616354503712 0.3759867437079507
0 0.4519703805698121 0.33039447974090147
0 0.4620817532519248 0.3954765529525714
0 0.6953784569406308 0.46524224695371313
0 0.7086040108515743 0.47998011746660335
0 0.6773971819676428 0.3394636019271295
0 0.7061876468517609 0.43745658711558966
0 0.5966592841007539 0.25771943895088856
0 0.6435440019213198 0.5386802582513719
0 0.46321270435671263 0.4399137410129152
0 0.5108868208112596 0.3847606115314473
0 0.6076026073488002 0.28547304952178015
0 0.5163593438104235 0.31273700042265135
0 0.5006028630059479 0.31894869797703934
0 0.5815637881242777 0.4760446080974504
0 0.6708114177365846 0.37264779869581804
0 0.6210335130932965 0.5698144349063478
0 0.671808717874535 0.5303057756076673
0 0.6907021546665626 0.5087677824730966
0 0.4841947002249931 0.32330334821001155
0 0.46811392890753123 0.32674268647736193
0 0.4577127551730675 0.3296299595124915
0 0.5776350561073561 0.26276155312856037
0 0.4607081699974929 0.31220336254237413
0 0.4733323806951821 0.3010497877911693
0 0.4895085234682268 0.29433913224217606
0 0.508097309100477 0.29119589482368874
0 0.5213562843668813 0.29181971603414925
0 0.6064747227395134 0.2480911150032065
0 0.5261978328479493 0.30681275653571977
0 0.5377518710707814 0.4416403383100066
0 0.49643690827526626 0.4185522076796417
0 0.49614521219760555 0.4489038665087617
0 0.6809827421284929 0.4925913804051589
0 0.6640004555887311 0.5154446046225497
0 0.6130261697849644 0.5603953362846908
0 0.7171549852387311 0.4506376524265407
0 0.45416178783786953 0.32398480861460793
0 0.44171043790342435 0.37085112536988674
0 0.6498274234779776 0.5509091959614045
0 0.6950752184360842 0.37207981952432156
0 0.5368155562927954 0.4816919207906857
0 0.5437984144637353 0.4848225130086519
0 0.5512039321887342 0.48944568166545793
0 0.5591375762400245 0.49582209239820807
0 0.5794626185159643 0.5065205571364287
0 0.5694591933664893 0.47204002545995205
0 0.5726726394665392 0.46943800522833645
0 0.5752937695648097 0.46671315334758173
0 0.5887694323616188 0.44984976918089625
0 0.6467971746428607 0.389779649194883
0 0.43222662869385026 0.35722710037765715
0 0.4253109061013797 0.32351679294383157
0 0.4403849538368515 0.32110047874664394
0 0.5660431862883427 0.4743741914337757
0 0.6778527805070836 0.42177531432036924
0 0.404083228815457 0.32976198530330714
0 0.6039022086541864 0.5159422603307986
0 0.42146488332547216 0.36878140166360124
0 0.47229848934125296 0.3877923862606871
0 0.5767421546364635 0.5334231886877066
0 0.6307036549733158 0.4764968661033139
0 0.5427395432307247 0.4109664156991227
0 0.6214839089268873 0.49747625652815447
0 0.589812247562006 0.39294477804702205
0 0.5730853759789769 0.4184432584030622
0 0.6256518620478956 0.4096889509206392
0 0.597627952129026 0.547754068668483
0 0.49123316877501927 0.3915919108885009
0 0.6593148849181485 0.48026940735782225
0 0.6444379370423812 0.5041869902143291
0 0.6328141618881548 0.4541900291496298
0 0.6845598263579582 0.39793787416623755
0 0.663037541546399 0.4465502964682272
0 0.7068253400959547 0.4040165301464519
0 0.6040088124416045 0.4316769621285404
0 0.46234240536951315 0.37565593692768856
0 0.4889046994945671 0.4151164376769079
0 0.5043909841448949 0.41479013680743904
0 0.4726929647007069 0.4090489032221775
0 0.42814472694940203 0.30361930295532824
0 0.4514490418796298 0.2823239908832796
0 0.4787470881948994 0.27076255306810226
0 0.5058292738998993 0.2663036678351608
0 0.5294657523118997 0.2683104780875668
0 0.5633902542198761 0.2915090165552305
0 0.6567649388615089 0.30914763876703943
0 0.5626892671303407 0.3174519151532683
0 0.5443266441550436 0.32851371778493504
0 0.5174133224326347 0.3369378305616833
0 0.4905229821989808 0.341756277057637
0 0.46867161762865284 0.34378884653417335
0 0.45194092153999876 0.3440130481532976
0 0.6623240472898202 0.30857814894336943
0 0.5071810471357675 0.4187812277582847
0 0.4502014605807856 0.3833084189925207
0 0.4750560957168225 0.4205596039609081
0 0.4707507360333632 0.43069100112808184
0 0.47741323156195853 0.42285233118286986
0 0.5050983798654773 0.4248219872055267
0 0.4676162608062165 0.4332117847367829
0 0.46863967783843413 0.43693814691709204
0 0.44464703803323996 0.33320146682215673
0 0.43501458992937947 0.33982214740678374
0 0.4282571019502632 0.34498217059116737
0 0.529756552559414 0.2931212210187725
0 0.5381474489904154 0.2818805102874585
0 0.28853266513297327 0.3782525787166521
0 0.3090032970352012 0.3707275383946608
0 0.2781191220514885 0.36629541514634417
0 0.26789289360810936 0.3858240325243867
0 0.29881667462079337 0.3903098620620428
0 0.4938893740690207 0.3059978899167699
0 0.5150890222078637 0.29957485733245937
0 0.4847937349528703 0.2932865853403129
0 0.47277097083345243 0.31237031565326934
0 0.5032950393258268 0.3187810155857845
