0 0.11554063617680144 0.31637776665994766
0 0.06915664251595106 0.306372914995466
0 0.08845844085206463 0.3102505293880858
0 0.03742076406247505 0.2814309810723911
0 0.059673742937387794 0.2986825394029377
0 0.05128561793374613 0.2870457499634986
0 0.03342181733388941 0.2559215975742714
0 -0.023277865620605052 0.2799768280916187
0 0.017802401999884015 0.23799846419433252
0 0.007501276170654136 0.22902941102741145
0 -0.028514475824963696 0.19014666093831636
0 0.11786159250555159 0.31878270221357585
0 0.12010124753296124 0.3217110567066182
0 0.12181469634615419 0.32412502678836425
0 0.1225870534589019 0.32523162959336566
0 0.12491293427561909 0.32759136712851644
0 0.1278756175363114 0.3307699475969587
0 0.13075076251090328 0.3340320466947155
0 0.14205783838209723 0.3520161631394501
0 0.07705909120634136 0.3094425989466221
0 0.06913107507842503 0.3129481227458024
0 -0.08495028392423558 0.26437347476221934
0 0.009051019883860013 0.27248039031896937
0 0.0027146108668564743 0.2772695784475289
0 -0.005140839938373002 0.2809869822333841
0 -0.020069881959303523 0.2801841400584587
0 0.011192804650415349 0.26855586490043404
0 -0.0331711619463651 0.26826828267393993
0 -0.02247448108367276 0.2647310618926831
0 -0.04029311604389158 0.2718963562941351
0 -0.04081033428007037 0.2747983812284069
0 -0.015518101081566468 0.2839706097664285
0 0.11714673325230804 0.377196585764738
0 -0.027570433631727967 0.2790468680758436
0 -0.05162789084740329 0.2966391753081848
0 -0.027956916687357777 0.2795433356982319
0 0.026181150526437075 0.3141705502315062
0 0.10140625321412389 0.3222868048510298
0 0.10851791733679389 0.3275517522453928
0 0.09032006530319085 0.3317656744094122
0 0.08488687457917612 0.33832453879989494
0 0.0991990011075378 0.3333413367177926
0 0.09289414451343601 0.3379578283187054
0 0.083301220953716 0.3625699385207574
0 0.05988574266936709 0.31022357807106
0 0.04922814796116785 0.3034355767300817
0 -0.06425323849740411 0.27327281487088245
0 0.02500777839356837 0.2843208499983245
0 0.04108019937065583 0.315778924637482
0 0.037284043896550365 0.310678324445623
0 0.0009483891826138717 0.3236789596514876
0 0.04220510362195566 0.2921590390993434
0 -0.06370297684196681 0.2680241347027092
0 -0.06896709697910502 0.2712293111977457
0 -0.09429148109904824 0.25022275174031405
0 -0.017979893566183902 0.2589895304511575
0 -0.010840037012402015 0.26256757156521665
0 0.06882755757006914 0.3597271075101794
0 0.04501995774386804 0.35906202920010777
0 0.05473076451554077 0.31694846460465287
0 0.06551670041013871 0.3156787581136581
0 0.0820862059226016 0.3457907895748021
0 0.08538920910172322 0.34399781641172095
0 -0.08025864338824518 0.2677830193890911
0 0.04626925519121347 0.31868905780696066
0 -0.04773232686620221 0.26436070968456965
0 -0.05995870699107898 0.26096261048517305
0 -0.07990662124841022 0.22040855517240465
0 -0.08167660192346773 0.25815188250287907
0 -0.06068725821086626 0.23393290116339505
0 -0.07087338832108783 0.2698562151911546
0 -0.07683210276098694 0.26992666420816375
0 0.10469570617635542 0.3251325035629486
0 0.09465234421728029 0.33271389381558286
0 0.0887601051149489 0.3382445476970085
0 0.05913467950458768 0.3171499904130353
0 0.08379399524962348 0.34490121846773375
0 0.08935321716568138 0.3439288900679901
0 0.08689527292166078 0.34321295447042344
0 0.053620701977975256 0.3135950558659743
0 0.09665249482991826 0.33744920468797873
0 0.10307293514159158 0.33361574782042946
0 0.11166667064282462 0.32901273187802954
0 0.1279630613226428 0.3575397873459076
0 0.11792833034247789 0.3396078985946185
0 0.11553742318465236 0.3361174746387813
0 0.11361254688808184 0.3325754828145858
0 0.11252091705547607 0.32995904794260233
0 0.09727138431766365 0.3379002205130099
0 0.09660310295060717 0.33989976968417984
0 0.09541637485037373 0.3426203554083987
0 0.09464661123128883 0.34551574402496593
0 0.06186029959454315 0.3421363737068924
0 -0.004620566209660301 0.32509682225246056
0 0.08278926320468323 0.3099148560638855
0 0.09264051763317253 0.3404366642821069
0 0.09126113600368742 0.3419374364430831
0 0.07307905493154808 0.3168811624457522
0 0.05608248921260552 0.32120032671118987
0 0.0691824147029768 0.3163707623628675
0 0.021016139647125696 0.2930548912336846
0 0.011571706724569265 0.30547240601868186
0 0.041150958697755625 0.31418529478441765
0 -0.09280835972305089 0.23562815676884158
0 -0.0764959775823078 0.24634436332211107
0 -0.07663627823948357 0.26474806507762405
0 0.09658466499566026 0.3622565216043082
0 -0.03654819519459447 0.25495162931810905
0 -0.03937906177738045 0.22232771988342456
0 -0.059167281924923765 0.20610231645300942
0 -0.013339807904219325 0.28175902834125593
0 -0.010188366604756706 0.28783202037757855
0 0.011140955777107915 0.2660573737627986
0 -0.04214226652549792 0.2762522296745236
0 0.02560986792236441 0.2765615607510094
0 0.041286308617028505 0.3114047411109219
0 -0.03589412029282453 0.31109716110870617
0 -0.0021889611512799804 0.2940790412806663
0 0.007912329166247373 0.29619327312757987
0 0.019232068006499407 0.28949776149931405
0 0.02471380011190342 0.2819097983736952
0 0.026445833879684095 0.2766846561966156
0 0.025309421656503957 0.2620634778874929
0 -0.017849452384916538 0.32709545781966354
0 -0.0474569860389967 0.27566523912574065
0 0.07089487651858149 0.3117945454701656
0 0.03232224952068007 0.29349434743074476
0 -0.047372608245173586 0.294130279236481
0 0.02575910405770636 0.27249540133970457
0 0.04318928721710599 0.3137638441988734
0 -0.029798328687873066 0.2782529716064282
0 0.037058677697232 0.3050857231396587
0 0.018885925852296724 0.3419945366910192
0 0.007400539416804092 0.2643122759853758
0 0.037873512456185705 0.2978984895540553
0 0.06705910464127858 0.3760558243225269
0 0.08342871164219288 0.3819351957625702
0 -0.015423926811681015 0.32799903752089216
0 0.04871043622619492 0.3684690032018667
0 -0.0659435873670417 0.2818382961743352
0 0.12320847344046404 0.385525126417144
0 0.07745232049548677 0.31191207046936203
0 0.031301410515097126 0.30281813271573277
0 -0.02550478417913622 0.27838454326661694
0 -0.01260513519938988 0.2787493377172646
0 -0.004748581896854352 0.2752330790714723
0 0.08769184297524424 0.34593897106266824
0 0.001803339093546324 0.34084598423720075
0 0.1548986245056748 0.38832613466834487
0 0.11862180114798405 0.39053908649946795
0 0.10279338382467439 0.3882026458654751
0 -0.011886989454176858 0.20922125888471843
0 0.18060327569643655 0.38035039741452
0 0.0010016555524576566 0.27085947923633563
0 0.004236445648257743 0.266998690383441
0 0.006348945986369491 0.2650327542248894
0 -0.05029253561033981 0.2724918103685566
0 -0.001553996202814931 0.2670723243253906
0 -0.008237712871173263 0.2705682425939736
0 -0.015807364874751255 0.27424494024752233
0 -0.022489370047291624 0.2771702240161201
0 -0.025628788876131115 0.2786571906060398
0 -0.06981723790178822 0.2779044951377463
0 -0.01880022506170635 0.28000549241608264
0 0.09501100234090025 0.315717256369711
0 0.06423970403047553 0.3341846439350887
0 0.05247139578630149 0.316246131555039
0 0.07975384662171456 0.32340310200923633
0 0.026587216034217223 0.24563770334259802
0 0.08667642195642246 0.38171318999859466
0 0.10456039300699274 0.3840085184540735
0 0.14501237366269912 0.38353968735168625
0 0.06656878208938027 0.372457011407163
0 0.003698972961570643 0.2652754302786178
0 0.030471471543050518 0.2787136056510006
0 0.16995631221225996 0.37530973979404997
0 0.13513128880710037 0.3910638250890566
0 0.006034723754170575 0.3432275467560071
0 0.10388350166097472 0.33429818460587357
0 0.1039785999286024 0.33682315756960746
0 0.10426185773646278 0.34012337425509753
0 0.10539803896020736 0.3435235544413078
0 0.11132045498880153 0.3610051125705409
0 0.08898012157733934 0.3412626384019184
0 0.08548458561867098 0.3423050097724637
0 0.0821412310381479 0.34305817473168465
0 0.06353384325524422 0.3513001514082195
0 0.014606745308461571 0.3416827947151761
0 0.025172512491041094 0.2687019146457106
0 0.00460059525845926 0.26076938324615734
0 0.0023849011725011254 0.2621745822810325
0 0.09228927249143898 0.3401822001994157
0 0.0361971023024889 0.3589403929830599
0 0.009417279988904542 0.2608386648803198
0 0.11463139089853955 0.36854506073211757
0 0.045313279777136534 0.27640598160879953
0 0.03155837113721461 0.2722574455731389
0 0.039748849873804344 0.26645298965838776
0 0.03592987270546362 0.29485013571773927
0 0.15977569458856863 0.36751093717516303
0 0.15049267777159245 0.35890219926166267
0 0.13306394885863937 0.3655058048686394
0 0.0780427708027232 0.3670940038536777
0 0.04221406535005771 0.32326225473099396
0 0.09650463419121529 0.3692488656992338
0 0.022536850931272227 0.3291675877504322
0 0.04302005913061432 0.33429480934677336
0 0.03029864196535907 0.3440544598576735
0 0.1379620398901686 0.3752803268218909
0 0.03685308294960215 0.30107917638719917
0 0.07785368726474827 0.37399544435388904
0 0.09786663836316217 0.37611066593843345
0 0.06065472404036341 0.3618006839805624
0 0.019401306592965427 0.3521970313470237
0 0.0530056607308267 0.36494964845374184
0 0.026889909294587146 0.3568093863521971
0 0.04844460837574448 0.3473232840957428
0 0.03135927587370329 0.2858988470723983
0 0.048241486372072484 0.3138835516964354
0 0.04688364018996557 0.31745008393829943
0 0.04362865864350323 0.307539714150736
0 -0.012397928705698327 0.2608243898183358
0 -0.032386162864508 0.26397374764877873
0 -0.0457769796440873 0.268277139556842
0 -0.05244117686014135 0.2722455940994562
0 -0.05172183411785319 0.27481815060313675
0 -0.02859747812214783 0.2785477484641623
0 -0.035154764599437956 0.3126800561151585
0 -0.008927256686275016 0.28701681917121097
0 0.0011542516795894767 0.28708511106774254
0 0.010536073255136546 0.2826781900656991
0 0.016848017331920092 0.276503800677986
0 0.019236887494723003 0.27176406136413916
0 0.02009509239770189 0.26866551006541534
0 -0.025535286604603635 0.3092817031368822
0 0.05080547510697369 0.3187820170106006
0 0.03473701787020084 0.28771046029419456
0 0.05273545964106226 0.31213663940002273
0 0.06505919552805052 0.3126369390834947
0 0.056647666081597534 0.3126856138726242
0 0.057009327197879676 0.31938941138131277
0 0.06726181714595118 0.31275268763053315
0 0.0730312905482602 0.3130197899014342
0 0.010059395419897409 0.26374436960834746
0 0.017387695013219295 0.2647593074819955
0 0.021065752025897996 0.26727565196381897
0 -0.026985375061316833 0.2792632653265774
0 -0.038325536351666675 0.27651660382246773
0 0.057776465823378746 0.27242930463048254
0 0.13163097536010582 0.20020035869267142
0 0.0950126613368465 0.30192358754262205
0 0.16531205806048108 0.14830364366205467
0 0.09070591836036006 0.2276464303334554
0 0.10636867758845478 0.2227710715862883
0 0.12177106895275759 0.21668089871980897
0 0.13895813045622427 0.20047032866491324
0 0.07757417269774126 0.230458414521204
0 0.09938479815354327 0.1935006533684183
0 0.08217613820285234 0.20167623514554747
0 0.11688983038004944 0.18836054614945955
0 0.12958219936628382 0.18721232360818474
0 0.15494679838796205 0.20286394568050609
0 0.2088620456462168 0.34106121410508783
0 0.1359172643865714 0.19372323013487316
0 0.20873575195481506 0.17993478915270636
0 0.16820055900243766 0.1883101900752519
0 0.14325333396090736 0.26227015540713355
0 0.12872673495660855 0.3094215860553816
0 0.13188280674475658 0.31647184249065835
0 0.14379080664759447 0.3061695619791496
0 0.1529370297988256 0.3057804174449931
0 0.14171397472232705 0.31298677326918317
0 0.14887154473282616 0.3112006013800784
0 0.1949311836862363 0.3148056826337713
0 0.08027836234006197 0.301472432139207
0 0.07279408562786971 0.29322026624065156
0 0.1477027610887455 0.17368625192081227
0 0.0964699212760362 0.2526728980013636
0 0.11897863227606825 0.2817202382394913
0 0.11645942593174141 0.27595270715173886
0 0.18310203859071691 0.24327056815310352
0 0.06420166787341677 0.2824435334245698
0 0.10685880589082775 0.18180198629363245
0 0.1296307407476731 0.1750657685330602
0 0.13018205240054473 0.14438165603231648
0 0.04469428528964771 0.2179840152003184
0 0.06956069727864446 0.21144852384465748
0 0.19723179106470906 0.30435826598095295
0 0.28926093719176604 0.25731333363957765
0 0.11545999637384455 0.2905697615540662
0 0.10755418769166439 0.29714604786464144
0 0.1615705392028712 0.30809660652438464
0 0.1582933082107753 0.30927477497346595
0 0.13375578166814797 0.16588644687535048
0 0.1255654551811862 0.28385033126638715
0 0.07846808276347471 0.19497982894673066
0 0.07724953974098094 0.18709286988950244
0 0.049349217915333775 0.15770512335106773
0 0.1233175471739427 0.16126847066799133
0 0.05339515727909305 0.17835657636658483
0 0.1537185008893033 0.16503254438982623
0 0.15463866614088229 0.1623809738319461
0 0.13074420002693868 0.3128199897894338
0 0.1430205915296128 0.30966003669076275
0 0.15108194683171525 0.3084589520088431
0 0.11473933063478912 0.29296275681140377
0 0.15988970330998867 0.3087123248423515
0 0.15656169444196838 0.3117979207292658
0 0.15668443914204208 0.3098940208178608
0 0.10169174751651941 0.2930567311305626
0 0.14648039607559074 0.31365593741921816
0 0.14010048566488273 0.3159005354766418
0 0.13183412886370083 0.31938773644070667
0 0.16028001885625381 0.3442982398495287
0 0.1422710088612158 0.32792539088999856
0 0.13902453229397158 0.3248471038348201
0 0.13526122598959928 0.3222158482762612
0 0.13226884880146397 0.3205532413236901
0 0.14665036966026082 0.31433702917659984
0 0.14957049652493956 0.3145136085211062
0 0.15324006955834885 0.3148481905961237
0 0.15688888414248134 0.3156393970094141
0 0.16264363658076098 0.29817885177142145
0 0.26279671785700676 0.20912771598965513
0 0.15124989392133706 0.31248299681505903
0 0.15354983980142617 0.31218079692509326
0 0.10633705166573262 0.30214846100793835
0 0.1280814065334666 0.2897806107497015
0 0.10686823486778807 0.2997345289930242
0 0.11493019916840243 0.2512953735533215
0 0.14107849527511918 0.24773489393773868
0 0.12418063456499123 0.2776417197967444
0 0.09246228056869427 0.14685032815158533
0 0.09029683935994337 0.1661868956910462
0 0.10816868819013427 0.1727313327522171
0 0.1873689971644164 0.3239568729026645
0 0.042615547619036985 0.20508895200841568
0 0.021307314435640972 0.19264048888903706
0 0.010423461030304181 0.17198576847044358
0 0.13379642706883105 0.20849043915585644
0 0.17508825867236416 0.20292393900767094
0 0.06901348061576675 0.2314569075234464
0 0.14686925212542215 0.18496677387996213
0 0.08083327548413337 0.2521795518591958
0 0.10431557560520333 0.28409615417822404
0 0.20548645089447246 0.20410307181649515
0 0.16918793458978837 0.21559345622022613
0 0.15217355566437235 0.22897695493297415
0 0.12217238847213456 0.23976116153706356
0 0.09882644101788726 0.244146612845883
0 0.0822034276361707 0.24644923744415367
0 0.04835294359972708 0.2518207846569414
0 0.21976616400203625 0.22281766538860417
0 0.1582417743366982 0.1793267857126829
0 0.08393929389458668 0.30612794224287615
0 0.10270569853893312 0.2624454024125214
0 0.22406762549142797 0.172724277699361
0 0.06861681258502389 0.24723029270225547
0 0.12816431433088166 0.2763579920226452
0 0.14139124751091003 0.1919876363764958
0 0.10087209851932928 0.2772661778105407
0 0.2787013439941004 0.23112844151943004
0 0.06706104188654494 0.22741615137800114
0 0.08117378965208802 0.2789290385419915
0 0.2640414058156154 0.29659331746462014
0 0.28228668623332737 0.30308439751633076
0 0.24603823380631235 0.21385443644697258
0 0.27087292012283065 0.27683669512345344
0 0.18142540268757174 0.16907501354270957
0 0.22310026285517567 0.3472158087401831
0 0.08815501259349066 0.3070780396127567
0 0.12174549101525721 0.2626891062707126
0 0.18106981055646004 0.1838664774801217
0 0.11690916083281554 0.21132204045100705
0 0.10312085702449461 0.2173682715044636
0 0.15967502083456467 0.3115933241964388
0 0.2353215189925729 0.23961153350958303
0 0.20986181120329264 0.3677914135930251
0 0.2517656128114789 0.3391539389345826
0 0.2677504797525044 0.3237646100233917
0 0.08988194337374047 0.22140327955828326
0 0.07774588402816515 0.22448777150707083
0 0.07028944799794426 0.22669934024329946
0 0.16663898181814685 0.17196632900825737
0 0.07546414510358739 0.21467598212533304
0 0.08687215722814391 0.20600275899849685
0 0.10080671517909327 0.19955428842069053
0 0.11572016473812392 0.1952123475007984
0 0.1255738341607122 0.19403520685617998
0 0.19520048702819437 0.15721583767097538
0 0.1258032166002169 0.2056030953297762
0 0.1449018299328124 0.2990893723250103
0 0.11262268280681176 0.29002393393957315
0 0.11408700922873452 0.3084473289361521
0 0.2542068988462038 0.31528103585336725
0 0.24057138016455284 0.3310912316586791
0 0.19981551975137574 0.3628477756382704
0 0.28958607939728204 0.2817770593306598
0 0.0695582455346353 0.22294455482846215
0 0.06933180308794673 0.26143783681532917
0 0.2326225005876163 0.35391064785441767
0 0.2610370481567544 0.23365092745014265
0 0.14032590961406 0.3168955263303441
0 0.143453295472302 0.31783737588663397
0 0.1474405767293922 0.31930259362656194
0 0.1512429324383474 0.3215329800667215
0 0.17619410547023082 0.3339012236822219
0 0.154062900047765 0.31015556533129607
0 0.15659340436448527 0.30842519941784086
0 0.15902636391955588 0.30647843625365184
0 0.18080905419361742 0.30020800424891025
0 0.21548379146600072 0.25453744949746865
0 0.06385460172147188 0.25159602539212095
0 0.05290785346981845 0.22809030228302257
0 0.06213804491587329 0.22361963202639454
0 0.15126750237831083 0.3120235555312213
0 0.244544654455869 0.2710166952523197
0 0.041741535004684194 0.2366441224469524
0 0.19331916462520005 0.33680044435987283
0 0.0535972135353692 0.26243375396194246
0 0.09223792761690003 0.2701392293978138
0 0.1731869968180918 0.34951829376006993
0 0.21396725917164283 0.3109336006207292
0 0.14634273091197517 0.27741401669691923
0 0.2072307276323375 0.3240712256658645
0 0.17337215336566233 0.26292166923608434
0 0.16570866309137788 0.280616300112727
0 0.20132556306158944 0.27018290474301293
0 0.18720160657343482 0.35614260772363143
0 0.10778207913481233 0.26989242943729
0 0.23548263059889718 0.3101542964368975
0 0.22393150382404087 0.3259388098195821
0 0.2134906023363524 0.29755583731066276
0 0.24861024452161185 0.2542444744697806
0 0.2356253462501719 0.2890997093264796
0 0.2710500756899516 0.2538141162455583
0 0.18813654528891488 0.2869617999100885
0 0.08607849041746639 0.2617868335307145
0 0.10367902516061243 0.2901699329290737
0 0.11748115743514355 0.28672987139191614
0 0.08839280551244438 0.28839363303838994
0 0.05921222181511328 0.21555598576863608
0 0.08028468332461668 0.2000691169450263
0 0.10229047705352558 0.1898452858297097
0 0.12210750913066704 0.18395433572827935
0 0.13680377722037995 0.18210986448603184
0 0.1530268570793329 0.1911564661341221
0 0.22923474686558237 0.19574953394443714
0 0.14889892866591362 0.2113425711623761
0 0.13473928276496597 0.2221527393458604
0 0.11405511030667945 0.23037603789684818
0 0.09382323474320681 0.2353256269663322
0 0.07877521226300468 0.23809976003417113
0 0.06813894825268395 0.23975189860795393
0 0.2447578039350389 0.19032004266893832
0 0.121263489693026 0.28796412497341467
0 0.07388689145760194 0.270483949939076
0 0.09124316004761161 0.2959331243979831
0 0.09191984139414276 0.3013550720962824
0 0.0953704374626216 0.29638001631621885
0 0.12156040796750708 0.2912282796800971
0 0.08856976158005275 0.30360043149034516
0 0.09260376772297083 0.3045345661686916
0 0.06283326396710762 0.23068459494775082
0 0.05766498234578829 0.2382709719553715
0 0.05545759373953574 0.24438436558934487
0 0.1315959684456451 0.19387736273746864
0 0.1384658916590083 0.18790434689081015
0 -0.020457068513214337 0.2764437185282133
0 -0.013669622598318108 0.27269904620173263
0 -0.02738745057884651 0.2715221720249379
0 -0.027019279478471492 0.27988818312893393
0 -0.01348067556000963 0.2806434290749686
0 0.09587085573985103 0.20703112177488184
0 0.11288587516370202 0.20070723124912807
0 0.08884974339591803 0.1984267234802246
0 0.07849459519869165 0.2133548346554198
0 0.10285403167648155 0.21564891959438806
