0 0.36839478352904825 0.3346542001438408
0 0.3759545349370578 0.2884514057168774
0 0.3694039580691213 0.3029574831994642
0 0.37177646625394056 0.24143122086504928
0 0.3805952431783394 0.27436984386764657
0 0.3857718839424069 0.256434564997836
0 0.39726141107736257 0.213388906557019
0 0.26034271955993105 0.1903637103339871
0 0.408762662974088 0.17483595815025457
0 0.41464458512857494 0.1557749263545712
0 0.4314649178005975 0.09554944882372848
0 0.3666522964395048 0.340640917629087
0 0.36407937140907415 0.34696056963015004
0 0.36182992040859496 0.3512404669566649
0 0.36134442548711593 0.3512293208880919
0 0.3597466494212171 0.35743613703912047
0 0.3572297999124487 0.3649405775283899
0 0.35409170967617115 0.3728428023869918
0 0.34125376891989245 0.3891204051276883
0 0.37316130849882523 0.29578199648723547
0 0.3541156873421327 0.29331343180659103
0 0.20096641338827237 0.12978050914131292
0 0.3066710427340576 0.21011786112765304
0 0.2877857524131421 0.20849706111501912
0 0.27036983353176197 0.20519179339502372
0 0.24950831348885966 0.1944771645282831
0 0.32423529041467336 0.20917675416676604
0 0.29801955492184634 0.16408627465659498
0 0.31868809172372775 0.1688531007753367
0 0.27684309034910887 0.16401213641260184
0 0.26101892671001614 0.16825199715730524
0 0.2290425173592467 0.20135209340007365
0 0.2619952243843159 0.39829924084893126
0 0.2550375289303341 0.18575595694930613
0 0.1727978316791953 0.18668398778645598
0 0.21035603304955527 0.18874478006229348
0 0.2749655836493657 0.2645834026550378
0 0.3454227139426686 0.32949870916641727
0 0.3429731893891524 0.34444493572918977
0 0.3195737733619626 0.3329396115130737
0 0.3021625813552599 0.33702749247644465
0 0.3241046543865767 0.343601598125212
0 0.3090774444588126 0.34376406051865477
0 0.25896405658138455 0.3525215410718731
0 0.35955081421111706 0.285815915390223
0 0.36103374570733887 0.27197054404170573
0 0.23927657073560143 0.1536676076864328
0 0.3255336889486273 0.2358640853096457
0 0.3125287759656142 0.27724104218122336
0 0.31249776080187863 0.26984688021889586
0 0.2157234784671526 0.2551410179011294
0 0.3667565121429379 0.25540560433844556
0 0.29236918360875125 0.14321359658107705
0 0.2633201356678572 0.14513693274069234
0 0.22667105225571096 0.10725809228854354
0 0.3694957360185148 0.16640546513037854
0 0.33447671137781587 0.17799947538128755
0 0.24860373755547568 0.3374371466850366
0 0.15713897661820744 0.316255973417218
0 0.32523194797934357 0.2869300156080422
0 0.34009037679257775 0.2932252765369682
0 0.28194538186371076 0.34399967200281906
0 0.286601762731367 0.34438966377442626
0 0.25595426534298604 0.1355299745955053
0 0.30955452871222033 0.28365702806066734
0 0.3272475375153344 0.14885315745651556
0 0.3283826212088267 0.1376084871903187
0 0.31477501850087936 0.0857334777671082
0 0.23514912450363867 0.11888732604619835
0 0.3178935410604195 0.11009117201262829
0 0.22893725857453004 0.14653874386926324
0 0.21015882466915792 0.1367317355063115
0 0.34378256765096 0.33740435987293554
0 0.32177516340203427 0.33852116216798456
0 0.305504085645394 0.340426343746212
0 0.32916546031392574 0.29027680363975655
0 0.28433109360908154 0.34421511441051794
0 0.2921731107345613 0.347394132397088
0 0.28924040188266253 0.3446238759685965
0 0.3366322586556527 0.28291784105848533
0 0.31173524197646835 0.3460962426762621
0 0.32599413671574007 0.3469397974114458
0 0.3428511356754142 0.34868825851034385
0 0.31528802964254776 0.384624341622788
0 0.33018114420935074 0.3686678518100279
0 0.3343291879957738 0.3610110334655484
0 0.3384900128288108 0.35392488418173057
0 0.34230172231730527 0.34857231044635717
0 0.31127876848108155 0.3458403656128742
0 0.3066141882023228 0.347908516224025
0 0.30116312463575273 0.3509139257485793
0 0.2961745817953021 0.35465714711101115
0 0.2783900195033238 0.31657370874861707
0 0.15422933438659217 0.24604300323988543
0 0.3714015247449593 0.29915105253040625
0 0.3008147090799195 0.3453151252256388
0 0.2967325774677695 0.34622806544397394
0 0.3443167837108741 0.29930495030405807
0 0.3136748450214853 0.2928929934147693
0 0.34235461578087467 0.29636793710938353
0 0.3012746683152919 0.24101314679080366
0 0.2659016430126464 0.24557098412380166
0 0.3071379470422801 0.2758398221320465
0 0.2628558786735253 0.09171149794127093
0 0.26937314955997066 0.10892509299666941
0 0.28976387024428774 0.13206384884042233
0 0.2726542871712632 0.3639490599391841
0 0.3710463753732448 0.1470913548512953
0 0.36712993524245574 0.11727360692344793
0 0.3692281922710596 0.08772952875503305
0 0.25625406538886863 0.20053274879435531
0 0.20404000423125576 0.208719717103894
0 0.3368159597936059 0.2072580139510104
0 0.23883462115682128 0.17309432462149976
0 0.3430379792607786 0.22867923782987087
0 0.3264577665409458 0.2729746552408576
0 0.1785722900543535 0.2143111351658316
0 0.21413365094470577 0.21984512202379083
0 0.23776822238531797 0.2279129214897877
0 0.27549619513724927 0.23078678569206001
0 0.30436039323042213 0.2290232701628816
0 0.3271794467535703 0.22526632128309468
0 0.37685187531925957 0.2139963311057131
0 0.17322824134605344 0.24355195341657856
0 0.22365149038250437 0.16958608747530385
0 0.36337853961856054 0.2938991794232227
0 0.32388139538121125 0.2495142074526191
0 0.16792897911514412 0.18568108287178167
0 0.3455567961000692 0.21967659201942571
0 0.30445825802122994 0.27667420910520046
0 0.2456508272559331 0.18493530955635198
0 0.327506063230933 0.2642120117900752
0 0.15262182729656687 0.27982389025327536
0 0.33936606907140354 0.2025026716604954
0 0.34724740640020574 0.2580688633337742
0 0.18871992612689859 0.35537097801347406
0 0.18497146169344583 0.37042403312958255
0 0.15617629181483628 0.24409856916475697
0 0.1710152585798175 0.3332844882452187
0 0.19154135537046924 0.16011818980469422
0 0.2537219525641027 0.41105712261520516
0 0.3638668601019976 0.297576199893524
0 0.30228450303339255 0.2573169862188879
0 0.19145150514091622 0.18979919332416118
0 0.2760279817420219 0.1972152372869123
0 0.2908257137874008 0.20056887701445936
0 0.2877103072681507 0.348979552085994
0 0.17046144843604494 0.27151599192485754
0 0.2835083269368747 0.4345728664838967
0 0.22959496753628245 0.40818590017593875
0 0.20832650055362203 0.3925078449462976
0 0.42278492350115554 0.12609223403683564
0 0.32417450122189423 0.44292173023317377
0 0.3065242455478459 0.20218445381530525
0 0.3221675336109435 0.2025777749320706
0 0.3331434158333243 0.20303332826503517
0 0.2092000085090283 0.16544352563656345
0 0.32614752247866696 0.18922513460411744
0 0.3116814242636604 0.1823717258474072
0 0.2962338129679362 0.17916372084484047
0 0.2794130313748549 0.17913429956643187
0 0.26790824092390164 0.1814160590328756
0 0.18254953258148227 0.15476415646510297
0 0.26659426218849697 0.19366625185106315
0 0.36570768731052866 0.3139977847494665
0 0.29966956427328695 0.3112448023146942
0 0.3260154736695913 0.28434982136184095
0 0.3385817643710833 0.3112411834612614
0 0.4024607619655786 0.19491546799321802
0 0.20890912086651797 0.3768016109112598
0 0.23005348758355473 0.39389594062035826
0 0.2860198290036197 0.42545784321151864
0 0.1688754631497186 0.3467586617342898
0 0.3355623741441638 0.19744107786680803
0 0.3570434580623852 0.23368046914829926
0 0.32768416605921236 0.43375505385946495
0 0.25368631615417414 0.4225660898104435
0 0.15496747943922437 0.2750450977925159
0 0.32537811139464884 0.34671436696827246
0 0.3202603585106411 0.3504911712905606
0 0.315236060428217 0.355709992203058
0 0.310517847286498 0.3622090187059397
0 0.2908700249366116 0.3750979512178597
0 0.2974898940903225 0.3440856559603822
0 0.2934593751963684 0.3424022377205162
0 0.2901594621219715 0.3405681786750879
0 0.2604935306285504 0.32558793489004717
0 0.19385267825569283 0.28252094933966626
0 0.3605340173475853 0.22030764768103592
0 0.3580225284844008 0.192173884946759
0 0.34551672329379535 0.19265063269799496
0 0.3011575791403211 0.3455497234308419
0 0.18401742522223588 0.31524204306241843
0 0.3759115441439021 0.19313157831921296
0 0.2757336479702076 0.38627118531729326
0 0.3897315525304416 0.24173608514107242
0 0.3738840714034149 0.2284432644603633
0 0.3933014256038746 0.2281596669796802
0 0.33604627143481614 0.2533379844924649
0 0.33206075027522153 0.4202805184850506
0 0.33693087038108566 0.40379408377559245
0 0.3045283953348796 0.3979473917925057
0 0.23881469698394905 0.3551902283473509
0 0.28427083255872443 0.2852076343795499
0 0.25436532245909615 0.3723495044127232
0 0.2393935278749667 0.27642038272542446
0 0.2622763810026998 0.29613661999795954
0 0.21716310228476546 0.29643527190892305
0 0.2931925180340618 0.4127197686363669
0 0.32102822477807474 0.26001756765595335
0 0.2191181006813854 0.3629090014625998
0 0.23991644168704873 0.38142595070750773
0 0.22849479405688838 0.3358528850292291
0 0.1704256799905109 0.2956363255737208
0 0.20357535773188756 0.33414838093669474
0 0.15837712730536482 0.30455117799988646
0 0.24252485788824185 0.3121310353946953
0 0.34084869688573266 0.2413911119061692
0 0.3313239519857656 0.2798106452497114
0 0.3177443804368691 0.28239279367676634
0 0.34292279139852727 0.2715582601329526
0 0.3488800794766422 0.1758529042162481
0 0.32210954357300126 0.16182347798213906
0 0.2958272489314341 0.15630874342444231
0 0.2716413100057513 0.15662649081868618
0 0.25230061567785367 0.16197385340511633
0 0.23048478188896984 0.1867733493405564
0 0.16131139417740867 0.21470362394630743
0 0.23755697862005434 0.208398423233286
0 0.25581179892463524 0.21500366308442018
0 0.28102801168015235 0.21859331237000912
0 0.3059288705954572 0.21897388305984625
0 0.3265533339122177 0.21704353838741614
0 0.34159735197256386 0.21417863687881233
0 0.15974356378684065 0.2153510006368995
0 0.3167262934934238 0.2865001199459161
0 0.3537866678167496 0.2457238203671132
0 0.3456205957046541 0.28213033030013074
0 0.3538823804271875 0.2905743698946902
0 0.3447049155768463 0.28459018560684696
0 0.3207890290751236 0.2915683241785407
0 0.3574002578791687 0.29222097233229993
0 0.35789690980931377 0.29590301094602806
0 0.3460111702293283 0.20353923191209466
0 0.3549711724373862 0.20758636458581234
0 0.3611106036333092 0.21010617223106512
0 0.2609332356020368 0.1835818342467984
0 0.24941987604028565 0.17480805679028774
0 0.4057436952611062 0.2462083365903849
0 0.5340703678030505 0.2263975989918749
0 0.3897015012266264 0.2984408163556866
0 0.6047430858330385 0.18713850371476984
0 0.4771884518836621 0.23151641892117947
0 0.4950648581428367 0.23541326061183332
0 0.5128344475971496 0.23748237625056623
0 0.5391671534329024 0.2323351121332799
0 0.46278159804485014 0.22596391559648915
0 0.5187591756949445 0.1914262660160786
0 0.4961280616526865 0.19005678331150727
0 0.5381650295941639 0.19714372874308034
0 0.5488237886992184 0.20533442447165481
0 0.5496547679860884 0.24376220880102376
0 0.40743913806440457 0.4180641878886717
0 0.5420639353965405 0.22254915343446224
0 0.5993210700996817 0.24768133056597882
0 0.5730142960568521 0.23519415109932257
0 0.4730488451724314 0.2926341730172561
0 0.3919323220031674 0.3348032004025136
0 0.3836595783253762 0.3493475412287298
0 0.4123506513325977 0.34302523540181606
0 0.42381480122417337 0.35090917298773755
0 0.3999339437685938 0.35233118938130825
0 0.411883958281344 0.35567213899615097
0 0.436086876985896 0.3772570074272423
0 0.392038082523185 0.29047798776493017
0 0.3992744787332881 0.2773823222192396
0 0.5760206411659466 0.1963987757010954
0 0.44452801887496113 0.25266533614206715
0 0.4353585157716325 0.29453416757222983
0 0.43911566814792813 0.2875913972614192
0 0.5294269660354164 0.2996109122989558
0 0.403236497555101 0.26052095016845467
0 0.5401356610064768 0.1744055437858031
0 0.5632156697003651 0.1832958121343153
0 0.5980940368105088 0.1602906643593011
0 0.45417535883464893 0.17381733534883717
0 0.47530551852053227 0.19444460691023274
0 0.4543501739763509 0.36641045929003163
0 0.5388420025507609 0.37044569799880017
0 0.41763070238290456 0.3000361034516193
0 0.4009364373070278 0.30195117656256304
0 0.4335764576111162 0.36305428636508164
0 0.42912881183221874 0.3619511874616981
0 0.5746902504047764 0.17564921101936104
0 0.4332725644614626 0.3010189840439655
0 0.5057361342232941 0.1698680564719422
0 0.5120497071793311 0.15916954356582225
0 0.5393100951794331 0.1183157402093337
0 0.5883262011572279 0.16890230511917786
0 0.5246687725123473 0.13995662849156462
0 0.5874766840713437 0.1916059903403958
0 0.5974608996749428 0.19146086225489609
0 0.38848983688193534 0.3427293096937719
0 0.40619758085862495 0.3481800267342426
0 0.41811125917273734 0.3534336368910739
0 0.41182686608551927 0.3019850731563835
0 0.4312631409882493 0.3625099143060316
0 0.4225753301809609 0.36367402707829194
0 0.4266445355073309 0.361401001111466
0 0.4115770547198847 0.29370460573698626
0 0.40674492125772727 0.35693357480006394
0 0.3947214949483107 0.3548461960143402
0 0.37962776548248806 0.3530468538361771
0 0.36744587003933227 0.3919003842090692
0 0.37684300252656894 0.3746886106432319
0 0.3789282672515901 0.3666483385890138
0 0.3797258151231436 0.35904852924894554
0 0.37911451667672974 0.3530628974197291
0 0.40623088023833587 0.357021392310033
0 0.4094496970438253 0.3605477237233929
0 0.4125203963070479 0.36498101218407897
0 0.4145395640079482 0.36990562031249036
0 0.4409467379252116 0.3395085301385874
0 0.5782117984465909 0.3069022746981025
0 0.41534904789824023 0.3589145592948636
0 0.41902924992364166 0.3611943645804536
0 0.39381823937098187 0.3064792066061196
0 0.42345463449944926 0.30838335077969636
0 0.39717204937955 0.30430128410750745
0 0.46238274488771014 0.26382824444637243
0 0.49113695732148893 0.2775614313384732
0 0.439697760318402 0.2944453367832996
0 0.5788717124029554 0.13722813363168754
0 0.5663863727312047 0.15134894797781936
0 0.5494534400947989 0.16446263541360528
0 0.41764876485373903 0.38404327438992947
0 0.4658278707210525 0.15578849705494419
0 0.4774768176461071 0.1333447420129589
0 0.49129656196143556 0.10551011370343655
0 0.5287674745929896 0.23696486814683224
0 0.5650712981002743 0.256408340373293
0 0.45347269174921867 0.22113631686576607
0 0.5628700268922476 0.21449063029609808
0 0.4339950897019624 0.24148456276464864
0 0.42675119386946603 0.2872020568834299
0 0.5822493416347584 0.2718786010388233
0 0.5497394820305869 0.2658355018170942
0 0.5246982956737406 0.26820283510437865
0 0.49030941096036246 0.2604044230879188
0 0.4665338122894995 0.25037262361256685
0 0.44936839135890266 0.2408893216891783
0 0.414675877567082 0.21939449033149483
0 0.5711219089443673 0.30021219685965894
0 0.5765493909517924 0.21429159335729456
0 0.3827930022392595 0.29671016001567785
0 0.43872764191044034 0.26564645291376515
0 0.5994719603896644 0.2474801705664947
0 0.4372723454664528 0.2311563550674615
0 0.4405021212272 0.2957629130667999
0 0.5494348494815424 0.22411878285955647
0 0.43019626688856616 0.2786794640436894
0 0.5618621198939875 0.3382573236270445
0 0.4547751965905041 0.21598273181781716
0 0.41780472531097346 0.26801436521759886
0 0.49496150067083944 0.3980621576977043
0 0.4873867764251645 0.41247986277946236
0 0.5827346781135109 0.30486085535097524
0 0.5221331607440353 0.38265394830570165
0 0.5987347791969525 0.21803783043092037
0 0.40691191989158276 0.4317267106360748
0 0.3789963448097937 0.2997747981080822
0 0.4527246308226123 0.2785545894745685
0 0.5868125449756026 0.23929533738048137
0 0.5145246353833485 0.2292344181978402
0 0.4985106705613277 0.22782439227197684
0 0.4255833917529271 0.3664948268263948
0 0.558008396675818 0.3265606103157129
0 0.3657582701510015 0.4456904184918444
0 0.42783552307619827 0.43482169884593547
0 0.45522255962911035 0.42614108273962964
0 0.4832874405736159 0.22455717076440485
0 0.46922026153355206 0.22042070066227631
0 0.4595757471358223 0.2180361175069622
0 0.5890408306685178 0.21287377483370593
0 0.47512964709398614 0.20652149283752388
0 0.4929339619125495 0.20361380441849972
0 0.5103128316030221 0.20489492678508706
0 0.5261529583468216 0.20963432199480822
0 0.5346825112773397 0.21506783741862834
0 0.6049068627981194 0.21488293813390225
0 0.525895964244247 0.22837706356823279
0 0.4257293703183846 0.3290580293210615
0 0.41888482937832927 0.2975873700877866
0 0.391821491315898 0.3188745275098069
0 0.4651264183631929 0.4120386521689364
0 0.43709850738823164 0.42203532464030075
0 0.370252075577587 0.43685395043103303
0 0.5134499711829399 0.39522613463949424
0 0.46143097942891503 0.2121386168216791
0 0.42105958783676856 0.2426878435938966
0 0.39893913470240083 0.44199537613144774
0 0.5668621234249968 0.33356999165537643
0 0.39423425715683885 0.35490033406169474
0 0.39663173327466106 0.35991845336280953
0 0.3978731320377141 0.3661801313318792
0 0.3976614525549522 0.3734929655947271
0 0.3949539040211384 0.3894217832415712
0 0.42093803585833134 0.35872982888996435
0 0.4260920985338557 0.3582877738803041
0 0.4308171775270615 0.3573962331486015
0 0.45106293632008354 0.3524734344469065
0 0.5327170556607629 0.3305478389022731
0 0.4243780123030586 0.22939012539820844
0 0.4448868652436301 0.20135158676059306
0 0.4557245325941577 0.20525853711516917
0 0.4156583016934777 0.3588739798850372
0 0.5223466887252743 0.3629209678046176
0 0.4282150198135698 0.1977871005692068
0 0.4021008857191867 0.4035352633780792
0 0.4102485124571917 0.23356914115386182
0 0.4276887522971077 0.26628879939808564
0 0.36976990795336695 0.4068680343841638
0 0.452367500916815 0.38493939900264684
0 0.45319895553186473 0.3089583142130983
0 0.42884276989643083 0.39636028330533113
0 0.49761441287109115 0.3129472798493062
0 0.466614934965528 0.32495782013032953
0 0.5052634467555501 0.337118687582951
0 0.3716938515755698 0.42347080316864144
0 0.43585314755701315 0.27612986117183996
0 0.46499308880874374 0.39690079525405286
0 0.4363884463088925 0.40833154696376384
0 0.47298026587892683 0.3702677227869755
0 0.5445665118563527 0.34861269685066715
0 0.49521479777645966 0.37503862614725153
0 0.5481324502687414 0.35976431433226214
0 0.4747598417700595 0.34490038049655136
0 0.4295479456583659 0.2539015123490192
0 0.41847039601973846 0.29223412083310574
0 0.42764557665410424 0.29795244002208654
0 0.4143497496214597 0.2817264421313417
0 0.46496126822781464 0.18849650259111442
0 0.4992684493085 0.18307933232196572
0 0.5272872498266807 0.1856058107203796
0 0.5482258258489617 0.19219542918752888
0 0.5604114975104352 0.20162926138449117
0 0.5592376481631637 0.22940247775125905
0 0.5939040189050924 0.27650035938628914
0 0.5382454656850436 0.24900127116705523
0 0.5179049845486251 0.25062543671338167
0 0.4935602067895076 0.24678641223773903
0 0.4716021310428024 0.2399064893482112
0 0.45522224274365714 0.2327066115638455
0 0.4441619105479888 0.22628937114854486
0 0.5896334328731907 0.2770787245419179
0 0.42537646555196384 0.3018013077790664
0 0.41812961212190397 0.2547907611402143
0 0.4056219056185791 0.29072792990868834
0 0.39235309307082294 0.2961552932816727
0 0.40410228142758464 0.29319651871502234
0 0.41835148475341155 0.3052528495548152
0 0.388810656996216 0.2967598348104653
0 0.3849666780057336 0.2997646653184704
0 0.44813903424307266 0.21541336554439128
0 0.43685300038333685 0.2167844526073178
0 0.4297587272990102 0.21815652882351594
0 0.5389697602026573 0.219067587238066
0 0.5535897723230129 0.214022772861462
0 0.2948842902475268 0.1897907975841971
0 0.3154365696987522 0.1926710068428216
0 0.2989372683979791 0.1768879928007847
0 0.27409218132244384 0.18685842858476132
0 0.29074234650607855 0.20262023614568203
0 0.4982689397747507 0.21523686199962927
0 0.5187942971660116 0.21807877172609003
0 0.5019882243393846 0.20274558116574914
0 0.4777218229157009 0.2122845531177788
0 0.4947164954012456 0.22770757568316632
