0 0.4145264568738639 0.5471709614619613
0 0.4567449871450663 0.47366889426484704
0 0.448383521148935 0.4911903366446495
0 0.49461729293689133 0.4053853692021221
0 0.4702525921165943 0.4572816459462047
0 0.4915897908620536 0.4359018966089934
0 0.5504594197496772 0.38135496829636395
0 0.44306392390280963 0.24997996538877487
0 0.5996689043939114 0.33107943972572684
0 0.620522479340434 0.30821595471352337
0 0.6866806115023791 0.2384127569384873
0 0.4097711484413594 0.5529320796020329
0 0.4052746436558664 0.5586973490193486
0 0.4024046459235251 0.5626240503042936
0 0.4015218483284116 0.5723638827912509
0 0.39775421828962865 0.5787948217242956
0 0.3931170177645981 0.5855383274145425
0 0.388465186022222 0.5925534975714981
0 0.3862960927886888 0.5724748684093356
0 0.4517115024384111 0.48227103259414433
0 0.43717663949355484 0.4669515985995531
0 0.45324047482572494 0.13716222993098198
0 0.47740526315756143 0.31660550287924705
0 0.4586308269295841 0.3030870313290507
0 0.44310063421726226 0.2867206818424165
0 0.4339562047738582 0.24953358098864556
0 0.4948151501361281 0.3254709013737738
0 0.5098272064700723 0.22731712544336916
0 0.5267284398898482 0.25124691892415285
0 0.48774615582078695 0.21304299933835863
0 0.4671484949067235 0.21065100897103547
0 0.4134184524882585 0.25124954399652777
0 0.31399599332362416 0.5320469630882144
0 0.44507086295634507 0.2351040261797607
0 0.3839185911929235 0.20130121340043844
0 0.4111046445090324 0.21742829466238617
0 0.39879970932379366 0.3765960987191647
0 0.3954109240323305 0.5261481609195471
0 0.3877746597165242 0.5423931262455881
0 0.3713195054559037 0.512166618462652
0 0.3568361163139343 0.5070520414039492
0 0.3730517479823902 0.5303192177787424
0 0.3625413957051933 0.5231029955670238
0 0.3264763606712222 0.48338601682335136
0 0.44291213774122296 0.4596180417574942
0 0.4531770254019648 0.4412048887461424
0 0.46563197635114195 0.17536055343225598
0 0.4710103019606322 0.3679254236165434
0 0.4134769570082426 0.41876507820561526
0 0.4214790322817862 0.40865802047774197
0 0.3551789223682135 0.32602273635566237
0 0.47416637153364716 0.42188683869317173
0 0.5197194356005639 0.19251002916134893
0 0.49278458543121817 0.17635561865754426
0 0.48731877775862814 0.12080540396273136
0 0.5709206989966333 0.2854910287540406
0 0.5328526319935918 0.2791024572681636
0 0.3224277054425329 0.4606495120562613
0 0.2829162352718413 0.3681843290105462
0 0.41879887408576905 0.4409974876791239
0 0.42742927772924305 0.45809277296066286
0 0.3412270086351782 0.5082884301431477
0 0.34694547443650664 0.5139957444742322
0 0.49650305132381617 0.15665561039932072
0 0.408608078584075 0.4255835510790348
0 0.5458748834673315 0.22669992819428444
0 0.5569455869495868 0.21009516515769064
0 0.5772833046503365 0.14647671929560602
0 0.48112710705026984 0.142392065981403
0 0.5580680190585554 0.18117014383897184
0 0.4652945222798735 0.15795349502004682
0 0.45007270434871316 0.15345269651152194
0 0.3904162659775466 0.5344308543950319
0 0.3716789979254827 0.5214208736084401
0 0.35924143553711474 0.5149625850841403
0 0.4203436986543238 0.44754637172445655
0 0.34430511966347693 0.5115792941302061
0 0.34891090071760117 0.5204642890952528
0 0.34929637936875224 0.5157405018806458
0 0.4284846992697567 0.4432345377281308
0 0.365118158608675 0.5280254336073995
0 0.3747175700729713 0.536238532140851
0 0.3871821768116206 0.5478460323996842
0 0.3646113568451256 0.5520295837894083
0 0.36921985454391687 0.5710498000495136
0 0.37483116041403264 0.5655613638460636
0 0.3803504157811403 0.5600561190396547
0 0.3859054860891774 0.5566227685660123
0 0.364336131233722 0.5324553348124027
0 0.3595971633680165 0.5313419785350562
0 0.35421999767422674 0.5306958851404489
0 0.34896395159885285 0.5307812712155282
0 0.3596435803454369 0.4526709199883044
0 0.3366269050631672 0.2735956659074873
0 0.45027172146365047 0.4864060303196311
0 0.35750732086598874 0.5247666402719915
0 0.35310999904759227 0.5225813590921462
0 0.4274274259340018 0.46948318583890797
0 0.40708512961864474 0.44065077463164926
0 0.4273607816547155 0.4638412337750196
0 0.4461386365815997 0.3608770635910332
0 0.40885377721861005 0.3451593918725848
0 0.41430322397500274 0.4136780949309468
0 0.5270313610322773 0.12135233473964036
0 0.5160837917588651 0.14877331168390812
0 0.5275244066026061 0.17365338136442005
0 0.33497754563577475 0.5035669627599418
0 0.5883522784337402 0.25681162467226387
0 0.6000859856605529 0.2249301410280168
0 0.6281583875417709 0.18520184801891446
0 0.4331194171682 0.2673686279449612
0 0.3871518562082201 0.24861081717535854
0 0.5071152625139803 0.329809230286628
0 0.4458620068617165 0.20691382163204253
0 0.4913137309253216 0.36861296873539684
0 0.4260567718651146 0.4218427211977541
0 0.3589844022877514 0.24399431198835372
0 0.3842875359579921 0.27482424047775567
0 0.3977916408330202 0.3040549911558628
0 0.43147176709026097 0.3310871317982674
0 0.46064678076654675 0.34499954734928906
0 0.48347605844028296 0.3530406120698899
0 0.5306679002474993 0.36903334660455583
0 0.3302512147463858 0.2813759734388441
0 0.4386538226623088 0.19295500945299865
0 0.44327651406638324 0.4734679236076772
0 0.4553581146057695 0.3866731817834079
0 0.3932617833837867 0.19794427491724492
0 0.5032327804714442 0.3569707117043436
0 0.4145088749937713 0.4130091288127005
0 0.4392008551862091 0.2291081370320171
0 0.4366646486334503 0.4100756409578025
0 0.30754932430572807 0.3173683000728488
0 0.51235806113109 0.3227412737905979
0 0.4561792942229658 0.41335464124567806
0 0.2708835343364626 0.43608202948234975
0 0.2671030434779823 0.4535244144499302
0 0.32338994708843527 0.27028966196812687
0 0.2691968134138733 0.3968850796110928
0 0.4189452066086233 0.1751966186799109
0 0.3023937839083374 0.5398029734380543
0 0.4435062791220844 0.47926294384524226
0 0.4306474129669368 0.38446270804852245
0 0.39795413077808917 0.20708180591464043
0 0.45133660547435284 0.27774299536831676
0 0.4655697478912771 0.29316887706518174
0 0.34400708237662914 0.5180767755955458
0 0.3074428562540561 0.3170252092182636
0 0.319108352297917 0.5849429447203874
0 0.28758658496662975 0.5236963433213532
0 0.27635902832262216 0.4935782978311181
0 0.6511759988963604 0.27544544655829667
0 0.35001379740424454 0.6204317254945636
0 0.4819051255937666 0.30456103999167683
0 0.49789765663444996 0.3140211903490126
0 0.5074858454056084 0.3206646380480379
0 0.4328057922422886 0.17755613140761853
0 0.5144079781137407 0.2887469121254981
0 0.5081219472456724 0.2648567389231175
0 0.49460774906910954 0.24750136798247696
0 0.4764621295966208 0.23621673127636314
0 0.461910885386169 0.23375836117193102
0 0.42373968763276937 0.16177564109675585
0 0.4446935851126909 0.26307685845531525
0 0.43824575617909434 0.5043147217482329
0 0.38044784869998693 0.4581530071794987
0 0.4202400388196111 0.43835768233984707
0 0.41403526309877636 0.4829224982298911
0 0.5758683295920491 0.35694507146254184
0 0.27837420888245107 0.47452393528074027
0 0.29003514666110275 0.5066047209315002
0 0.32105487398803234 0.5762971365824342
0 0.2690979560371488 0.4142874169629067
0 0.5137993683107197 0.31118314117193224
0 0.4931725467089564 0.3850279939826578
0 0.35422162562608717 0.611693449690938
0 0.3005749139934778 0.5533591727726161
0 0.2984666349366307 0.3106680165044963
0 0.3737142226425931 0.5431893981993199
0 0.36791835790500044 0.5437142498791218
0 0.3624368811957538 0.5457471954636276
0 0.3566606027539819 0.5492844906635582
0 0.3469434801954776 0.526516973413527
0 0.35372253628447653 0.5175980356521904
0 0.34969184957444666 0.5114777099341155
0 0.34657810674980283 0.5053952340967953
0 0.33912511928938327 0.453879592847079
0 0.31699868948198856 0.34790517687797545
0 0.5121284588705748 0.3679782913532108
0 0.5389775566756725 0.3200662639923394
0 0.5275484392419457 0.3114643088076264
0 0.3579915144480765 0.5222470591776073
0 0.28805567929521203 0.3831941876094788
0 0.5545553059317172 0.3356602317187935
0 0.32998278583399954 0.5288846259005368
0 0.5112850373610854 0.4175107209477574
0 0.5111831886228174 0.38799556707963345
0 0.5299114927649498 0.4004167990759015
0 0.4576076795347035 0.3999436145182699
0 0.3637129919603467 0.5991211844608187
0 0.3758211484644562 0.584838430210948
0 0.34968212256208064 0.5593508088961243
0 0.3081318461801857 0.47104589752852916
0 0.3901249032933265 0.4111252222210169
0 0.3160367123782635 0.4998857159167528
0 0.3577914391644299 0.37022394919767976
0 0.3623594110365957 0.41213105227798225
0 0.3248810492455959 0.3824213581625372
0 0.33252924848347903 0.5674877192825079
0 0.4416891999542713 0.4002488351427019
0 0.2903793974313885 0.46539328237995503
0 0.30164024569094183 0.4988739438354969
0 0.307462452724576 0.4418259116820991
0 0.29071225253865124 0.3484630556311458
0 0.29040959593839943 0.42043781909160316
0 0.27904665474779905 0.3514654465485364
0 0.33409104445017873 0.42170393830165265
0 0.47470888649113474 0.385752493608743
0 0.42511746399104594 0.43516368148848417
0 0.41400217497721314 0.42969781276769936
0 0.438965514395386 0.42976744840852915
0 0.545146212214604 0.2862840448040515
0 0.5327312885317952 0.24352786308154464
0 0.5115175088867545 0.21556398454122244
0 0.48810920943506064 0.20051831100136042
0 0.4661286848131567 0.1969098539557308
0 0.42677068980410693 0.22541264561004937
0 0.3513890504371375 0.23355983244255185
0 0.41348200365900994 0.2691565057262778
0 0.42475780872628094 0.293702438287437
0 0.4465895792469382 0.3149160347878933
0 0.47079266514629126 0.3296608017757535
0 0.4908819980919361 0.3386944694444537
0 0.5057341895531863 0.3440190115943551
0 0.3659771982813254 0.23532453225925565
0 0.41193048413842914 0.4344098990783095
0 0.47639721501618626 0.39990476751700044
0 0.4338186224922538 0.4464459576644003
0 0.4376519607380033 0.4631033238954842
0 0.4333544934168458 0.44996469421312213
0 0.41301710130646824 0.4435482847504318
0 0.4390115854330361 0.46763546047732235
0 0.43898252649232744 0.47299773041158916
0 0.5176988624501974 0.32946198815479877
0 0.5226004830561578 0.3427150628529489
0 0.5249845575075597 0.3529652378987521
0 0.4525961518287659 0.23404852324165404
0 0.4511633913964033 0.21505038607865573
0 0.5257131066638976 0.43485888820141555
0 0.7075524195097387 0.507536072190851
0 0.47276818472892046 0.5002034514211118
0 0.8381864804774523 0.4961393916979432
0 0.6318166395649314 0.46959738666191697
0 0.6493944090791046 0.4893890893086791
0 0.6699396092444658 0.5054978357627988
0 0.7092005172744393 0.5151394620537758
0 0.6213388971984386 0.45052190143615006
0 0.7241672147996724 0.43998062824830414
0 0.69777901051566 0.4215125725604594
0 0.7419276405125856 0.46292278403416276
0 0.7469062428921461 0.48330905539914965
0 0.7121989604085683 0.535856411140412
0 0.4355026369448751 0.6514744069427252
0 0.7225796361453831 0.5061768544837832
0 0.7804748137481511 0.5749026737175882
0 0.7502232762053609 0.5377195206470787
0 0.5784253128804266 0.5456121975556016
0 0.4355150297284126 0.5632923245429993
0 0.4216065823100507 0.5736393423750996
0 0.45048974491655824 0.5853645435534418
0 0.45639037853106856 0.5992869913578034
0 0.4343075371347368 0.587003361992538
0 0.44198469356633724 0.5967317174188793
0 0.48314550281502305 0.6306657634675503
0 0.4726869906298816 0.4875410790555179
0 0.4884753561578691 0.4744613812305033
0 0.7928857082501054 0.4835781965404749
0 0.5797083017416298 0.4701877634041011
0 0.5265160125214606 0.5249846637248993
0 0.5373929083347321 0.5174544909968972
0 0.6381310578435659 0.5922996184788645
0 0.5078478408511728 0.45362392300739884
0 0.7730963661335408 0.42841873099096117
0 0.7910926413722337 0.4568808441981673
0 0.843344890139997 0.4528438084758818
0 0.6683153202757239 0.364199754036963
0 0.6679703572764992 0.41318570054136217
0 0.5055848046205937 0.6321506997570395
0 0.6326306154951453 0.7035471740178764
0 0.5045591542497277 0.5214796426706017
0 0.4859330447856337 0.5130993127822876
0 0.45950163872912525 0.6174413814209402
0 0.4530022037215531 0.6121124438010156
0 0.812566995061934 0.4539132100529969
0 0.5224282864481211 0.5326528867706657
0 0.7374477204866707 0.39751538187265395
0 0.7543057724833488 0.38733974667266013
0 0.793656706251204 0.34876042138785124
0 0.8135890639387071 0.45595335932448505
0 0.755708375107497 0.3688356522005051
0 0.8115351177752018 0.4838537273928523
0 0.8127300751395523 0.4940809279680252
0 0.4283324654214084 0.5693155429325998
0 0.44211169416084883 0.5865168078802526
0 0.4496949381195009 0.5984262118116022
0 0.4981919496320188 0.5206866673193872
0 0.4559436888899654 0.6147824069485068
0 0.45014986926689743 0.6141795356757939
0 0.450939507316798 0.6099687160924077
0 0.49754477771930394 0.5077373277395963
0 0.4375577837228775 0.5954434377141297
0 0.42894815681502224 0.5865593381226063
0 0.41704599726945163 0.5755287433043123
0 0.4088688968215138 0.5941107149235905
0 0.41027420591562985 0.6094118751585483
0 0.41325199441052973 0.6014432135969401
0 0.41583077190443873 0.5933356877416373
0 0.41733465348370374 0.5856496386229992
0 0.43892377777956426 0.6015347858890892
0 0.44130573589354755 0.607279665209353
0 0.44342361986637113 0.61388133559376
0 0.44538005171343686 0.6207472225651145
0 0.504900902044028 0.5883579807356
0 0.7257792127318681 0.642705159354955
0 0.4441923387348652 0.6051898227073252
0 0.4472365476656705 0.6097392155788839
0 0.4739256381522864 0.5134231124073267
0 0.5091844300273806 0.5370406240224839
0 0.4797695783432573 0.5133341041393578
0 0.5905793572776019 0.4967232566326857
0 0.6107302675023675 0.5351276584900916
0 0.535099185211584 0.5272867097519338
0 0.8313869325444102 0.40531612019985913
0 0.797229653596878 0.41528518865816294
0 0.793717591650784 0.4221893324982375
0 0.46137695787474514 0.6232643210329115
0 0.6983622649684549 0.3469022567849606
0 0.7061484331265092 0.3257772412151098
0 0.746129628457129 0.295612758398056
0 0.6912146609276533 0.5156988670118153
0 0.7196554276160896 0.563059201836586
0 0.616089485026896 0.43723636944778266
0 0.7559581436216831 0.5034129178151489
0 0.5754301663488149 0.4478546651080251
0 0.5185162977781147 0.508728994615376
0 0.7296950881369412 0.5939723797142505
0 0.6931394698098302 0.5665747231803835
0 0.6608076132833958 0.5525172367691994
0 0.6260293520987034 0.5165058020502329
0 0.6058729068376124 0.4851619088090956
0 0.5936052720993757 0.4602115930058062
0 0.5659309451468288 0.4023673702962697
0 0.693783772457391 0.6245017679408192
0 0.7744047103449703 0.5099300974979997
0 0.46167782372795046 0.4906911659054458
0 0.5602170172613115 0.4853189654648304
0 0.7951566603966057 0.5749769490212202
0 0.5866600224748254 0.438962385058403
0 0.538304825918749 0.5292875439859926
0 0.7300985353067517 0.5104402162134647
0 0.5309477248229086 0.498830599617213
0 0.6835839621722698 0.6760373516008258
0 0.623023949470371 0.4316888589411974
0 0.5213261223398149 0.47481537936255336
0 0.5461467717774212 0.7011954754590988
0 0.5364454200025648 0.7167627244256437
0 0.7168703682720661 0.6426847285591066
0 0.5902501447126269 0.7036960909143091
0 0.7995877418667078 0.5324926963075995
0 0.4302151103504002 0.6672943140380084
0 0.45842906264588235 0.4930881215259433
0 0.5669417404569685 0.5125572048127651
0 0.7643482412211597 0.5515471402555704
0 0.6775168297812343 0.498387267626822
0 0.6583360567688942 0.48366211745887994
0 0.45305458307266233 0.6188952238298953
0 0.6614641255699099 0.6517024016007781
0 0.38633496013935653 0.6528377352282405
0 0.4543303478974849 0.6907738160341979
0 0.4894576623104513 0.7047291891649365
0 0.6438951469957829 0.4664467300288379
0 0.6327128677628935 0.448685693833977
0 0.6256173988804221 0.4376675528474152
0 0.7920425919815898 0.515414341725409
0 0.6558556279167533 0.43049664874561133
0 0.6801633911207319 0.43918240275233983
0 0.7004710324108601 0.4554112106561661
0 0.7155767163261771 0.47510763742029666
0 0.7208506698720157 0.489723633415997
0 0.8229683864861727 0.5346056557260453
0 0.6938683445565402 0.5052995512261986
0 0.4950608691200614 0.5651373230852187
0 0.505856652231887 0.518648349493742
0 0.4630691527854651 0.5288406712003052
0 0.5033999914769083 0.6935170777142048
0 0.4672271453309804 0.6817770214751363
0 0.3908989028306678 0.6459051836282015
0 0.582336182333529 0.7170424065552652
0 0.6343292204663158 0.4301996492780745
0 0.5524268606211991 0.44092593919485806
0 0.42015094915404916 0.6743322755210102
0 0.678917967248708 0.6717201046645641
0 0.4299838597886264 0.5952004252001644
0 0.4312961517833173 0.602908126078546
0 0.4313394146040082 0.6104102980345487
0 0.4307095600292087 0.6190742171369493
0 0.4363947138655931 0.6116695187985897
0 0.44785885261371733 0.6048614648170769
0 0.4540179439354688 0.6079325960017741
0 0.45972822927869855 0.6099981006234885
0 0.5082420290447771 0.6117154270410537
0 0.6235978431999684 0.6371507911011577
0 0.5713727812282741 0.42404151437804105
0 0.6241992086172103 0.4017462252639234
0 0.6336754349991679 0.41607743143104015
0 0.44336883928626775 0.6017634317278862
0 0.5956207579001784 0.6748552957549692
0 0.6054544011130929 0.3830861119553447
0 0.43656155858188866 0.6322683192789554
0 0.5449518958106637 0.4199180751107633
0 0.5413745936937631 0.47921829726547005
0 0.40317417876794936 0.6114188142120838
0 0.4979762663599104 0.6518527022562921
0 0.5441269922535866 0.5557314649224281
0 0.46803764151409266 0.6458884157240391
0 0.5905076866969466 0.5893990559503436
0 0.5466717252042145 0.585529048088938
0 0.5843934657983482 0.6273317587561905
0 0.3970953658223152 0.6309176890179515
0 0.5461617285851389 0.4984848226420581
0 0.5078725653700531 0.6745775671675801
0 0.4715265051461756 0.6642754401080311
0 0.5268350910861045 0.6493989718146622
0 0.6329986547119916 0.6727442898787558
0 0.5536110531538725 0.6709040937945246
0 0.6389084455557168 0.6938560986891389
0 0.541875860420987 0.6171933629550039
0 0.5564795246813447 0.46291586523875594
0 0.5051874622702599 0.5102175123989582
0 0.5151353673543781 0.5247797045856715
0 0.5049671596847475 0.4917949986644089
0 0.6638787851668895 0.3963916067034006
0 0.7108653015457094 0.41319268038496376
0 0.7415165012702346 0.43744959044270215
0 0.7595326375216246 0.4619444256648421
0 0.7649431355297566 0.48359374348074197
0 0.7378727787174284 0.5219822321087122
0 0.751258734986186 0.6111789762042463
0 0.6936955781653523 0.5361237208358943
0 0.6668760480359197 0.5246499975211918
0 0.6399664514698088 0.5015069117769599
0 0.6197867264971137 0.47521919282153247
0 0.6075450168922544 0.4532256445847452
0 0.6001054803840816 0.4367809092160314
0 0.7615561409853399 0.6083966843783856
0 0.5122838265262544 0.528710272256285
0 0.5355757274199278 0.4559722028672695
0 0.48930701571516694 0.4985265796072781
0 0.4747343639377505 0.49808581164106724
0 0.48847794053144755 0.5016784572042525
0 0.5040950048249215 0.5293569761328399
0 0.4686718305107206 0.4955636665225029
0 0.46575142731890085 0.49804893853142856
0 0.6151585814543068 0.42554985247552396
0 0.5993503142148257 0.41850692573934795
0 0.5880840733647347 0.41526988591067493
0 0.7222936050035059 0.4989900982007384
0 0.7441241952590645 0.4988487919792533
0 0.47582039097324014 0.2700852726120502
0 0.49337620348669586 0.2860767454840243
0 0.4937046427745372 0.2526655568741262
0 0.4580039637163281 0.2538973059505224
0 0.45773681681603196 0.2875513035804033
0 0.664130263030529 0.456170121114701
0 0.6876873776316643 0.4780452765524387
0 0.6820567805320025 0.4385091632604599
0 0.6411497282795608 0.4346365506760776
0 0.6466866774484515 0.47418560618534683
