0 0.6220997244119644 0.6567517708986997
0 0.6411513013765215 0.6018956735730171
0 0.6308651206083595 0.6188310922123492
0 0.630400809738785 0.5192835920490324
0 0.6454605844803154 0.5794792387634515
0 0.6486393281258642 0.5473757652565837
0 0.6539773291908204 0.4651577777694911
0 0.4917267712764442 0.42709400774911044
0 0.6640234848484396 0.39286349080502986
0 0.669586104620248 0.360537098813802
0 0.6811875503510236 0.2589951149653643
0 0.6212473174557089 0.6642310987226665
0 0.6192984527908265 0.672291232086718
0 0.6173084690701216 0.6775474624708295
0 0.6157307655550539 0.6964758522808552
0 0.6153490711469203 0.7061219597235322
0 0.614013844449073 0.7180582007393241
0 0.6117684746161103 0.7297546055167914
0 0.6047813678625971 0.7363847965374589
0 0.6375761682167649 0.6119124030694365
0 0.6137444593943655 0.6067531603388489
0 0.4124101556837559 0.30874121030792595
0 0.5475172333419323 0.46187590155750513
0 0.525826923828572 0.4583252272568643
0 0.5053755131550133 0.45154778081923724
0 0.4799243461340666 0.43214543247595427
0 0.5665323525201529 0.4603291968349367
0 0.5317734929732978 0.37977288383990526
0 0.5563377172686159 0.387730222241953
0 0.5071285590995103 0.3803290223237127
0 0.48925770591013135 0.38822061303071675
0 0.4575466355774552 0.44087062403559685
0 0.5183287421707063 0.7491569538600743
0 0.48503137221559883 0.41834160960279404
0 0.3881101557519287 0.4048120933584869
0 0.43406918323598803 0.4174640898127109
0 0.5212792500853538 0.5493942811153829
0 0.5966971677727997 0.6501256505958736
0 0.5967885619495064 0.669535169377923
0 0.5687785849906504 0.6565752735361456
0 0.550720948074013 0.6645974633283913
0 0.5764944993890821 0.6703739613294601
0 0.5609023410826921 0.6733461828902364
0 0.5080852846615016 0.6842112275771797
0 0.6227832965552806 0.5984505018219352
0 0.6232820523902773 0.5759622879326344
0 0.46144951046444477 0.3603383058682084
0 0.5747189189307391 0.4998459517024457
0 0.566157483542338 0.5788692659698427
0 0.5652384264860302 0.5646453188732267
0 0.45304607395082713 0.5312985211610795
0 0.6274235600605607 0.5459624418988824
0 0.5216611109673976 0.34346066154539584
0 0.48816512250341476 0.3466650634072721
0 0.4425575517117977 0.2748423074837774
0 0.6137388900853693 0.3822596629615873
0 0.5751379942987114 0.40392928910441694
0 0.4944277650676668 0.6630030863918364
0 0.3785950670018792 0.6070553644560277
0 0.580524757085368 0.5949577512219548
0 0.5972415223252028 0.6039488838985563
0 0.5308334602043032 0.6798009222373367
0 0.5369657536968588 0.6801902546547354
0 0.47810215298086406 0.3288823565933853
0 0.5624773658812046 0.5868534748442471
0 0.5628863166086375 0.35226371958851815
0 0.5630592527333647 0.33211336750537157
0 0.5462619292549789 0.24371369620785116
0 0.4582596433348954 0.2997069242876023
0 0.5544768567662686 0.2873726305551827
0 0.4485208136495203 0.3458151983562857
0 0.4292959070764482 0.32672629528678954
0 0.5963750256225466 0.6604166867211461
0 0.5725412283092737 0.6639309859834611
0 0.5555782330222427 0.6690762239508331
0 0.5846231177449226 0.5992100454866887
0 0.5340084506198763 0.6800634648650885
0 0.5422944322228431 0.686711395252496
0 0.5400476700626313 0.6803583491593599
0 0.5946595422457903 0.5922003440558911
0 0.5649637142661958 0.6759764268063009
0 0.5796791150234639 0.6742788627743721
0 0.5974260510876774 0.6748116413131356
0 0.5759993757121264 0.7312491191551089
0 0.5844475483056157 0.7240188146941364
0 0.5882802014704793 0.7127224979922175
0 0.5922536915633827 0.7011528456583619
0 0.5954452234320342 0.6928281529806555
0 0.5637100295163691 0.6859802719205618
0 0.5585772151127457 0.6892726983875036
0 0.5520427206531167 0.6941809384152293
0 0.5461040211841464 0.6996825322508812
0 0.5281760825775563 0.6353086111135781
0 0.367943824082613 0.4920877610333264
0 0.6345191018655896 0.6155330638401211
0 0.5528604253660887 0.6834606096148491
0 0.5479396079201251 0.6848371844738722
0 0.6026887151412665 0.6130931726656854
0 0.5664434100501239 0.5996279476210475
0 0.600184508645907 0.6086620282381773
0 0.5490979182533919 0.5082602748647332
0 0.5101440221071243 0.516418553609401
0 0.5591373998206108 0.5726548483595252
0 0.484881878644228 0.2516462368424982
0 0.49781743115745486 0.2847241804469377
0 0.517048845347017 0.32312346724793317
0 0.5254001452587544 0.7012311229482293
0 0.6142263408284634 0.34812697395682335
0 0.6114408690948039 0.2995705178938806
0 0.6096776077058166 0.24729282818734646
0 0.48854769468307496 0.44306503972038624
0 0.4289412268437445 0.45062552047893406
0 0.5796134032309055 0.4566918984055519
0 0.46409235945902766 0.39476899756118655
0 0.5933262072969228 0.4886748562566936
0 0.5823031676001846 0.5747692688368261
0 0.4026506378315389 0.45755658983252945
0 0.44241099413484336 0.4703021567780524
0 0.47067142352461816 0.48480745023116467
0 0.5140348200686276 0.4913863838184625
0 0.546792587544769 0.48982414314523337
0 0.5722731296438723 0.48428352270275354
0 0.6311954653821885 0.4663020416162908
0 0.39972979254089297 0.5065057581290603
0 0.4463965762872249 0.38612114964053035
0 0.6261541510932147 0.6094557808712124
0 0.5746815531048923 0.5251514757983387
0 0.3778624455910176 0.39473992367275057
0 0.5922661014366895 0.4755215452983975
0 0.5554448117502033 0.5713484093546868
0 0.4736862811725587 0.41602139379829167
0 0.5822883816901594 0.5575105829164386
0 0.3692184240091592 0.5471498964354395
0 0.5815360255539417 0.448694506380707
0 0.6048309014178812 0.5490850559435785
0 0.42649129084311427 0.6806499470025301
0 0.4209849695209414 0.6984784213826061
0 0.3745643704198301 0.49906724952161313
0 0.40155732799321414 0.644199693761766
0 0.4080100232269615 0.3627159598749131
0 0.510366264777258 0.7664424915798008
0 0.6256917773745954 0.6132940569892525
0 0.5513573626987636 0.5372379225678742
0 0.4122896588407457 0.4161092690192163
0 0.5109590783715248 0.4403243262320757
0 0.5284584223292768 0.446639073966071
0 0.5367255772463977 0.6889837521128357
0 0.3981630309019238 0.5508540629409253
0 0.5451173151843249 0.798776950314641
0 0.48079698723740877 0.7585532910190522
0 0.4530724827665836 0.7338787281885744
0 0.6750703908503055 0.312780725536868
0 0.5894135558512061 0.8084911769255996
0 0.5463576063513755 0.4497327635064721
0 0.5634606667328625 0.4501472858246416
0 0.5749559323769062 0.45005621751770375
0 0.4293078780639917 0.37635258454829457
0 0.5681032911408692 0.42226878795772793
0 0.5517932367976754 0.4088635219726712
0 0.5331282273866236 0.40316744865849613
0 0.5132688887417316 0.4040323828347027
0 0.4997982739470899 0.40922012059018015
0 0.39192136405035854 0.34677142491564156
0 0.4994763436727226 0.43357051983475686
0 0.6272405900992453 0.6342145963571966
0 0.5523630315903574 0.6287932218052447
0 0.5818907209206372 0.5923177599906921
0 0.5966677472926676 0.6307802923023701
0 0.6576706285588443 0.4289986928924918
0 0.4538284710608423 0.7140382735058666
0 0.48064681263640524 0.7400897099636495
0 0.5476299815811216 0.7879959715530276
0 0.3967760156840086 0.6583793858066201
0 0.5776322577614337 0.438723040279001
0 0.6110691177193075 0.5019421846605837
0 0.5930058358237147 0.7975367631763219
0 0.510575250070542 0.7811508914455771
0 0.3753440736792982 0.5488640047609806
0 0.5781101286876946 0.6890599006786943
0 0.5730512741021812 0.6949469802901149
0 0.5672107034362852 0.7034262108616531
0 0.5621983253397047 0.7130705630406737
0 0.5476173598319292 0.7178899941965937
0 0.5480995893478393 0.6768489422276616
0 0.5428173721767962 0.6746899679303169
0 0.5381738851312547 0.6721336691640317
0 0.5078278857283294 0.6472377937287093
0 0.4283833425026387 0.5728237644769252
0 0.6126832941547036 0.4759563838597387
0 0.6025834128260612 0.42873753206804394
0 0.5880454732570797 0.43033597972244025
0 0.5525771624408662 0.6782387002371252
0 0.41764435269869865 0.6208539028652013
0 0.624093083012849 0.4294607940595597
0 0.5317353250458836 0.7325526451691985
0 0.6503959608264267 0.5196283333003521
0 0.6303050418384373 0.49438562523573637
0 0.6519989229738712 0.4937480723951012
0 0.5897219563368707 0.5357226071879267
0 0.597107858909294 0.7793184335343539
0 0.6009974310174584 0.756274062488228
0 0.5653632516507059 0.7496832341887056
0 0.4856313593219966 0.6865918505936861
0 0.5330631663557142 0.5838602274656296
0 0.5054930891375988 0.7115982702933252
0 0.4819616689812392 0.5681839304044842
0 0.508922512223944 0.6007267800159752
0 0.4572976208757609 0.5979457701556384
0 0.5546721306629478 0.7707339618355036
0 0.5731955918483436 0.5450364843010902
0 0.464414849691093 0.6960013335570693
0 0.4904092437820509 0.7233901315368712
0 0.4718455791473389 0.6584610615856945
0 0.3991370697505772 0.5880873131565749
0 0.4428746996447444 0.6529010958969593
0 0.38214601604267956 0.596540140081197
0 0.48704419312998654 0.6243410889059305
0 0.5929987077135592 0.513113914988935
0 0.5886086544953286 0.5874315541237592
0 0.572508599422872 0.5884133066982031
0 0.6020218509249389 0.5745546411722898
0 0.5907671400811523 0.3997516869101673
0 0.558881272142753 0.37539596585556867
0 0.5276483602821826 0.366494426317513
0 0.4996012596413493 0.3674802682828158
0 0.47794068842194976 0.37680086768232285
0 0.4565637887455523 0.41726137553341686
0 0.37808732157573105 0.45100320093333723
0 0.4684456219431013 0.4535924389027059
0 0.49025409766472877 0.46528690168634057
0 0.5193762716837227 0.4728515652008355
0 0.5477496309205889 0.4746618955861777
0 0.5703768858686089 0.4718036727979779
0 0.5866626501549035 0.4669581367634237
0 0.3717826065141708 0.4421760546974838
0 0.570908391661942 0.5930427585728466
0 0.609822107059881 0.5251148393377661
0 0.6058500395622104 0.5925889668986202
0 0.6140715200919658 0.6039029482752085
0 0.6039328654762357 0.5953775953501463
0 0.5748548221774399 0.599482074007392
0 0.6188789990730583 0.6069536712020636
0 0.6185265586711466 0.6108469206839799
0 0.589236155198887 0.4501665003597736
0 0.6007934853434562 0.45576956337317825
0 0.6086831985041499 0.4596082129515707
0 0.4917896076105535 0.4139179717283696
0 0.4767729344777763 0.39936937554739416
0 0.6673870750702917 0.5251036728732288
0 0.7967748658731579 0.4694794236216694
0 0.65543545903638 0.6126203718595207
0 0.8668499698862433 0.38628403437323866
0 0.7375531949102878 0.48455917378887536
0 0.7562789672985673 0.48891769885085523
0 0.7748066054657101 0.4902497759088874
0 0.802644857019186 0.4773770830594003
0 0.7221143742091953 0.47770449575036766
0 0.7758052067831158 0.41373505084775386
0 0.7523693729192018 0.4148432010784745
0 0.7964388609863817 0.42053272016346455
0 0.8086772056296467 0.4325838002376258
0 0.8137669486925005 0.49397188718430696
0 0.6701401297934353 0.767378308530897
0 0.8052480549551546 0.46146233156323435
0 0.8595633765682578 0.4825750536285341
0 0.8370613402687013 0.4764934571925551
0 0.7363170504570007 0.5825292147696018
0 0.6458810975775122 0.6563653888180851
0 0.6384819376282393 0.6748189237900079
0 0.6657215187326073 0.6681010442785918
0 0.6756591636687517 0.6794484877027571
0 0.6531096974387764 0.6796444050036371
0 0.662663150858134 0.6854023420251906
0 0.6962427243590354 0.7084001052193344
0 0.6581961715593934 0.6035109269432724
0 0.6652216429822146 0.5823273221030831
0 0.8342042544856667 0.4123408486600965
0 0.7039598192088306 0.5201468456536531
0 0.7005687759257853 0.5980791701935232
0 0.7027728602290153 0.5847948866896331
0 0.7945188114419579 0.5841972380876541
0 0.6672892186790704 0.5521408952772617
0 0.7933152958750724 0.3822654329240322
0 0.8185965989716351 0.3930517521686852
0 0.8600980907678604 0.34774961094371976
0 0.7062202927656471 0.394499396532774
0 0.7318379639647901 0.425178585620597
0 0.714161854982376 0.6922025695443154
0 0.7946289869025349 0.6674439034424722
0 0.6829880716279149 0.6090097571723163
0 0.6662347729317843 0.6141292637214064
0 0.6814901696518063 0.6980508466251194
0 0.6755994449369609 0.6967466110363603
0 0.8299245432019233 0.3780357330106199
0 0.6981593838892877 0.6063754425384105
0 0.7574301797896623 0.38059236789122225
0 0.7623370436951518 0.3619548476766795
0 0.80013491474092 0.2901007584296167
0 0.8512138019315898 0.3673788737971336
0 0.786964407004416 0.3295858065132052
0 0.8463079368695616 0.4017363485880196
0 0.8601239698939025 0.39937001042999326
0 0.6431029204279184 0.666416887473315
0 0.6598341234959662 0.6745418535545469
0 0.6697460709139704 0.6826507608406246
0 0.677352294139564 0.6121069759130477
0 0.6785090759396553 0.6974489405751229
0 0.6731926256790757 0.7026437740772963
0 0.672852564882487 0.6960766231641173
0 0.6773339517414569 0.6034904986619949
0 0.6563891729339957 0.6866144075989723
0 0.6472188516519963 0.6824105511419475
0 0.6340696223080158 0.6794022159650922
0 0.6305579913780093 0.7380906887352466
0 0.6363219840452075 0.730602584592998
0 0.6367606579326093 0.7188028806820512
0 0.6354847110807895 0.7066070100292563
0 0.6329856350086629 0.6976733529008925
0 0.6558902354910969 0.6972137352451682
0 0.6609100595116615 0.7019757281988859
0 0.6663620498031377 0.7084669172763824
0 0.6704680531285703 0.715345011278987
0 0.7029317066073417 0.6596552757546306
0 0.8335392063483595 0.5663505761884153
0 0.6628067119047045 0.6965637275017798
0 0.66809504320845 0.6993603480048478
0 0.6578123735263943 0.6215851008892059
0 0.6886771813035011 0.6175075487233699
0 0.661946859024465 0.6180917527526617
0 0.7223851213231682 0.5353798079304397
0 0.7534082911908626 0.5545840355567634
0 0.7030239028856158 0.5938192199915647
0 0.8411822354421019 0.31556453634984793
0 0.8295337229967117 0.343625525617972
0 0.8016576364636421 0.36418621726334094
0 0.6783489885739982 0.7204854316078126
0 0.7154719138517975 0.36321015995927153
0 0.7360056837089359 0.3223148508928716
0 0.748295241780579 0.2727232187520713
0 0.7917894868180155 0.4869700844399631
0 0.8311771534383297 0.5126852198503912
0 0.7123037942685186 0.4714901715051383
0 0.8238243943080306 0.44491482619196177
0 0.692975840345025 0.5044061640277505
0 0.6925907105207443 0.5906991454772651
0 0.8454192688688635 0.5287188437767327
0 0.8157118482515215 0.5296927910298109
0 0.78996142167598 0.5368196096271276
0 0.754103213828057 0.5288439156487584
0 0.7288320202380418 0.516052151657641
0 0.7105596017092466 0.5034857336431742
0 0.6725302108563482 0.47300296602770686
0 0.8358685698360204 0.5748950129374861
0 0.8375080654397606 0.44198148185387254
0 0.648094988707453 0.6125738013535738
0 0.6993214020505547 0.5442707411944866
0 0.8567770270630717 0.47415331727825105
0 0.6970517270267009 0.49008315657265483
0 0.7030596796423196 0.5932815117761493
0 0.8126961279660463 0.46249224185012283
0 0.6944739541970193 0.5741803592070938
0 0.8177345365285873 0.6160158360376954
0 0.7138647444546222 0.4632745665963739
0 0.6821759816259145 0.5608820335939526
0 0.7530704399570822 0.7229857113212347
0 0.7432940628379583 0.7389335887506604
0 0.8439544195309281 0.5729946972802281
0 0.7808850824832916 0.6962376966141164
0 0.8610122444108128 0.4384312557056546
0 0.6696656791493296 0.784922953043133
0 0.6433600469492375 0.6159682198427617
0 0.714005581382662 0.5623318440280854
0 0.8527029564604163 0.48150789067149163
0 0.7755842505022883 0.4772298089694232
0 0.7586968949064612 0.47658377857878803
0 0.6775958303362131 0.7062041956931353
0 0.8221641348674893 0.6151758116669953
0 0.6305794816464185 0.8081393025815486
0 0.6876905661076307 0.7819349341094494
0 0.7123817343264818 0.7641320791095495
0 0.7428710677661001 0.47276854496449233
0 0.7280603682622313 0.46781610590405764
0 0.7182701889425516 0.46550264973193406
0 0.8511136754415929 0.4365638792514801
0 0.7347241070121526 0.44601690769195557
0 0.7527068609371781 0.4385864471551031
0 0.7702291177585721 0.4380392343737185
0 0.7868435772135853 0.44317606948316096
0 0.7963778709992766 0.45074177868664267
0 0.8660824343562126 0.4265299332328141
0 0.7878211120143532 0.47425820361822846
0 0.6887731308117508 0.648120952770114
0 0.6844551910646259 0.6062751310877502
0 0.6551405278034508 0.6391255999915302
0 0.7236975410953164 0.7473731951788067
0 0.6970998531207442 0.7656182272359728
0 0.6351835446432232 0.7981175687164068
0 0.7691797570325434 0.7088725325651467
0 0.7205990984104573 0.45685771480202675
0 0.681366615742445 0.5130115121603012
0 0.6616000787355005 0.7978700391948224
0 0.827984425984323 0.6177449201233685
0 0.646299098432064 0.6976517668925226
0 0.6507353557273745 0.7048019641079009
0 0.6545601089484989 0.7144932975992561
0 0.6567475458607077 0.7252007046714425
0 0.6567545680329203 0.7313642196357251
0 0.6694776544347405 0.6911047828383744
0 0.6756040456704795 0.6904685931280256
0 0.681027886737138 0.6891472904011607
0 0.7116929863579571 0.6750037493184209
0 0.7971883870661258 0.6279260095208883
0 0.6828056162223219 0.48728797389194367
0 0.7016901139169931 0.4406646233052015
0 0.713279512990266 0.44582048621959985
0 0.6637695364654064 0.691072030365467
0 0.7834842850454151 0.6723934108391404
0 0.6832409908995032 0.43727569468319416
0 0.6638681192882359 0.7484561928547919
0 0.670135498791933 0.5007301564328372
0 0.6898226428776979 0.5510701097548008
0 0.6330879105255007 0.7577250306494534
0 0.7127601446583867 0.71627574916929
0 0.7166784259490668 0.6114023682661355
0 0.6897014498710632 0.734547446295619
0 0.7620230133645236 0.6104935151524842
0 0.7297688143327832 0.6334103121422231
0 0.7690878937020897 0.6436107094399631
0 0.6362065722234547 0.7805213119834662
0 0.6975832933560013 0.5637207057327032
0 0.7250684386119246 0.7293762154877186
0 0.6971965895965695 0.7485994895920157
0 0.7337191191501915 0.6942121597006917
0 0.8069147009402513 0.6478278984315693
0 0.7559842782095074 0.6953915848396719
0 0.8082255165092647 0.6586564186960459
0 0.7365000204183161 0.6601704643107951
0 0.6900827659294009 0.5281909202225507
0 0.6846421261318028 0.6006420045159757
0 0.6933294309303164 0.6052946109324694
0 0.6806249290704727 0.5860603197477758
0 0.7201447154395282 0.4171169023960829
0 0.7538815008476376 0.4031768038403243
0 0.782596827764064 0.40306635294109583
0 0.8049410467967391 0.41096996907144784
0 0.8191490804776549 0.42445233594626186
0 0.8223794613033533 0.4694263362325728
0 0.8545598367229104 0.5280684625729919
0 0.8022016126662492 0.5042108442634344
0 0.7809643846005201 0.5099856616929174
0 0.7557121085003018 0.5068821314722299
0 0.7328352334909141 0.49855415234342215
0 0.7155826341360807 0.4893253121525049
0 0.7038516717031598 0.48083779076114297
0 0.8447795550338923 0.5192914720624685
0 0.6907028661109507 0.6098831315524876
0 0.6803820285014808 0.536080083437264
0 0.6721956588327884 0.6018637800589204
0 0.6583018673583865 0.6100480142980814
0 0.6702976746484637 0.604517477285117
0 0.6837964083999395 0.6150149249471724
0 0.6545031446032226 0.6119838833808899
0 0.6501075372099876 0.6152517735026777
0 0.7066807293333113 0.4632554267533123
0 0.6955469844862818 0.46675079157575966
0 0.6878128487616777 0.47046078406274316
0 0.8014978820458054 0.45651988256722686
0 0.8149308434687554 0.4458546204958111
0 0.5502916723955422 0.42931983144953845
0 0.5717333001550287 0.43453781949356196
0 0.554111552471295 0.40641692718490957
0 0.527730658929795 0.4240650575608015
0 0.5462663483805954 0.4520514854695648
0 0.7702248197048902 0.4575733021833003
0 0.7899383574724197 0.4602589302696288
0 0.7720218904316425 0.4366417083889246
0 0.7504038305953145 0.4546500412747264
0 0.7683671524748206 0.4782642007805407
