0 0.6346480030299239 0.46002109311208006
0 0.6335951369648745 0.4135697368814164
0 0.634586295246575 0.4297874735183075
0 0.6223700215041889 0.363157216240378
0 0.6346464893360179 0.3978716906379251
0 0.6373986112040306 0.37776652504416075
0 0.6456641721448818 0.3295865920411439
0 0.5060377076331071 0.31927128599471405
0 0.6505057150301551 0.2888828375760247
0 0.6524197597543901 0.26785646065944385
0 0.661517541116803 0.19504014784548462
0 0.6343864027709397 0.46669723807262775
0 0.6343791738215379 0.4738479361814611
0 0.6347891443766622 0.4787385163186979
0 0.6348238178697819 0.4792949051416221
0 0.6342922425219781 0.48596068390277253
0 0.6337441438612555 0.49416008716871757
0 0.6334885559378797 0.5030678560753831
0 0.6309410939739726 0.5208501074494434
0 0.633915898606244 0.42170498952144336
0 0.6164503041576233 0.4211758705748229
0 0.44887165674931895 0.26034290650311637
0 0.5594656560491409 0.33459344030428334
0 0.5399164124254436 0.33494133308154195
0 0.5213611139778347 0.3337492461965865
0 0.497772231572288 0.3247642777547115
0 0.5765909947423492 0.3322412376644231
0 0.5347165484845889 0.2876923785490148
0 0.5579889132503719 0.29041376634806143
0 0.5127079342236499 0.28994410979647595
0 0.49836646253046607 0.29620276779687704
0 0.48109562531553746 0.3343151417099127
0 0.5541593949880278 0.5407505275822487
0 0.4998732245672604 0.314878934571723
0 0.4291983185186668 0.3257545623458734
0 0.460931043899009 0.3222650079166188
0 0.5370461941394122 0.3988855726578656
0 0.6105752337079511 0.457077274803354
0 0.6131069787192446 0.4735765136590525
0 0.5859608731943847 0.4635440642092408
0 0.5703900274093644 0.4703678103054271
0 0.5949343336030903 0.47501069557766956
0 0.5807560579183233 0.4772219257194455
0 0.541691211456991 0.49368475264861805
0 0.6166171075674048 0.4126292517205246
0 0.614478017584684 0.39754023271448474
0 0.47262831868501654 0.28217690932650524
0 0.5830993692583173 0.361962785239981
0 0.5734086301382081 0.40832524740395426
0 0.5728190251417804 0.40025227009749215
0 0.47612224959371463 0.395681062666308
0 0.6181878125617273 0.37885828378821623
0 0.5178788823668967 0.2659547058474116
0 0.4909694648115947 0.270955967302082
0 0.46669438393307133 0.23338233623184076
0 0.6048257432657959 0.28026852587691875
0 0.5772175508460918 0.2984527279348934
0 0.5269708777404536 0.47974083403579326
0 0.4431025448730726 0.46721281324114117
0 0.5890217037392065 0.41750532438775073
0 0.6048519146090319 0.4224834442138672
0 0.5548577737456133 0.48112386214632946
0 0.5596956243494895 0.480928545238591
0 0.4818278853526095 0.2615905879926281
0 0.5733586499459633 0.4153450657339657
0 0.5545492914155565 0.2671247971158068
0 0.5517759212461705 0.25530430849860697
0 0.5431590701457317 0.19971345452701345
0 0.4736344724390577 0.24707085044444108
0 0.5494898756345113 0.22802889747779911
0 0.46230387939179496 0.2756079295102288
0 0.45455709106057 0.26852870087663666
0 0.6110598986913384 0.46587596420480426
0 0.5902687328777233 0.4696692378581071
0 0.5752838705410938 0.4738991420809962
0 0.5939845260437028 0.4205033699003588
0 0.5572893886123529 0.481036765234811
0 0.5660708645350823 0.4836577728015034
0 0.5624535180596862 0.4808582738667977
0 0.5966369138739783 0.41212638686685
0 0.5851372539494109 0.47944123003663136
0 0.5988102246563143 0.47846519245820884
0 0.6155105407353695 0.47818020011196616
0 0.6044837050297089 0.5189704654597435
0 0.6092566789957038 0.5013337055174243
0 0.6104802812453564 0.49250420402078066
0 0.6126590243497478 0.48460794697288706
0 0.6155505899638566 0.4787380214498824
0 0.5849767458086779 0.4797357811647303
0 0.5807881142771194 0.4824392755492395
0 0.5760284664761668 0.48631011337793173
0 0.5722663853993396 0.491097005475469
0 0.5504060424078366 0.454410843488549
0 0.4290667120288696 0.391842860133708
0 0.6343605285078161 0.4254617470653117
0 0.5748121073225883 0.4803907009733825
0 0.5705281555149626 0.48183709833802296
0 0.6100667881688991 0.428594969901718
0 0.5807652108151199 0.4247107706150087
0 0.6076351591554875 0.42561546894682556
0 0.5601984819530937 0.3703169782622522
0 0.5248742277737911 0.3794922107408027
0 0.5700002017151957 0.40712506029786183
0 0.49601965696248324 0.21268732607865534
0 0.503407459344542 0.23279904217279257
0 0.5118063809625207 0.2545457397188459
0 0.5578876230787124 0.5031585993886996
0 0.5996409596773139 0.2597711637240498
0 0.5990654589128896 0.22888567167169907
0 0.5966578509485672 0.19457973752702987
0 0.5060133612105615 0.3304083217091921
0 0.46002429880924867 0.34470441762138815
0 0.5883353637995096 0.329247255285247
0 0.47993794655749566 0.30296934352201577
0 0.5982913105799679 0.35221824525785045
0 0.5840891553128319 0.4024561032527635
0 0.43484583974890567 0.3552683040875347
0 0.47157208571202647 0.3560806182252259
0 0.496099359312641 0.36258837755988627
0 0.5344813246955852 0.3611562011622581
0 0.5628313898159985 0.35576504819533405
0 0.5841918318583492 0.34953850457648267
0 0.6258319243474348 0.3326698982415079
0 0.4340262098654413 0.3877033606296828
0 0.46541763263664165 0.3005339508297063
0 0.6236798052797841 0.4207952122728364
0 0.5830628142578189 0.37700234341020344
0 0.4310005620939319 0.3248301734443472
0 0.6004357762980562 0.34193148532835377
0 0.5692365643595845 0.40827583865959105
0 0.490719804343795 0.31500504798248036
0 0.5846538055798173 0.3927846996724105
0 0.43331164731506555 0.4285551720306653
0 0.5896800332683049 0.32384655655933026
0 0.6007366335718943 0.3839516820026045
0 0.4737253082200948 0.5050388664758506
0 0.47786514787985807 0.520778195196841
0 0.4222914746919262 0.38973083816656545
0 0.45136714384022647 0.4841159952788794
0 0.44180523846219866 0.295195957191852
0 0.5503745802092653 0.5546552994671989
0 0.6264435840055409 0.42461846455806446
0 0.5637476556160279 0.3878202798987637
0 0.44560398771290033 0.3249602978970824
0 0.5233839607565715 0.3246388806014502
0 0.5395546608018976 0.32626341771678763
0 0.562060325457577 0.4860383783067976
0 0.43698542486514724 0.41830805369785856
0 0.5875865238628307 0.5760180569496476
0 0.5304278716885088 0.554019835816712
0 0.5060764695144404 0.5405095004233993
0 0.6567094834041998 0.2311968783370587
0 0.6301867792752222 0.5811824558161888
0 0.5561390378304172 0.326271986761013
0 0.5721894840902417 0.32533288202365906
0 0.5834388610934407 0.324926737977677
0 0.4528649085936164 0.2975616384955013
0 0.5729328775581931 0.31128803621821044
0 0.5560259634809654 0.305482170161079
0 0.5384221772667225 0.30381882491231965
0 0.5209770318325059 0.3056930493907768
0 0.5103489200777143 0.30929345443469136
0 0.43772474409155704 0.289435606042878
0 0.5128876393983133 0.3220677375793457
0 0.63379384112006 0.4423821192829549
0 0.570005464277187 0.446301271935471
0 0.5884528802039755 0.4147526035789682
0 0.6066619812939238 0.442382744380406
0 0.6487162176063795 0.30948400497436523
0 0.4994133445532513 0.5245402921147707
0 0.5238859978531987 0.5395372915668648
0 0.5846999520239448 0.5665995573797146
0 0.4582512256716877 0.49818154743739534
0 0.5844740579651377 0.31897360937935965
0 0.6095435452109148 0.35627656023041543
0 0.6287181991062084 0.5714554185626888
0 0.5563152204837477 0.5663165445087337
0 0.42662338371769787 0.4234134589924532
0 0.5987924847296019 0.4789628221207306
0 0.5944837620992701 0.48341106767414
0 0.5908812837761666 0.4894327095576695
0 0.5884277415677968 0.4970961438507593
0 0.5783976379326125 0.5120189390262636
0 0.5697493812202904 0.47914159999174233
0 0.5645792818773648 0.4777684171660608
0 0.5603227463201128 0.4760972712220264
0 0.5350849914840002 0.46599869167103486
0 0.4599134879273201 0.4276651895346762
0 0.6124752449335428 0.34126846529856447
0 0.6046754773156049 0.3107029059353997
0 0.5927650546222799 0.3128118284610139
0 0.5749810185865007 0.4802566436158509
0 0.45847672362367814 0.46364295983514864
0 0.622012054115408 0.30967347461636324
0 0.5649746813603091 0.5264338685684845
0 0.6402813634414714 0.3613905866606897
0 0.6236457400935612 0.3487608312558727
0 0.6428749718495059 0.34617678257597595
0 0.5928678726345175 0.3799520220075335
0 0.6287046041543977 0.5568559550437606
0 0.6297795390277975 0.538140589449586
0 0.5956314816002102 0.5353330423851975
0 0.5216651118128611 0.4990507714888629
0 0.5509790675046575 0.41975400828513776
0 0.5413258312120719 0.5147422021176634
0 0.5029158624918652 0.41576520935827943
0 0.5303535592203905 0.4341557847351587
0 0.48534479045666723 0.43974879208733053
0 0.5873645201388291 0.5526891075262502
0 0.5812551525071703 0.38874097030703764
0 0.5047718351274603 0.509098483734772
0 0.5291300701441141 0.5257759014097583
0 0.5059682333268194 0.48042419577847006
0 0.44203247645484744 0.44430575250577525
0 0.48159863853253393 0.48121124556084643
0 0.4345568232395478 0.4549282939494157
0 0.5138896198841086 0.4537250594932492
0 0.5967902072119814 0.3663487033683713
0 0.5901873046335792 0.4093288674074061
0 0.5795769328054999 0.413412056049379
0 0.5980361894967687 0.3991777275790687
0 0.589280616130507 0.29377309214167235
0 0.5566461960223154 0.2822057028778461
0 0.5273820507626996 0.2798517551742682
0 0.503440223036939 0.2828067340770689
0 0.4871983015713309 0.29023138114384245
0 0.4778895084490756 0.3184320405751717
0 0.422456948314538 0.3573336651345261
0 0.4906403000470455 0.3410997671239516
0 0.5103992114967435 0.34622210214117993
0 0.5366326232562588 0.3468892504187191
0 0.5616467899411036 0.344344074986562
0 0.5814742420167359 0.3404901408347763
0 0.5954923773742427 0.3361627995466986
0 0.42954274754232497 0.35801323722390566
0 0.5805479462262447 0.41777580926398267
0 0.6066315376557379 0.36978447337110504
0 0.6030823639928037 0.41024752624896393
0 0.6144764048640738 0.4182459346386565
0 0.6040242635625325 0.4129326844415745
0 0.5865381705861554 0.42260510380528554
0 0.6176237423082948 0.4196460747919163
0 0.6204450272558107 0.4234967011363566
0 0.5964506163501538 0.32441154047220694
0 0.6067851422205253 0.3278099218336474
0 0.6129899574482994 0.3301653280979445
0 0.5044747267217072 0.3122002878108946
0 0.49004278706095894 0.3039962223597935
0 0.6587083232805195 0.3644304095196123
0 0.8099849966004931 0.33047006310535076
0 0.6542204330490611 0.4226531581718381
0 0.8912527608972058 0.27488776515511903
0 0.7480309196916813 0.34191576673203156
0 0.7692632353255517 0.3441502426852699
0 0.7898683441087666 0.3444278119992809
0 0.8184741881326281 0.3362933407310678
0 0.7299052698199759 0.3375197037929246
0 0.7809629291924747 0.2954502546486734
0 0.7553359781890981 0.2965931802236733
0 0.8047914137820151 0.2992354020351121
0 0.8200123840746497 0.3066419603443947
0 0.8350475236836366 0.34722277897746623
0 0.711312977825036 0.548848013917939
0 0.8182534151690922 0.32579847544181245
0 0.8989454947946444 0.3425662717899355
0 0.8598837606011563 0.33594232246655376
0 0.7507295105527725 0.4072872730864196
0 0.660230434456455 0.4587683457286418
0 0.6576455262517125 0.47499639647347586
0 0.6875883863948066 0.4671164961422191
0 0.7055705041322025 0.4747163788611148
0 0.6785553967902429 0.47762868184001506
0 0.6956363715199981 0.48054968409177634
0 0.730822087340214 0.5020571776798793
0 0.6514035901565592 0.41395172351548654
0 0.6553052988862187 0.39901225907461985
0 0.8479417625358839 0.29420961852835004
0 0.7110698531197093 0.36651888614943046
0 0.7037802144947938 0.41346357449763965
0 0.7073575117417026 0.40553064506594877
0 0.8188915149572027 0.40901629263613404
0 0.6571513264113841 0.38021365133654167
0 0.7964973897370609 0.2737682416659443
0 0.8270996969963428 0.2811000096697767
0 0.8716921857892209 0.24615931510925293
0 0.6993321329983981 0.2839162299612991
0 0.7335288832710765 0.30344750400350873
0 0.7483619235235931 0.48919051034109934
0 0.8700944606513413 0.4852376024262244
0 0.6864660177301254 0.42140233817220735
0 0.6686278565271997 0.42515966872207256
0 0.727062326317598 0.485054839558962
0 0.7218883790798831 0.4846630076400372
0 0.8385445810068509 0.2717312444157961
0 0.7044016777966093 0.4207122045404771
0 0.7552620759744685 0.2731528983396642
0 0.7586891072711864 0.26083259221886385
0 0.7869587980745211 0.20693705462608017
0 0.8549181089622562 0.25903537193266285
0 0.7702489754318688 0.23456420016889812
0 0.8606958644551064 0.28801182939224884
0 0.8764348575837502 0.2825114536686104
0 0.6594017082628821 0.4674372753175367
0 0.6830871982916498 0.472754432373688
0 0.7007394722242396 0.4777008545498888
0 0.6809562284986681 0.42410114432583335
0 0.7243908404800963 0.4848680916954489
0 0.7128506079001768 0.4871990540448357
0 0.71900525902897 0.48448639156437723
0 0.6765082601756486 0.4151447740923457
0 0.6917105568612175 0.48232579431613953
0 0.6750320266570723 0.4806838456322165
0 0.6560766603247525 0.4794229719819141
0 0.6587361356377098 0.5215919158037972
0 0.6593305080626082 0.5030385546323632
0 0.6586004831997151 0.49406481189888063
0 0.6575483669082827 0.4859506823435551
0 0.6560160559818211 0.47987187008897797
0 0.691764710321708 0.4823909346796885
0 0.6955700519215708 0.48538835509484557
0 0.6997740750322865 0.4896236507832503
0 0.7031748783990803 0.4946895707555178
0 0.7236634186048548 0.461720081938415
0 0.8999444761859716 0.409929299554905
0 0.7043163167776437 0.4835154068570177
0 0.7084520114625054 0.4851512347950655
0 0.6616222547830911 0.4308496443163447
0 0.6963882105511452 0.4297321263481589
0 0.6649413045322845 0.428124401749683
0 0.7338609622500617 0.3767134181591643
0 0.7690535816462231 0.3887540713077834
0 0.7106866480680457 0.41289806967022036
0 0.8392839426732768 0.2230879969957496
0 0.8215906433918305 0.24241304097055388
0 0.8039826768360058 0.262120110648019
0 0.7115094468060426 0.5103362287793841
0 0.7060946949172121 0.2631027508182686
0 0.716826897884723 0.23245559019200943
0 0.7292716969669116 0.1984987599509103
0 0.807828251571092 0.34216387832865996
0 0.8574994804989939 0.35902188405269336
0 0.7175730216603742 0.33333899994858174
0 0.8397469349551302 0.31504510631080435
0 0.6960207931854554 0.3555575679330265
0 0.6910007900326564 0.4065389533002837
0 0.8789000566498639 0.3717911924634661
0 0.841947081974287 0.370290646032125
0 0.8130841929198317 0.3753277854759152
0 0.7711146385860845 0.3710558955408946
0 0.7409301674315698 0.3631923258805475
0 0.7183235874910395 0.35504832187620533
0 0.6664931237194609 0.33401803810055514
0 0.8726928364878466 0.4047148668465494
0 0.8558466399269264 0.3134681938075218
0 0.6444888524868317 0.4216150536256678
0 0.7060116256591137 0.38154344198082674
0 0.9071050122820375 0.3416809775248295
0 0.7012048977336803 0.3460001925460431
0 0.7136225352055916 0.4142565627058013
0 0.8277552537777253 0.3266264951529623
0 0.6941325236976398 0.396927090252147
0 0.8888803639995397 0.44693858483258414
0 0.7175216409475994 0.3277574787620737
0 0.676156998309405 0.3867274011884417
0 0.8138105962346878 0.520826562112119
0 0.8141587741264311 0.5370498985803428
0 0.8949162396700573 0.4080160846229361
0 0.8445308867386122 0.5011393523015896
0 0.8883333404858907 0.31057870688558625
0 0.7153111668578683 0.5635926823656098
0 0.6425856582600357 0.4252485367430358
0 0.7249474271440305 0.39408349590141234
0 0.8780894523431481 0.33905806862005666
0 0.7885553631852951 0.3353190221706358
0 0.7702910193411107 0.33549780004164753
0 0.7168477783726237 0.48977974282593284
0 0.8657293352396679 0.4354689582055356
0 0.675019407825631 0.580869334084647
0 0.7447104694219581 0.565621071502942
0 0.7766321801938085 0.5546199293697581
0 0.7523980822241256 0.33364159920636344
0 0.7353717419417095 0.3307721414485899
0 0.7236614380707721 0.3293595774834897
0 0.8709473635073955 0.31067867038630637
0 0.7381151211664143 0.31651286117169036
0 0.7571770260857127 0.3119511604309082
0 0.7763843870867154 0.3114808527361445
0 0.7953039198988098 0.3145357690939382
0 0.8067068731734521 0.31904540442619
0 0.9020583002124658 0.305241221139411
0 0.8011699223317175 0.3332619957563256
0 0.7032328797543602 0.4519537156369506
0 0.6865716367834228 0.41859033728847983
0 0.6625245436711653 0.44478775473201976
0 0.7804510460121219 0.5385038231601235
0 0.7493436742684007 0.5514766268369531
0 0.6748982557264561 0.5714299458415568
0 0.8441563960369126 0.5154137391002238
0 0.7240312603707052 0.32334259778511626
0 0.6782171781556012 0.35865831174770324
0 0.7114008003649329 0.5749080922423291
0 0.8850522745510697 0.4417942932673863
0 0.675105872285014 0.48095120502119304
0 0.6785437116391548 0.48572859042832833
0 0.6812490363161272 0.49210734527652006
0 0.6831319300685754 0.5000045920620445
0 0.6875007336149739 0.5171849266821597
0 0.7095270736559534 0.4827051763774968
0 0.7143240686710374 0.4817071562053777
0 0.7186100010127457 0.48042622734518614
0 0.7396198177890938 0.47463925746308655
0 0.8335229651334417 0.44273425751373546
0 0.6810871418015363 0.3436120598256087
0 0.700775319891137 0.3137360089967231
0 0.7148377909187527 0.31659177972489044
0 0.7045288846714084 0.48348318829255943
0 0.8337094182706584 0.47935822230427205
0 0.6793780257681754 0.31202997480119976
0 0.7009748728466436 0.5332527180679706
0 0.6626981374835164 0.3500721294338964
0 0.6909124299192227 0.383632335342279
0 0.6657557991738058 0.5388565864883551
0 0.752945303791183 0.5097162102450844
0 0.7313008673080412 0.4271706332679556
0 0.729252316026245 0.5238538309305656
0 0.7841158262787992 0.42698797458360177
0 0.7506044256787763 0.44323282482243387
0 0.8009285235203771 0.45277806290057526
0 0.6720038466312714 0.5570614558308065
0 0.7037366144516297 0.3933936748184076
0 0.772747843577389 0.521800281620827
0 0.7426218830583468 0.536540730660703
0 0.7721023026397963 0.4920909104227018
0 0.8574643684590416 0.4612530299595424
0 0.8021708276704393 0.49531399101770224
0 0.8706737668705389 0.4728967201809923
0 0.765990374460502 0.46433371856433003
0 0.6918462517392283 0.36979502189059216
0 0.6831590067988207 0.4128556932721819
0 0.6960632614948579 0.4180394180682527
0 0.674283611120554 0.40204864389756145
0 0.718444598123494 0.298238098120489
0 0.7547360744154403 0.28852061964884523
0 0.7871000384479635 0.28775100748078164
0 0.8136158814410117 0.2924387304722762
0 0.831617238652354 0.30132682183209586
0 0.841283150363069 0.33118926376855673
0 0.9002047183644419 0.37506501013491333
0 0.8230228524670822 0.35384961937655923
0 0.800013969467662 0.3577044130373402
0 0.7710389255974364 0.3563613130264923
0 0.7440673617119528 0.35156387240946796
0 0.7232026614971805 0.345690040027394
0 0.7084449381264957 0.34004108645334963
0 0.9051568457848915 0.3754502785306017
0 0.6954850021293898 0.4224218721149348
0 0.6756450302490202 0.37226746462974225
0 0.6671871311553923 0.4127096548801711
0 0.6557286804864175 0.4199372660212156
0 0.6675109767712621 0.415473184665712
0 0.6893578521310025 0.42690233623280244
0 0.6513218365389587 0.4209754747502944
0 0.6492728325636578 0.4246068221180379
0 0.7096064081926386 0.3278334541481082
0 0.6969165038710405 0.33074760637363465
0 0.6884109021993629 0.3330754823043567
0 0.8131849172246104 0.3225902148655483
0 0.828744360791983 0.31539219167052196
0 0.546323418963056 0.3152241967305416
0 0.5677721857521605 0.31622048486180665
0 0.5472083852512424 0.30249436061923246
0 0.5245669762042001 0.31429844042834115
0 0.5452627156417078 0.32804112975336924
0 0.769529305932894 0.3225419260874516
0 0.7927575189353041 0.3233269052345212
0 0.7703423717605413 0.3089301946784268
0 0.7462202588465646 0.321722657740617
0 0.768845795327601 0.33619413255643443
