0 0.5694934945229603 0.46862461752649665
0 0.6172311245261327 0.4328431557809961
0 0.6055675512584655 0.4406074244475019
0 0.6464869715678303 0.3952569560404273
0 0.6297064882743618 0.42405146074251854
0 0.6463043829831092 0.4119621250724447
0 0.6871053838859433 0.38173660349802696
0 0.5973404337773505 0.31829359717127204
0 0.714750174594962 0.3617390315925729
0 0.7301705110332241 0.35079737839059555
0 0.7919050126296022 0.30654261595960974
0 0.5650418489847494 0.471746156235104
0 0.5608623231477712 0.4744489102259926
0 0.558177275583148 0.4761461090242517
0 0.557622439754398 0.47620938680526137
0 0.5531013615672355 0.4796967664058658
0 0.5472980810572272 0.4837760362720144
0 0.540995014021578 0.4881266786352448
0 0.5314077844276376 0.49256048810438835
0 0.6110839639263956 0.4369147105709366
0 0.5975877474183622 0.4276896500285121
0 0.5914879406842849 0.2499065482314082
0 0.624542537064332 0.347860482453868
0 0.6100364637601635 0.3407556522583616
0 0.5973233057833884 0.3326473666921906
0 0.5868255652325309 0.3176743384396684
0 0.6386356103112516 0.35278008219556534
0 0.6342831021579711 0.31306417931573116
0 0.6487009298137348 0.3231131486540687
0 0.6182714503906344 0.30619010539806407
0 0.6052344413069279 0.3039066197917513
0 0.5669661252556936 0.31510108919895213
0 0.45926866923337395 0.4726397838389528
0 0.5951303840493378 0.3130608172412368
0 0.5300749971976747 0.28235725586073124
0 0.5583135004600753 0.29835700268006843
0 0.5587589672726133 0.37849410088813823
0 0.5546681213638057 0.45663937640146934
0 0.545384158015899 0.46478637890971225
0 0.5337125940005416 0.4497541309590789
0 0.517337397955682 0.4454170784548573
0 0.5308325895634682 0.45705230992989265
0 0.517999153462765 0.4508675556575906
0 0.4870781735719546 0.43828823007103324
0 0.6057878353268557 0.4251395224229149
0 0.6158409776247066 0.4154952760731828
0 0.5928748391730629 0.28504684467570507
0 0.618547426496187 0.3735966082608354
0 0.5761060119485077 0.4012663633819076
0 0.5820098369098876 0.3955973867272985
0 0.5192167436420594 0.35090740670220577
0 0.6320459360013837 0.4047007519697797
0 0.6380194541795746 0.2982754399325105
0 0.6144812824204564 0.28839733475900214
0 0.6254591626803512 0.24371505801336488
0 0.6869118340799342 0.3450782183503759
0 0.6577768731538368 0.33445993773099303
0 0.4872639237133705 0.42412530841386836
0 0.42564573960945656 0.37190835140105605
0 0.5798138231039047 0.41280372899727547
0 0.5875898281355267 0.42239868851459544
0 0.49455773923546076 0.4399355757927549
0 0.4977915079697319 0.4417430742279343
0 0.614669256074273 0.2773426214799933
0 0.57020086677664 0.40461951953129494
0 0.6627259427357627 0.31692899601614993
0 0.6704065973020118 0.3080967555389456
0 0.7066921309122572 0.2598703096256308
0 0.6209194452056418 0.2594630857254716
0 0.6907942604435526 0.28258226712004864
0 0.5902191141782247 0.27485117092188716
0 0.5907393465952381 0.2621084367181512
0 0.5490930114427338 0.46110225306904834
0 0.5319527534201093 0.45360772894776386
0 0.5175452529371757 0.4481663588380468
0 0.5809221050661543 0.4164503175711286
0 0.4962015228912882 0.44087195482806885
0 0.5012834299679684 0.44651096773104393
0 0.4996451529795709 0.44280770755764365
0 0.5905508865480837 0.41448273720300716
0 0.5185669395141304 0.45295119247790694
0 0.5305350210679614 0.4594076259628586
0 0.54375244733756 0.4671745842889599
0 0.513380171245207 0.4806537661647451
0 0.5239443913426088 0.4770915715590767
0 0.5307709565791099 0.4729787517285001
0 0.5373430338728687 0.4695828677411529
0 0.5430829095370744 0.4671804590717606
0 0.5178338578983169 0.4527362084583096
0 0.5134113004188174 0.4526904134646706
0 0.5078667985356372 0.45314409297661506
0 0.5023917987861711 0.45426787522392
0 0.5245331704778515 0.4197493030325226
0 0.47470988584277424 0.31830492205377936
0 0.6084372024659229 0.4385922559793445
0 0.5088259140839395 0.44778058143413585
0 0.505264107785795 0.44709566197749495
0 0.5875492664054036 0.42872545209483826
0 0.567843491980887 0.4129090739980988
0 0.5875698512663012 0.4256171257491561
0 0.5967003401449841 0.36951219501054805
0 0.5658591287615506 0.36127221049821895
0 0.5743456849747378 0.3979286137914312
0 0.6629011659356563 0.24597988115704578
0 0.6536213890446917 0.2651134706979644
0 0.6432219694328049 0.28802322434342426
0 0.4917592925383993 0.451051938900913
0 0.698621024094198 0.33109706105745357
0 0.7249758301869683 0.3033912904506576
0 0.7478896813548129 0.27966770243601524
0 0.5886287469335872 0.32455642235235893
0 0.5440098883827096 0.31159740648623824
0 0.6486504838761428 0.35544246769901633
0 0.5864231442303761 0.29850945211407065
0 0.6365279984943892 0.3742339278206877
0 0.5891157656341143 0.40348481349107146
0 0.5162876308490725 0.3060373020614835
0 0.5450316965579987 0.32468359134551406
0 0.5580682018771768 0.33961391535358154
0 0.5857122456249984 0.35428351933217567
0 0.6095846043494733 0.3620832372402799
0 0.6289238987652503 0.36669805608149886
0 0.6709857180552639 0.37525643494682037
0 0.4921337806660196 0.3261956637050363
0 0.5760886581290675 0.2898067281837913
0 0.6041997089658094 0.43200563353256904
0 0.6069452603873999 0.3836398679709089
0 0.5284258805863236 0.2782254904454601
0 0.6455853894028974 0.36911544662670814
0 0.5725844199566738 0.39731714091655135
0 0.5881509349640944 0.30953369438108325
0 0.596740815019154 0.39703281558510184
0 0.4485844836934753 0.3428416484292003
0 0.6524309587219487 0.3521640321806721
0 0.6155663043584513 0.3996750994221024
0 0.4238273581165982 0.4134424287771833
0 0.4097129877899652 0.42292715943809867
0 0.47701420902234054 0.31922863137678825
0 0.4245489573754046 0.39038720937526744
0 0.5624231072547643 0.2706310950165641
0 0.4421964020508787 0.4790125311608764
0 0.6030394002876204 0.4346211387411408
0 0.5851491063671268 0.3821518963769726
0 0.5447677934299344 0.2913378994857919
0 0.6066146171449319 0.32860818219141685
0 0.6172000127237128 0.33570553324576735
0 0.4972736727770256 0.44637672068632167
0 0.46975671665985946 0.34566350243445754
0 0.4507109779945534 0.5069883648252141
0 0.4219395960883602 0.4680031174118968
0 0.41421796288341284 0.4481846438045951
0 0.7624553899564173 0.32787063742137473
0 0.47923124196898675 0.5273616868948591
0 0.6292518842155519 0.3415831472670686
0 0.6413963267822629 0.3467827783222648
0 0.6487322500704423 0.35058520199811977
0 0.5689476569709571 0.2804513371185116
0 0.6475389187588639 0.3383192217544369
0 0.6387988647608005 0.32886181237257045
0 0.6277934337925651 0.32171170624053996
0 0.6149236745322528 0.3164509326165569
0 0.6056308345059338 0.31439238748904585
0 0.5610728446070267 0.26079042093909305
0 0.6007266694517888 0.3228956991131755
0 0.5955174315477842 0.4481430248613807
0 0.5447253034976514 0.42298574211156886
0 0.5817638608505544 0.4114056014712306
0 0.5752610946074128 0.4365623651639275
0 0.7015841323072496 0.3710713128194861
0 0.4261752134998855 0.4369496525521728
0 0.43279676394456107 0.4576524343287599
0 0.4602821566083509 0.5008440262273602
0 0.4131307695465891 0.3991055757995101
0 0.6515862845775225 0.3471905330762915
0 0.6419887538675381 0.38359618459598743
0 0.48936293679087056 0.5212029090718083
0 0.4332148885030461 0.4875233455196671
0 0.45372057151373313 0.34168816195881885
0 0.5297440065313941 0.4592826039786788
0 0.5239977903826081 0.4602679867243421
0 0.5177358670119682 0.46228343831456226
0 0.5111868065457953 0.4653604560788127
0 0.49965937998469756 0.4653399769162786
0 0.5072017251311437 0.4458716781135055
0 0.5055674608877819 0.44388427920099616
0 0.5044513097761766 0.4419986862635267
0 0.5041178871432076 0.42005342331485473
0 0.48173950292655954 0.36290950538671535
0 0.6549155427466916 0.3741958361065042
0 0.6703463192705227 0.353534779443905
0 0.660863577388227 0.348195510228043
0 0.5091103499593295 0.44795007717566215
0 0.4491479356327783 0.38243806200182956
0 0.6816971068796904 0.36220673744337284
0 0.4794804316985866 0.4684994303877803
0 0.6602744160867904 0.40159799369133037
0 0.6579446093705685 0.3855542095944933
0 0.6733266944470613 0.3919475422497245
0 0.6121970924508312 0.3913672128017398
0 0.5027605891632645 0.512211495011613
0 0.5180263133193164 0.5017035140291505
0 0.49576842436647933 0.48685295966224396
0 0.46782540505670983 0.4325698722099912
0 0.5512512776514759 0.39682611288583797
0 0.47025982108291076 0.45075173514044803
0 0.522592417632594 0.37512323781308055
0 0.5265911180607002 0.397739393879538
0 0.49060244072714576 0.3817577078884494
0 0.47597358784759825 0.4938222451702408
0 0.5967302533352504 0.39091494890010875
0 0.4455984976223629 0.43073908698515617
0 0.4510453907853883 0.45218820211248123
0 0.47172197156950185 0.4150365475511205
0 0.4518022361899848 0.3629709664678228
0 0.45231675348528055 0.40403222999926924
0 0.43487963918596506 0.3645235606725665
0 0.4994454537720784 0.4027678068673265
0 0.6249212637624663 0.3835067770079426
0 0.5881824115615176 0.4103722531294477
0 0.5765151034878648 0.40700015139536583
0 0.6022319526047163 0.40862708873506903
0 0.6690119338910216 0.34073342717644095
0 0.6537028599287504 0.32168305192844593
0 0.6354524612264789 0.3082847603853198
0 0.6167190391975252 0.2997208134527656
0 0.6002541904378197 0.2962151252921077
0 0.5744854362033631 0.3049681269820186
0 0.5017300085367068 0.2990830338195614
0 0.5696243517019827 0.32413044161554694
0 0.5799659252490686 0.3353664473886939
0 0.5982297692528885 0.3464531770542912
0 0.6180179699769487 0.35455591814673465
0 0.6348628309028952 0.3598365928923738
0 0.6474751317468674 0.36294829310930293
0 0.5011745994586659 0.2975504351104947
0 0.5735357705827641 0.4093881680265717
0 0.6302030958721171 0.3921193737482679
0 0.5972765251670195 0.4173038598096025
0 0.5986695209437091 0.4257699880694997
0 0.5953554973087233 0.41845779455658316
0 0.5738466801526754 0.4144026844397835
0 0.6004486609169323 0.42852865866776824
0 0.5991033143161432 0.431083174665337
0 0.6564796273799046 0.3557728121624045
0 0.6606122857445608 0.362915380169516
0 0.6624351142622207 0.36783969861225807
0 0.5997927768722825 0.3136293027495992
0 0.5944992539513371 0.3041768480038297
0 0.6703925961223633 0.4101748462712419
0 0.7864791559784309 0.43753196385459625
0 0.6252285427535358 0.44491682536360144
0 0.8815491808497388 0.43302381125049316
0 0.7395729111588519 0.42119152681983035
0 0.751495037227869 0.4304495946760627
0 0.7646816817476697 0.43831019562439644
0 0.788032175163212 0.4440599800343963
0 0.7312034715128981 0.4119476386602374
0 0.7912314620840809 0.4121816626385502
0 0.7751269786740127 0.40320147908684134
0 0.8025850290837495 0.4222638752257478
0 0.8067221518443979 0.4306796313519927
0 0.7925213772155668 0.4564529405231925
0 0.563155893560337 0.5364340030844661
0 0.7947290818328443 0.43835356048699736
0 0.8375341275139995 0.4758708671923133
0 0.8159501799584731 0.4601287378565125
0 0.6983079952390298 0.4654881441290828
0 0.589163970688115 0.47614622699177783
0 0.5768089198061953 0.4825660669501277
0 0.6013323160131341 0.48747618210272514
0 0.6086019334666755 0.49626870291388553
0 0.5895414640317145 0.4899295999304108
0 0.59956361612548 0.49636090633229935
0 0.6153472189022147 0.5167859925524049
0 0.6292443624900087 0.4397278585727664
0 0.6432204755104106 0.43253627505855285
0 0.8326688391844863 0.4367946432228538
0 0.7016336054581663 0.42550847765760147
0 0.6657064395106357 0.4567051786875379
0 0.673359178573541 0.4521161947345388
0 0.7400438093944736 0.48903257486180984
0 0.6579419168360208 0.42075872756000876
0 0.8111075089191613 0.40928341286337894
0 0.8268243368391109 0.4235336068963659
0 0.8899975551859193 0.4111111781195454
0 0.7394775780646697 0.38026714100893855
0 0.7571032218959021 0.39786012184576713
0 0.6367137833781864 0.5156237292980802
0 0.7081098980067865 0.5481235468085262
0 0.6482527009818865 0.45511061163700145
0 0.6336201827811159 0.45090226170377457
0 0.6174578359350562 0.5082653868889463
0 0.6144068816109843 0.5065462933178397
0 0.8419988709299461 0.4221328604912412
0 0.6608195066775965 0.46060832303719246
0 0.7827022422267043 0.3945932235514772
0 0.7948809407813393 0.38889142833110213
0 0.8645536248450694 0.36014634022570174
0 0.8686082691926024 0.41598510083512985
0 0.8325402923738179 0.37275421395357966
0 0.846454511842002 0.43702692128178
0 0.8653570771541285 0.4353382869259171
0 0.5825493687196918 0.4800531227087629
0 0.5950934702692472 0.4889673624133718
0 0.6040979659022845 0.4964007085756115
0 0.6427161724752058 0.4546135200754456
0 0.6158618230534636 0.50737095710592
0 0.6070741198794998 0.5054279847637467
0 0.6125738735756149 0.5055728252923143
0 0.6453050010149246 0.4484990980422151
0 0.5959844386367046 0.49606374613400817
0 0.5855441446132634 0.4901882791216823
0 0.5728565917714782 0.48358525918877643
0 0.5498059251062248 0.5030566487407339
0 0.5591977635479491 0.4972772780751836
0 0.5649661105935988 0.49243626829938614
0 0.5695786480994328 0.4878581845458003
0 0.5724711945361417 0.483750460912352
0 0.5960735354734503 0.49624638345794403
0 0.5968999003829516 0.49941633603927016
0 0.5967024246878598 0.5029714761868768
0 0.5952986935153604 0.5066279504394186
0 0.641236598684412 0.4914135606284591
0 0.7837550753484601 0.5129441441293212
0 0.6040126212427149 0.5006788009102794
0 0.6057296939518141 0.5030037756955278
0 0.624443573391308 0.45164970394925796
0 0.6485532920645631 0.4626941304599893
0 0.6288880967413601 0.45129226234512054
0 0.7087018734411054 0.4394424479400766
0 0.722672445051696 0.4593637892301532
0 0.670115525631801 0.4571750905310762
0 0.8862248105199441 0.387489573031232
0 0.8592781332199988 0.39555602731264156
0 0.8252812539753707 0.4048904437517774
0 0.5953191220355423 0.5145150233006132
0 0.7591903704502012 0.3716992775545172
0 0.8005388417969579 0.35151872621930164
0 0.8337921645978222 0.3343114873961262
0 0.7773600104872299 0.44345721316294395
0 0.7997042603142883 0.4716062231556229
0 0.7266430475789568 0.4054728494282218
0 0.8148483600791382 0.4421913508271825
0 0.6999827169853708 0.413930743554796
0 0.661749525481592 0.4486094684596511
0 0.8046816275657519 0.487305860588516
0 0.7813746663539306 0.4723099702294322
0 0.7589943886775038 0.4653448371783547
0 0.7346642643375241 0.4481534531906895
0 0.7206789619572784 0.4326270156796428
0 0.7119353816075169 0.42001883523619693
0 0.6974338769264843 0.39190891968167346
0 0.7761858917124893 0.5043987888788831
0 0.8269314128581596 0.4478359317973904
0 0.6186746530963675 0.4410390440320623
0 0.6879299595628096 0.43407358067191165
0 0.8413027378366046 0.4753545469240002
0 0.7071819984880479 0.4091533654625865
0 0.6704760125797727 0.4578660027380439
0 0.7997215620201567 0.44240005897439044
0 0.670460100569155 0.44281591809746146
0 0.7493009516240462 0.5315376429454141
0 0.731050396581059 0.4025515723919523
0 0.6658834345719736 0.43100047942952835
0 0.6503322235834987 0.5534447551961394
0 0.6356326699580835 0.5622683250601741
0 0.7852886040573535 0.5128612601454707
0 0.6833991708800845 0.5511991489624631
0 0.8537839035625043 0.4542252653534862
0 0.5539186239728461 0.5475278579886409
0 0.6147392446013249 0.4419022832011831
0 0.6912498025466567 0.44820960573312163
0 0.8259437911860321 0.46839686942057335
0 0.7699333400991948 0.43225803685145103
0 0.7583032237446826 0.4255265738761079
0 0.6076235706391542 0.5079504371877166
0 0.7482822355206894 0.5199506365950557
0 0.511142023616349 0.543860719471738
0 0.569729325806965 0.5583468957439713
0 0.5990129493824814 0.5615412676032039
0 0.748495484256874 0.4176634720162205
0 0.7396948916594619 0.40965685086405795
0 0.7335481305971093 0.40498347294287407
0 0.8396005348666854 0.4509838244513325
0 0.7526082178658765 0.4047421113844367
0 0.767652051118405 0.4097642956868462
0 0.7796212183716504 0.4167673199073128
0 0.7886581981311673 0.42515835004008334
0 0.7922948568897403 0.4313903856968534
0 0.8663541140115779 0.4532433508530907
0 0.7791187740538431 0.43572396995580714
0 0.6354900003694322 0.47877020226872485
0 0.6502519686827841 0.4538486658231072
0 0.6141097126528621 0.4605694645340892
0 0.61588787983941 0.5538057122325551
0 0.5853935016481124 0.5514244197503381
0 0.5209922009228688 0.5381331365501535
0 0.669546758108165 0.5581673491692197
0 0.738769875758368 0.40275244749542594
0 0.6868431483921797 0.4116592316523842
0 0.5406390435831703 0.5530901684061341
0 0.7531432157949262 0.5292742000217887
0 0.5853658293414375 0.4903921270068141
0 0.5848105244905405 0.4944865910903267
0 0.5823512502905467 0.4987539955671283
0 0.5782149092334768 0.5034992157117181
0 0.5734275480651337 0.5105529659684154
0 0.6075427946027206 0.5016971673762453
0 0.6109111032084279 0.5024461667930734
0 0.6140151960046395 0.5029116194641244
0 0.6418411508607476 0.5045097255404445
0 0.7236468646189441 0.5138834251657777
0 0.6993338335305452 0.40212259527997696
0 0.7278345722867094 0.390956968932912
0 0.7362495591944974 0.39668228687799495
0 0.6038984230355077 0.5007022056674612
0 0.695433653810102 0.5354671884274137
0 0.7143961844722861 0.3845044519698274
0 0.5689086412768001 0.5233107292349788
0 0.6835456795018652 0.40157626407301944
0 0.6769674528066231 0.43177628106829047
0 0.541071204063685 0.5146181269184403
0 0.6230088172723418 0.5280639239843341
0 0.6722920663330866 0.47178289132273715
0 0.595787848872335 0.5277716476416242
0 0.705084670416039 0.48888700293458026
0 0.6722662527438091 0.4880706204668335
0 0.696469914815996 0.5098123186524364
0 0.5312736267223954 0.5277966567571613
0 0.6782875243250442 0.44155760568337166
0 0.6254122778368385 0.5415003544286542
0 0.5937174808881853 0.5398430050607177
0 0.6491208436048549 0.5244435006077739
0 0.7232586879931067 0.532340435554152
0 0.6646182212735647 0.5353010429636292
0 0.7203330320670552 0.5427101585960042
0 0.666216978803277 0.5060062143897665
0 0.6873829060274622 0.4225292549725028
0 0.6516645417913146 0.4497858406300994
0 0.6572001322537012 0.4569406654631746
0 0.6537802659542017 0.4406698528623235
0 0.7470748682870813 0.3911594719882461
0 0.7766408084527306 0.4000960311487965
0 0.7979666896002449 0.4113943945562494
0 0.811740341393844 0.4230280452664348
0 0.8175792849582174 0.43331946146445
0 0.8062416994539292 0.45044865297234576
0 0.8138492039364317 0.49543160534855246
0 0.7794320808480615 0.4557268739934417
0 0.7622155632985674 0.44994342165148776
0 0.7443867460217165 0.4387690421139848
0 0.7304025553976712 0.42604164368864417
0 0.7211810935936545 0.415121224641368
0 0.7157149010378382 0.40690495160178863
0 0.8131356996524594 0.4941775869524133
0 0.6536404973543857 0.45886233287013095
0 0.6754969467773385 0.42037389389630675
0 0.6410866505668863 0.44451587733583175
0 0.6279151710965063 0.44406469873544097
0 0.6391300291389875 0.4457299519276273
0 0.6461361777442305 0.4589685272371423
0 0.6239933816149182 0.44323451406713843
0 0.6201542095159707 0.44415305641250336
0 0.7254979386925697 0.40017709843274474
0 0.7147342278419629 0.39811757417476695
0 0.707657204778946 0.39774474960522377
0 0.7937277369201183 0.43531825603998225
0 0.8068563269208306 0.43766757932262146
0 0.6227943699240036 0.3273938362743112
0 0.6362992720273526 0.335576335211163
0 0.6325579692164193 0.3196878435657076
0 0.6089989346573534 0.319037347033188
0 0.612796884920934 0.33503295319235843
0 0.770748222651689 0.4196185950135839
0 0.784971961994534 0.4286945917900058
0 0.7819453447085359 0.41146253259933513
0 0.7566248887906903 0.4104100499248159
0 0.7595954318733319 0.4277958208020183
