0 0.7287466734647751 0.5496841249987483
0 0.6808148235082626 0.48686226923018694
0 0.6924313798546791 0.5089444341138005
0 0.6023247830569745 0.4282419143244624
0 0.664469164609909 0.4643427884206176
0 0.6403836190700531 0.43482863195240495
0 0.5763734385371209 0.36079693073406816
0 0.401132769882679 0.47016211580485107
0 0.5187021933495999 0.28909747637808325
0 0.49303149357438086 0.25505241807550194
0 0.4058541916310787 0.14457627907395362
0 0.7359777182340622 0.5590380262583494
0 0.7431592240929603 0.5696910817176104
0 0.7472366400063037 0.5770342364907265
0 0.7605744235217571 0.5946778826415539
0 0.768958543241024 0.6041307657957077
0 0.7790071703493595 0.6164634609594941
0 0.78878178820014 0.6296342477202416
0 0.8011038422584533 0.6549052007496357
0 0.6877407722175122 0.4982738267630339
0 0.666976696997881 0.5135547459125519
0 0.21614284366369246 0.4490431951358914
0 0.47930280715227125 0.4476374726742506
0 0.4586364008486271 0.4642548494040966
0 0.4355204090476036 0.4787566620856524
0 0.3940503872931004 0.4865548642352223
0 0.4940534494817257 0.4300981951877475
0 0.391923713684082 0.3955520550720394
0 0.41917756795883176 0.3798790015280247
0 0.37153715677559374 0.4181691935285926
0 0.36304489225149156 0.4411011213436723
0 0.38160273618996143 0.5172717966139316
0 0.7333304770290852 0.7390861373394728
0 0.38653003983199596 0.46987872682511805
0 0.2856750901788473 0.5580450650304556
0 0.33612724356353285 0.5183793164789676
0 0.5406281150877476 0.5554424921050668
0 0.6999175727367402 0.5663614744320512
0 0.7202219359576703 0.5881369076669216
0 0.6812659002840519 0.5984658591449261
0 0.6723004937171936 0.6238306317478418
0 0.7021184638142586 0.6075841341167688
0 0.6899021685123443 0.6252144929021597
0 0.6668397605419158 0.6853299457579851
0 0.6628879643976688 0.5001274591311813
0 0.6438055761158467 0.4812283365055919
0 0.307689568400383 0.441486769169569
0 0.5416137121617794 0.4625610694289207
0 0.6048070006072521 0.5332046495750546
0 0.5916966415941716 0.5231262726709247
0 0.4643743474036455 0.6065205613151192
0 0.6217231750488281 0.4529954681172967
0 0.3480177864432335 0.3726064583286643
0 0.32059452272951605 0.40546332988888023
0 0.2115907859057188 0.3896912271156907
0 0.4638417359441519 0.32062336690723897
0 0.44938148707151415 0.3763913823291659
0 0.6341276273131371 0.675148187763989
0 0.47599747106432916 0.7420603075996042
0 0.6321852929890156 0.5326191525906324
0 0.6538267068564891 0.5257717601954937
0 0.6679966986179352 0.6597431484609843
0 0.6732207357883453 0.6549533225595952
0 0.2932552706450224 0.39872306687757375
0 0.6106145970523358 0.5431200318038464
0 0.3921974502503872 0.3420215018093586
0 0.3742777038365602 0.32419030629098416
0 0.273757141828537 0.26124376924708487
0 0.25027028992772105 0.3974080217070878
0 0.32382327802479266 0.29443919928744433
0 0.2805202029645443 0.44050700552761557
0 0.24888785891234874 0.44915048163384197
0 0.7102867484092712 0.5783197890967131
0 0.6920907884836197 0.6035496680065989
0 0.6810930594801903 0.6247769974172115
0 0.6398956835269928 0.5326544359326363
0 0.6706993415951729 0.657317216694355
0 0.6854462116956711 0.6563615139573813
0 0.675896518677473 0.6525563895702362
0 0.6376361638307572 0.5182310905307531
0 0.6958885140717029 0.6248863937333227
0 0.7089173384010792 0.6092762980610132
0 0.7263519898056984 0.593184670060873
0 0.7693799421191215 0.6769264951348305
0 0.7607582174241543 0.6491566196084022
0 0.7520583666861057 0.6350409036502243
0 0.7442505344748497 0.6210710344836116
0 0.7391581162810326 0.6105305176228285
0 0.7033490285277366 0.6353438196703791
0 0.7026277147233486 0.6430300218984485
0 0.7026223063468933 0.6537031430751086
0 0.7041825093328953 0.6646995153278112
0 0.6297759294509888 0.6184423357248306
0 0.3540950518101454 0.6535490814596414
0 0.6899679325520992 0.5034546423703432
0 0.6906731121242047 0.6436183469370007
0 0.6879666969180107 0.6494044110178947
0 0.6660376392304898 0.5292427252978087
0 0.6264551408588886 0.5506426557898522
0 0.6601823218166828 0.5274697598069906
0 0.5266354635357857 0.49383185151964426
0 0.4997068390250206 0.5385505696758628
0 0.5949363499879837 0.5355802150443196
0 0.2277874644845724 0.32770010102540253
0 0.2718344185501337 0.3458834566175938
0 0.32449448481202126 0.3590591588057578
0 0.6970972180366516 0.68965435475111
0 0.43401399441063404 0.2906919153407216
0 0.384086998924613 0.25123369209468366
0 0.3319956984370947 0.2034039123915136
0 0.41243577674031257 0.48755235932767393
0 0.365187131986022 0.5534747499972582
0 0.5017941769212484 0.41600918862968683
0 0.3438987623900175 0.4695786388590932
0 0.54731350466609 0.4358977710828185
0 0.612149303406477 0.5156396053731441
0 0.34969492852687833 0.5906019832938909
0 0.39847905226051805 0.5584915833547711
0 0.43886355832219126 0.5451677225530147
0 0.48178906962275503 0.5088186081498861
0 0.507303585484624 0.4761726286262274
0 0.5236619245260954 0.44872573483735323
0 0.5581133052706718 0.3827727966941893
0 0.39405113719403745 0.6360414961352945
0 0.318104624375701 0.4784712979570031
0 0.6768704354763031 0.5059187753126025
0 0.5639512613415718 0.48359537292271854
0 0.26768312603235245 0.5582477871328593
0 0.5334940575063228 0.4235306454822421
0 0.5912156142294407 0.5384949512779713
0 0.3729471068829298 0.47872164808213713
0 0.5974948301911354 0.5021545903757214
0 0.4088493186980486 0.7000713799148798
0 0.4947978056967258 0.4084236741065979
0 0.6070339791476727 0.47553892005234955
0 0.5904373079538345 0.7583980211988092
0 0.6016310565173626 0.7774134531617165
0 0.3650853272527456 0.6539323501288891
0 0.5329247009009123 0.7517651569098234
0 0.26362407132983207 0.5016011895611883
0 0.742363465577364 0.7597188122570515
0 0.6813572973012925 0.5090790584683418
0 0.5553663045167923 0.5156752927228808
0 0.31327298991382124 0.5378484491258859
0 0.4302403565496206 0.4620691226795316
0 0.45034831389784813 0.4510149773210287
0 0.6838012926280499 0.6636968579143285
0 0.43602547869086267 0.6757208911702037
0 0.8015156514942646 0.758229505084455
0 0.7086703710258007 0.7750817898660898
0 0.6623685330152511 0.7776473287492991
0 0.45133136585354805 0.20226584505289794
0 0.8500923708081245 0.7280628312379122
0 0.46705097109079363 0.43801863212138414
0 0.48127118349075315 0.4237672593444586
0 0.49052357487380505 0.4142410263419151
0 0.29102967828512194 0.48585530240088703
0 0.46099318042397497 0.3979586842469871
0 0.43582632318139075 0.402144855260849
0 0.4158773675560951 0.41532017588615416
0 0.4002432283014059 0.434099442884326
0 0.39284568279981613 0.4500865675508976
0 0.2338501863181591 0.502502889931202
0 0.41430698409676553 0.46765273399651053
0 0.7055522829294205 0.5252511288970709
0 0.6418215200304985 0.5894969772547484
0 0.6298841878771781 0.5290566572919488
0 0.6782247565686703 0.5497756103053689
0 0.5470099538564682 0.3259529246948659
0 0.6456321984529495 0.7618277326226235
0 0.692613174021244 0.7606170561164618
0 0.7949143871665001 0.7478336229920387
0 0.5423311173915863 0.7675832267850637
0 0.48317902237176896 0.4035960734821856
0 0.5727902755141259 0.4310646714642644
0 0.8445391044020653 0.7162356395274401
0 0.7548305913805962 0.7707893872633577
0 0.414339729771018 0.696378524787724
0 0.7197967194020748 0.6238890781998634
0 0.7214503645896911 0.6338467016816139
0 0.7254919216036797 0.6468100080266594
0 0.7318930305540562 0.6607364688068629
0 0.7318084962666035 0.6882849929854273
0 0.6806149408221245 0.640891564078629
0 0.6739805445075036 0.6429549213498831
0 0.6676378369331359 0.6439414633437991
0 0.6271663196384907 0.6476349918171763
0 0.4840982645750046 0.6655471235513687
0 0.5517074696719646 0.407576806563884
0 0.49667569398880007 0.3725852703675628
0 0.4846148781478405 0.3873391838744283
0 0.686018317937851 0.638664449006319
0 0.5242675945162774 0.7159338008612395
0 0.5187771834433079 0.3537330575287342
0 0.7302835613489151 0.7135897479951382
0 0.6191952362656593 0.41020575221627953
0 0.5815732061862946 0.40738923475146294
0 0.5990886196494103 0.3869603592902422
0 0.5850149787962436 0.4784108763560653
0 0.8321642845869064 0.6976751651614904
0 0.8155098482966423 0.6747272117063403
0 0.7762401267886162 0.7009827764704823
0 0.6484708234667778 0.7084598373621702
0 0.584575854986906 0.5713134421035647
0 0.6883850961923599 0.7154490813612938
0 0.5253880828619003 0.6098771473392844
0 0.580989146977663 0.6097818464040756
0 0.5351346589624881 0.6579739537090064
0 0.7854582726955414 0.7278698502108455
0 0.5806256495416164 0.500819344818592
0 0.6385303184390068 0.7367887698113919
0 0.6857887119054794 0.738654387742281
0 0.6096574507653714 0.6944077301770448
0 0.4746678967028856 0.7060220995917916
0 0.578506338596344 0.718499968200922
0 0.46806349642574785 0.7303679646924138
0 0.5874023452401161 0.6499720867723227
0 0.5682271964848041 0.4567897291854024
0 0.6281746409833431 0.5198577154427767
0 0.618561501801014 0.5347631767392158
0 0.6262449413537979 0.49828267004340887
0 0.45917569324374197 0.35793805979192256
0 0.41007440686225893 0.36648531472310425
0 0.3756821546703577 0.38741787560284136
0 0.35210888236761095 0.41344171948730946
0 0.34087004885077477 0.44115588683635
0 0.357268200814724 0.49680920895189046
0 0.3217721626162529 0.6084801783785224
0 0.40432893857359886 0.518162139877677
0 0.4353691563010216 0.5078023940324783
0 0.4670966468751431 0.48548639845103025
0 0.4920320574194193 0.46019448190927503
0 0.5085808485746384 0.4378832895308733
0 0.5185658022761345 0.4198714127764106
0 0.3086766880005598 0.6058508960530162
0 0.622769582271576 0.5401009269058704
0 0.5911279894411564 0.4517176365479827
0 0.6451440811157226 0.5092214936390519
0 0.6633423134684563 0.5109938306733965
0 0.6472958877682686 0.5127550350502134
0 0.6326273255050182 0.5422586873173714
0 0.6692113108932972 0.5098438002169132
0 0.6739888161420822 0.5130762211978436
0 0.5037316255271435 0.402827067207545
0 0.520631643012166 0.3978385368362069
0 0.5334306113421917 0.3949044980108738
0 0.38929131142795087 0.4608701623976231
0 0.3612942826002836 0.46158530097454786
0 0.6393477104604244 0.3987970227375627
0 0.717049627751112 0.2248993907123804
0 0.7034764662384987 0.483637030608952
0 0.7084294483065605 0.0679133877158165
0 0.6753435008227825 0.29644193295389415
0 0.697062449902296 0.28193711265921595
0 0.7156058184802532 0.26454502865672114
0 0.7290781296789646 0.2249106580391526
0 0.6543910868465901 0.30548057351261376
0 0.6416139110922814 0.19541643261909486
0 0.6211883366107941 0.21968129416927695
0 0.6674762219190598 0.18099948400631546
0 0.6910413362085819 0.17941795084625484
0 0.7544070564210414 0.22647569421678782
0 0.8855678662657738 0.6133392691612244
0 0.7170392200350761 0.20885509895160795
0 0.7965071767568588 0.16095751328393818
0 0.7594036690890789 0.18570882258936763
0 0.761491984128952 0.37929767929017544
0 0.749875882267952 0.526597417332232
0 0.7641159556806087 0.5534059789031744
0 0.7801534280180931 0.5186360858380794
0 0.8018281102180481 0.5195938086137175
0 0.7828855216503143 0.5431019861251116
0 0.7983813382685184 0.5383281858637929
0 0.8530886568129062 0.53255011215806
0 0.6965844221413136 0.4728583287447691
0 0.6843636274337769 0.4487189564853907
0 0.6940139889717102 0.13266087900847195
0 0.6738354727625847 0.3575890644453466
0 0.7327028781175613 0.42952939718961713
0 0.7247510649263859 0.41592713017016647
0 0.8206615313887596 0.3230147335678339
0 0.6609894879162311 0.42162978909909726
0 0.6257266007363796 0.14875050941482187
0 0.6599427625536919 0.1322657370008528
0 0.6613373510539532 0.04280516002327204
0 0.5565788716077804 0.246808909624815
0 0.6124635346233844 0.24917381377890707
0 0.8504744566977024 0.49794092439115045
0 0.9108236208558083 0.39450976001098753
0 0.7260957054793835 0.4556574750691652
0 0.7159424558281898 0.4752158485352993
0 0.82949213758111 0.531192691065371
0 0.8235265620052814 0.5349120760336519
0 0.6567338682711125 0.10651466567069293
0 0.7390168622136116 0.4390900606289506
0 0.5907512210309506 0.18328791847452522
0 0.5774182096123696 0.16220939857885242
0 0.5440953843295574 0.054597786627709866
0 0.6671074524521827 0.07456497102975845
0 0.5671054810285568 0.10815738355740905
0 0.6960648998618126 0.10958649357780814
0 0.709873303025961 0.09108181716874242
0 0.758490926027298 0.5401441108435392
0 0.7824071303009987 0.5312920320779085
0 0.8007114849984646 0.5287535617128014
0 0.7241589613258839 0.46355178616940973
0 0.8265014871954918 0.5331465622410179
0 0.8244323059916496 0.5446467321366072
0 0.820489190518856 0.5368717379868031
0 0.7143300779163837 0.4555868186056614
0 0.7949991032481194 0.5452112207189203
0 0.7814163520932198 0.5513408709317446
0 0.7656371638178825 0.5620397139340639
0 0.8270875915884972 0.6300611043348908
0 0.8116477221250534 0.6074453350156546
0 0.8004144787788391 0.5954970756545663
0 0.7884923264384269 0.5850761899724602
0 0.7786426275968552 0.5786297528073192
0 0.8026280954480172 0.5548042047768831
0 0.8108785055577755 0.5553985001519323
0 0.8212230026721954 0.5574471335858107
0 0.8312974900007248 0.5612914018332958
0 0.8035283856093883 0.47699617594480515
0 0.854613046348095 0.2614081779494882
0 0.8101525560021401 0.5470142623409628
0 0.8170660518109798 0.5454781800508499
0 0.7171094834804534 0.4882029015570879
0 0.7418926186859608 0.4571110051125288
0 0.7164855659008026 0.4821055270731449
0 0.7053027704358101 0.35196395255625246
0 0.75295320302248 0.33748368695378306
0 0.7343965634703636 0.42326718755066395
0 0.608908049762249 0.03513143714517355
0 0.6209815911948681 0.07733444403856993
0 0.6166962027549744 0.12393518732860684
0 0.8515796288847923 0.5627487923949956
0 0.5354162808507681 0.21105727776885033
0 0.5144096694886684 0.15130392806604503
0 0.47950832545757294 0.09064250364899636
0 0.7281938374042511 0.24438181072473525
0 0.7879843026399612 0.22447129962965845
0 0.6393268041312694 0.30984749309718607
0 0.7167993426322937 0.17377391792833805
0 0.6489509873092174 0.35517514068633316
0 0.7173143200576305 0.43062596395611763
0 0.8208324179053307 0.2204399084672332
0 0.7887223869562149 0.2553047209046781
0 0.7705113381147385 0.28800459057092664
0 0.7295216165482998 0.3171952939592302
0 0.6944889262318611 0.3314606498926878
0 0.6661393076181412 0.3389920273795724
0 0.6004525758326054 0.3493374309502542
0 0.8542826354503632 0.27226027455180885
0 0.7262990422546863 0.15548657523468137
0 0.6969587363302707 0.489540346711874
0 0.6899755679070949 0.3831094249151647
0 0.7891614653170109 0.15330295832827687
0 0.6411995112895965 0.3414496513083577
0 0.7358973197638988 0.42233325634151697
0 0.7241791859269142 0.20150117063894868
0 0.7062494635581971 0.41484753172844646
0 0.885449381917715 0.32337167439982295
0 0.6333446852862835 0.301067372597754
0 0.6827551580965519 0.41501272600144146
0 0.9199075117707253 0.4901828087866306
0 0.9263248458504677 0.512454273737967
0 0.8660715326666832 0.2599003313109279
0 0.9223249197006226 0.4380595715716481
0 0.7522508412599563 0.12217761902138591
0 0.89969577267766 0.6294423889368772
0 0.6970351807773113 0.49643231462687254
0 0.7207525476813317 0.38387535624206065
0 0.7790383480489254 0.17271122047677637
0 0.7050734370946884 0.25372558934614065
0 0.6884970813989639 0.26995660001412036
0 0.8316858932375908 0.5447567569091916
0 0.8801621258258819 0.32282121386379004
0 0.8858954593539238 0.6887730343267322
0 0.911353187263012 0.6071711484342813
0 0.9188503332436084 0.5660442834720015
0 0.6699212625622749 0.28174996729940177
0 0.6511693760752678 0.2915671756491065
0 0.6396083123981953 0.29887275770306587
0 0.7348010100424289 0.13489580489695072
0 0.6358340837061405 0.26414005579426886
0 0.6452070273458957 0.239380194991827
0 0.6611936427652836 0.22191004771739245
0 0.681670892238617 0.21034707706421613
0 0.6979264266788959 0.20783940106630325
0 0.7495416536927223 0.10275101941078901
0 0.7135751321911812 0.2385151695460081
0 0.7759785249829292 0.48059875778853894
0 0.7241715960204601 0.4517555234953761
0 0.7346411675214768 0.5039852840825916
0 0.9141568623483181 0.5411214504390955
0 0.9061356946825981 0.5839274613186717
0 0.8819684781134128 0.6759298529475928
0 0.9242660269141197 0.4589010287076235
0 0.6333240516483783 0.2885386887937784
0 0.6434921629726886 0.37483323672786356
0 0.9029976546764373 0.6482407789677381
0 0.8934408262372017 0.31713583748787644
0 0.7922194704413414 0.5651541646569967
0 0.801920598000288 0.5683832637965679
0 0.8137207210063935 0.5747200353071094
0 0.8257718108594417 0.5837594389915466
0 0.8440757110714913 0.5961565509438514
0 0.8112219601869584 0.536141112446785
0 0.8153076022863388 0.5298207705840469
0 0.8179751135408878 0.5234892960637808
0 0.8289786145091057 0.48281101435422896
0 0.8665312901139259 0.35982524724677206
0 0.623383728414774 0.3509751660749316
0 0.5996440462768078 0.2931343665346503
0 0.6157625533640385 0.2860411129891872
0 0.8066645622253418 0.5415656793862581
0 0.8986463658511639 0.4142246415838599
0 0.5776119112968445 0.30923057328909637
0 0.8647844299674035 0.6026588758453727
0 0.6215413354337216 0.37565424777567386
0 0.6847338512539863 0.3990149175748229
0 0.8463238686323166 0.6434140985831618
0 0.8745169624686241 0.5231275295838713
0 0.7672357708215714 0.4245094215497375
0 0.8731730490922928 0.5631943231448531
0 0.8139533720910549 0.37885035295039415
0 0.8038937009871006 0.43021885883063077
0 0.8528315544128418 0.4021440248005092
0 0.8681612111628055 0.6599714128300548
0 0.70400430560112 0.40210898835211994
0 0.8978834211826324 0.52375603094697
0 0.8918064057826995 0.5685986448079348
0 0.8702511623501777 0.4817650832235813
0 0.897803795337677 0.36791188847273587
0 0.8934321910142898 0.46230694856494664
0 0.9132335752248764 0.3754266118630767
0 0.8378480792045593 0.4470088366419077
0 0.666065726429224 0.37888047397136687
0 0.7182111106812954 0.4464126558974385
0 0.7316904209554196 0.44250837005674837
0 0.7012051299214364 0.4377627156674862
0 0.5932908855378628 0.253511689696461
0 0.6106997221708298 0.20797579856589438
0 0.6368624024093151 0.17961182966828346
0 0.6653467759490013 0.16412248741835356
0 0.6921046957373619 0.16129723889753222
0 0.7387892104685306 0.1959791480563581
0 0.834218467772007 0.20790334651246667
0 0.7529779724776745 0.24753639288246632
0 0.738407488167286 0.2742224054411054
0 0.7118963539600373 0.2970186988823116
0 0.683005215972662 0.3125020034611225
0 0.6585013620555401 0.32160003315657376
0 0.6397050723433495 0.3260452853515744
0 0.8211454674601555 0.20659027649089695
0 0.7344711899757386 0.4490895662456751
0 0.6614978298544884 0.3955726819112897
0 0.7070921704173088 0.45885443314909935
0 0.7030031651258468 0.478490780107677
0 0.7083561852574348 0.4629025008529425
0 0.7337608292698861 0.4598155226558447
0 0.7016173481941224 0.483370385505259
0 0.7016364365816117 0.4903255581855774
0 0.6262878447771072 0.3082733891904354
0 0.6187527492642403 0.32236073482781646
0 0.614239027351141 0.33405262883752584
0 0.7084184043109417 0.20803633239120245
0 0.7100665502250194 0.18484626607969404
0 0.4567468322813511 0.4152462873607874
0 0.4806887604296207 0.3977391284890473
0 0.43754382357001304 0.39324889676645397
0 0.4318898431956768 0.4338867552578449
0 0.47568467147648336 0.43730995766818526
0 0.6791062764823437 0.23862185003235936
0 0.6996206574141979 0.22188598681241273
0 0.6610307097434998 0.21872119223698974
0 0.658506815880537 0.25524192014709113
0 0.6969377391040326 0.2583350257948041
