0 0.5880440116431642 0.4942800453564032
0 0.5345388500625071 0.4465679315124907
0 0.5496540029340655 0.4607079215243417
0 0.4903672203610215 0.4054859901676659
0 0.5243147370810247 0.432475130013725
0 0.5135822109406507 0.41381755888629024
0 0.4894120254345584 0.3676269417132984
0 0.35790158305238573 0.4070993739516795
0 0.4644161558981183 0.3271649487796618
0 0.45104930848511965 0.30767052718738214
0 0.41225235597996773 0.2469371000007421
0 0.5922968275687865 0.5000799450219846
0 0.5968062660110651 0.5061651860632482
0 0.6001144671490424 0.510443522482693
0 0.6002104048487507 0.5104686879143328
0 0.6044084039921499 0.5162951111459598
0 0.6095523841773407 0.5236487432020385
0 0.6153835568749955 0.5316896711577889
0 0.613845621231739 0.5449002178944126
0 0.5413271837596652 0.4537207194570066
0 0.5259222683775777 0.4592918134203144
0 0.271103823675385 0.37118388240744754
0 0.41760610616156824 0.40303847218761923
0 0.4003928617774686 0.409389854312277
0 0.3829099988006841 0.41422244271978276
0 0.35482834430435034 0.4142136281611873
0 0.4308956435838329 0.3959734303777625
0 0.35937050619960337 0.36823024632049206
0 0.3826061405461549 0.36360992633161093
0 0.3412783855124365 0.37734038555989413
0 0.3333137903032424 0.3879434207574326
0 0.3477771066537889 0.4271458638649361
0 0.5581661661465963 0.5856369267992613
0 0.3488417685283387 0.4051920472740793
0 0.3000539326215092 0.43376176263771804
0 0.3220444095914374 0.4225533723163338
0 0.44111810706335786 0.4648846109040311
0 0.5634651661925175 0.4992142275434916
0 0.5769339328325247 0.5126423687160182
0 0.5456792030656388 0.513062245288149
0 0.5363206953942021 0.524614483285017
0 0.5611657271405313 0.5199056448889714
0 0.5496742301600895 0.5268736999241912
0 0.5150888060467153 0.5503157655231091
0 0.5184352789624331 0.45132465080386786
0 0.5058508286496255 0.43882643224812357
0 0.301599366000936 0.3826484941050452
0 0.4564527103418036 0.4172250648506549
0 0.47834045166456246 0.4623122777090687
0 0.47237160386918464 0.45535833661963626
0 0.38635252604756176 0.48086186383618695
0 0.49671597011733154 0.4210909012318993
0 0.329497809148539 0.3540262508959997
0 0.3088994618458084 0.3667041959047985
0 0.26731775015718323 0.3420651345526805
0 0.4189365044676302 0.3404014731655602
0 0.4061551969262618 0.3651554699705428
0 0.49257617006824994 0.5428229912656362
0 0.4087647423462526 0.5553549501408382
0 0.49907259190384345 0.4652113088038789
0 0.516901542051432 0.46444031454267953
0 0.5298133435254359 0.5404222090872062
0 0.5342056340054621 0.5383156627333131
0 0.29465009756229094 0.36081926637336986
0 0.4838232795397441 0.4687741214320773
0 0.3637481844249154 0.3441932512765505
0 0.35259115312421374 0.3341079449035874
0 0.30983702876145325 0.288627818435514
0 0.281747160078604 0.3509943756152268
0 0.33292007584612077 0.310046729796073
0 0.2886797168964072 0.3794787415519816
0 0.28128748220481953 0.3757646700330809
0 0.5701057944871202 0.5067473730119336
0 0.5536198388423598 0.5168578048714069
0 0.5428729170485388 0.5258752580951241
0 0.5060044489329374 0.4663353114902806
0 0.532116331505876 0.539371891849849
0 0.5408564258979845 0.5380161541516707
0 0.5365302821126166 0.5371658288631118
0 0.5011932516022574 0.45765174628973676
0 0.5542523145424163 0.5273965816704833
0 0.5663514947086447 0.521646853087663
0 0.5817348832571054 0.5160128322302127
0 0.5886586593927713 0.5517988749244968
0 0.5916926100032742 0.5382100744407718
0 0.5867865246559497 0.5298824203448469
0 0.5833863846108883 0.5222022235393524
0 0.5819529507482102 0.5160953588679391
0 0.5545797490117922 0.5275344456277308
0 0.5527738609394444 0.5314856314358591
0 0.5511858070952983 0.536452648519468
0 0.5507567366467246 0.5420506655001173
0 0.49340696922082944 0.5117164938723674
0 0.3461556795528669 0.4923599362373352
0 0.5454261461390725 0.45697691327049617
0 0.5458041653351442 0.532171036599397
0 0.543486265190543 0.5348744963397499
0 0.5259955462524156 0.46804277936951455
0 0.4976928918170527 0.4748579777088486
0 0.5215559700496086 0.4662557940523164
0 0.4420640214586057 0.43203999440209206
0 0.4174928736837604 0.45126928685426043
0 0.47520508167612907 0.46254608986758383
0 0.2776750229330506 0.31480073281863824
0 0.2967680913989554 0.3291376922644821
0 0.3160679141051659 0.3453231658421311
0 0.5356498479465895 0.5530648159713638
0 0.39934646938672047 0.32353645304337936
0 0.3779658416152503 0.29512181798784004
0 0.3535385670666956 0.2673914030569942
0 0.36648105927408997 0.41640182235995593
0 0.3367383063216753 0.4426559718216167
0 0.4388363293454617 0.38993279473120424
0 0.3232857347917959 0.3998854433288093
0 0.4632840977062153 0.4035245511545187
0 0.483065391706012 0.45325565162826986
0 0.3234326570974624 0.4582892172977704
0 0.354292089551813 0.4487586289393802
0 0.38006497448003745 0.44666092377416894
0 0.41361847683347225 0.43360014464340957
0 0.4357136055387022 0.4202183664512901
0 0.45051338696530097 0.4081702762458171
0 0.47380772025524814 0.37675054246137124
0 0.3447278106765908 0.48725185958611195
0 0.3097064348590022 0.40165248271130044
0 0.5314177257727973 0.4563098029763091
0 0.466251884960424 0.4308153299891314
0 0.30235330502695174 0.4323930028272944
0 0.45942771208437183 0.39649532681085814
0 0.4757256245059806 0.4638496592265217
0 0.3412608074865261 0.4081087873763397
0 0.47703806156850564 0.4445163496569091
0 0.37378310453036667 0.5239373334482604
0 0.43618719587849164 0.3847442286438635
0 0.4849186821325922 0.4312627953307635
0 0.4613740910709156 0.5792487685252973
0 0.4763671141510774 0.5917979038062215
0 0.3369879975977829 0.4927958174913871
0 0.42750436752908844 0.5675091878706667
0 0.28934578245450676 0.403045396010081
0 0.5638828067588404 0.5995331716303732
0 0.5374727142259541 0.45892647526511293
0 0.45688274716526145 0.44679593831217257
0 0.3109300820636347 0.42952624739719036
0 0.37788026745309305 0.40584927780621527
0 0.3936398424176727 0.40186363266629666
0 0.5387668234889518 0.541649403358374
0 0.36842412259508284 0.5133759743359243
0 0.6126007304412906 0.6073562122192704
0 0.545547776081391 0.6054798829622295
0 0.5146565032407704 0.6007199680604854
0 0.4319381454825904 0.27852906386892334
0 0.6559496418836248 0.59796324814735
0 0.40839868620478154 0.3966871965833071
0 0.4219718879788234 0.39116377047463957
0 0.43158451892152616 0.3875233577746971
0 0.2972683403562393 0.40235029749509665
0 0.4111695829071576 0.3776775224536073
0 0.391390288303673 0.37690012365663084
0 0.37381906034071233 0.38058339748062003
0 0.35945889617823346 0.3881266224367612
0 0.35287923280951344 0.3956222327984348
0 0.28226510369324986 0.3997371137476101
0 0.3663616120060788 0.4072498339397901
0 0.5585915043887206 0.47265931788612814
0 0.5038413520477996 0.49797539592457085
0 0.4963636265022342 0.4628400327611704
0 0.5337300276077246 0.48181575353072137
0 0.47828851734535605 0.3478121335516457
0 0.4972826656787204 0.5888135765447002
0 0.52965867355906 0.5943347390960244
0 0.6032892419064598 0.5992522242189455
0 0.4435120842376339 0.5780262877794207
0 0.4275980059230378 0.38174758496738614
0 0.4751740910332917 0.40346700353782716
0 0.6468302620111136 0.5892818666138903
0 0.5772146147514697 0.6085835929010429
0 0.3635291172356545 0.5214044660413298
0 0.5666734974847061 0.5218270322521862
0 0.5658309185555213 0.5273261983521512
0 0.5666776295704178 0.5338399174834499
0 0.569552328264663 0.5414402506598571
0 0.560154499132422 0.5542343561054945
0 0.5411984892837106 0.5328078152251845
0 0.5359441757453645 0.5333798294808684
0 0.5310047004796281 0.5334760706130864
0 0.48953453844358147 0.5275031286461347
0 0.39517549541680624 0.5141747704073161
0 0.46814901215114674 0.38896721442874405
0 0.4402736453693124 0.3678815253391987
0 0.4306460356159049 0.37368287634448843
0 0.5459814784647543 0.5319773826111599
0 0.4190952565348098 0.5470313970782176
0 0.45547177318782245 0.36105689994928214
0 0.5584359513556404 0.5698885594596382
0 0.5054757585631141 0.3980992835442893
0 0.4822587352639009 0.3920889129909147
0 0.4978915984872021 0.38353877783823415
0 0.4762484666415911 0.43021958832647283
0 0.6361780782792136 0.5760623455381527
0 0.6244088984742949 0.5596598900165879
0 0.5922870638501292 0.5679461875883471
0 0.49990757312704237 0.5603501684859353
0 0.46767832093600986 0.47979679353096905
0 0.5283827088175946 0.567546363471269
0 0.423699766271728 0.490364330823348
0 0.46064531111516027 0.4989438789064477
0 0.4256870828977617 0.5173488636644614
0 0.5964262140954094 0.585590830119718
0 0.4722505237608519 0.4420572742193687
0 0.49122271205805523 0.5738220628904027
0 0.5247825958180529 0.5805842407277318
0 0.4731439373412716 0.5487910066666055
0 0.39099354142881143 0.5349591001242149
0 0.4514495043186196 0.5561396855266154
0 0.3922916494844332 0.5468761436745566
0 0.46137525738543095 0.5219751754227806
0 0.4709224414221848 0.41675496393559025
0 0.4933088488468138 0.45730864425667195
0 0.4874469354308607 0.46468248854832156
0 0.4925045250337335 0.4456697253286004
0 0.4140469474631523 0.3574772038463117
0 0.3759330887080245 0.3567949010878384
0 0.347541377828594 0.3635411541335055
0 0.328271246157618 0.3737648437504007
0 0.31964275140299575 0.38590836287045677
0 0.3334623287875944 0.414505334127517
0 0.315526477583853 0.46384702284796897
0 0.3607007878742138 0.4301431067183572
0 0.3819951916797252 0.42819210669907537
0 0.40598388198558794 0.4206693203342395
0 0.426731417576472 0.4108033792979243
0 0.44149342707440825 0.4014532896650939
0 0.45064159825381345 0.3933189966264559
0 0.3242666219608693 0.4620081621224807
0 0.49188018021201285 0.4684342948996386
0 0.481123111481908 0.4165529214701399
0 0.5048059607985653 0.45380468411939817
0 0.5215430406201238 0.45719115231551377
0 0.5082152314201186 0.45592055100352824
0 0.501141550545954 0.4708533186872466
0 0.5252530704319226 0.45734733777219844
0 0.5312052732530023 0.4599644095122981
0 0.44243732541170805 0.3831479813204426
0 0.4545218933232223 0.3824604990101662
0 0.46196369638171375 0.3822129190969868
0 0.35030779255090383 0.4008170969012071
0 0.3322263519723707 0.3981100420991914
0 0.5250985504202702 0.3946046039921229
0 0.6424433199162222 0.31584465883526147
0 0.5625799667986133 0.44783128944097783
0 0.6852346663736593 0.23988195126797973
0 0.5950456309419141 0.34613527695671853
0 0.6148874400034232 0.3416810754467459
0 0.6335514713440263 0.3353056463540769
0 0.6545383013501952 0.3176880866205659
0 0.5766705790149511 0.34777182891589253
0 0.5920981208986371 0.29393717859472546
0 0.5710236173641833 0.30283305215902356
0 0.6155694674087476 0.28971797428211243
0 0.6342967129960845 0.29126915018431615
0 0.6774076629540086 0.3219669023815657
0 0.7077805256541772 0.541287234183453
0 0.6471385355991653 0.3085589334994805
0 0.7388844009693162 0.2963817805803123
0 0.6932205218303052 0.3022806775920531
0 0.643055235157536 0.4025773722417548
0 0.6089644283685001 0.4845652833205311
0 0.6167521103273464 0.4999471407811515
0 0.6368953950294463 0.4836786079640482
0 0.6570730360248421 0.48572081602922007
0 0.6355318067446036 0.49603491478941353
0 0.651745178025483 0.4940485766454905
0 0.6948185726560118 0.49539454110196324
0 0.551512008603615 0.4410277817095695
0 0.5451079088927321 0.42660300955385055
0 0.6506571065524459 0.2695472550158407
0 0.5775432821819048 0.3792839424700296
0 0.6037064492702484 0.42350422618101957
0 0.6017951930122536 0.41527960388934243
0 0.7068183495022576 0.3818968998617819
0 0.5340839707398717 0.40937126651197586
0 0.5885826490096402 0.2700165170831841
0 0.6216269717689304 0.2656992874225649
0 0.6456043988089019 0.2213494083961519
0 0.5090002443971513 0.3106250420671885
0 0.5571596367198204 0.31552633609758374
0 0.7019258600498554 0.47861902470014345
0 0.8159769240310927 0.43097561647912036
0 0.5930914876330251 0.4361812125067083
0 0.5792856227748001 0.44532057826592475
0 0.6831518285888157 0.4910672053235586
0 0.6780173122128353 0.49208689796156574
0 0.625992153767292 0.25200499185160097
0 0.6101259443327345 0.4299236215463206
0 0.5513136684894562 0.28324968607819717
0 0.5451111412501033 0.2704212677662446
0 0.5365446444427917 0.215577044239899
0 0.6374190369235815 0.236819597853332
0 0.5399015475426042 0.24273328787806323
0 0.6592089911050434 0.2578115090936506
0 0.6741577442185285 0.25080235052008587
0 0.6137117616486448 0.4927295618364457
0 0.6363972787615619 0.4902669712275016
0 0.6545329696266963 0.48987534917703196
0 0.5902312179154987 0.44045488866103466
0 0.6804677056863841 0.491665796405461
0 0.6722728466685814 0.49597611555866167
0 0.675152510530335 0.4926359837128669
0 0.5776055300537544 0.4337625349102234
0 0.6495503740471626 0.49679099620223377
0 0.634513580849402 0.4998479969695169
0 0.617971708754447 0.5044875705108589
0 0.6405447598248092 0.5361723934902864
0 0.6379589405743885 0.5237562754908863
0 0.6308305595494523 0.5159495325148606
0 0.6240433755051737 0.5092583238577643
0 0.618040921190117 0.5045829861103988
0 0.6497398834942766 0.4968680903023365
0 0.6559658369937527 0.4984521809913197
0 0.662986017354933 0.5008660119120815
0 0.6700053646343167 0.5042366352067942
0 0.6582448822033556 0.46130379633743224
0 0.7905349391925184 0.3549621253370905
0 0.6615735771535318 0.49487988805236605
0 0.6667087933182213 0.49535017537803544
0 0.5767245960386493 0.4526925318214406
0 0.6097730175603794 0.440795167904942
0 0.5779054395005673 0.44913951906503413
0 0.6058465031128896 0.38099686951697376
0 0.6463642360540381 0.3803052994884363
0 0.6105569475310765 0.4208624150906624
0 0.5979532197054931 0.21198548443344126
0 0.5943741670137719 0.23276474111888254
0 0.5870819354610604 0.2558930909850684
0 0.6821782558779174 0.5085792832848739
0 0.4995746236561723 0.28926590193553464
0 0.48841635939441147 0.2593224203052307
0 0.4768125963110461 0.22765844868344753
0 0.6485896974424773 0.3270096820609576
0 0.7060103268060001 0.32516999580279116
0 0.5637216887393581 0.34783692616207595
0 0.6586132043273137 0.29132211742614833
0 0.5556571570378316 0.3743588944025734
0 0.5856220762437909 0.4213642324386191
0 0.7390608143705859 0.328984063296091
0 0.6988421244711815 0.34158577968259485
0 0.6755146345257256 0.35613455483559464
0 0.6344562981450608 0.3657359792237856
0 0.6022833789451213 0.36815289923456873
0 0.576949528123759 0.3681190790248518
0 0.5119855263690908 0.36458449428822814
0 0.7559748740890359 0.36017408595532596
0 0.6730036260206488 0.28366523526128934
0 0.5513550559931164 0.45010555207896297
0 0.5835576662282903 0.3942644712136907
0 0.7480918875726467 0.29279717122640264
0 0.5555411920517306 0.36575956016528505
0 0.614629817788611 0.421152683032327
0 0.6565007421537794 0.3055743532521384
0 0.5822806518037611 0.4118277854612228
0 0.8070513189844944 0.3908600809694338
0 0.5608193650527342 0.34249321319141973
0 0.5573321512982815 0.40874013346450333
0 0.7850495954103107 0.48180313086977195
0 0.798474675240899 0.49546175544001475
0 0.7817510913444471 0.35516053279574844
0 0.7999859189433891 0.45411833327691425
0 0.7056961883220995 0.2717157962108527
0 0.7228621053293285 0.5529129712187609
0 0.553096063655137 0.45403543381797834
0 0.6102156172573315 0.3993048009251346
0 0.7130798922560889 0.2975707606775086
0 0.6259743591401145 0.32771692389533635
0 0.6099175739137432 0.3336291758954024
0 0.6780643646727131 0.4971094121452139
0 0.7712161055597072 0.38943732865885194
0 0.6983132508233629 0.5825390488493676
0 0.753449469930512 0.5445620956875029
0 0.7755233050650182 0.5236873301972195
0 0.5933922634849066 0.3372513736162533
0 0.5771035816096053 0.3397339367899908
0 0.5665759269446763 0.3419801313169196
0 0.6863756885256949 0.27411776342812705
0 0.5712777073121775 0.32594879267930316
0 0.5848241838221812 0.31599720928515374
0 0.6010200603853298 0.3099489840639739
0 0.6192663178665225 0.3067538929837091
0 0.6322032450875149 0.30687924080035267
0 0.7174633020841623 0.26262865205104946
0 0.6360603471597036 0.32161569148719477
0 0.6321131722836555 0.4588244820342344
0 0.5906415606852825 0.43359244854844253
0 0.5878903247133086 0.46533162353419455
0 0.7667717141441152 0.5085629057817432
0 0.7464227582080455 0.530472276758413
0 0.6904323636731015 0.5737637962613787
0 0.8120667046635462 0.4662796279796365
0 0.5635682017491337 0.33661483466124337
0 0.5404317541212975 0.3829506523802835
0 0.728776452913566 0.5644187130847899
0 0.7969011503432873 0.38803231198580657
0 0.6347074556451306 0.49996338513385014
0 0.6417843855383024 0.5030683200566375
0 0.6490427273235241 0.5077583842417773
0 0.6567109453527233 0.5140775173318153
0 0.6645024594878346 0.522540132705571
0 0.6654928937742982 0.4928481722412323
0 0.6692414286267405 0.49050435181759316
0 0.6723954096625123 0.4879441086818524
0 0.6825390469424332 0.46833043756271275
0 0.7448122111553884 0.4067048758518796
0 0.5328230681172906 0.3684857220542865
0 0.5343376441469675 0.3356919690173547
0 0.5502070026307166 0.33345853030180733
0 0.6614963338093416 0.4949147734655386
0 0.7725420718706106 0.4389270673445961
0 0.511095678378761 0.34229915975188674
0 0.6873275011400634 0.5313786051186526
0 0.5193760115889055 0.38037581595720027
0 0.5701898691020434 0.401070428913047
0 0.6582150245517618 0.5483212785727504
0 0.7205467710766611 0.4935871837686758
0 0.6403537841537331 0.4268550100613709
0 0.7078866269518052 0.5136179619309615
0 0.6872548564073908 0.4092467708580968
0 0.6691555212318646 0.43508985830622227
0 0.7215441699269451 0.42667898519032477
0 0.6768175411324964 0.5618675241784221
0 0.589713240977581 0.40561509282649066
0 0.7472472759238779 0.4968581306500261
0 0.729009382583924 0.5197801372918094
0 0.7254703511417163 0.47191013366568324
0 0.7824157906484001 0.4148542681495015
0 0.7551440249515485 0.4638281154866312
0 0.8053725925175953 0.4203056066143079
0 0.698552245329201 0.4494111459462249
0 0.5615983965024667 0.3884164776120867
0 0.5821848473971403 0.42960331486720665
0 0.5993441663965394 0.43008454715838285
0 0.5656956593950087 0.42290169384633125
0 0.5390007861807377 0.3164365790805229
0 0.5632966504066805 0.29656821781513737
0 0.5906913456534535 0.28557418637415943
0 0.6176182821330138 0.28094186953135897
0 0.6406011761240819 0.2824964407695776
0 0.6723042371906812 0.30475738214678455
0 0.7631799319625404 0.32447895837598156
0 0.6703682550649602 0.332518807813233
0 0.6517319820098233 0.3440499281515928
0 0.6246740184252775 0.35222290139071416
0 0.5977632104093012 0.3562618999087176
0 0.5758382636535017 0.3574901860134274
0 0.5592074850692025 0.3571492676474467
0 0.7702807879649134 0.3232108203469872
0 0.6026184777670269 0.43431968957770106
0 0.5469955056277005 0.39596671959599195
0 0.566222566969787 0.4346819386428812
0 0.5612947215259326 0.444895801757898
0 0.5688824638535704 0.4370376360850508
0 0.6005419047572945 0.44045568756362635
0 0.5575843418197792 0.44728997967490297
0 0.5591962884498548 0.45122635915499776
0 0.5535085057910485 0.34529120973846156
0 0.5427790453916863 0.35242333273593784
0 0.5350782871875079 0.35832975274708423
0 0.6404188645036915 0.30769096577868743
0 0.6487305549126637 0.29574275171222475
0 0.3927031918920042 0.3891980040724538
0 0.4133771663602394 0.3825294975640059
0 0.38313481425434226 0.377037082190941
0 0.371809167197988 0.39584525977196144
0 0.40194500146535883 0.4012243774424748
0 0.6050267839482062 0.3206722807316553
0 0.6252851339080666 0.31470883239050207
0 0.5968274262887013 0.3089175875029978
0 0.5847198486579621 0.32656634438271614
0 0.6131818216561266 0.33225240042897497
