0 0.4413351791317453 0.3870566182572081
0 0.4052125311099024 0.33502792605018844
0 0.4133252413463995 0.35061062951953387
0 0.3413038776896674 0.2872991180080536
0 0.39449093814640607 0.3188286059550402
0 0.37850031470447654 0.29725201726666833
0 0.33699145900549266 0.2432103332392827
0 0.11505822692742328 0.28486391205521805
0 0.3026532281803179 0.19675279766639356
0 0.28716080903000973 0.17410331844293633
0 0.23277308468074234 0.09487165293235371
0 0.4459643625508884 0.39305004954762307
0 0.45069804775060984 0.39965525555865195
0 0.4538236449036417 0.40424223443932944
0 0.46416183664828914 0.4176182698807541
0 0.4710020153834347 0.42569063368782595
0 0.4789635461090989 0.4356711015441098
0 0.48614978387888974 0.44516377771452226
0 0.4897041320800781 0.45658362293582794
0 0.40955428433317675 0.34306107042523043
0 0.38178023004330663 0.34920454025268555
0 -0.016177117070065267 0.23534724565304613
0 0.20935790548847696 0.27991009833266867
0 0.18276437526010764 0.287918095062636
0 0.15535754594118786 0.29395159311848884
0 0.10912353580008076 0.2920569556180834
0 0.23088655994914253 0.27167553070176964
0 0.12937698283778967 0.24020351011699345
0 0.16601272373762815 0.23516417624404562
0 0.09941159018987342 0.25017476322246474
0 0.08415779081577993 0.2618684484441085
0 0.09811447240129302 0.3065859999945155
0 0.39335582427334687 0.49725160168866106
0 0.10016012392969574 0.2814872279003139
0 0.01612594459630266 0.31054207862908306
0 0.05890974616199606 0.2998280016128703
0 0.24510149814911533 0.35306950028398
0 0.4074410305747503 0.3927991178112098
0 0.4228281029166049 0.4068801043862267
0 0.38187004443462386 0.4081934106448933
0 0.3674110943758035 0.42025483856563184
0 0.40107583798436675 0.4150362028911586
0 0.38553637894900034 0.4226044941061615
0 0.3352303806739517 0.45387276126820847
0 0.38148853446863873 0.3400007442506041
0 0.36693602775219625 0.3256840779405189
0 0.0417792002360026 0.25473004275510885
0 0.27237362600077053 0.29848004547019585
0 0.3088493749562195 0.3514950942880035
0 0.29928669748426995 0.34339864200261705
0 0.1581902805762955 0.36991206748346983
0 0.3529233731298004 0.30523671232791416
0 0.09485648754779799 0.22499006244211434
0 0.05887248445663774 0.2379111101053222
0 -0.010243975160494133 0.2017771216332559
0 0.23233556143845183 0.2115301258623388
0 0.2009808826044139 0.23718884916067973
0 0.3031247939741561 0.4421514771869881
0 0.14520944522905954 0.44966199842070625
0 0.336828086949602 0.3554582239470024
0 0.3632344837430157 0.3549037652790617
0 0.354039252558841 0.4376685690059639
0 0.3616163358406679 0.4357059027376548
0 0.03898237928559509 0.23020276678273122
0 0.3123854343398211 0.3589070524892207
0 0.1495558662253593 0.21526315910819022
0 0.13649923992559376 0.20337452667887948
0 0.07314228910937087 0.14102720493099444
0 0.01796667686494594 0.21456495637995493
0 0.11119033314507722 0.16934490585666534
0 0.02211349020527385 0.2498665003024245
0 0.005969172288596882 0.24267188312037277
0 0.4148285459365523 0.4004940551088091
0 0.3913837706489402 0.41192549064066064
0 0.3761086041414285 0.4216112680423868
0 0.34561178955850724 0.35697915715254924
0 0.3579581699290859 0.43669498292011155
0 0.3717363896752209 0.43900342174272095
0 0.3653195296661763 0.4347376124856028
0 0.3469794872943862 0.34681366799423563
0 0.3925903899760186 0.4229011818466096
0 0.408223204471894 0.41660168162444305
0 0.428527373301832 0.4102645053275257
0 0.4493488199097195 0.4645671680445914
0 0.4481969664368448 0.45193034021597034
0 0.44335483599312697 0.44218839671405324
0 0.4391656706604776 0.4314002688103582
0 0.43741598008554194 0.42310103148328027
0 0.3970015964427578 0.4300005950678851
0 0.3924291103701048 0.4349795261736018
0 0.38781244141140064 0.4415004527724369
0 0.3849037749857842 0.4478914044788582
0 0.31605436429695744 0.406907824293433
0 0.05686389343648017 0.3773346173522877
0 0.4111775024027764 0.3467688501093311
0 0.3830875284058132 0.4320014821252789
0 0.37740338804349616 0.4353258131803284
0 0.3762257813401363 0.3589445772544345
0 0.3283906043330325 0.36613178026916576
0 0.36989245837247825 0.3569552805075866
0 0.24864467991052297 0.3146565178252341
0 0.21057695879714902 0.33634937276195376
0 0.29949948355115413 0.35157522781887934
0 0.0160438762938423 0.1706742963191312
0 0.0497832640313901 0.1900516916707176
0 0.07735016577354463 0.21442832386790645
0 0.36776133831040264 0.4606430762461779
0 0.2087077973764154 0.19212113707939502
0 0.18061273309248912 0.15313068177210762
0 0.14362688909603072 0.11719109579337449
0 0.12815676258586128 0.29592948112623546
0 0.07913699733557078 0.3241952828806632
0 0.24439113150166056 0.26497590753955774
0 0.06663845158830474 0.27435979215275774
0 0.2858555427583461 0.28339687530680485
0 0.3217520452249905 0.3414687493800551
0 0.05775819448479117 0.34094863797704805
0 0.1064565674665105 0.33269037527263096
0 0.14757735417362003 0.33147420973681613
0 0.1999513569763441 0.3162460850368332
0 0.23436916125977592 0.3006397167558772
0 0.25854017764707155 0.28735440651292904
0 0.3118274745055895 0.25348447777622535
0 0.085956311930081 0.37482717622641565
0 0.046624288277284 0.2758672285475906
0 0.3951625743495764 0.34589503753227696
0 0.28743268668903077 0.31466024003984805
0 0.006272456816983123 0.3074901955266299
0 0.2753700546071499 0.2746095134128738
0 0.29634591999939225 0.35269346582224925
0 0.08888711003814569 0.283968522738166
0 0.31153559785351975 0.3313567027502637
0 0.09427679842534448 0.41330833876260237
0 0.24021411847464647 0.2593124974806255
0 0.3302814145631428 0.3165729438989895
0 0.24425566548536598 0.4811238207426784
0 0.2538108986641284 0.49436125664807157
0 0.0605268880787781 0.3792002034215599
0 0.1910426304813176 0.4659181806399163
0 0.008862829409571137 0.27453252712037074
0 0.39760269293805217 0.5116538184110522
0 0.39958255301044965 0.3488623991272769
0 0.26990751274527375 0.3324509430610412
0 0.03981440982738125 0.3066748489547313
0 0.14885286339224643 0.28466133884687866
0 0.17420684838596778 0.2794520541018014
0 0.36686303343953963 0.4427161341177328
0 0.11544402239191884 0.4048702295423261
0 0.4619576015552891 0.5208518949126292
0 0.3606874892480263 0.5149811453949373
0 0.3134685588788383 0.507140406227338
0 0.26071107437842 0.13500894374553277
0 0.5215418851828273 0.5107089508753513
0 0.19687923801599172 0.2726161313085228
0 0.21823309242473876 0.26582732630511335
0 0.23336355796846156 0.26193904947414376
0 0.026387279043720745 0.2755987751667751
0 0.20338426260002554 0.251482667730655
0 0.17288754861566086 0.2506177824162928
0 0.14538386300646303 0.2550376096512782
0 0.12153574786608733 0.2633706041360948
0 0.1093924961009609 0.2714682668977785
0 -0.010690592512299743 0.2689220602684881
0 0.12963566196618703 0.2859011994562115
0 0.4235789303035173 0.36370256617400143
0 0.33565124479527214 0.3918517990610071
0 0.3351161811925188 0.35264156665100604
0 0.3855511065776841 0.3741685560730994
0 0.31916442903285286 0.21982670014156283
0 0.2978303925397527 0.4943485769088582
0 0.3457868712863842 0.5031792133304148
0 0.45619853538802907 0.5130224131745942
0 0.19992753523814527 0.47680181512346187
0 0.22809090594199136 0.2560966553637141
0 0.31136164282947654 0.28438026625066465
0 0.5177373282517059 0.5024466028134311
0 0.4095762550579345 0.5207759677868863
0 0.09525155819921051 0.41212809411090745
0 0.4151028580806426 0.42709572431172904
0 0.41252282701967136 0.4341470211001902
0 0.4117660039587866 0.4431214015820414
0 0.4134085771906728 0.4522960856291747
0 0.40544241893140576 0.46527039424946015
0 0.37351199443833233 0.4292831457665241
0 0.36536616715700815 0.42979290759718997
0 0.3581491462289029 0.4297053598989937
0 0.3051143517474082 0.42433792642568496
0 0.16218519009618315 0.4075678062325836
0 0.2982257247474123 0.26722578957128923
0 0.25321903711632837 0.24127345011610435
0 0.23568004093089687 0.24714226287172075
0 0.3800965321214893 0.4286356317332348
0 0.18882839589179318 0.4441483696726011
0 0.28100773855603695 0.23446824315886763
0 0.39699459478321963 0.48082707247841544
0 0.3645448000622198 0.27912994635911176
0 0.3271406270280669 0.2716201211492645
0 0.35156871296685455 0.2621630935058051
0 0.30832501503988663 0.314880002011608
0 0.5098520109925089 0.4889191367872245
0 0.49908120521513216 0.47178484480010513
0 0.4495232578068343 0.48095701710892175
0 0.311944571225452 0.4637779980226202
0 0.2819667043565195 0.3706003140441605
0 0.35222316693656053 0.47503621439633986
0 0.2157701379639187 0.38214371863350466
0 0.2696390755568879 0.39215272346849545
0 0.2122248637525341 0.4122770129573727
0 0.4514907643764834 0.49909912139919727
0 0.29705721215356756 0.3279314179720262
0 0.29557966079389997 0.47846286096041174
0 0.34394394596920735 0.4888393361373304
0 0.2751583550046768 0.4483082319918052
0 0.1449587938654775 0.42921290787937805
0 0.23981896734438868 0.45610957015592996
0 0.13635958900934533 0.4413511405211751
0 0.26537444118709 0.4175508160890916
0 0.29929138537700667 0.2991659618640144
0 0.33659739433964597 0.3463091717354626
0 0.32208039891367723 0.35447652766995863
0 0.34234467035607447 0.333101725380333
0 0.21728786838708547 0.22985177404939916
0 0.16101452469322752 0.22868912669687508
0 0.11608079113537752 0.23562488352276675
0 0.08366057239001311 0.246298288535393
0 0.06619249818697258 0.2591758498376233
0 0.07725630732025275 0.29103277162300734
0 0.03391541106791436 0.3456065507687425
0 0.11795703469449458 0.3110187036711126
0 0.1523513190353973 0.3096976503641439
0 0.18970362345377603 0.30079456693619877
0 0.22179657497486485 0.2890703474499577
0 0.24551051176047023 0.27851889792427614
0 0.2614279799320527 0.26981912912140255
0 0.029578305497954163 0.3421365994151377
0 0.32533846424601753 0.3588297030538285
0 0.3226059458929778 0.29965342066890405
0 0.3587192986081924 0.34256544090533453
0 0.3784039815266927 0.34684156947288647
0 0.3595880677428427 0.34501151088293763
0 0.3361418438360158 0.3618607357020621
0 0.3854202077358584 0.34700204836799015
0 0.3899477463734301 0.35004793961277214
0 0.25094406111833917 0.25774151108018867
0 0.2704177083848398 0.25784385685111844
0 0.28372066031025434 0.2585799626184104
0 0.10377935819988009 0.2769343239274031
0 0.07922703304371251 0.2727703762506958
0 0.3901217818763186 0.2754713120126781
0 0.5260641524560341 0.1847337212851039
0 0.4338563605199886 0.33667614083838776
0 0.562538372313423 0.0987722312286938
0 0.461733387492377 0.22047283725806402
0 0.4887519063828867 0.2145480248427476
0 0.5137683530397053 0.207201175135367
0 0.539255279025951 0.187846445952446
0 0.4374847090193994 0.22309575782269062
0 0.46668830903773567 0.16121145838944514
0 0.43595343803051656 0.17197011119530295
0 0.49830776327269993 0.15633773280491042
0 0.5211285458335394 0.15835261599449077
0 0.5671143994552676 0.19345358399451132
0 0.5938843996715948 0.44722869896803885
0 0.5311326698914862 0.1769933759954052
0 0.6222095730938489 0.16575016952777108
0 0.5845557748013911 0.17342169923997294
0 0.5277611293873203 0.28449662328473474
0 0.4708324866958811 0.3764605929418815
0 0.47765395409950223 0.3930099222583703
0 0.5060307949404174 0.37617697834544334
0 0.5289046532997099 0.37917641756231957
0 0.5009783732740185 0.3897664510199749
0 0.5190779850955753 0.3890427677656832
0 0.5886407200294205 0.3911029378997332
0 0.4271643835784011 0.3290567977855497
0 0.4215574626681171 0.3125085578977284
0 0.5444091845162308 0.1361384543094205
0 0.44317979450467265 0.25714983026610855
0 0.4866286732476472 0.3084517373733249
0 0.48283932681828107 0.29882227738132683
0 0.6031365696387955 0.2621552102789194
0 0.4053809733330449 0.2924990518237348
0 0.4754348304201279 0.13548997189509346
0 0.5140459245770289 0.13095725261443875
0 0.5231896090608106 0.07628274670982134
0 0.3669678973749217 0.18008733828014042
0 0.4148798512004096 0.18705116302517386
0 0.5961493158139257 0.36953473175971957
0 0.6762181616030665 0.3198408062347738
0 0.4709825395028802 0.32298710648841
0 0.45233667751907797 0.33328399284878657
0 0.5555643974980221 0.3881299778518586
0 0.5478923491787809 0.3897656339484743
0 0.5178097592124457 0.11753113371621672
0 0.4913521376340198 0.31544559706148306
0 0.4272523871956998 0.14969055352827548
0 0.42186054599939016 0.13562701294289223
0 0.3990787554390823 0.0645750804869447
0 0.5208749569921051 0.09473039034846839
0 0.4067560348832658 0.09865632812323519
0 0.5507479800453668 0.1250732937741534
0 0.5587549813186066 0.11138253449545212
0 0.4755322098229002 0.385036091221892
0 0.5041496019323164 0.3832070312748883
0 0.5245424584497379 0.3840246474898441
0 0.4660435125294617 0.32770306161855606
0 0.5516890191830663 0.38901604650142213
0 0.5475854028629351 0.39586271227183856
0 0.5441218347992072 0.39057810563916695
0 0.45548480874878444 0.320703724525153
0 0.5140112381947192 0.392399600109313
0 0.49748868982500166 0.39407465720940316
0 0.4774849485244429 0.39795308378950417
0 0.5259502748899822 0.4456857048319752
0 0.5195452050317692 0.4345087416797063
0 0.5100620607786541 0.4258028751024855
0 0.498435000327066 0.4168152701670872
0 0.4881349555550748 0.41061454481077364
0 0.5204261667114772 0.3996375826047126
0 0.5306192550981095 0.40114020735626404
0 0.5424690809933949 0.4037106537734062
0 0.5530637588179061 0.40693711781982567
0 0.5479564505790356 0.3497683498500222
0 0.6571456007816621 0.23340726068435613
0 0.5303261109042269 0.3957297414505892
0 0.5388925608703355 0.39561716715494794
0 0.4490577279263911 0.3412984958888514
0 0.48772137476925104 0.3271613432136436
0 0.4505174532218321 0.3374657647889704
0 0.47796572914606406 0.25918877167209614
0 0.5302348076542721 0.2590764999955292
0 0.4913313338525185 0.30495536737453327
0 0.47152082225944425 0.0636172608548636
0 0.47248161895365653 0.08909047866065589
0 0.47402548488182356 0.12055233124453543
0 0.5749410476362655 0.4091585233966651
0 0.35959301719182657 0.1564167163833039
0 0.33930810292561847 0.11523815872830429
0 0.3222300292067387 0.0753003241469993
0 0.5325605255642017 0.19794554048585722
0 0.6016598633070033 0.19765029018601207
0 0.4206259200341591 0.22330628991268425
0 0.5487067548534538 0.15949492734522158
0 0.4171139037055808 0.2515990550266325
0 0.4672823636340693 0.30636348418917947
0 0.631862648428744 0.20295406773704086
0 0.5965438633528439 0.21448291634891098
0 0.569961097170029 0.2299318319255064
0 0.5168872302091574 0.24098420680488414
0 0.47370449500747874 0.24443577404972497
0 0.44066865333524935 0.244703138001873
0 0.3664089717945469 0.2402155846180582
0 0.6503184596194497 0.23849079207310614
0 0.5647488847563539 0.15239598318351122
0 0.42289111785244843 0.33921069663331743
0 0.45332089355726285 0.27439713534652693
0 0.6193145075930825 0.16141602888367496
0 0.414166446476546 0.241945173675338
0 0.49298018443433544 0.3048815585823104
0 0.5422305819354479 0.1747262749383458
0 0.4613009344173383 0.2950996088387703
0 0.6703025238423408 0.2741383052522743
0 0.4155758724936956 0.21737247457990724
0 0.43292900278598445 0.2917816025223738
0 0.6603537289905146 0.3779349833338003
0 0.6611563445143559 0.3931007685044765
0 0.6646831287110405 0.23352773333783675
0 0.673916989740943 0.3468250464714295
0 0.5899394876343288 0.1362405277231834
0 0.6044041919305858 0.459980612830618
0 0.4216022089060852 0.34355479344495815
0 0.4856032922801086 0.2801209935655515
0 0.6053799979294403 0.1698896201904134
0 0.5054406033286566 0.19796814613070776
0 0.4834308865704114 0.20524313893889476
0 0.5557832999571466 0.39640119265265594
0 0.6618812174736699 0.2722386442752354
0 0.5720141527521962 0.4933211851515945
0 0.624177522297147 0.44879435927276795
0 0.6419074947823955 0.4248752871159274
0 0.46066342124456094 0.2102673721200348
0 0.43824555602254744 0.21399934619912614
0 0.4235899961447414 0.2168191961263564
0 0.5766243431638565 0.1441561045878581
0 0.42790499015196465 0.19788863296893427
0 0.4466986917745212 0.18581634102342817
0 0.47092733101502754 0.1779866777139485
0 0.4969678307384378 0.17412014406346765
0 0.5141913096110026 0.1745739213653872
0 0.5927292063266416 0.12582896386459913
0 0.5185631619224066 0.1910212680538354
0 0.5168109765032676 0.34736767273356484
0 0.4694233825941126 0.3202443487703588
0 0.4636439150395776 0.35515624037275395
0 0.6435045974667062 0.4082476399830086
0 0.6247612756012865 0.4334455500859524
0 0.5704564042232207 0.48452807349525173
0 0.6723993196769102 0.3601688832433481
0 0.41869269745259347 0.21027460471591067
0 0.40401560948367865 0.26196445434543164
0 0.6031446980021674 0.472173680048679
0 0.6754812570563852 0.2712903571439949
0 0.5065145532793134 0.4045594397530154
0 0.5180149802678748 0.40826137888898206
0 0.530639052894045 0.41405544473324524
0 0.5422063175636002 0.4209685353904715
0 0.5556940489177462 0.4279300753614939
0 0.5335937532191538 0.38932635210021393
0 0.5398206429139472 0.38620171937229797
0 0.5449854532877604 0.3829501984665261
0 0.5755178395202895 0.3575211479146285
0 0.6393615867518172 0.2914021787270108
0 0.39067233765678566 0.24488753893480042
0 0.38658449519032667 0.20944209964249907
0 0.4039541236458951 0.2073161855145564
0 0.5278880445263053 0.391749998004411
0 0.6583321003974238 0.32885071419594836
0 0.36272630007458134 0.21500566053786452
0 0.5750489295283451 0.4363839812974489
0 0.3794283967480881 0.25896437962849933
0 0.4421260045047551 0.28256667013835796
0 0.5423991046374357 0.4578800733120557
0 0.6104395419736451 0.3897524094949272
0 0.5240206336170309 0.31156653498132597
0 0.5967094485769795 0.4140702125440713
0 0.5812220191150778 0.29331630489580146
0 0.55914502204219 0.3215053019291707
0 0.6161545862125445 0.31367854376280435
0 0.5601912872700752 0.47209820685154746
0 0.46371944443586005 0.2874376872821776
0 0.6327061069665579 0.3946453967835414
0 0.6141032609255505 0.42139159685634914
0 0.6173898560085377 0.36376439125088184
0 0.6677358120302611 0.30157296371912473
0 0.6431674715838854 0.3565118225161008
0 0.6798367721622001 0.3083996263687297
0 0.5912327826777591 0.33765753449635716
0 0.4280565318176012 0.26799740768695074
0 0.46257093083506395 0.3159433146529916
0 0.4809742295792334 0.31608209576046764
0 0.4451551075223126 0.30826532402355333
0 0.39623769124348956 0.18734101157454267
0 0.43281556785358155 0.16425831801526486
0 0.4716855624557044 0.15170905301579377
0 0.5060853595975079 0.14664908052197836
0 0.5317461198895289 0.14904299410212507
0 0.5599961260703042 0.17473129841497925
0 0.6473892710882904 0.1984587824358776
0 0.5600653781166559 0.20447542460929174
0 0.5375685229080136 0.2171115412830882
0 0.5019950625262682 0.22652086102948352
0 0.4657141528552092 0.23171610424951303
0 0.43678695743094015 0.2336763646961814
0 0.41565763900048625 0.23337061351445787
0 0.6386529302798243 0.19681773971973932
0 0.48265635816356806 0.3206399324242896
0 0.4160427302750857 0.2770197230301718
0 0.44449992924299925 0.3218595478175515
0 0.4343608019221181 0.33337729030939467
0 0.4453765853044856 0.324377217468135
0 0.47799675374091427 0.32724822514987645
0 0.43058493569933415 0.3361280371710075
0 0.42929232472608864 0.3404895345794207
0 0.40724800206437894 0.22067619727599663
0 0.3954658991173853 0.22817403877050144
0 0.38932158071783524 0.23354876536350092
0 0.5239728694223653 0.1757625939583015
0 0.5366334392048638 0.16371316488385906
0 0.16040861958692848 0.2668366668345948
0 0.19198544015361288 0.259327189636683
0 0.14965163605122628 0.2513073453699567
0 0.12843618513662605 0.2743388509128159
0 0.17107217724313212 0.2824478921516934
0 0.4616429695097203 0.19512328473698626
0 0.494508196029985 0.18718271153677402
0 0.4512606753578669 0.17994601517244024
0 0.4291182087443549 0.2030306454937936
0 0.4724910349785527 0.21014838230001828
