0 0.6837811338529884 0.22873485359711387
0 0.728914782297697 0.21911487459374693
0 0.7081999321349804 0.22214790954947852
0 0.7472878834612364 0.18816374646969877
0 0.7396408362354306 0.21242541960253122
0 0.7495712908051855 0.20240153819798662
0 0.7719138463338217 0.17568867165631
0 0.699344641870732 0.13214970132508597
0 0.7875367686045256 0.16247256162067572
0 0.7995875190487869 0.15558294071176182
0 0.8430484896369403 0.12364877334322792
0 0.6799844826439874 0.23085757280690983
0 0.6761366532003279 0.23266542167328416
0 0.6733547177532022 0.23382507002772615
0 0.6733218119870559 0.2337222555860544
0 0.6692466301311978 0.23629206319015247
0 0.664193066761648 0.23932104555372233
0 0.6590560897648763 0.24214339927552989
0 0.6385652209929139 0.26104870600441393
0 0.7204432521792624 0.22184267973366636
0 0.7075025903806984 0.21337211941377804
0 0.6776562560376503 0.058747206133204145
0 0.7208227602412088 0.15334405314427213
0 0.710835151535144 0.14811451323687458
0 0.7006322571413695 0.14150298584383517
0 0.6881695908608196 0.1293863244235706
0 0.7302017463482827 0.15645614042640113
0 0.7334889519414741 0.13136011533462963
0 0.7424241890438454 0.13782496388537435
0 0.7215568384678244 0.1259943404898476
0 0.7096360638844881 0.12318460871807684
0 0.670692606795606 0.12528309271263238
0 0.5779379557648436 0.24389049496513587
0 0.695753967733406 0.1280304467002043
0 0.6299549426963861 0.083799786365832
0 0.6591612618032405 0.11222323063558663
0 0.6720861410923141 0.1710019470118105
0 0.6744734371880547 0.21928245909869098
0 0.6666784480893069 0.2248609325470635
0 0.6616616020385596 0.2124809061947722
0 0.6525536575477472 0.2078333685097222
0 0.6584691106558418 0.21818902688666272
0 0.6518954656106962 0.2127767454225796
0 0.6044419606526693 0.21610467340618658
0 0.7207107503923009 0.2132839264389806
0 0.7298401276842296 0.20596285621388652
0 0.6986083035274662 0.10765022851122073
0 0.7164459485801862 0.1667031821922753
0 0.690859934123014 0.19171545966364706
0 0.6948171302283125 0.18658819861305406
0 0.6390162866464336 0.1470439683515043
0 0.7395755610020041 0.19676506090849732
0 0.7419837727535257 0.12165432670912422
0 0.7213750331521892 0.11263065004405884
0 0.7129206645974724 0.05933962548121858
0 0.7739266908997826 0.15277272691361057
0 0.7470214195388685 0.14471947646940858
0 0.6066450763949387 0.20555363366969479
0 0.5290711309126527 0.15120997953529175
0 0.6918325504238942 0.2008924207177025
0 0.6970869385652977 0.2087384712296172
0 0.6394787486508596 0.20216620220734288
0 0.6420437128995534 0.20431148739287647
0 0.7183311540159962 0.10414311168388056
0 0.6841683799414326 0.19372675936823835
0 0.7601571025894128 0.1346107852011443
0 0.7657358366236698 0.12911385454880164
0 0.785342846557105 0.08318113228573967
0 0.7163390335705069 0.07604110759858507
0 0.7774462671302778 0.10138505492537928
0 0.6905040998253034 0.09836674855349543
0 0.685728664878461 0.07380358577250673
0 0.6700858612426465 0.2222224808158204
0 0.6598176724619145 0.21546620268600816
0 0.6520990484910045 0.21032626612689168
0 0.6916795520187854 0.20367019592573088
0 0.6407941940019457 0.2033332773386099
0 0.6421324129013135 0.20869735616464585
0 0.6431449834677241 0.20531097801919942
0 0.7042602040498949 0.20399199316676814
0 0.6520264374552299 0.2145785421799547
0 0.65774309606575 0.2201354494110083
0 0.6647494768353103 0.22668652712537077
0 0.6257323744199831 0.2510454624700851
0 0.6490277798055745 0.23335968248379496
0 0.6544984496182961 0.23081997474923302
0 0.6600144749922718 0.22842487492881264
0 0.6645174701150944 0.22679664337406524
0 0.6517913661700644 0.21460680320811348
0 0.6482707748024298 0.2144324524810139
0 0.6436960497062555 0.21435934514664232
0 0.6390987425971089 0.21477210255095752
0 0.6432328790211849 0.20337105392457577
0 0.5679150662547965 0.10703651966473546
0 0.714445553809333 0.22209519014571802
0 0.6477787397462401 0.21032537348544636
0 0.6452662370187773 0.20955709484628976
0 0.6959456179639418 0.21390020609282837
0 0.6797870480471092 0.1997789754844702
0 0.6966010900996 0.21145120858193966
0 0.6998071230286889 0.1634350968911625
0 0.6770831823920747 0.15689098178007352
0 0.6872723245506378 0.1879313383429957
0 0.7486300862950387 0.0670798890554486
0 0.7466518713130081 0.08478771728543809
0 0.7439895688201026 0.11416068211340676
0 0.6081040583068519 0.22653838435110574
0 0.7832107521075424 0.14444188283274348
0 0.8014833738477968 0.11900244965054356
0 0.8152677869911102 0.10165222250996306
0 0.6920780986904812 0.13485313735354823
0 0.6493251958339334 0.12018488714108452
0 0.7374113269275326 0.15786201499711972
0 0.6891971394884214 0.11683186700644965
0 0.7312641927092481 0.16786047397330164
0 0.7043192352322366 0.19500739634417877
0 0.6281654666081893 0.10681155616768633
0 0.6571197827085317 0.1302505263124411
0 0.6722269195446865 0.14210910723803524
0 0.6945086817661349 0.15433086826207157
0 0.7120160050243497 0.16123330750214027
0 0.7261302036633023 0.16503385342538548
0 0.7600652039479866 0.17024889683571107
0 0.6084808082603437 0.12310956435176892
0 0.6779999469967483 0.10879944188716693
0 0.71575098186374 0.21806070075248377
0 0.709239662408257 0.17535428817089374
0 0.6144815711952227 0.07567899866987722
0 0.7389691602126014 0.16719136779871993
0 0.6835479970744474 0.18670420629528764
0 0.6890171346046942 0.12411593724363529
0 0.7089902068213593 0.18897878166776114
0 0.5464271221229499 0.12675993227825377
0 0.7392170835170243 0.15571728324928222
0 0.7260818218441604 0.1922590068925303
0 0.5402698556868006 0.19172040489725412
0 0.5201892172404045 0.19657980210293596
0 0.583673116686247 0.11247834756065862
0 0.539950240716088 0.1714327893318079
0 0.6588742844492411 0.0767810448718528
0 0.5584778342601493 0.249203246908066
0 0.710916783883989 0.21892733062608555
0 0.6918420122681762 0.17393079285804455
0 0.6422641508870846 0.10439940689566037
0 0.7099055923718057 0.14079958438492432
0 0.7182493301318418 0.14642077965286973
0 0.6388779215389591 0.20800207774288737
0 0.5876008738144982 0.13784788691769012
0 0.561283041247361 0.2737834680670747
0 0.5327226175106973 0.23739042278295888
0 0.5244184700991038 0.21909803937608824
0 0.8241748300959452 0.13842245343679818
0 0.5848149927399999 0.29130036029191064
0 0.7254910503360007 0.15042929318004522
0 0.7323442603186737 0.15337656314571063
0 0.7368454933166504 0.1551222306090041
0 0.6659453275392382 0.09942675134339653
0 0.7388897113662829 0.1475436868854224
0 0.7342672365174877 0.14179029141942534
0 0.727330785289371 0.1372791672000489
0 0.7172787824123026 0.13314642476292846
0 0.7082299265644247 0.13057317156285142
0 0.6466970632402159 0.06362506316397518
0 0.7039636690839589 0.1361632761292564
0 0.7007300167632617 0.22654604321470656
0 0.660420587308687 0.20615339945680417
0 0.6944126459620268 0.20030308098267444
0 0.6866360825600384 0.21809438904063008
0 0.7790278507937058 0.16764929286016825
0 0.5417003179911515 0.2117868953238661
0 0.5487321538033245 0.2302633592495903
0 0.5750854970168152 0.26816545060267466
0 0.521214199294861 0.1752369950849789
0 0.7396247089623833 0.15280850398273896
0 0.7398318735529764 0.17725929213217653
0 0.5976929650318137 0.28529956032292914
0 0.5447504986390221 0.25575775236557846
0 0.5628258198571148 0.13012150391793478
0 0.6574105716151871 0.22020953865096973
0 0.6529932885432986 0.22076795728633197
0 0.6477051327268568 0.2219711843961344
0 0.6421786878320525 0.22397214731278892
0 0.6148973177376983 0.23831391391662743
0 0.64666109290912 0.20829502481241197
0 0.6456700892185422 0.20630232775554108
0 0.6452799317933958 0.20433553515341335
0 0.6242067956810089 0.2030514704343229
0 0.6037634851263581 0.1545126279131673
0 0.7468129525081717 0.16879080274044134
0 0.754802656402405 0.15695050311164735
0 0.7470603395137284 0.15317134487743195
0 0.6477628806226259 0.21014331033625921
0 0.5687552550427919 0.16758882532866237
0 0.7658830123553745 0.16324451794258701
0 0.5967269950061679 0.24042670695355145
0 0.7569728280714662 0.19316211009558779
0 0.7532779204187919 0.17941314667558517
0 0.7642359619232104 0.1845881461906738
0 0.7175169757230104 0.18323427691055943
0 0.6129479096661941 0.2767600523778044
0 0.6268625093592728 0.26772021890257874
0 0.6106243948284671 0.25573581123885253
0 0.5867560881790783 0.21068376902574168
0 0.6658552484832507 0.18577046763782684
0 0.5881210454076314 0.22537088075194495
0 0.6435404464209394 0.16777290584751592
0 0.6457907947704946 0.1861690498959904
0 0.6139259464163288 0.17156725683913063
0 0.5929025137167183 0.26174043171322003
0 0.7033709439156438 0.1818611087223973
0 0.5640813338099052 0.2081165143761772
0 0.5693682829538981 0.22633127368296296
0 0.5927509709799604 0.1973476879798566
0 0.5693888346925914 0.15065400673748966
0 0.5726788175477684 0.1866925305451829
0 0.5465827254082659 0.14871981340094495
0 0.6213781447719327 0.18938548696307708
0 0.7246118649590215 0.17607093642885313
0 0.7032331151070355 0.20076868276055249
0 0.6908514299552789 0.1966096341800385
0 0.7177943188509495 0.2001589193892555
0 0.7571200804172946 0.14877315765371718
0 0.7490551797606104 0.13690349904778668
0 0.7376368406007616 0.12813530529078584
0 0.7228783937952787 0.12118743952756492
0 0.7062646593693063 0.1172242543329827
0 0.6754739793370382 0.11912739267364478
0 0.6055505670231881 0.09656069389642619
0 0.6762412314792331 0.13212998287555888
0 0.6870094231850238 0.14101797804093588
0 0.701727072969615 0.15018703029178582
0 0.7161272338254274 0.15681316129887066
0 0.7279287585251623 0.16051919434588557
0 0.7373223779298704 0.16272359024792815
0 0.5900510509522985 0.09093802577009596
0 0.6870186168798725 0.1979936747410046
0 0.7336941245648501 0.18504166160338223
0 0.7132319860892902 0.2071550324225959
0 0.7107386943533552 0.21295234584770265
0 0.7092978125281757 0.20765933913354295
0 0.6857365561332063 0.2015572243605178
0 0.7126643520465 0.2152467557130911
0 0.7081969441841546 0.21613148835520393
0 0.7432105564099136 0.15804845208938892
0 0.7472304611754932 0.1628872471305128
0 0.7513304277003812 0.16669802272472137
0 0.7016919070868184 0.1291426690146565
0 0.697258400974228 0.12187510371779481
0 0.7625082368187481 0.19930717877496165
0 0.8015748128044805 0.19993866903903768
0 0.7255855155505723 0.22627003847981414
0 0.8716215738575521 0.20699705273960345
0 0.7868046440380655 0.19763567196294524
0 0.7908409825331874 0.20145230328503508
0 0.7940469388481525 0.20465433311919434
0 0.7954546084506906 0.20357461187976617
0 0.7845294344053566 0.1935078301273596
0 0.8050774190065672 0.1860080887905706
0 0.8000282034885398 0.18293217133980588
0 0.8082082551732052 0.18965390424568432
0 0.8079773402042526 0.19328779401108862
0 0.7920542054896732 0.2123633631692527
0 0.6509144026026737 0.2925022484395451
0 0.8014313145507154 0.19927588276588878
0 0.8338296270484833 0.23402198673056337
0 0.7935395235066219 0.2087771047513706
0 0.7624777827045615 0.237243208355797
0 0.6969852333160327 0.23541863138873736
0 0.6863985787764442 0.23922724679064827
0 0.7047942811064869 0.24338395665057552
0 0.7086437577538067 0.24913583462611555
0 0.6944415677937387 0.24441036934288926
0 0.7004226408988166 0.24870190376671739
0 0.6900860165520538 0.27694572179843063
0 0.7361805210296485 0.2239847692628257
0 0.746824368012609 0.21832679716733316
0 0.8140128476442479 0.18987906412385142
0 0.7720842744520814 0.20753677946310073
0 0.7501376224078721 0.23338042747098417
0 0.7546566681896182 0.22902605108940563
0 0.7827943543450152 0.2522158225218709
0 0.7557152455373348 0.20847981944442176
0 0.8193981310160612 0.17819201317838967
0 0.8199333572845093 0.18398015024943853
0 0.884418775709413 0.19305829589549725
0 0.800540100756309 0.1709351952845296
0 0.7940630278141378 0.18125673690543007
0 0.704150799081194 0.27550851551298133
0 0.7265097883393724 0.28940412206962085
0 0.7375896846075995 0.232673080536885
0 0.7266743937842279 0.2298629381500494
0 0.7108318571278232 0.2575431245203597
0 0.7086854358371213 0.25568675166501786
0 0.8230489855475849 0.18045339531030136
0 0.7438468750146368 0.23583040688746273
0 0.8138107395858216 0.1734988079569972
0 0.8203270006522858 0.16791737093902626
0 0.8805260886963037 0.16035435917659308
0 0.8720595768029741 0.19719476064744468
0 0.8611136020230447 0.16898422028881294
0 0.8156742632246132 0.1881871336755661
0 0.8635521146605055 0.20940538150624347
0 0.691524638260583 0.2377361606675596
0 0.6992749613251903 0.2441524673765079
0 0.7044770986342029 0.2490762954417128
0 0.7325951715739225 0.23226162638907996
0 0.7096456406499556 0.25659965607114493
0 0.7030746387920791 0.25517046570587465
0 0.7075101751789487 0.2547554766979461
0 0.7405731152001617 0.22909596276740296
0 0.6971942749526575 0.24804090277645915
0 0.6907363938484832 0.24427102801327508
0 0.6825887499381599 0.2396583211974214
0 0.650588620195 0.26833596297155937
0 0.670448858960927 0.2491545086851516
0 0.6753702438134941 0.24598527449769333
0 0.6795467861550604 0.2425481050540083
0 0.6821961408610538 0.23964748453027523
0 0.6970345728117213 0.24814718066693875
0 0.6967881434827113 0.2506243677946706
0 0.6961273466654533 0.2536219648850231
0 0.6947954101242322 0.25660087006351057
0 0.7194541255347162 0.25819328884347176
0 0.7799564139734355 0.2603187930945771
0 0.7017552286600895 0.2510317336446561
0 0.7024147613443059 0.25301445097016834
0 0.7188037099312249 0.23046427498610256
0 0.7328149774949327 0.23752946061448169
0 0.7225042104149322 0.23028621087059045
0 0.7732152521467324 0.21742247997191005
0 0.7785215846640314 0.23168449798902382
0 0.7497233315337476 0.23233085965957886
0 0.8880457649413916 0.17777472115553225
0 0.8711207856377252 0.1837379944781526
0 0.8255614308144549 0.1736168508617261
0 0.6784595168180031 0.27580856800841064
0 0.8100872931720542 0.16229737181061754
0 0.84533170544558 0.154879342871733
0 0.8657556134733937 0.14316730689221677
0 0.7948434192785542 0.2053658219095998
0 0.7871756862393386 0.22026463248097478
0 0.7832156937185237 0.18986376424947868
0 0.8033300040723037 0.19719374303619702
0 0.7735420879986075 0.1991444502394801
0 0.7515023881011158 0.22844410242554478
0 0.8171645994666669 0.24562421888589098
0 0.7898599769857576 0.22658207022343962
0 0.7915813048108876 0.22819066366639001
0 0.7877319047776915 0.22070700772844565
0 0.7833627545290428 0.21158480130064602
0 0.7821461988581742 0.20457295992503913
0 0.7772461127320067 0.18317327379418638
0 0.7967532178480848 0.2597672656511727
0 0.8047050743651905 0.19885266360383444
0 0.7252853031066968 0.22474210411786272
0 0.7631621383648697 0.21472754189000723
0 0.828006647187743 0.23281483199840156
0 0.7817894451909786 0.19734950896840506
0 0.7471292156109707 0.2322280809235649
0 0.7991643792433705 0.19987788015661148
0 0.7563561609894823 0.22293721882108683
0 0.7550240712200137 0.2753025474258886
0 0.7841384342248491 0.1871566148326039
0 0.7575026147371288 0.2151446732374045
0 0.7001885464437289 0.30060818258184974
0 0.6844947561085652 0.30820345440611674
0 0.7917619609146667 0.26208852617123635
0 0.7198425974491403 0.29509781767575505
0 0.8503877779276823 0.22042659334481335
0 0.6405058567472499 0.3032931409323939
0 0.7185386250630843 0.22443035801949973
0 0.7612437207064182 0.2246786908695873
0 0.7889293069176251 0.21138879509208303
0 0.7995810451553308 0.19911233300027756
0 0.7962707404038317 0.19712991917285674
0 0.7035133312646148 0.2573982666666135
0 0.7748415401513628 0.27176470588000057
0 0.6086660037509544 0.3041973510108436
0 0.6468697897821879 0.31271365027839004
0 0.6638972596298877 0.31214757277942695
0 0.7925166100335064 0.1942083572808165
0 0.7887734737899378 0.19070930993214202
0 0.7857589761701991 0.18846340620289215
0 0.8029734036333556 0.19849796359912275
0 0.7938350624889493 0.18791159311422526
0 0.7998264401936702 0.1901299677813015
0 0.8042451980874407 0.1927067915471598
0 0.8064220734923292 0.19573273892981558
0 0.8056889529422604 0.19784692448739427
0 0.8539773794672758 0.21919615852375762
0 0.8012814956317417 0.1997937754796336
0 0.721006672445247 0.2493223966881871
0 0.7406645924639073 0.23231031105350763
0 0.7113097377246518 0.23590729902156246
0 0.679086756649063 0.30406898917100683
0 0.6598488735638076 0.30433888823841326
0 0.6197514736966835 0.2974861512740199
0 0.7028965875685073 0.3003050058413618
0 0.7883121418438369 0.1873077568821252
0 0.7691078157447797 0.19890056274379023
0 0.6288906959035128 0.31047501265050503
0 0.7672068277994791 0.27510134604411385
0 0.6903488413035441 0.24431369627436128
0 0.6891620502197485 0.2472091394777115
0 0.6865729908291385 0.2506119957842385
0 0.6827582586869347 0.254116952419281
0 0.6649394415551239 0.27332763178660846
0 0.7049166721691617 0.2523274384081935
0 0.7077938772791581 0.25336713360521357
0 0.7108528493977279 0.25402902723691717
0 0.7136961910650312 0.26762429565286483
0 0.7636312466445301 0.26920466377331426
0 0.775733673315254 0.19048966657810698
0 0.7857067636448702 0.17950092903531778
0 0.7865968282274205 0.18237075342918738
0 0.7020971191872796 0.25110230587732296
0 0.7369536724593714 0.2850928602698512
0 0.7874831387179075 0.17845348571055233
0 0.6577060914439835 0.2817614509846075
0 0.7698134701314876 0.1915908112122228
0 0.7599120140075684 0.21409722991263905
0 0.6412660220829989 0.2763565427388627
0 0.6933705023438524 0.28462775837118254
0 0.7443961599747911 0.2424936896315017
0 0.6749371441719915 0.284755227569574
0 0.7610946296216201 0.2534357955851875
0 0.740013870403921 0.25418493599175646
0 0.7487265434768274 0.26819576470615764
0 0.6317786461443639 0.28754612460684853
0 0.7572887847177702 0.2206457725252968
0 0.6911917498929323 0.2944312287500491
0 0.6697540837797902 0.29387464895606424
0 0.7115856634913017 0.28120504971891164
0 0.7549507898106563 0.28139018355467066
0 0.7183604206112649 0.28781445262531125
0 0.7436697431605497 0.2862017708845413
0 0.7295612905808776 0.26729687477072206
0 0.7662312235477731 0.20664956527776993
0 0.7452219453075235 0.22999347803501274
0 0.744759042771886 0.23424434371459218
0 0.7505481208828714 0.22354791053948692
0 0.7937978280248116 0.17655324845458753
0 0.803594016342712 0.17880234784021165
0 0.8103334926586929 0.18246517704127316
0 0.8140761309104572 0.18713938685270926
0 0.8114701014914387 0.1917203870444252
0 0.7953904058149964 0.20382512277498033
0 0.8144143056526458 0.24865521861912723
0 0.7927562973196272 0.21506626361284775
0 0.7922964210418775 0.21530179598460944
0 0.7888831852151336 0.21057381345250736
0 0.7845560961204181 0.20395693021079603
0 0.7821768828147321 0.1982427038514195
0 0.7808860880579594 0.19337605839720168
0 0.8030403260704425 0.24606995046519622
0 0.7400111122954663 0.23510274343406812
0 0.7627802552650872 0.20638916391534165
0 0.7420073699036376 0.22707882518775926
0 0.7299258971957566 0.2262970855156073
0 0.7380824666514957 0.22755745953073897
0 0.7332008828362115 0.23509678058921338
0 0.7281648832545292 0.2261275193466546
0 0.7219739257574653 0.22597926945541613
0 0.7825424854132197 0.18606353967715375
0 0.780551360951339 0.18680984148392663
0 0.782587228061484 0.18871222107936017
0 0.8041013550701187 0.19893066261332637
0 0.8043764380814075 0.1962327609618251
0 0.71338766598873 0.12781747137776578
0 0.7236994290523392 0.13300071889980913
0 0.7186904359492753 0.12027424947617534
0 0.7033728209616755 0.1225370866136429
0 0.7087920826973675 0.13504696551698464
0 0.8087159003571069 0.20553431690881807
0 0.8138660166761 0.21030212910221027
0 0.8162382580965257 0.20153385500747936
0 0.803782372165927 0.20087765642819694
0 0.8014067597240567 0.20953683188548103
