0 0.5352345985238967 0.33284404657889105
0 0.5560771693354067 0.2876220366013223
0 0.5523725038637286 0.29937567054361536
0 0.5625539358867251 0.23789816220169482
0 0.5623447350023881 0.2737313152655311
0 0.5718850431072972 0.2551278958933941
0 0.5958738140761852 0.2099403847494851
0 0.46461665711325145 0.17850071882856064
0 0.6096443281225536 0.18153626946867377
0 0.6171988313612731 0.16469153049199478
0 0.6492225375512372 0.0951482695189939
0 0.5327015933783158 0.3373092118164767
0 0.5303298603419376 0.3417145275119422
0 0.5290841634344795 0.34466230415779614
0 0.5286723853129408 0.3449182916378629
0 0.5256628643559373 0.35011866742718045
0 0.5219681585288566 0.3564409020802249
0 0.5182699071972267 0.3631668010915535
0 0.5163509834395803 0.38204949165599933
0 0.5535960091358941 0.2941583587207656
0 0.5349038512972386 0.2885725614817246
0 0.4177983178878608 0.11164798015269681
0 0.5137038775112318 0.19948039705986562
0 0.49331190809607506 0.19713078244872714
0 0.47484427739096724 0.19294703541242558
0 0.45472117003215395 0.18130948664485544
0 0.5323860434734303 0.19966221271433693
0 0.4989890989078128 0.16041046127245046
0 0.5212704032335592 0.1658789331390374
0 0.47763093115518923 0.15890039384797
0 0.46284516188113584 0.16112197471269663
0 0.43426560715812706 0.18517496960534566
0 0.43271934816046903 0.3881766818787741
0 0.4593968202724405 0.17385860537921172
0 0.3810816851808973 0.16654723969058713
0 0.41584808087867237 0.17213962464660837
0 0.46838607639074326 0.2513593750587408
0 0.5132216244288113 0.32431607358697534
0 0.509643823556278 0.3359935087138328
0 0.4883765012997648 0.3228322636821996
0 0.4708501214728407 0.3232384617777838
0 0.4915554651423641 0.3319700939067896
0 0.4765950153055398 0.32942179428494495
0 0.4357751218359108 0.33568810002095456
0 0.5393687212920707 0.2833384203090184
0 0.5429927587671124 0.2695115758241087
0 0.4390372761079799 0.14785950020819472
0 0.5257162725471932 0.22624545101670251
0 0.4971193609678227 0.26715554685696313
0 0.5002333131497321 0.2594566127096397
0 0.4124925509095192 0.23685298222994458
0 0.5530402190659357 0.2525087849817414
0 0.49124104335256247 0.14635029958858006
0 0.4616802702455417 0.14400711266890817
0 0.44536804845151695 0.09262730758907138
0 0.5718278315566157 0.1758484159582767
0 0.539070447663898 0.17460695135852564
0 0.4255795400265766 0.31921558038911957
0 0.3407503783540881 0.29691746528597845
0 0.5081233178143916 0.2779498545156009
0 0.5221751192989557 0.28557712390370993
0 0.44857224984013516 0.3251555941027144
0 0.4532557968860087 0.3262225642152455
0 0.45526263304054737 0.1336189630994762
0 0.4937987703344096 0.2721524768765422
0 0.5281928397067215 0.15655039250850677
0 0.5296090109192807 0.1453389383420564
0 0.5340362824499607 0.07846335602411325
0 0.4508297531663076 0.11055368568370308
0 0.5333998804992955 0.10811851076457811
0 0.4306293376923903 0.13904122759898505
0 0.42416554446453636 0.12436340743864792
0 0.5105677820418192 0.33069162340699765
0 0.4897408275662557 0.32769410549730493
0 0.47352697740754357 0.3263551986951759
0 0.5117080001889364 0.2812160285918609
0 0.4509628707462031 0.3256995474946672
0 0.4583679309681706 0.33026072804046713
0 0.45573724717225716 0.326831781345865
0 0.5191481609059416 0.27684527840735257
0 0.4791274241617192 0.3316535901116288
0 0.4934277816311173 0.3348607947860939
0 0.5100954563721366 0.33933137422022613
0 0.4899853706845771 0.3753557044310846
0 0.4944646483206231 0.35633451178453973
0 0.49906635867512744 0.3497623172791108
0 0.5044053083528643 0.34391879895027133
0 0.5095365720436625 0.339576986712822
0 0.4785263483291087 0.3318024671811988
0 0.4732930869187998 0.3332434702610624
0 0.46731130503441975 0.3354413940206818
0 0.4618789151958797 0.33848622614058893
0 0.45800274399959523 0.30295477451189706
0 0.3532937610440928 0.2253256777058477
0 0.5530447637581307 0.296692816135676
0 0.46776857842569763 0.3294955393758373
0 0.46311953558546043 0.329745899292006
0 0.5263301283121109 0.2923251597777657
0 0.4975438867898091 0.28130790990763815
0 0.5242944929910742 0.28902228651703266
0 0.5016264385827209 0.22941759676820989
0 0.4653136066120604 0.23144818718234697
0 0.49431369040647277 0.26422041222669074
0 0.48265599086880684 0.0806894309386827
0 0.48607783788896125 0.1042786185508189
0 0.489779457449913 0.13474366241607114
0 0.44870543188374973 0.3492972031235695
0 0.5730731416817593 0.15819738843086836
0 0.5806264201098162 0.11653271895171939
0 0.5874738046980422 0.08349698522816533
0 0.460804788476747 0.18766564670680225
0 0.409677323601816 0.18925144620563672
0 0.5450620119176481 0.19899801348430524
0 0.44159572830666666 0.16265331219503845
0 0.5433922887820265 0.2207205701565397
0 0.5109921305885782 0.26583602981290955
0 0.3827685717817234 0.19416377607031146
0 0.41847541256119375 0.20132269078622694
0 0.44068335717462975 0.2113677723252255
0 0.4781059320692135 0.21694338127322818
0 0.5078932468010031 0.21712578368791635
0 0.5308674071793971 0.2154890427338904
0 0.5759264831633671 0.20909815713547278
0 0.37200633776576625 0.22256094357673673
0 0.42683074858201586 0.15806360710142314
0 0.5434559789364752 0.29131227828886197
0 0.5194041785662589 0.24002676824296731
0 0.3783529359523369 0.1643244853054268
0 0.5491744909921418 0.21241577941438425
0 0.49313068446581776 0.2642339343825976
0 0.45069505622529465 0.17298813326203305
0 0.5152938751422841 0.25662229415299237
0 0.34401092103318026 0.2597363639784896
0 0.5473901997117893 0.1947035154570704
0 0.5344480122237102 0.2531692102767419
0 0.3632483452396548 0.3371465458818104
0 0.35933816943155683 0.35379077288983524
0 0.3545827936867009 0.22316229278626648
0 0.34905365992175497 0.3135707337355268
0 0.40368118242401146 0.1430833387202111
0 0.42166137071731297 0.4018930820883184
0 0.544849958513742 0.294281711720902
0 0.4970092891674975 0.24580043543508087
0 0.3990833721245113 0.1697737807812898
0 0.4806447228335816 0.1862214431166649
0 0.49666718021035194 0.19001675488940184
0 0.4538541168946287 0.33130297421113303
0 0.36226620824764605 0.250673238997874
0 0.4499728047167477 0.4293855186821758
0 0.39887523489153903 0.3975127037020697
0 0.37945952015402523 0.3788298316623854
0 0.6339159175429655 0.12815946599711542
0 0.49122238110588945 0.44149080869080365
0 0.5138608144353265 0.19191493752641955
0 0.531054803210756 0.19307613599559534
0 0.5420415160124716 0.1944336590991504
0 0.41504434722921124 0.15154696812016377
0 0.532171894998654 0.18157040824492773
0 0.516226858548496 0.1744779974654101
0 0.49928421381375065 0.17069950170707013
0 0.48188790565599565 0.16974073551271274
0 0.47076417521938035 0.17105955911287363
0 0.39716734923422337 0.13416523686137752
0 0.4708202908868375 0.18219225405566936
0 0.5471759223095749 0.3107725809449735
0 0.4807637550908586 0.29994645488003024
0 0.508999589263745 0.27606579413016635
0 0.519059716683367 0.3048013089143712
0 0.6035712333801 0.19501195129924925
0 0.3808685358937668 0.36132938814335974
0 0.40001785431219183 0.38167545868866687
0 0.45302380807697773 0.41920741593492206
0 0.3469773479939803 0.3284197945309722
0 0.54287200210535 0.18968280831324882
0 0.5525990454884975 0.22790824945854105
0 0.49517922864659975 0.43120746249737946
0 0.42105517001903575 0.41468696188235626
0 0.3464146441901508 0.25440799444913864
0 0.4927735071143378 0.3350917116023492
0 0.48668163731370284 0.33800174889789114
0 0.4808895882704984 0.3422162875101186
0 0.4754448213978954 0.3477690394805825
0 0.4659100088250378 0.36291465422381525
0 0.4644149179043977 0.3276373497817827
0 0.4607694784746222 0.32575016889883124
0 0.4579854032591633 0.32390502138414246
0 0.4381811334549085 0.30928498376970703
0 0.38281040873540484 0.2629150574405988
0 0.5604951903223991 0.2140267695961655
0 0.5642968092275702 0.18950191280548123
0 0.5523233663938616 0.1875609900208487
0 0.4681945385654335 0.329447638405406
0 0.36498754414851253 0.29522762253232626
0 0.579733919919185 0.19374346905860348
0 0.4493938721716404 0.37509318257587543
0 0.5802524660754463 0.23955461296482364
0 0.5687465463643488 0.22398051657322524
0 0.5879507556395687 0.22507695805119432
0 0.5282643622030383 0.2460496485017348
0 0.5015558830421903 0.4162828429885533
0 0.5095356212038061 0.3981263482052347
0 0.4771221029045789 0.389621098836263
0 0.41500210737728555 0.3384835590486941
0 0.4719234262795552 0.27154992747565976
0 0.4295450418215731 0.35835934128018393
0 0.4294424800445204 0.26030205416938534
0 0.4474130148958901 0.28124670014865155
0 0.40225643753681495 0.2782534762569096
0 0.46242566422923753 0.40549045563607977
0 0.5131947591738857 0.2505066524381223
0 0.39390002174869826 0.3463619084677834
0 0.41266175205616845 0.36825121172528336
0 0.40627749094172666 0.31766085251086
0 0.3561182711273432 0.2750117327424063
0 0.3817187640006128 0.31519749976586603
0 0.3429691389850948 0.28425000564775604
0 0.4232550427803527 0.2948152634544649
0 0.5366324136924484 0.23385309060846549
0 0.5140134322902431 0.2733153822845307
0 0.5008586112247861 0.27308241180751636
0 0.525984973444239 0.2669489805897077
0 0.5533564619558013 0.17728721868732703
0 0.5239731413514718 0.16335746446165486
0 0.49578844302374386 0.15592547954208608
0 0.4711692329982053 0.1535933477183183
0 0.4527696598645138 0.15567141236818355
0 0.4350633779135735 0.17305678420740625
0 0.36517706748260104 0.19383459025319072
0 0.4422934513701045 0.1930127792276334
0 0.45987215962098993 0.20068624264736107
0 0.485637502339871 0.20586993577687637
0 0.5116231981664896 0.20758188872233682
0 0.5329548390987127 0.2073273948137311
0 0.5479820088847823 0.20621191029963287
0 0.3651263667675464 0.1942760339681653
0 0.4997991500017436 0.2761958948727967
0 0.5453041215305743 0.24057328204313913
0 0.5265657754371995 0.27782631481903186
0 0.5343856596914323 0.28641091017187503
0 0.5261613622955654 0.27967183572658594
0 0.5037878265037484 0.28109694293875626
0 0.5375773067707601 0.2888311093700105
0 0.5386792495846748 0.291726877723915
0 0.5535889020108659 0.19674320065456888
0 0.5611404721503672 0.20187096486704936
0 0.5650040729214316 0.20566927711816801
0 0.4644344342953485 0.1725080033791238
0 0.4526826499596886 0.16528042438237564
0 0.5968522766362065 0.245219302782114
0 0.7404773138139559 0.23549353882022525
0 0.575394512437608 0.29741887856220856
0 0.8428274564768957 0.2006258996932403
0 0.6796148604025012 0.23369229163812555
0 0.699289187465025 0.23951743370380954
0 0.7190410643815994 0.24353959497766217
0 0.7473278732403464 0.24208869698686877
0 0.6635633621202863 0.2267013637052066
0 0.7263753595559493 0.2078071246328561
0 0.7027199788262015 0.2034733270065508
0 0.7457738463645396 0.2147552724117818
0 0.7564068145078161 0.22221795555906018
0 0.7621341903248559 0.2540003027820933
0 0.5839043841089891 0.4224799910317297
0 0.7495197686164276 0.233958814131177
0 0.8285834564139014 0.26193647475346277
0 0.7894966216838878 0.25039092732080515
0 0.6693081753733365 0.2950546082811079
0 0.5609946713337431 0.33596918483575183
0 0.5528348860047434 0.34657271541115164
0 0.582721877762157 0.34611912309259607
0 0.5965056552187257 0.35417187365068903
0 0.5716001618167629 0.3517617560599161
0 0.5863207905026881 0.3565252088550208
0 0.6228949745064196 0.37768815630587976
0 0.5737393581024979 0.2908253473216209
0 0.582466955985064 0.278054217821446
0 0.7875664490072624 0.22021386270289836
0 0.6435987549307554 0.2515741559690323
0 0.6272990068663722 0.29587889970212744
0 0.6324390215070351 0.2884926020667173
0 0.7310767630520074 0.3059067118211069
0 0.5901010235690552 0.2604375157667243
0 0.74442900425714 0.19792089508711427
0 0.7712967088041098 0.2079497607073922
0 0.8325363394358883 0.17319915357275287
0 0.64919088586517 0.18978966535001562
0 0.6799024008214474 0.20359643996841664
0 0.6451215169028096 0.3683239433212557
0 0.7534701697852301 0.38774511973926984
0 0.6084949722432572 0.3002251659830411
0 0.590082167931225 0.30067403754894284
0 0.6130185848020989 0.36561012397641723
0 0.6084208067344583 0.3644275621011637
0 0.7856563245472701 0.20177269586618396
0 0.6263964181037053 0.30154815024655796
0 0.7044708779000718 0.19122568096803583
0 0.7128223460977492 0.1813959004222483
0 0.7625145584992741 0.12575349573423897
0 0.8107014463647552 0.18506784585938937
0 0.7372995747820191 0.1499609552539777
0 0.8022026785689852 0.21613693269698517
0 0.8241015196494434 0.20794962735279746
0 0.556948138643866 0.3420011332069618
0 0.5770075719641603 0.3492486087092455
0 0.5915120054522286 0.3554310610760813
0 0.60281494502788 0.3014887541100599
0 0.6106557961067428 0.36501816293035727
0 0.5998829739249271 0.36489803711141366
0 0.6059183573917203 0.3637857797785082
0 0.598681305737599 0.2943250519641932
0 0.5823881490884916 0.3571360529116962
0 0.5675861833050199 0.35315272449583246
0 0.549780836733787 0.3490723672768344
0 0.544270929273056 0.38753649981125543
0 0.5443155703985173 0.36830575375453284
0 0.5468916856562314 0.3612379602332046
0 0.5488501095577426 0.35463792128839355
0 0.5494848032198523 0.3493200067592704
0 0.5823279238589432 0.35728879726451374
0 0.5850983166500278 0.3605148849495943
0 0.5874042644610872 0.36460116311259894
0 0.588673184423343 0.3691382064767506
0 0.6303848528667636 0.34127648433913355
0 0.8057479574952436 0.3231892005904861
0 0.5935027095610681 0.36038587771464087
0 0.596763058849003 0.3625189377993777
0 0.5806807952568583 0.3045121961529704
0 0.615841999002125 0.3077520727031473
0 0.5852319177078165 0.3026245618643968
0 0.6612229423354501 0.26383165691209876
0 0.6902376432781634 0.2800809676232545
0 0.6338118408685145 0.29500676065251447
0 0.8077179365183996 0.1480150050011234
0 0.7835207704616629 0.16544383710277252
0 0.7556697685757409 0.1888560765031455
0 0.6008456751056339 0.38344896811506024
0 0.6631595936158429 0.17441023999582167
0 0.6888256299754848 0.13885185073899187
0 0.7113075776268607 0.10913607299975726
0 0.736059679609278 0.2448149449799372
0 0.7812660551913406 0.26756619899601175
0 0.6536130969939025 0.22129055436538614
0 0.7736954360228517 0.23179188197937564
0 0.6333335200729577 0.23988967971957248
0 0.6154980528289857 0.28876315186852997
0 0.7983447183733401 0.2835472802753034
0 0.7628892216345539 0.27421621924293216
0 0.7343887800107831 0.27411628330963245
0 0.6959519651920899 0.2640240075795547
0 0.6692369751956152 0.2522841625023579
0 0.6502398717338624 0.2418178804758666
0 0.6140169666513152 0.21712865081170332
0 0.7819071791094282 0.3114360467247341
0 0.7908299247855726 0.23389637750991876
0 0.5646116500315459 0.295909091182377
0 0.6357751801286055 0.2652039290338323
0 0.8362391354597133 0.26161212970813114
0 0.6369624729065791 0.23184030303272649
0 0.6356565668855024 0.29571724726238113
0 0.7579891409562982 0.23669802419085434
0 0.621068330562633 0.2797372328198474
0 0.7838275855326134 0.35559089989333914
0 0.6558977878935959 0.2167151448843272
0 0.6064868629302668 0.26875041446824005
0 0.6910006036253079 0.4106392498681511
0 0.683849159790122 0.4268944015105565
0 0.801903953694779 0.3199191592309786
0 0.7254335446202237 0.39713152292845905
0 0.8277438487047735 0.23256199142855147
0 0.5825235390144846 0.4387047644974529
0 0.5619154066333304 0.2979586179489675
0 0.6498580853576246 0.2790308001896609
0 0.8065865982485854 0.25579701590797177
0 0.7195978375232738 0.23509598210238028
0 0.702434694637423 0.23185861261858456
0 0.6025178639785104 0.3675727302181548
0 0.7662136478592521 0.3387302650489669
0 0.5358955772674602 0.4491602448017701
0 0.6088766296920569 0.4454409051416577
0 0.6431995311185069 0.4387862974966782
0 0.6861733347177505 0.22689999537407488
0 0.670649117425732 0.2213724074156388
0 0.6604045754217583 0.21843055171379144
0 0.8068791990694792 0.23321328193381213
0 0.6799243829496529 0.21263581449570862
0 0.6994538278035496 0.21337070499641309
0 0.7170909401839194 0.21692095103039258
0 0.7327814416392989 0.2226670938341514
0 0.7414275090331617 0.2278749774871529
0 0.8435810373529143 0.22825647831179094
0 0.7316667672408663 0.23582247126361597
0 0.6135468972118004 0.3295457340452982
0 0.6088444945280966 0.29820977799270465
0 0.5760429691037406 0.31759238826191943
0 0.6538414274868758 0.4231764754091484
0 0.6192870690770771 0.431803237484849
0 0.5406760616308969 0.4392794161171153
0 0.7188590188389239 0.41119525851546856
0 0.6639763489365578 0.21464690846809442
0 0.6167310503837855 0.24160672681055206
0 0.5738320246986721 0.4496605112284854
0 0.7815677453966244 0.3492767465287361
0 0.5674606240961863 0.35336486498514813
0 0.5691334253743939 0.357978800608628
0 0.5694594506336295 0.36354824857435364
0 0.5684908510226271 0.37006027348663495
0 0.574980993795654 0.3872714175478272
0 0.5981977311489375 0.36055057063914725
0 0.6026075330117474 0.3606136740333792
0 0.6066079580265543 0.3604219367970591
0 0.6420336402952671 0.35474151113758917
0 0.7352328357165274 0.33980152917944867
0 0.6236838492686334 0.22747812754866006
0 0.6444354940043844 0.2055426302595415
0 0.6570966841410035 0.20892870345193407
0 0.5936629663666954 0.3603525924077932
0 0.7242350996188496 0.37438624319822894
0 0.626079030982826 0.2030416715188303
0 0.5802191705645426 0.40465845631948416
0 0.6054259512735449 0.23176422423642615
0 0.6209290566975656 0.2662272388520448
0 0.5441269979042851 0.4047458035790402
0 0.6398406812678212 0.38901772263689316
0 0.6473766834191654 0.3101107154203498
0 0.6110283964030121 0.39935155687988666
0 0.6949091356085695 0.3180895608620367
0 0.6599799851360528 0.32794294517109357
0 0.7031899193382781 0.3441756932415824
0 0.5435087747223999 0.42390736527201056
0 0.6307120384729427 0.27613564526689227
0 0.6532419148994528 0.4047132917288421
0 0.6183847381692865 0.414962125753147
0 0.6647036286151927 0.3753778412938118
0 0.7508821126235568 0.36159465710322064
0 0.6904310988991157 0.38380758529124054
0 0.7581728625556697 0.3755187704295352
0 0.6689107565452224 0.34910399898670724
0 0.6258553741094859 0.25309642533893173
0 0.6058766815973364 0.2935101220357245
0 0.6185036092672659 0.29910912137964496
0 0.600229176328234 0.2831187586205593
0 0.664746174669784 0.19932543902077537
0 0.7022114245463973 0.19939698376085446
0 0.7327066959570283 0.20455825998299365
0 0.7557257875476194 0.2124179264233596
0 0.7695641818901767 0.22142569591169772
0 0.7714015268113302 0.24323533313429874
0 0.8183707594871521 0.29115302623182104
0 0.7480409064370653 0.2573702800749005
0 0.7257873215105223 0.2568604921301206
0 0.69846195678996 0.2508527076114779
0 0.6739970084441744 0.24202522019977155
0 0.655793421132409 0.23348943262860394
0 0.6437893419162087 0.22657798403415128
0 0.8223834648404432 0.29226200304169586
0 0.6172390567219775 0.3022271385011466
0 0.6100054216449675 0.25446915086628735
0 0.5900658263784387 0.2916726824166118
0 0.5769791273481172 0.295787098399107
0 0.58968200939505 0.2936283275485039
0 0.6101444698870182 0.3047744779699091
0 0.5719340355337962 0.29629552612702054
0 0.5693454948942298 0.29840042172134784
0 0.6483891505910002 0.21602790198032407
0 0.6361139692042185 0.2175390095706435
0 0.6287941461348016 0.219521578995214
0 0.7460561974541001 0.23135027823888737
0 0.761828245514113 0.2295249205460583
0 0.4975774079237295 0.17951066651638004
0 0.5183792860125718 0.18354164252894511
0 0.5024072392641202 0.16803262317958084
0 0.4766434275585672 0.17545295290756915
0 0.49260525680754497 0.19102560906954433
0 0.7112700275104978 0.22349111854598142
0 0.7314468170313732 0.2279968235803687
0 0.7166386304990106 0.21262841331570045
0 0.691176944128845 0.21889185192792313
0 0.7059286282114361 0.2344223280315814
