0 0.7225163795985281 0.6850247384980321
0 0.7240339037962258 0.6228142995387316
0 0.7211391799151897 0.6420659564435482
0 0.6837924640625715 0.5463410537689924
0 0.7202395583502949 0.5997121287509799
0 0.712137146666646 0.5675065215677023
0 0.6886008772999048 0.48544296268373727
0 0.5126690424978733 0.5001913040876389
0 0.6731723356992007 0.41339717507362367
0 0.667215782403946 0.380806528404355
0 0.6427372290752829 0.2791168265044689
0 0.7242632308974862 0.6934376429766417
0 0.725628059823066 0.7028445484116673
0 0.7261189114302397 0.7092853207141161
0 0.7296753705479204 0.7278083186596632
0 0.7326146291568876 0.7381808578968048
0 0.7358150110580027 0.751447481662035
0 0.7385252100415528 0.7649465970695019
0 0.7412130079232156 0.7761129405349493
0 0.7243138172663748 0.6334737239405512
0 0.6990766355767846 0.636390621215105
0 0.38923546047881247 0.4174807360395789
0 0.5774660518858582 0.5150276233442128
0 0.5554666485637426 0.5184587397612631
0 0.5331651647109539 0.5192037445493043
0 0.5019583401270211 0.5103636267594993
0 0.5951639755629003 0.5077377011068165
0 0.5345141958445311 0.4431779658421874
0 0.5608817638829351 0.4425905475392938
0 0.5104220448061824 0.4516935871914029
0 0.49550797627307475 0.46528881369158626
0 0.4815008681733161 0.5279920674860478
0 0.6561256321147084 0.8121911998838186
0 0.5030236295424402 0.49513679295778273
0 0.3989303063135594 0.5180799886584282
0 0.4495777599979192 0.5137370765209198
0 0.5855478010606021 0.6141914384439587
0 0.6967011491768063 0.6867529131472111
0 0.7037905629724264 0.7076105874031782
0 0.6727149185724557 0.7031477000564337
0 0.6583964351564646 0.7181810222566127
0 0.6852189127355814 0.715457815118134
0 0.6717046957463026 0.72419065348804
0 0.6256900239735842 0.754920732229948
0 0.7041998678818345 0.6257496453821659
0 0.6965981709770859 0.6039545061066747
0 0.4556874766480178 0.44552394933998585
0 0.6211950255557894 0.5464341297745705
0 0.6412180164363235 0.6265329755842686
0 0.6352085865102708 0.6131822422146798
0 0.5102834087330848 0.620765357837081
0 0.6901706261560321 0.5734830247238278
0 0.5090153224766254 0.4067356944084167
0 0.4772687149234116 0.4219993856735528
0 0.40659766853787005 0.37485043769702314
0 0.6156300736125558 0.4141166097484529
0 0.5845966402441263 0.45172772696241736
0 0.6049065825529396 0.7376531494781375
0 0.4613716225139797 0.7190175160765648
0 0.6618937821127474 0.6368758780881763
0 0.6819812513887882 0.6395482623949647
0 0.6453104135580361 0.7417077481746673
0 0.6512186874635517 0.7399044699966908
0 0.46056180596351626 0.4084399057552218
0 0.6408541657030582 0.6357932843267917
0 0.5534351026639343 0.4012363743968308
0 0.5466880412306636 0.3817665086127818
0 0.5000658482313156 0.31016822773963215
0 0.43160095931962134 0.39331650296226145
0 0.5243451153393834 0.34904315127059815
0 0.43773018498905003 0.4369511969387531
0 0.4122978629544377 0.4290164079517126
0 0.6999569320119917 0.6979434976354242
0 0.6790210627950728 0.7098650818690657
0 0.6648947273381054 0.7213902400806547
0 0.667748159635812 0.6395313611254096
0 0.6484026349149644 0.7408330479636789
0 0.6580961935222149 0.7446353971958161
0 0.6541357455775142 0.7389845013618469
0 0.6744247913360596 0.6290973663330078
0 0.6766561082564294 0.7256444800645113
0 0.6899192991666496 0.7186159720644355
0 0.7066999645903707 0.7130749344825744
0 0.7091166088357568 0.7808276806026697
0 0.7113175003789365 0.7686206791549921
0 0.7101045308634639 0.7548193246126175
0 0.7095179897733033 0.7410828376188874
0 0.7097160890698433 0.7311087477952242
0 0.6778383180499077 0.7354922864586115
0 0.6742047590203584 0.7410800604149699
0 0.6699074252508581 0.7489314936101437
0 0.6664360234513879 0.757530589774251
0 0.6268922108691186 0.6965686626732349
0 0.40972220432013273 0.6101641356945038
0 0.722995696309954 0.6377793421968818
0 0.6669237656518817 0.7370159398764372
0 0.6627374677918851 0.7404085721820592
0 0.6906982556916773 0.6465969249606133
0 0.6500515900552273 0.6469606196507811
0 0.6865736110135913 0.6431156601756811
0 0.598329853080213 0.5637401172891259
0 0.5619777127169072 0.5857929810881615
0 0.6321891352999955 0.6233076896518469
0 0.4407514750957489 0.3383298491127789
0 0.46613351167179645 0.36560121793299916
0 0.49704746692441404 0.3888358613476157
0 0.6479136556386947 0.7665317060425878
0 0.6045586633495986 0.38105548489838836
0 0.5863126816693693 0.34147070804610846
0 0.5658012631814927 0.2923228873871267
0 0.5139696605037898 0.517208581417799
0 0.4561204698868096 0.5481171153485775
0 0.6064706141129136 0.5000786686316132
0 0.47201751214452087 0.4797729041427374
0 0.635934699838981 0.5289771020412445
0 0.6555544374510646 0.6167451964691282
0 0.4315019765403122 0.5651228871196509
0 0.47655781428329647 0.5623913086950779
0 0.5095503243152052 0.5665921470150351
0 0.5546799185220153 0.5573394160717726
0 0.5865383811295033 0.5441217901185155
0 0.6099624109454453 0.5299769351258874
0 0.6659030778333545 0.4942763755097985
0 0.4465305748861283 0.6143607288599015
0 0.4505346381105483 0.4775979765690863
0 0.7119890653528274 0.6349884109571576
0 0.6304572960827499 0.5712861770763993
0 0.3858234717510641 0.5119923576712608
0 0.6271434709895403 0.5145540902391076
0 0.6282086433842778 0.6234368296340108
0 0.4900630708318204 0.49719779565930367
0 0.6495273374021053 0.6001386675983668
0 0.4298587554134429 0.663492283038795
0 0.6051908425055444 0.4918667146936059
0 0.6687920844182372 0.5841829963028431
0 0.5373822557274253 0.7754313353449106
0 0.5380415000952781 0.7936166252940893
0 0.41788334366865454 0.6149204544723034
0 0.4988851764239371 0.7480933334678411
0 0.40416323714889585 0.4706504637375474
0 0.6535571618936956 0.830736137740314
0 0.7133893348276615 0.6387065712362527
0 0.611246278276667 0.5914472095668316
0 0.4264952633995563 0.5208119043149054
0 0.5352672072127461 0.5051519457250834
0 0.5540233823470772 0.5056988168507814
0 0.6537833127193153 0.7494425784796477
0 0.46146365092135966 0.6580814566463232
0 0.7013775965198874 0.8500338565558195
0 0.6200469523668289 0.8318763386458159
0 0.5828223726712167 0.817161482386291
0 0.6553618548437953 0.3326081345789135
0 0.7513752176426352 0.8447049180045724
0 0.5718886957503855 0.503442219644785
0 0.5882504940032959 0.4987876258790493
0 0.5991178034804762 0.4951529404148459
0 0.42973852502182125 0.47526328042149546
0 0.5845416739583016 0.4722589607350528
0 0.5646510669030249 0.46595897283405063
0 0.5448409366421402 0.46721446737647054
0 0.5258647626265883 0.47449280470609667
0 0.5145425603259355 0.48307987954467535
0 0.3829864892177284 0.46081467866897585
0 0.5222500272095203 0.5029966767877341
0 0.7238484092988073 0.6590295543894171
0 0.6474729557521641 0.6808707159012556
0 0.662150960136205 0.633738312125206
0 0.6919696018099785 0.666611241735518
0 0.6795532059855759 0.44970137979835273
0 0.5768078439868987 0.7987108901143074
0 0.6135532072745263 0.8148313289508223
0 0.6999636189080775 0.8398241408169269
0 0.4989951925817877 0.7629465341567994
0 0.5984347704797983 0.4839412095025182
0 0.6585289694368839 0.535972204245627
0 0.7507851659320295 0.8338389489799738
0 0.6589300160296261 0.8441211100667715
0 0.4363732967525721 0.6633628653362393
0 0.692319827992469 0.7333925615996122
0 0.6896576743572951 0.7415969774127007
0 0.6874486916698516 0.7529190823435783
0 0.6866682974621654 0.7656195532530546
0 0.6755456154234707 0.776369990594685
0 0.6607443715445698 0.7324852887541056
0 0.6548228575848043 0.7319824561476708
0 0.6492946334183216 0.7307896867394448
0 0.6123678379226476 0.7163948833942413
0 0.5015196797437966 0.6695985212922096
0 0.6508765858598053 0.5099284389056266
0 0.6206778944469988 0.4655276333913207
0 0.6061808374710381 0.4724941700696945
0 0.6656563313677907 0.7324750527739525
0 0.508070497494191 0.7202559903264045
0 0.6433556165080517 0.4587358026765287
0 0.6643438942730426 0.7933135133236646
0 0.7041819804348052 0.5397601913660764
0 0.6749721137806773 0.521954862587154
0 0.6967009151354432 0.5138932942412794
0 0.6493589613586664 0.5763736575841903
0 0.7485515420325101 0.8156479459255934
0 0.7444355903193355 0.7939481440931558
0 0.70495291268453 0.7994514513760805
0 0.6018693274818361 0.7631719240918755
0 0.6106650031171739 0.6437654465436935
0 0.6303176068235189 0.7811414252966642
0 0.5539541729725898 0.6468144990503788
0 0.5936871745623649 0.6692659312859177
0 0.5411501377820969 0.6845546768978238
0 0.7013440283015371 0.8216210767626763
0 0.6362771525047719 0.591278276219964
0 0.5822373695671559 0.7785047875717283
0 0.6183528773952276 0.7962156914174556
0 0.5786096281372011 0.739960728213191
0 0.4763678228482604 0.6940443430095911
0 0.545779074728489 0.7436686525121331
0 0.4610323126893491 0.7077407985925674
0 0.5819678542204201 0.700707926414907
0 0.6445467365905643 0.5531238585710525
0 0.6664910231716931 0.6266765967011452
0 0.651169572211802 0.6334232978522778
0 0.674918585177511 0.6097159743309021
0 0.5987288936041295 0.4406856633722782
0 0.5585000085178763 0.42762812338769435
0 0.5246728233993053 0.429658299125731
0 0.49733080742880703 0.44007459916174413
0 0.4792728612665087 0.4568123112432659
0 0.4724754475057125 0.5049722011201083
0 0.4047593572176993 0.566710178181529
0 0.4968077416997403 0.5361238395795226
0 0.5220613062847406 0.5396822709590197
0 0.553502239100635 0.5363372478634119
0 0.5820868642535061 0.5282199965789914
0 0.6034366021864116 0.518073839135468
0 0.6181259074248373 0.5080607891082763
0 0.3962835826911032 0.5603897381573916
0 0.6515580140054226 0.638603338599205
0 0.6654281410388648 0.5591227380558849
0 0.6853205201216042 0.6256981084123254
0 0.6980313399806619 0.6335538264364005
0 0.6847879422828556 0.6289537848904729
0 0.6581917492672801 0.6435192672535777
0 0.7038559273816645 0.6349717477336526
0 0.705335302837193 0.6387875862419605
0 0.6137410756200552 0.49075083415955306
0 0.6284824550617486 0.4924573664553463
0 0.638271001027897 0.4934234168380499
0 0.5082566941156983 0.4894730426371098
0 0.48701830971986054 0.47998942686244844
0 0.7236502431333065 0.5391305198892951
0 0.8338040507398545 0.43684937274083496
0 0.7428030849434435 0.627779146656394
0 0.8809683671221137 0.3348590980283916
0 0.7792307872325182 0.47172738406807185
0 0.7992947520688176 0.4700885957106948
0 0.8185150980949402 0.46568214511498807
0 0.8418523654341697 0.44244835469871757
0 0.7619118266738951 0.4700865326449275
0 0.7958503987640142 0.389613061863929
0 0.7730557730421423 0.3986832114867866
0 0.8182430751621723 0.3891039210371673
0 0.8339880406856537 0.3966240338049829
0 0.8591834627091884 0.4558380085974932
0 0.819767152518034 0.777400690317154
0 0.8396308448165655 0.42527216179296373
0 0.9093868730589747 0.4305905271321535
0 0.8773470116779208 0.42909938683733345
0 0.8162547266110778 0.5710742764174939
0 0.7454269895330071 0.6768935218453407
0 0.7454926214180887 0.6990797707810998
0 0.7694791529327631 0.6830105118453502
0 0.7836397921666503 0.6918102411553264
0 0.7617284385487437 0.6994527492672205
0 0.7733067322522402 0.7025440152734518
0 0.8241393126547336 0.713164122402668
0 0.7420188123360276 0.618375613540411
0 0.741508234385401 0.5956153562292457
0 0.8529894242994487 0.36614719638600945
0 0.7604935025796294 0.5211345757357776
0 0.7835639293305576 0.5984315600246191
0 0.7812373910099268 0.5848762657493353
0 0.8767070757225156 0.5528275705873966
0 0.7329373387619853 0.5656332578510046
0 0.8035736968740821 0.3503906109370291
0 0.8317042316310108 0.3523967836983502
0 0.8599459694698453 0.30035523558035493
0 0.7199888666160404 0.394695364870131
0 0.7556643599644304 0.41576706236228345
0 0.8352895112708211 0.6895367030054331
0 0.9129379492253065 0.633486975170672
0 0.7693944633938372 0.6149163283407688
0 0.7543421934358776 0.6255659531801939
0 0.7960023250430822 0.7091487219557167
0 0.7898228975012899 0.7097313396632672
0 0.8383598664775491 0.3336321690119803
0 0.7841582940891385 0.6075025031343102
0 0.7676050834357738 0.36184326428920033
0 0.7666257206350565 0.3419423962943256
0 0.7760990797542036 0.2669007991440594
0 0.856874109711498 0.3238451635465026
0 0.7760119829326868 0.3104091898538172
0 0.8618981084786356 0.35187712917104363
0 0.8780728408135474 0.3509892967529595
0 0.7464461727999151 0.6885365922003984
0 0.7661145742982626 0.6917737010866404
0 0.7790341924875974 0.6972097206860781
0 0.7647742528468371 0.6198450718075037
0 0.7928472468629479 0.7095256678760051
0 0.7885670649819077 0.7157167695462704
0 0.7867587276734411 0.7099811689928174
0 0.7615329805761576 0.6114861244335771
0 0.7680601267144084 0.7057474803179502
0 0.7574991439469159 0.7041785188019276
0 0.7434828413650394 0.7054115179926157
0 0.7689834198914468 0.7684960223734378
0 0.762814323604107 0.7569174624979496
0 0.7583276169374585 0.7439506974071264
0 0.7526974510401487 0.7313813898712397
0 0.7473442229442299 0.7227747555822134
0 0.7702175868675113 0.7147766860201955
0 0.7764206525869668 0.7181098464876413
0 0.7836526978760958 0.7232278365641832
0 0.7902261173352599 0.729414177313447
0 0.8106620073318481 0.6590310223400593
0 0.9153406847268343 0.5207878021523357
0 0.7770438378676772 0.7124362172558903
0 0.7826867088675499 0.7137757023796439
0 0.7490173512138426 0.6356995735317469
0 0.778576273843646 0.6216426368802785
0 0.7516601797193289 0.6308928683400155
0 0.7850194994360209 0.5295763432979583
0 0.8239104202017188 0.5377861151471734
0 0.7850294629111886 0.5936852391809225
0 0.8283023066818714 0.27646465627476574
0 0.825355458445847 0.3090905535966158
0 0.8064817276783287 0.3299072442576289
0 0.8112990010529757 0.7321861045435071
0 0.7191638708114624 0.36152321137487886
0 0.7211043411865831 0.3207050385884941
0 0.7163013443350792 0.26870155800133944
0 0.8344405429437757 0.4563015239313245
0 0.8833250299096107 0.46856799721717834
0 0.7503860251046717 0.46741819512099025
0 0.8528582942672074 0.4026630835607648
0 0.7433998235501349 0.5096207048743964
0 0.7725486722774804 0.5939449474215508
0 0.9108073035255074 0.4804427657276392
0 0.8728905632160604 0.4916160125285387
0 0.8486187687143684 0.5082555107772351
0 0.8095069797709584 0.5119260618463158
0 0.780272739380598 0.5071235422976315
0 0.7582104625180364 0.501041108649224
0 0.7106980597600341 0.4864590622484684
0 0.9173041580244898 0.5291142959147692
0 0.8661156341433525 0.3945945523679256
0 0.7352741080336272 0.6304486744105816
0 0.7639791809022427 0.5463654138147831
0 0.9036984642967582 0.4230533543974161
0 0.7404666165821254 0.49312798185274004
0 0.7850244811736047 0.5931693140417338
0 0.8468650633469224 0.4235449591651559
0 0.7686400477774441 0.577383766323328
0 0.9180762270465493 0.5749068178236485
0 0.7499456595629453 0.45865524392575024
0 0.7513732784427702 0.5688004208728671
0 0.8889505818486214 0.7036391858011484
0 0.8860043688677252 0.7215190626680851
0 0.9271742841228843 0.5241572448052466
0 0.9075793381780386 0.6674925278872251
0 0.8937346547842026 0.38767945347353816
0 0.8259306652471423 0.7937832972034812
0 0.7319381158798933 0.6351980898529291
0 0.7858796348795295 0.5588433116674423
0 0.8947696525603532 0.42862053737044337
0 0.8152997041121125 0.45240439269691707
0 0.7980895727872849 0.4572430357336998
0 0.7942203341051937 0.7182157373055815
0 0.9180700082331896 0.5732132392004132
0 0.7944208741188049 0.8298501303419471
0 0.8442918788641691 0.7829922333359718
0 0.8634465595707297 0.756740633957088
0 0.7811020482331514 0.45837355609983205
0 0.7648769301362336 0.4581799453124404
0 0.7546101039275527 0.45914899110794066
0 0.8784441975876689 0.3846674766391516
0 0.7656208807602525 0.43498918171972034
0 0.7814608670771122 0.4217205742374063
0 0.7989493738859892 0.4154185827821493
0 0.8168024502694606 0.41470700362697244
0 0.8281372072175145 0.41856896355748174
0 0.8949597610160709 0.37383818654343487
0 0.8265404433012009 0.4451009415090084
0 0.7915542017668485 0.6518447294831275
0 0.7697157353162766 0.6116507729515434
0 0.753883171454072 0.6542575245723128
0 0.8681365144439042 0.7377125022932887
0 0.8473322433419526 0.7648528466001153
0 0.7948932364583016 0.8195339683443308
0 0.9015755753964185 0.6830705787986517
0 0.7547437081113457 0.4502646364271641
0 0.7340208165347576 0.5223038182593882
0 0.8231347068212926 0.8082915294915438
0 0.9275842577219009 0.5734843339771032
0 0.7606212222948671 0.7181236134842038
0 0.7671150676906109 0.7241345936432481
0 0.7741140412166715 0.733169274404645
0 0.7804268054664135 0.744059008359909
0 0.7936115256510675 0.7516779499128461
0 0.7817483367398381 0.7061799306422472
0 0.7874304263852536 0.7034124072641135
0 0.7922299794852734 0.7001774407923221
0 0.8255835150368511 0.6722018325701355
0 0.8956013686954976 0.5946727732196451
0 0.726582279894501 0.4965925834141672
0 0.7298161631450057 0.44199404381215573
0 0.7435307529754936 0.44229703675955534
0 0.7763558565638959 0.708062557503581
0 0.8997062870301307 0.6432459903880954
0 0.7097423685714602 0.44644598104059696
0 0.8066762494854629 0.7629647843539715
0 0.7178701904602349 0.514310965873301
0 0.756131105311215 0.5564711827784776
0 0.7782458074390888 0.7837890528142453
0 0.8445346466265619 0.7130594614893198
0 0.8060876688919961 0.6062372487038374
0 0.8281826781108975 0.7395043939352035
0 0.8525776786729693 0.5899810839444399
0 0.8280344964936376 0.6236995927989483
0 0.8720000692643225 0.6201619904488325
0 0.7894631090573967 0.8029719540849328
0 0.7686789320781827 0.5660768169909716
0 0.862465993128717 0.7204184170812369
0 0.8410217860713601 0.7490623395889997
0 0.8566488616168499 0.6835156852379441
0 0.9150765523314476 0.6105688139796257
0 0.8802921547554433 0.6761230858042836
0 0.9223000718280673 0.620686961337924
0 0.8451572300866246 0.648300065100193
0 0.7485532806254923 0.5339621037244797
0 0.7678880060091615 0.6062589902430773
0 0.7786047265864908 0.6077841116115451
0 0.7585462784394622 0.5936596492305398
0 0.7412060869857668 0.41197008900344373
0 0.7705697522498667 0.3864679577760398
0 0.7988863164559007 0.3765215209685266
0 0.823326520435512 0.37647910909727217
0 0.8414685375988483 0.38448882307857274
0 0.8592837661504745 0.42680496014654634
0 0.9212192688137293 0.476535358838737
0 0.8505597740411759 0.47035746872425077
0 0.831071818433702 0.48379838187247515
0 0.8043126323260367 0.4886853085830808
0 0.7787385313771665 0.4876239405944943
0 0.7588338484056294 0.48449605517089367
0 0.7444683561101556 0.48062040759250524
0 0.9087678670883179 0.47118634507060053
0 0.7776796279475093 0.6133122550323605
0 0.7410009998828173 0.5452590551227331
0 0.7556756273843348 0.61180030554533
0 0.7447619442828 0.6243229957297445
0 0.7547447780147195 0.6149422356858849
0 0.7725025326944888 0.6206577610224485
0 0.741562832891941 0.6275918837636709
0 0.7384445995092392 0.6321891084313392
0 0.742498095612973 0.4615209216251969
0 0.731735703535378 0.47002630699425935
0 0.7248275380581617 0.4774279918521643
0 0.8347064139321446 0.4221332865767181
0 0.8439952147193253 0.4069907607510686
0 0.5728257304988802 0.4836355583742261
0 0.5961281089577823 0.4808603381738067
0 0.5675717359408736 0.4605719708837569
0 0.5482757778372616 0.4867251183837652
0 0.5776743152644486 0.5066295372322202
0 0.8041059738025069 0.4337066491134465
0 0.8242944486439228 0.42980380477383734
0 0.7985936978831887 0.4129356037825346
0 0.7837534359656274 0.43763867393136024
0 0.809470837097615 0.4545334567315876
