0 0.2162900385525015 0.39182770756867746
0 0.18755732923388768 0.3178673274219988
0 0.20830846747620213 0.3364365936849064
0 0.1707360268139439 0.24552121429968946
0 0.18431812539089212 0.29736197156647143
0 0.18896555386001257 0.26852833134488174
0 0.20905731872117206 0.19372720811694574
0 0.032395391727237106 0.1759894173175763
0 0.2135822814431408 0.12939310745118907
0 0.21047017499983167 0.10037874042416534
0 0.20985908002304515 0.005337024458681052
0 0.2169846650793684 0.3993372202109986
0 0.21945677422505203 0.4071173605065757
0 0.22299650961832462 0.41256605893278275
0 0.22468580880896938 0.4262891375599578
0 0.2238193661760655 0.43801219490008614
0 0.2239053450185332 0.4522802292729338
0 0.22610699801708012 0.46542412309220044
0 0.23159971318656591 0.4760642072644097
0 0.19415173048881604 0.3276339757937593
0 0.17362390262045735 0.3261976767652713
0 -0.04158548857096574 0.08886008278820842
0 0.11045372407499263 0.20026856032423318
0 0.08287605586097681 0.20081658875599456
0 0.056319070376938195 0.19857821953944124
0 0.02495980955999818 0.18173788435542926
0 0.13114104057244547 0.19642213553475876
0 0.06074088275861397 0.13030196174074665
0 0.09394936624476664 0.13510319895256823
0 0.03179463201003681 0.13300361272435599
0 0.01550569658656772 0.1417739839313891
0 0.0059210478687743776 0.19531842999564955
0 0.13840764832439467 0.48750490788072826
0 0.02486345500683041 0.16775362741071195
0 -0.034341341299976375 0.17538016644148782
0 -0.01588248677676816 0.17508459386353295
0 0.08327963662376221 0.29028729356515903
0 0.18596335309300777 0.3876002862240179
0 0.19473153652904704 0.4064093872000234
0 0.16196109815467175 0.3940373653421006
0 0.14863819008965573 0.40226377199252195
0 0.17660199452361328 0.40797523463876867
0 0.16433424365034494 0.4109150683537078
0 0.11661626923856118 0.4306772636910216
0 0.1635530112887458 0.3165485173368606
0 0.15555992175778038 0.2971318835458055
0 -0.02067786519475978 0.1165972531508333
0 0.1366444146104282 0.23552193385534012
0 0.11893211573147945 0.30777662630660085
0 0.11965548277472993 0.29576701620897167
0 0.014341088793546461 0.28459800051424067
0 0.16164563003060914 0.26999370525248895
0 0.02545541660677043 0.09812051438675902
0 -0.0049723157350965545 0.10205817812928758
0 -0.0380484229512066 0.055974676443365054
0 0.14135212535194927 0.1260116824898095
0 0.12221661470919776 0.14684074417280313
0 0.09796179312882092 0.4107899142149538
0 0.04158748261076655 0.3550844612403419
0 0.142555515650365 0.32000261297622046
0 0.1638223651430304 0.32718080415512424
0 0.13943710894607525 0.417646233266154
0 0.14655575663637485 0.4175125218618411
0 -0.016645354332683757 0.0852775620861937
0 0.12462755165797629 0.3167698168145201
0 0.0715273340686048 0.10483362313847953
0 0.064513394086481 0.0858807006297401
0 0.0389010432383997 0.01533369477183674
0 -0.036812843678952406 0.07486545139798723
0 0.046409498087222056 0.05329536025326092
0 -0.03253606876595129 0.10431295152479848
0 -0.04339027569162474 0.10118588219625882
0 0.18892012725916985 0.3979116260243681
0 0.168595566237859 0.4016748404921815
0 0.15559084663431136 0.40686652359490194
0 0.15068125449639144 0.32399264454079896
0 0.1430062017352175 0.4176615966965977
0 0.14919832677578182 0.42434204576876217
0 0.1502140340187567 0.4174262553739091
0 0.14485563677277782 0.3140966459965934
0 0.17224136445162108 0.41346367974631704
0 0.18410654583995004 0.4117969623008094
0 0.20098366068421508 0.41145011220877165
0 0.19519834238276493 0.47216814042280275
0 0.19237881884586325 0.4617928689280257
0 0.1925456796904548 0.4489790080263973
0 0.1961986579769235 0.4348941453920005
0 0.20138950670937555 0.42446772854168197
0 0.1722509109144874 0.42064246563865737
0 0.16462053640855015 0.42560891754711017
0 0.15642529243616748 0.4321348072050479
0 0.15042124484940397 0.4389985271345693
0 0.1133004914370658 0.37297525859107605
0 0.009099089627643284 0.25434795112465136
0 0.20093888130119378 0.33193619887288006
0 0.16331055742516506 0.41895632088755647
0 0.15607774657882947 0.4215353287446994
0 0.17338701078502966 0.3354402504409083
0 0.1384414250044514 0.3291071140156767
0 0.16862216284520906 0.3315143488085689
0 0.11089091971337939 0.24732598786156018
0 0.06697468255921234 0.2618073591599449
0 0.12085937871206864 0.3047354930696396
0 -0.015069864350828906 0.03091028042304249
0 -0.009759603930320099 0.057879361862572615
0 0.015420587443047576 0.07891027919781475
0 0.13509938431729515 0.4457642845452403
0 0.1280825723060887 0.0966270567890935
0 0.11811795616321427 0.05471720444127774
0 0.11187527734312794 0.008005206291667951
0 0.035654032330432954 0.19220867343603992
0 -0.016915102585328284 0.20944787961796832
0 0.1438662025282423 0.19200128364486815
0 -0.003452688741455261 0.1491346199767658
0 0.15276613524205965 0.2226964595218817
0 0.1255695771970909 0.3009239416152905
0 -0.03381489027890084 0.22131441157465925
0 -0.005660975722671984 0.2281171568571188
0 0.02381029003243938 0.23914147546877876
0 0.07516775228422609 0.2373885906542452
0 0.11283769024361809 0.22945010790619225
0 0.13815339284835101 0.220956906200217
0 0.1818376024135297 0.19779546101824544
0 -0.025770903133945786 0.26666730780380604
0 -0.019985524155824875 0.14366150526002572
0 0.17950947900756087 0.32669855763737005
0 0.13668581632544383 0.25886792192063013
0 -0.016239831916434015 0.16829128139696944
0 0.1559080541562691 0.21131610579955312
0 0.12482875549821831 0.3047533675123708
0 0.013966551930498448 0.16671426656147162
0 0.12849775242576783 0.28626742720984805
0 0.02218241585816125 0.30218912837223505
0 0.1442883806906158 0.18415185923393543
0 0.14231543828972237 0.2756760599799811
0 0.05594311772490577 0.42362924867544693
0 0.07325890467321272 0.4382633622081135
0 -0.020296471867915823 0.26050371426743824
0 0.036279406550405124 0.39009005402604613
0 -0.039469875091557305 0.135682416800112
0 0.13657178463552783 0.5050897912476391
0 0.18882272097704222 0.3309797344687648
0 0.1161035109195206 0.2739609229488495
0 -0.029621626690423175 0.1766891307152879
0 0.056451042135842414 0.18702184715971779
0 0.08052145720099946 0.18972062369505058
0 0.14324510601355875 0.4274054807595932
0 -0.008421036122228316 0.3062934770751685
0 0.18903595902365175 0.5381919376004618
0 0.12045463497976033 0.49547809876572974
0 0.09767586443064025 0.4710973588803325
0 0.20843093322335388 0.05508723183752249
0 0.25168609804958464 0.5477309428845731
0 0.10417500331247453 0.18923807982057808
0 0.12482261704169303 0.18689091108477535
0 0.1379542924660287 0.18555617589539233
0 -0.03275828695983338 0.13654765877099082
0 0.12191123913803832 0.16399685567179426
0 0.09797574876309585 0.1547870903540724
0 0.07140986403401235 0.15208449774085522
0 0.04768093727189574 0.15450863230723544
0 0.03502772773484246 0.15961931874386417
0 -0.03427301936869999 0.12468010258560364
0 0.041470882275121676 0.18190076975776745
0 0.21151106306117215 0.35354418647936736
0 0.13102334805672688 0.3610454722524832
0 0.1390578696410433 0.3166429115750919
0 0.1733955156317146 0.3546377984098733
0 0.2154954977744489 0.1614629138772861
0 0.0806968532306113 0.4537239291797431
0 0.10680001766847477 0.47864599045092304
0 0.18026362934844387 0.5269821840353286
0 0.05850250014870001 0.4015304903252818
0 0.1371344596290474 0.17648261647445326
0 0.16029218632540257 0.23258953405835758
0 0.24352195087096673 0.5370584798697084
0 0.14849581228171607 0.5192412617869271
0 -0.003775225697661475 0.3041237972605343
0 0.18430032690080236 0.42254029533352716
0 0.17686124571221623 0.43045180121930643
0 0.17013057476753812 0.4409301233367798
0 0.16656735750268117 0.45242144067447404
0 0.16063755793537168 0.4607677481616267
0 0.155617412903326 0.4142536574278396
0 0.1477019490598203 0.412414142689385
0 0.14136589895621193 0.4099844079048108
0 0.10294247809931528 0.3908113092660142
0 0.014776423680696557 0.3246975121216271
0 0.16742682231844758 0.20876310013544064
0 0.15726312601880776 0.16575132638882525
0 0.14491609096241226 0.1679555656620489
0 0.1632312024525887 0.4154509146944783
0 0.029367464051829825 0.3695184206619811
0 0.17450638411999891 0.1659139805137159
0 0.149850054896421 0.4723787680982401
0 0.1958849393635345 0.24322365457638384
0 0.1753571923974035 0.22307542413949205
0 0.20229215308916654 0.21954428007046636
0 0.1423006837459491 0.266085562424157
0 0.2379796021847988 0.5177616808361138
0 0.23502464831875955 0.4949864689915325
0 0.18923346158697738 0.4885654140966007
0 0.09204994374327809 0.4307468121234601
0 0.10389309950012098 0.32069793210242886
0 0.117765020194957 0.4531978721054979
0 0.04945395004263313 0.31427456443302165
0 0.08451135281464464 0.3416042239330828
0 0.041112060669800644 0.3459395857664724
0 0.18090668070516427 0.5087788647736985
0 0.13363000771982206 0.2771491486424455
0 0.07640802388568577 0.4385897938054971
0 0.10669640214037267 0.4635404674009012
0 0.07137323555042989 0.40516960792267287
0 0.008622899115514412 0.3396028480209862
0 0.0489064644423606 0.3996420108472196
0 0.014385787274340074 0.34632889178995124
0 0.07484727833482573 0.36996118481547685
0 0.14887103681369937 0.24512634109765197
0 0.13444059747729084 0.3104452706944828
0 0.12724906699262933 0.3149413042746413
0 0.13733866696449207 0.2977851432161971
0 0.1314870897385714 0.14180025044150246
0 0.08480053782748947 0.12432086263030481
0 0.04474637076723204 0.11924295151195587
0 0.014978800603239943 0.1222134625283293
0 -0.0014567498823435758 0.13184763848210296
0 0.0010049633270830846 0.17089368131594918
0 -0.030800817109983888 0.2176408336375849
0 0.017388979093633967 0.20675652048077447
0 0.04322435715787416 0.2156377231446318
0 0.07924815726508912 0.21703710038060198
0 0.11276378605863173 0.21320919430674837
0 0.13654782746335586 0.2075282602835768
0 0.15204834033974068 0.2017809826725969
0 -0.0010343391260654805 0.2106401313798496
0 0.13269923770313355 0.32045380223673375
0 0.1534373304612345 0.25366781371089214
0 0.14668150903652613 0.3126856553287933
0 0.16780338173718762 0.3226792859954956
0 0.15257320365459798 0.31564620489510486
0 0.14332254967100613 0.3267649673044491
0 0.17144239427660296 0.3251079965513735
0 0.18005751069787024 0.32942108967052863
0 0.15231450866881036 0.1853480261926072
0 0.16375868497706716 0.19037864107293442
0 0.1687589685122172 0.19521157981488652
0 0.028881969783517668 0.16387345263371453
0 0.008839029416763525 0.15202167287421303
0 0.22656528891133462 0.24620455655807885
0 0.47683962700750043 0.17667206574362307
0 0.2338912283345092 0.32745790757691134
0 0.6438280139609778 0.08501815138914334
0 0.38248829389933486 0.19692886442231675
0 0.4141812966310149 0.19921043296210683
0 0.4468261545224727 0.19870512477886942
0 0.49488859039416416 0.18349572511526724
0 0.355618156117501 0.19163342034473968
0 0.4240790369699327 0.13114818940147424
0 0.3872349894018196 0.13399888218020478
0 0.46105786764936196 0.13440642608240388
0 0.4871087490225867 0.14280828971641893
0 0.5261760707095944 0.19843343985728182
0 0.37099249185703925 0.4976981309846567
0 0.4917134206643779 0.1689477789516266
0 0.6546839198334325 0.17990844670576028
0 0.5707928402532491 0.17874811123163936
0 0.3921420331195676 0.2947715980747637
0 0.25151990464837143 0.3891170367646141
0 0.2516183828850158 0.40754403435764985
0 0.29070437276106087 0.39879104199881754
0 0.31825884226128925 0.40753471718047757
0 0.2820204489951511 0.41087419832476413
0 0.3071604521869184 0.41490073868641836
0 0.38116501661227475 0.4368041997519545
0 0.21594672994933825 0.3178628340315895
0 0.21827361959633496 0.29817140959322264
0 0.5320414013142208 0.12112350147753097
0 0.32823584655777727 0.23757364565191177
0 0.31256413445484155 0.3112443673153655
0 0.31879178568613614 0.2986739094074542
0 0.5000444084620305 0.2921105197633798
0 0.2214748600689913 0.27069589662285276
0 0.4347094683338412 0.09909349860855565
0 0.48892237471161987 0.1057241569502285
0 0.5965370212813361 0.04977944745613744
0 0.2873017261925933 0.12233384243977337
0 0.3575241316994317 0.14390938512433452
0 0.4000868745844999 0.4172277532446499
0 0.6427211905840775 0.3704458101869772
0 0.28806499825964726 0.32305947307961436
0 0.26139695424255993 0.32874116701439926
0 0.3555818714683862 0.42180430441618727
0 0.34795517801380843 0.4218718043912333
0 0.5096191062058191 0.08862713683908359
0 0.3171880406012638 0.3202253992374713
0 0.36847938550747844 0.10306380551082257
0 0.36994824635325 0.08386609234368078
0 0.4240306169866658 0.009145172830587758
0 0.560765656350042 0.07179146024365775
0 0.4001304808852198 0.04934847845246617
0 0.5586371996419893 0.1082973498315476
0 0.6060503546854289 0.10053769410989535
0 0.25172420299882226 0.3989948304697348
0 0.2862758454944876 0.4051438039674546
0 0.3128839005097497 0.41121136780364065
0 0.2809870241643142 0.32670199375944775
0 0.35161123058492905 0.42191254226163555
0 0.33796480462419615 0.42876307937664726
0 0.34387679558863743 0.4218079387760772
0 0.26442714718034227 0.316798131782026
0 0.3031223792966893 0.4172205506041408
0 0.2790528137049229 0.414312996612951
0 0.2520216198133336 0.4125746161983417
0 0.27716951097229975 0.4747803531134852
0 0.2659597185304125 0.46436612788861553
0 0.2616140149194274 0.4512042274680762
0 0.2577184917543718 0.4366929552996882
0 0.254454268897466 0.42599891740293166
0 0.30543865052630287 0.4245717703534391
0 0.3124462599091107 0.4295213390082216
0 0.32098646086754556 0.43654688707174966
0 0.328512390597547 0.4436373910584008
0 0.35220561925169946 0.37742338469995856
0 0.6823258648673407 0.26363374064334283
0 0.32364165175447074 0.42332587874354644
0 0.33043529497061985 0.425876703791725
0 0.2513761009386689 0.3367036860971786
0 0.30862138461437727 0.33247828017027614
0 0.2560949053981607 0.33289609939907305
0 0.3642299150963195 0.25018054627762815
0 0.4188559486997499 0.266478750604791
0 0.3271185867935062 0.3079474081817907
0 0.5266461126524196 0.023594941717748064
0 0.49559535225518314 0.053434787514491586
0 0.44535074059625895 0.07964924368233726
0 0.3553268676467365 0.45182801578372433
0 0.29024138953760087 0.09146824812355894
0 0.3070869322875135 0.052613818654998805
0 0.32111198067379226 0.004382872829041161
0 0.47692643509780186 0.19379323782821814
0 0.56751905070792 0.21416053756738243
0 0.3373351425861569 0.18669472172999155
0 0.52532979295694 0.15150881513429526
0 0.3017683591631105 0.2241040471072395
0 0.286133821633794 0.3038833678339998
0 0.6099990306140708 0.2289531752705193
0 0.5368646303240916 0.23393160404679111
0 0.4865364062128593 0.24465354391561148
0 0.41960210994564945 0.24055448155433606
0 0.3734493307072482 0.23008805370559327
0 0.33873208135152033 0.21975342096231235
0 0.24410867405166442 0.19816084634572173
0 0.5985279846534455 0.27636125245795085
0 0.5554231563918024 0.14709331566533343
0 0.21139763813796375 0.3274941850965396
0 0.31942160952863075 0.2608597328582892
0 0.6861721994779665 0.17079112628778328
0 0.31043337203329985 0.20858693279968665
0 0.33512295207245457 0.3078230469942855
0 0.5090657349684827 0.16838769105295784
0 0.29234053941367627 0.2886278448394312
0 0.6701248785574659 0.31460591893607437
0 0.340060799313392 0.17887922902457631
0 0.2572497846983034 0.2773359547407863
0 0.535089878155459 0.4405121058701707
0 0.5541168281214415 0.455894038509637
0 0.6536989756625333 0.27078290650258047
0 0.5802519287136819 0.40601043360301864
0 0.632534750645681 0.13725350102106224
0 0.38564226724546874 0.5172162294959108
0 0.21426764466493822 0.33128796122706355
0 0.3517053603268356 0.2768332566887426
0 0.6092609191398255 0.18000597970935103
0 0.4404303884620575 0.18571656680526064
0 0.412172494317702 0.186835404497366
0 0.3452000931012545 0.43170902542412853
0 0.5905189068197346 0.31749725046630106
0 0.32706345192534175 0.5456117145931378
0 0.44609758951109374 0.5107229169184407
0 0.4971301484165146 0.4882928701444937
0 0.3869020362837995 0.18472778963776063
0 0.3631192488636044 0.1811770861046002
0 0.3475564513846839 0.17997799513819882
0 0.587738378156575 0.13894517991108635
0 0.3679387563710018 0.1623563386571293
0 0.39543774716859814 0.15582370891357764
0 0.4230800967136447 0.15505421580597997
0 0.45147414930718693 0.15788696806270855
0 0.47005132333837824 0.16218768783842033
0 0.6713867106026025 0.12347499840556624
0 0.46108719470689624 0.18173372136137356
0 0.32008658538905266 0.3644602507257614
0 0.28564628458423297 0.31970826286477405
0 0.25550702936071856 0.35615682868530957
0 0.4887957627252995 0.47078163212480634
0 0.44072280956400955 0.4940635398173104
0 0.319452210796251 0.5340902320683574
0 0.6018881777779376 0.4182850876555275
0 0.3484023246261999 0.17260153310748336
0 0.2653140580768494 0.23360936848309855
0 0.38993065162814206 0.5313281515916697
0 0.6420670960732787 0.31700737179277805
0 0.28158104877106005 0.4254006356857836
0 0.2880549461578579 0.433631601805885
0 0.2950694322300186 0.44470503383551163
0 0.3012289031089353 0.4564812189093032
0 0.3209889688366037 0.4652564139030993
0 0.3288813047557712 0.41851927259097843
0 0.33491620642961645 0.41676394284342805
0 0.34025733104998546 0.41477502287386325
0 0.37832482255620065 0.3960040826767017
0 0.5290100757452509 0.3345095899920113
0 0.2727815763984653 0.2096624390100138
0 0.30696056300787616 0.16081365200277334
0 0.33233103642074896 0.163239058595115
0 0.3234587115921277 0.4198699659242417
0 0.5458173921925844 0.3822665987685085
0 0.26696060044016484 0.16187230799906552
0 0.34875101322750396 0.4799230053973274
0 0.23558402654650115 0.22362956490379554
0 0.28971295641194716 0.268079917413739
0 0.2925287988974894 0.4926016020317809
0 0.42497652583270906 0.44139056369519464
0 0.3653199512609761 0.32487460456717127
0 0.3933794326919446 0.46301556671389377
0 0.4434626039555319 0.3210928879035547
0 0.39443763383000874 0.3472003121726429
0 0.47521498892232955 0.3548468401828132
0 0.30759133745154604 0.5145765278286065
0 0.3147650795588962 0.2792711853028867
0 0.4660247790155937 0.4531274316029046
0 0.4211119882208552 0.4766782488876257
0 0.444829972956678 0.41526909758107733
0 0.5839989962909433 0.35217198434348307
0 0.49912705810235847 0.4127990544413606
0 0.6222743660711841 0.3612441395799192
0 0.41980654987499866 0.376911865065273
0 0.2928862653904967 0.24676836141572592
0 0.27371803990942684 0.31363977391879777
0 0.3005170444075724 0.3184037259021125
0 0.2532919668179336 0.30016865555089883
0 0.32848716932806754 0.13904555432331828
0 0.37859503599665434 0.12398823610129067
0 0.4262275978815641 0.12001196554484078
0 0.469820792440602 0.12365491573993391
0 0.5040087794228424 0.13363415764543576
0 0.5358013727967974 0.1739814334784072
0 0.6593127407901864 0.22521391453834388
0 0.5041434816319308 0.21013108971781624
0 0.4656235039662972 0.21813703940127985
0 0.41926705336970965 0.2175961640505745
0 0.3782342120611982 0.21164655171263333
0 0.34695858392212314 0.2044018517477444
0 0.32388322580632545 0.1977865568365152
0 0.687023776326534 0.21651576797421368
0 0.3025625965578093 0.3237887569509756
0 0.25856258514687885 0.25498999383883736
0 0.24374431064374727 0.3153814913365788
0 0.23204698115229894 0.32474261122389725
0 0.24811970537229122 0.31836639111415266
0 0.29530317899134517 0.329711243748284
0 0.223181148727449 0.3265432383115299
0 0.2255654385049852 0.33034603426250786
0 0.32601394777675324 0.17978762075923882
0 0.30474546001397734 0.1854902618228437
0 0.2875791803824244 0.1910581672534394
0 0.48171075013615816 0.16577030765934112
0 0.5054709253837165 0.15330290037412614
0 0.09910415280922998 0.1701429877608729
0 0.13173459999138218 0.16967316414601505
0 0.09690450214081817 0.1505816568867467
0 0.06601910589696121 0.17071103821166408
0 0.10103346868384656 0.1896275510422338
0 0.42720210566509254 0.1681099929177342
0 0.4617511997405859 0.16883712921279687
0 0.42677684310528874 0.14861616201865407
0 0.3930771415182155 0.16723158465216334
0 0.42784244679718564 0.18746444611503674
