0 0.6747421257606538 0.4818917539607243
0 0.6644327710323696 0.42848652317410424
0 0.6665733040385106 0.44616474115214094
0 0.6565246653078981 0.3742045168282271
0 0.6663784658858545 0.41147716948632096
0 0.6711078801738561 0.3900056004691191
0 0.684969187537326 0.3389179510395734
0 0.5377587911197405 0.32627398518621087
0 0.6932052692657784 0.29633680728971123
0 0.6964463909089816 0.2738112816456653
0 0.7109918681126607 0.1959419304750213
0 0.6739734266629199 0.48931512804258437
0 0.6731049479437277 0.4974155745753387
0 0.672642296628107 0.5029503804962842
0 0.6724317111546481 0.503282162989555
0 0.6717628072082745 0.5105851219147861
0 0.6708037736295145 0.5194573947528497
0 0.6698046729031495 0.5290182602672684
0 0.6583618682648059 0.5469908776069555
0 0.6647006152551386 0.43750582288961115
0 0.6462874314453029 0.43691503692741823
0 0.47654639272498683 0.2648258801935768
0 0.5956783532970565 0.3464309956763639
0 0.5734969474343811 0.3460155043448387
0 0.5530515516860576 0.3435590178692708
0 0.5288474692448282 0.3321410632100092
0 0.6152338701209942 0.34392985392685366
0 0.5700251446243076 0.29317495180946107
0 0.5956890533996534 0.2966784971768783
0 0.5461515850910155 0.2952269199682551
0 0.5308088182397029 0.30163313014333654
0 0.5097490906212401 0.34272097906812565
0 0.5749977727102328 0.5669888369843405
0 0.5315909507028161 0.32100536847481875
0 0.455505130160207 0.33482684537309226
0 0.4890374812898757 0.3295213207393801
0 0.5647837249915811 0.4126592022197253
0 0.6477294139218229 0.47782900244915855
0 0.6489744617088937 0.49635767227127436
0 0.6189253589271996 0.4838278718522283
0 0.6003108144057954 0.4905717542358473
0 0.6279211634699302 0.4970257013451819
0 0.6112633400325533 0.49864449462636845
0 0.5652531007548425 0.5158251828673173
0 0.6461187611778074 0.4272739618432288
0 0.6448341742598055 0.41087336566935734
0 0.5025264437188579 0.28616434740586105
0 0.61628058552742 0.37373063235389753
0 0.6015213081605324 0.4225685545543329
0 0.6018356644403079 0.4139648757728876
0 0.5007945645584839 0.40863524506739873
0 0.6503652420979512 0.3909206519774696
0 0.551151980642025 0.26860713499600813
0 0.5222586287099098 0.2740263786553001
0 0.49725276847931904 0.23533004213447997
0 0.6451613427088734 0.2866244076096377
0 0.6169497845419348 0.3059879337706152
0 0.5506461096086582 0.5002402474566334
0 0.46425616791479696 0.4889051232184349
0 0.6176941793427688 0.43271194026917636
0 0.6341351432262091 0.43813597922231634
0 0.5805358134744539 0.5017557907171276
0 0.5859713102946301 0.5017770167325392
0 0.5126278685869546 0.2634238687549986
0 0.6012295323585156 0.4303063155890179
0 0.5909354745838713 0.27069605427796767
0 0.5881109270365429 0.25740344213003535
0 0.5817337901280399 0.1993321168239043
0 0.5033608498326837 0.24935813427639275
0 0.5864789827966489 0.22938178972202858
0 0.4920184460118853 0.2787206113254991
0 0.4818423223143388 0.2727784934331055
0 0.6476067276946603 0.48760613139603987
0 0.6232560274470205 0.4908051540036829
0 0.6055332099083607 0.4946779081968366
0 0.6228940254273797 0.4359858443423146
0 0.5833292546277308 0.5017931162476206
0 0.5932452679937902 0.5050668187168132
0 0.5890278745804155 0.5018248256682014
0 0.6256587673214418 0.4270098606745402
0 0.6155111099345775 0.5013224862369836
0 0.631591702438105 0.5010817423254168
0 0.6507951097900857 0.501602168510608
0 0.6298036826813774 0.5444509270979243
0 0.6418966777339766 0.5262779730374739
0 0.6440616703360392 0.5168645088078261
0 0.6470231760906268 0.5083470301133912
0 0.6504946683026567 0.501962809168658
0 0.615056937945543 0.501639494041101
0 0.6101466158271339 0.5044809000498774
0 0.604517212648432 0.5084589491037428
0 0.5998222902731554 0.5134170813386848
0 0.5756022896821992 0.4723231986958106
0 0.45402780162634226 0.40784034951060427
0 0.6655877764466442 0.4416786789560184
0 0.6029588024953246 0.5018405219753918
0 0.5982517357365491 0.503281327773209
0 0.639517232712814 0.44455490484625015
0 0.6089894517564572 0.4405238627552652
0 0.6369415673777021 0.4414277684454824
0 0.5912442400988647 0.38255794751210037
0 0.5531616586924605 0.39184267322222394
0 0.5984366968714235 0.42151382031227025
0 0.5299908272324735 0.212941563972572
0 0.5362612581831493 0.23405973567348234
0 0.5449653490434719 0.25576441645288334
0 0.5812893864474719 0.5264691511789957
0 0.6399310114262979 0.2635273491802002
0 0.6405033349110607 0.23104055818556404
0 0.6400711532635025 0.19450823841642598
0 0.5370100013565916 0.3390371853730926
0 0.48589533171321775 0.35376736325543134
0 0.6285505438152748 0.3405717082050334
0 0.5104353880580468 0.30874532853521885
0 0.6332012059693598 0.3632717220639648
0 0.612991756024743 0.41622370398011194
0 0.4596975670207905 0.3659451775858048
0 0.49689870223968846 0.3663627713584766
0 0.5223782400164423 0.37415051577137964
0 0.5641011236714915 0.3739415100809573
0 0.595765010151179 0.36895040120063377
0 0.6198145390059877 0.36243604490903913
0 0.6635779586270891 0.3420769984648675
0 0.457226837234658 0.400572901680356
0 0.494634690981374 0.30601314866409246
0 0.6537233349643176 0.4364354211409219
0 0.615004990422776 0.38955003315327213
0 0.4580727665358958 0.335135371411214
0 0.6379554059812288 0.35420441180885004
0 0.5978763469412357 0.42289665057545617
0 0.5221532427937673 0.3212711256759173
0 0.614728496044497 0.4058600227538945
0 0.4561587526828428 0.447385193837457
0 0.6307881387099938 0.3346299503196855
0 0.631920144339151 0.3963704962356418
0 0.4929284206296824 0.5279845504366717
0 0.49644956193895784 0.5462090575060591
0 0.4457166328208859 0.40392387606182684
0 0.4715116139705674 0.5053386960376879
0 0.4685402311981982 0.3017358329533195
0 0.5694494977404799 0.5824492099572297
0 0.6569361921855669 0.4406694208039623
0 0.5937280305327243 0.40107863957808465
0 0.4730267888760265 0.33201025104990195
0 0.5559341655376089 0.3336098199548508
0 0.5738861423127258 0.3365777612400322
0 0.5885103561204194 0.5074393803498992
0 0.45891063581790603 0.43359398633158175
0 0.6072348212894005 0.6065081064106703
0 0.5479344955099283 0.5825948832081813
0 0.5237436600752521 0.567728377857796
0 0.7034703637728711 0.234469150086077
0 0.6532087827156364 0.6126021328760463
0 0.5928143753281122 0.33728822794448093
0 0.6112978164153763 0.3364306191603343
0 0.6239335349591976 0.335885539692657
0 0.48193991221959076 0.3024523189755715
0 0.612496678273386 0.31989627316886304
0 0.5937804284226542 0.3130110952199674
0 0.5741255357547148 0.3104519923361076
0 0.5548050640001578 0.311830891322355
0 0.5430541616326143 0.3153342638863903
0 0.46457797854761534 0.2965117131127697
0 0.544809056108008 0.329925003839808
0 0.6656704265860063 0.4596500002703413
0 0.5963705986863953 0.4635649184886815
0 0.6171171813574521 0.4297163936437345
0 0.6359392053718809 0.4592181070178163
0 0.6900708535804024 0.318147186137715
0 0.5179950959571806 0.5494236036175105
0 0.542734509656198 0.5658667670244596
0 0.6054892758151147 0.5955397573505797
0 0.4781928263636078 0.521933292808319
0 0.6251158574713936 0.32882462070435703
0 0.6442338193016213 0.36710270103954135
0 0.652647205923177 0.6012530979656038
0 0.5743187277377406 0.5959542550626589
0 0.4488400067458173 0.44019472991385045
0 0.631206809342662 0.5014457238488504
0 0.6260560843386228 0.506237475227575
0 0.621550036633568 0.5126532039889434
0 0.61814246549888 0.5207688860198697
0 0.6022379199663798 0.5364981986561409
0 0.5979999339027244 0.5001782398430907
0 0.5924853588206859 0.4984123908838972
0 0.5878757577279449 0.49638431279265244
0 0.5595068350622926 0.48509310941402317
0 0.4824865337162581 0.44330138911386163
0 0.6489258375851917 0.35137897571261856
0 0.645930647472792 0.3199492086048554
0 0.6339127705570011 0.3222416326695797
0 0.6032902571973922 0.5016411644737927
0 0.4790924891263624 0.4826061807426752
0 0.6624591534147786 0.3190419620492545
0 0.5878535654977404 0.5516110352274417
0 0.6758469851208135 0.3725345737459947
0 0.6595188304467543 0.35895435916943375
0 0.6802619188898223 0.35637953117781995
0 0.6248066881789437 0.3923954136398326
0 0.6536372371866733 0.5851066379653973
0 0.6561456580453784 0.5651161667345619
0 0.6199106380406312 0.5615790255096447
0 0.5434852561870205 0.5213060741331063
0 0.578002824310512 0.4351857646840627
0 0.5633389781924742 0.5385768217365948
0 0.5279898303973524 0.43046322105979384
0 0.5557788975756882 0.45060043116243614
0 0.5082552848611703 0.45640872723582077
0 0.6097335670190521 0.5801645764449731
0 0.6120462955804816 0.4019019900917673
0 0.5245136636847685 0.5321861494656036
0 0.5495404892832921 0.5504589838807991
0 0.5279990551592428 0.5007897334105494
0 0.4629830731244027 0.4618017479819076
0 0.5019539028154647 0.5016107510785762
0 0.45577781971245374 0.4740321953423551
0 0.5377593191364144 0.47170139452656445
0 0.630187550803277 0.37807030128497704
0 0.6188530206428802 0.42377642139333305
0 0.6076712115404475 0.4281515726188318
0 0.6274420815178111 0.41259345053290786
0 0.6296186904866987 0.30094553108642746
0 0.5938066118377171 0.287343600884873
0 0.5616560337538458 0.28426117735917494
0 0.535699510561766 0.2872709082622154
0 0.5185111235465681 0.2950461532304935
0 0.5078123720512109 0.32536604741708236
0 0.4472244620826174 0.36897120960787233
0 0.5194652341463395 0.35042746269068464
0 0.5399487868643008 0.35686162381279035
0 0.5684883055053179 0.35876871073613315
0 0.5965673159572142 0.35681868217238527
0 0.6190210541843865 0.35276261239158674
0 0.6346388556031738 0.34805685949592696
0 0.4559733411808054 0.37131691471535283
0 0.6086739152041165 0.43296406040338575
0 0.6396082689993492 0.38137081707892967
0 0.6319893921729381 0.4247390802334003
0 0.6440790793563747 0.43369029541643395
0 0.6332389902213454 0.42792108170792503
0 0.6150217937769266 0.43822102728678064
0 0.6473256675251425 0.4351539976623546
0 0.650490102511418 0.4394158762710101
0 0.637690543499677 0.3353040851130873
0 0.6472738908312995 0.33892457516921337
0 0.6521620828391127 0.3413316110769908
0 0.536561761790187 0.318247815307115
0 0.5217277390041432 0.30971852838158276
0 0.6960544938276588 0.37627110127307456
0 0.8674580551652465 0.3444206731326106
0 0.6880560196024456 0.43925358509483126
0 0.9651878227161456 0.28699507086383863
0 0.798385771392267 0.3560335788072324
0 0.8206670189960094 0.3585289172431668
0 0.843086762267326 0.3591489213771847
0 0.8762196221935095 0.3509099153327007
0 0.780195131080563 0.3514593436854894
0 0.8370635207695297 0.30587026906781506
0 0.8101947090042292 0.30703797352080253
0 0.8622897037222416 0.3102314808205062
0 0.8782683579479089 0.31857977060376763
0 0.8925903132696192 0.3632863527503
0 0.7452836625183685 0.5786368793466178
0 0.8772613059116315 0.3393796960763237
0 0.9680119043664087 0.36079272794790296
0 0.9213540526382028 0.3521691767775378
0 0.7969741654043963 0.4255518609402226
0 0.7023361839574097 0.48110270491835117
0 0.6974207214413816 0.49925955946372
0 0.7299754031096832 0.4904547375457293
0 0.7472351189655594 0.4991875004534628
0 0.718534058282144 0.5023830669934676
0 0.735126361062255 0.5058104780708709
0 0.7717063623138621 0.5287012524631511
0 0.684062458669083 0.4293698364613103
0 0.6893147337034282 0.41325070819600956
0 0.9094871884911372 0.30626198553404554
0 0.755342473334904 0.3809081360238607
0 0.7444124971261005 0.4308652769283754
0 0.7489604289773144 0.4223449757787026
0 0.8719846178710712 0.429016251941355
0 0.6927091044212695 0.3931070755676729
0 0.8543348840520352 0.2826582819891243
0 0.8872295152788927 0.2913596666827589
0 0.9435838341461456 0.2550396502685814
0 0.7483097881958958 0.2928585776177441
0 0.7870620189839778 0.314491026583506
0 0.7921142067587326 0.5148921022061206
0 0.929156523968097 0.5161696664091586
0 0.7248696061126291 0.4391177616366485
0 0.7049802274517872 0.4423769198211969
0 0.7659782510769518 0.5119776291673591
0 0.7605259198428206 0.5113757837887237
0 0.9008427790448635 0.2816956951504662
0 0.7453076096275185 0.4388141172940658
0 0.8096497647369965 0.2813992365485146
0 0.814081067022895 0.2680645035762413
0 0.8484520328698782 0.2105672311048214
0 0.9234853142927467 0.2687517282258229
0 0.8285830760303932 0.2401475844179549
0 0.9246497463576401 0.30024924865957736
0 0.9467888642966998 0.2949868672702159
0 0.7005042456373384 0.4907711117374463
0 0.7243329237533521 0.496844545799811
0 0.7414441116248505 0.5025586928306174
0 0.7189132984931962 0.4418359300335582
0 0.7631467461334502 0.5116937132108779
0 0.7521618561905647 0.5139315746077636
0 0.7573582856966976 0.5110737522777055
0 0.7126805275552887 0.43190451646719324
0 0.7304199931490774 0.5078054355139158
0 0.7140506687043588 0.5058469971855816
0 0.6947756995631673 0.504212478796641
0 0.6893203555280146 0.5484986447152638
0 0.6979073198661523 0.5296849933158115
0 0.6976134319974401 0.5200500815522437
0 0.6965813612887628 0.5112197999359847
0 0.6946543023178849 0.5044825416820056
0 0.7304629177986821 0.5080307423233652
0 0.7349022956337103 0.511527044349024
0 0.7395843126602817 0.5162207298085135
0 0.7432779445929869 0.5217070067797055
0 0.7657114473576284 0.48376949310970574
0 0.9665437695346301 0.4351507719992256
0 0.7428308387094409 0.5095220067087007
0 0.7474277208123026 0.5115552689014029
0 0.696924587656677 0.44811860019085453
0 0.736291290084018 0.44836493141176986
0 0.700721276020199 0.4453389425905479
0 0.7800467894550114 0.39244097613153006
0 0.8179621448748222 0.4060075392409199
0 0.752735934554273 0.4304985593513948
0 0.9070016276484301 0.22911058921439975
0 0.8863477274335386 0.2498529423602155
0 0.8635403267441922 0.27025972573864027
0 0.7495048141680689 0.5372903293588248
0 0.7566165154493307 0.2701066651431118
0 0.7694048308118989 0.23678632823526025
0 0.7849427464139109 0.20056685458879178
0 0.8635667275778854 0.357126963405716
0 0.916004125578997 0.3769178179298796
0 0.7681538350722961 0.34717567745043115
0 0.8997223276629227 0.32850407043091057
0 0.7391884243941005 0.36862422041699333
0 0.7295115870513996 0.42280713842362583
0 0.941674184195603 0.3912288468091094
0 0.8969038988970504 0.38809289743586417
0 0.8643622312867691 0.392538379637801
0 0.819470626392445 0.38727965592002334
0 0.7880816502410148 0.3785540931532029
0 0.7647614832417371 0.3696208927227336
0 0.7076105114528398 0.34423827916300265
0 0.9326715309660143 0.42657894664117935
0 0.9177305226839041 0.32744040801411584
0 0.6765017257964058 0.4376967418260601
0 0.7489410476594032 0.3967505772741569
0 0.9791136723530444 0.36044275789868596
0 0.7470134140821448 0.35977133035826747
0 0.7561306469299622 0.4321246967763126
0 0.8869249428374858 0.3405437140571637
0 0.7337141959979061 0.41249282136350784
0 0.9526994208243326 0.47521791454790685
0 0.7694882263865652 0.34153409343974594
0 0.7137996433656427 0.40082628903936607
0 0.8624995437603963 0.5515260447641047
0 0.8623311375012378 0.5699469428770348
0 0.9591342668493086 0.4319542262400566
0 0.8978975020380463 0.5313301391127396
0 0.9583991434000716 0.3257004219610818
0 0.7491968251481841 0.595075060256055
0 0.6747519561887291 0.44162842197244573
0 0.7694549302763074 0.41072553237613174
0 0.9421106365662587 0.35647199538742463
0 0.8427770338983979 0.34928603875202957
0 0.8226816200254335 0.34917884305411695
0 0.7564240378418049 0.5168098741385783
0 0.9236453344047321 0.46000439120607883
0 0.7026462695140879 0.6133809001171956
0 0.7821490412522972 0.5988411659620055
0 0.8190074625900526 0.5877391246854424
0 0.8039970045854271 0.3471595779353497
0 0.7869416622421409 0.34429302903450504
0 0.7754625176327138 0.3430146152148394
0 0.9354269083290664 0.32533330117621007
0 0.7914843139266163 0.3285731917836753
0 0.8113976862863146 0.32310888964254986
0 0.8318906345950903 0.322441796586961
0 0.8524047035708207 0.3259769505729862
0 0.8647600452608197 0.331258585139149
0 0.9760683827762362 0.32035238769541935
0 0.8571022504995643 0.3473246339656392
0 0.7432508604435981 0.4723687323869443
0 0.7246539889508662 0.43608031019109306
0 0.6978189236629865 0.4630107956440175
0 0.8242900830532428 0.5697227592895678
0 0.788397870109051 0.5828619796354898
0 0.7035502185298421 0.6024541966721457
0 0.8977335994505178 0.5477091060633085
0 0.7765738995517859 0.33652348657783004
0 0.7186987063049767 0.37097179756111126
0 0.7439681245053368 0.6079315166680419
0 0.9466036857431951 0.468546177576236
0 0.7141356483290467 0.5061051366375942
0 0.7181330762080502 0.5115067687522129
0 0.7211715015680981 0.5184776571785369
0 0.7230904073403355 0.5270010975896477
0 0.7220258325464112 0.5442973336919683
0 0.7484112295168864 0.5085886380418676
0 0.7540356010072845 0.5074994295251136
0 0.7590125308761114 0.5060529788168204
0 0.7829672186183527 0.49855040318491745
0 0.8870145814328254 0.4664551702534117
0 0.7231465324067868 0.35513390679987206
0 0.7503741470318807 0.32565301623331067
0 0.7666137967934589 0.3291003861013247
0 0.7428140042954859 0.5093684997044358
0 0.8864045047558813 0.5068415958507388
0 0.7253300987718477 0.32319552173801497
0 0.7352095702780953 0.5615530762017942
0 0.7018554092459538 0.3611031260226621
0 0.7312554087065444 0.39830888937167425
0 0.6955337917377175 0.5667620037450176
0 0.7953433082576542 0.5372065197185976
0 0.7749824572967577 0.44655236793833286
0 0.7677023497563374 0.5520011388621077
0 0.8327299947477091 0.4476783259743068
0 0.795478791124207 0.464513983462705
0 0.8503524269987259 0.4763142368038829
0 0.7010672356508956 0.5864789272222867
0 0.745527699401107 0.4092944323682651
0 0.8163779395542065 0.5509019365497664
0 0.7814314355327108 0.566052357856633
0 0.817710032442954 0.5184635449023474
0 0.9137829768506787 0.48804531119116884
0 0.8507011043623027 0.5229816045246872
0 0.9289410310455516 0.5018199583729442
0 0.8118963203852689 0.48788993215026644
0 0.7334506846178434 0.3835853788198209
0 0.7201352843755409 0.4295203482069555
0 0.7354423635116609 0.4356747694543096
0 0.7104549993945577 0.4172158833979225
0 0.7702248407064108 0.308883600041312
0 0.8090962169039602 0.2982788004962002
0 0.8434499134997275 0.2976163299310775
0 0.8716510355724061 0.3031311482608485
0 0.8909920689174394 0.31324756224783196
0 0.9011068495014046 0.3461524510250038
0 0.9669826445700247 0.3961799517065203
0 0.8783642706237261 0.369937886126569
0 0.8524155123827326 0.37355238566545546
0 0.8212225235967193 0.3716578845884286
0 0.7929727618704365 0.3662616381792127
0 0.7716240848921523 0.3599917410718961
0 0.7564058989160675 0.35391066045988173
0 0.9742152927294059 0.3976230615494298
0 0.7350744601291946 0.4404552598126462
0 0.7144965632555353 0.38537916432575686
0 0.7019290365121535 0.4286694067532943
0 0.6893308071521768 0.43634513137387293
0 0.7023314783970515 0.4319145102627805
0 0.7283389862579636 0.44510410279452967
0 0.6842257711203289 0.4372504482917091
0 0.6823536880031417 0.4411909702111359
0 0.7604781809235424 0.3414159679279274
0 0.7448477071045824 0.34388830911378565
0 0.7340755457616557 0.3457958424458651
0 0.871728809322486 0.33552183177457806
0 0.8878244968909251 0.3283991499775264
0 0.5814835568143346 0.3228876005117299
0 0.6048551899094119 0.32406178509153905
0 0.5833400479097407 0.3084960020556837
0 0.5580139921561575 0.32174696858857527
0 0.5794657410951606 0.3373181949309608
0 0.823572539453265 0.3342888652443552
0 0.8476029820583038 0.3355872522549135
0 0.825780332465715 0.32043766616439284
0 0.7995623789004636 0.33299739036907333
0 0.8215637776670577 0.34820384317252484
