0 0.3871752511599899 0.43848131319523426
0 0.3184933094032706 0.39979234001956093
0 0.33176229045360905 0.4108032604694932
0 0.22846767683572408 0.37668331294438734
0 0.2992231497533211 0.3897157561029545
0 0.2699739528104726 0.37623163276437055
0 0.19239642335895749 0.3419504167063522
0 0.024799122777669238 0.41887523963923695
0 0.1324405717321589 0.3132657853451205
0 0.10547003898188032 0.29961951149457433
0 0.00810225534288189 0.2535630198701562
0 0.3971206759601706 0.44301655637553294
0 0.40705296007389763 0.4480469639756643
0 0.4137752511330295 0.4517492982133569
0 0.4178649785649424 0.4537826608225686
0 0.4297721695296372 0.45867729710231614
0 0.44365751793615926 0.46508891062097335
0 0.4576724750080189 0.4720397073320364
0 0.46225069016846926 0.48412110980860845
0 0.3267488073447586 0.40496298228860045
0 0.30492572354365 0.4170372220262231
0 -0.14415609484483421 0.42878272411803475
0 0.10945035290868976 0.390955738466971
0 0.09230381464153402 0.4039118503477791
0 0.07233131988139092 0.4160070704961304
0 0.027586245084110693 0.4230080865597527
0 0.12013549461394926 0.3808555816557625
0 -0.0030831142568387058 0.38960286278458817
0 0.02630319537492744 0.3767495682796691
0 -0.021685484969666234 0.40317938011029153
0 -0.024391913087056155 0.4132552691343133
0 0.03160094957059949 0.43637260819386475
0 0.40104669810347415 0.5390684847871321
0 0.008130455947626493 0.41907683866869655
0 -0.06163441669588854 0.47590969776909264
0 -0.013529199210903313 0.4375738903862443
0 0.18390626042201047 0.45244173194731396
0 0.36188371775019523 0.4505183227263029
0 0.3873739521714705 0.46058640757206637
0 0.35065980790033624 0.46944366881573046
0 0.3455425825300096 0.4833416006884682
0 0.3725530906317103 0.4725842091253785
0 0.36193489726585676 0.4826685437669675
0 0.3255061825367972 0.5180790939082172
0 0.3010526445344531 0.4095452376249139
0 0.2791705659673184 0.402052157431452
0 -0.0854711723730031 0.4195788985610998
0 0.16972649147741906 0.40052430245092896
0 0.24188696313256453 0.43585461922529045
0 0.2271425077683815 0.43138138184485203
0 0.11861580880633889 0.486198571370307
0 0.25265400935325943 0.3886840277012274
0 -0.06934097975115233 0.3931548062309817
0 -0.0890206792686559 0.40801869224964654
0 -0.1562176542946055 0.40041472323565863
0 0.05536518940694221 0.35085716232003406
0 0.059756824110127706 0.3686239487477186
0 0.2915766880482058 0.5159485532437073
0 0.14212504151878477 0.5574182460033738
0 0.2689206749200821 0.4324654677301681
0 0.29092940549810226 0.42629340506674696
0 0.3418713168001376 0.5005901709711565
0 0.34615718626774816 0.4978749583765847
0 -0.12014498300693206 0.40628397309200337
0 0.2486415526157693 0.4409899021524269
0 -0.024546350733640324 0.37490823656355926
0 -0.05222966198176774 0.3701062348106719
0 -0.10765451846746453 0.3296575397076273
0 -0.11747697410704214 0.40041659410030955
0 -0.055865171212184275 0.3410326239618684
0 -0.11028597551056102 0.41872121402518747
0 -0.11261619960708458 0.42576857407887775
0 0.37516487122588016 0.45614174096751187
0 0.36192137619111103 0.4712065845763273
0 0.35362016249306594 0.48307518956217194
0 0.2769219870305766 0.43187141475021346
0 0.3441432377457116 0.49918619395716474
0 0.3578752550897719 0.4962532661704972
0 0.3484981649787114 0.4964413949744699
0 0.2746483024665575 0.42273878895656636
0 0.36794236956266413 0.4822733904260475
0 0.3798705510449309 0.4732180313424849
0 0.39503113391027167 0.4630175427327094
0 0.43201452393069045 0.49985591004893165
0 0.43189459787642404 0.48553059251000164
0 0.41918177908985926 0.4781656665451303
0 0.40727524515948715 0.47089043517695345
0 0.3988311783673894 0.46494274263845786
0 0.3698751224747187 0.48334103942907297
0 0.3707326560080806 0.48755291701777265
0 0.37293009000991467 0.49278772994434
0 0.3769915649659523 0.49823937608395324
0 0.28184981361220157 0.48212505758586444
0 0.0156204397416819 0.5181452957902232
0 0.32958871717191446 0.40775858860988773
0 0.35995207142226304 0.4897314319972607
0 0.3587593812228255 0.4927780549014308
0 0.30473836501942403 0.4266166370251566
0 0.2660955137844327 0.4435740473148803
0 0.29798674948104825 0.4264284547679082
0 0.16034967801238917 0.4187845561569413
0 0.1420861641062966 0.4460792954423391
0 0.23205109016050265 0.43798331575178734
0 -0.1462850243733402 0.36795848219137317
0 -0.10150830818630975 0.372572729313218
0 -0.10106833725538938 0.3901161478648972
0 0.35796187987810446 0.5165273453134376
0 0.011988284844386427 0.3447764379415365
0 -0.002108715065923924 0.3114220081416455
0 -0.05659617376729909 0.29328894650526033
0 0.04893078312340668 0.4228601813457756
0 0.0320648158024132 0.4518181994857879
0 0.1246085151212628 0.37432792107547025
0 -0.03243923489051529 0.4231111712020204
0 0.17198603251312353 0.3856160234867607
0 0.24856995316497385 0.4246924794582851
0 0.0031094688151959127 0.4878622511244895
0 0.06603032614611372 0.4554743500932397
0 0.10324492308660901 0.44814633361526796
0 0.1371274828470709 0.423765653110201
0 0.15281676221245954 0.4033383234257093
0 0.1608284139683478 0.38945442303785366
0 0.17659021781969675 0.35606878988824847
0 0.05307824312383112 0.5078319673153571
0 -0.0534477344545131 0.4278439776894602
0 0.31590179313084243 0.41093537024048865
0 0.19491265733030777 0.41059783953081813
0 -0.07893340421628349 0.47685860032005806
0 0.1636909050277517 0.37833477862506293
0 0.22908547929319148 0.439427249089396
0 0.00013936244988743262 0.4221265618628596
0 0.23173663007559153 0.41866850909530623
0 0.07280785995948164 0.5390868192607114
0 0.11385288054933025 0.3720222942062686
0 0.2394731227732912 0.4028808970185503
0 0.2562171237755425 0.5618861915095138
0 0.27013942171752703 0.5707377332526735
0 0.026604359159992718 0.5189021139948111
0 0.19914485746798133 0.5605807823359895
0 -0.09099994329460563 0.44983187575922884
0 0.41316687193097945 0.5509916655675089
0 0.3207204828533945 0.41233138271639497
0 0.19155209967355688 0.42910571553670357
0 -0.023671699727134867 0.4425585152557029
0 0.05669362635552129 0.4112878144140911
0 0.0758230423374015 0.4007712565848553
0 0.35796305562373454 0.4999915210094882
0 0.09859242846694173 0.5254634768654585
0 0.47892635960116164 0.5431314148229778
0 0.38035454327547097 0.5630099931787058
0 0.3318252965870789 0.5679363272509682
0 0.05741543043011854 0.2772129540058783
0 0.5277669713969975 0.5193047507943349
0 0.09014123803955593 0.38969974684686987
0 0.1020066208728758 0.37977144231717075
0 0.11064672595840969 0.3742583516370925
0 -0.0733751359116679 0.4285930184424277
0 0.07549960854687268 0.37630646735040885
0 0.04844047990529346 0.3836014764306101
0 0.026875800787145077 0.394130221606715
0 0.012207613275523931 0.40504840062323555
0 0.007928902023955237 0.41236134327744817
0 -0.11914815819716151 0.45273756910190605
0 0.03971470100215719 0.41665767704181966
0 0.34831675434414344 0.41998161554053726
0 0.28902457654476166 0.4646676720814914
0 0.26658569596990755 0.43045249754565185
0 0.3218693246569815 0.4378156862790616
0 0.16089378888345468 0.3277446741452562
0 0.311787997494267 0.5605700649542034
0 0.3604742753857802 0.5567372512704254
0 0.4677539059129948 0.5380567211838945
0 0.20989701667415442 0.5676936493791013
0 0.10033159831908181 0.3734164892707997
0 0.19802876363826705 0.38107570224526655
0 0.5171779296066188 0.5141125668551716
0 0.4295873008196867 0.556056256537477
0 0.07845081653021559 0.5378299189349227
0 0.3827843253622578 0.4748006224773674
0 0.3868158879662365 0.48051354822880576
0 0.3938712954269683 0.4870312397731722
0 0.4037473166542214 0.4939495903458601
0 0.3939479609581992 0.5111880579594332
0 0.35365097394472433 0.49066338985981606
0 0.34796880279915243 0.4921757701170119
0 0.3425449153039023 0.49326800762687856
0 0.28343056903106756 0.49963338406201924
0 0.14544043671103973 0.5161834536639538
0 0.17326538208164746 0.37003265637661353
0 0.10909609037612561 0.3593500459462864
0 0.0997708713958032 0.36613206393919523
0 0.35875492030558204 0.48923613394423876
0 0.18826872625934424 0.5417340927418158
0 0.1284330773328427 0.3519060358599553
0 0.3948267962359175 0.5250472094806206
0 0.24368760027462924 0.3646165299387306
0 0.20373961951913713 0.36715986352515534
0 0.21916254927337422 0.35374223606159394
0 0.2163431804139906 0.40608304222849056
0 0.5003701962750672 0.5045109954734431
0 0.4793446483994335 0.4934401271747666
0 0.4414487760278243 0.5123687339140144
0 0.3086669461385107 0.5318049062330669
0 0.22768397321177938 0.4583980037365661
0 0.35073529768593703 0.5313006547563582
0 0.17818663832004564 0.48342309020733637
0 0.2313351475236788 0.4799198159685056
0 0.19404502621682887 0.5092876603736289
0 0.4545427784638063 0.5266930358407054
0 0.21369465776888127 0.41896977175738603
0 0.30195772660432485 0.5477318709996812
0 0.3509116249496927 0.5447329284174728
0 0.2684527973208246 0.5271518253063957
0 0.13890199422962052 0.5392430631857043
0 0.24083985790673187 0.5415192640266102
0 0.1335913846387139 0.5525483853169325
0 0.24362343568590622 0.5026634899039851
0 0.19620283067477906 0.39557329969191185
0 0.26534943402065003 0.424926497899482
0 0.2559671222157619 0.43514708494093635
0 0.2620282119713755 0.41341584277464116
0 0.06313449924002217 0.3621926644235885
0 0.008757422304857633 0.3762962845013801
0 -0.02691931664189206 0.39247619016880386
0 -0.046436002485862764 0.40675505681111435
0 -0.04910065705263162 0.41668948174088594
0 -0.004517229989108154 0.42904231995167397
0 -0.020465890943752563 0.4986843746045023
0 0.055182239928829015 0.43660860440626403
0 0.08610635568321003 0.4292357406299451
0 0.11238286999459005 0.41284961222471006
0 0.12998274465401968 0.3957703284662955
0 0.14034536031353825 0.3835591681628606
0 0.14601841943047722 0.3751347448195144
0 -0.033675842647311056 0.49726954657553496
0 0.2605425190447755 0.43793456636431094
0 0.21986284411909207 0.39077153847876533
0 0.28265492272276416 0.4168941008804249
0 0.3015891995108077 0.4157417551619868
0 0.2849969907274729 0.4184180804984567
0 0.27109775814828996 0.43815455332062564
0 0.30803380711672174 0.4142492060700911
0 0.31281272897237467 0.41572403540107844
0 0.12311680514349715 0.3689778361597661
0 0.14213861446466125 0.3659218054790655
0 0.1556585048195682 0.3663749556241652
0 0.007349743558887691 0.41656293111056764
0 -0.019276140108390197 0.41928140435495975
0 0.2628811635548555 0.35561978237201874
0 0.31183464693117746 0.24303088041104173
0 0.34213115658438153 0.3934516857244507
0 0.2810172646734785 0.17161329502454148
0 0.27315804488045253 0.2907417509196633
0 0.29401508074269517 0.2797434187161682
0 0.3124091715752324 0.2677244897556192
0 0.3219396273295085 0.2429652665150689
0 0.25404830534749895 0.29834606737994357
0 0.24223216550762644 0.23648369602178482
0 0.22187603186454452 0.2534900561487689
0 0.2670085148469305 0.2247501674637393
0 0.2884807769004806 0.22106015420610511
0 0.34606153590266714 0.24368375872095002
0 0.5459875014260851 0.44779530595347267
0 0.3099994809064181 0.23384138033200555
0 0.3745080443877208 0.21084961638049016
0 0.34470469086482053 0.22247368599313574
0 0.3789689616311955 0.33160980033422
0 0.4022131069300044 0.4236397706458294
0 0.4239448283795063 0.436659919550976
0 0.43015601589709895 0.415860047261203
0 0.45168813723552076 0.41269988959935777
0 0.43975895291139305 0.4282332244434108
0 0.45347119006426523 0.42251249451371414
0 0.49966008049526295 0.407757920443941
0 0.3333022751637149 0.3895465764852322
0 0.3178333357165131 0.3783275357061999
0 0.28942873910509587 0.19810579418428995
0 0.2882422215702162 0.32766377261242124
0 0.36373835273935823 0.3597386779875659
0 0.3527798847558629 0.35327283612066884
0 0.42535510068201315 0.2962265915435121
0 0.2895841104320333 0.3660309036148542
0 0.23340933571887923 0.21285885819902342
0 0.26234064908218785 0.20030602455704805
0 0.23501398643863855 0.1644794742973391
0 0.16898615211877138 0.2771704720149826
0 0.21307661324613708 0.27189041089050003
0 0.4912382145471211 0.38927722542877014
0 0.525618538323334 0.3182062043555408
0 0.3606836964309467 0.3745944123816801
0 0.35354290908902003 0.38714219468909794
0 0.4797356184021833 0.4117594326659595
0 0.475470289902345 0.4143692621274068
0 0.2551980462506854 0.1885764515414074
0 0.37126250231819313 0.3644371674719796
0 0.20210794394026327 0.23603043897013365
0 0.1889458519999991 0.2255620959956168
0 0.1281171821466478 0.18798430951606054
0 0.24746603176060608 0.1796498079458307
0 0.15828135125496218 0.21234302072479774
0 0.2852436206637555 0.1878252592940913
0 0.28810680333823596 0.1828194268374822
0 0.4146605530117132 0.4301431099856593
0 0.43578057550679783 0.42217883916653487
0 0.45287764600560637 0.4174377206947173
0 0.3598907251649768 0.37954284938346167
0 0.47754112376442437 0.4131360148761338
0 0.4771374972057745 0.41992621122023105
0 0.4732217109656032 0.4157968922159143
0 0.34847285186691124 0.3761827764703427
0 0.45314384864855417 0.42632307163478356
0 0.4415770014630088 0.432667601292385
0 0.4285846664432735 0.44111327231283853
0 0.4864952566754466 0.46601413337078523
0 0.4767883699151534 0.45775562899534106
0 0.46156951847961686 0.45140682307568025
0 0.44599593767133944 0.44616375161801086
0 0.43282876236026296 0.44302791519662804
0 0.45598455383304803 0.4275607555079432
0 0.4653697358405037 0.42710915550784
0 0.47633823224260835 0.42748407678389183
0 0.4875819914451631 0.4290564583431076
0 0.4391815234840168 0.38275843809225096
0 0.44706801020143405 0.25471742353971033
0 0.4638378084460391 0.42240753900679545
0 0.47043325730013946 0.420945137562418
0 0.35568560175754854 0.3951637941464552
0 0.3762220048703222 0.3748570817786745
0 0.3547525092770782 0.3912824448883038
0 0.3177183547100437 0.3219286236615933
0 0.36208732922871906 0.3104133047384441
0 0.36328686641741403 0.3564140445962637
0 0.1861510354758315 0.1679675811691782
0 0.2053052285678276 0.18773016591654695
0 0.2227677657634397 0.20086907463707251
0 0.5025865459492438 0.42516829379229926
0 0.14822213848431906 0.2589168064252055
0 0.11248941329712606 0.24247673030142824
0 0.07156931568047166 0.21612010936861503
0 0.32332569310433756 0.25445093223350046
0 0.37613064251871553 0.24071290583514376
0 0.24061475448970554 0.3022219109506935
0 0.3096620073298362 0.2166043960468342
0 0.26364525989138127 0.3292724756725035
0 0.34823064826711825 0.3625278431891264
0 0.40929216762635273 0.2395378959277912
0 0.38449372118535424 0.25690828622589473
0 0.3730818995192081 0.27663714195627054
0 0.33428087591621947 0.29743706769931927
0 0.29916249511111137 0.30945754680486476
0 0.27224148200031073 0.3169198780014563
0 0.2150241321400751 0.33252677791624874
0 0.449545306243977 0.26373644775908756
0 0.3157540987312542 0.20787810869205606
0 0.3356878976278667 0.398600438877074
0 0.3097516752245054 0.33966963224705143
0 0.36654610246545655 0.2070039204572585
0 0.24937857222204973 0.3209586471566667
0 0.3634387105074613 0.35584522156245907
0 0.31566640193955303 0.23010021228948663
0 0.33401045442130495 0.35522660680230117
0 0.4881432024989953 0.28312004878144814
0 0.23380985000968482 0.29765219040754143
0 0.3107108070126063 0.3589961585342389
0 0.5556056539720624 0.37228258493249244
0 0.5667269627253214 0.38198157490926
0 0.4579202806899316 0.25391519677737995
0 0.5442982316017151 0.34291818826365444
0 0.3290922067084896 0.19497773521452752
0 0.5660189563715006 0.45458424614559007
0 0.33656113082346534 0.4024434086832429
0 0.3401571142522595 0.33722430524169905
0 0.35722375368770165 0.21567858531098916
0 0.3017144510011633 0.2612164198008862
0 0.28526822487010234 0.27280232377465224
0 0.48414656645638027 0.4195439668454027
0 0.48212397274588736 0.2873992374076255
0 0.5630992687452695 0.4905624166219401
0 0.5764861355853986 0.4379059154085134
0 0.5738349675126216 0.4131875438339487
0 0.26702867542641073 0.28215124824858784
0 0.24943388413779344 0.29023164630926096
0 0.2391193616616575 0.29567730568199113
0 0.31730698206253694 0.19905110200246176
0 0.2308086209659335 0.2774511017126262
0 0.23889123242867144 0.2618807504751221
0 0.2558037800250677 0.24869409461604036
0 0.27694064334726537 0.23889574836298805
0 0.292804097324484 0.23533062868412422
0 0.32278702870199955 0.18514802525193383
0 0.3094572546864361 0.251426746341823
0 0.41331681407956633 0.3866015415316092
0 0.3580046908513403 0.372624872983704
0 0.3755105058603649 0.4043567686884146
0 0.5634479464860908 0.401148690164867
0 0.5648351188450423 0.4269461497434659
0 0.5535368949552125 0.484591872808065
0 0.5514684125843934 0.3520061271187815
0 0.23189751703276412 0.29073512271347135
0 0.262836709995813 0.3412114786224999
0 0.575880246197624 0.46358764864513174
0 0.4938459146123395 0.2807001521720298
0 0.44545018421446725 0.4342700770458434
0 0.457860594308829 0.4353176543438279
0 0.47178114592274534 0.43814145726806897
0 0.48688173118019906 0.442685734051968
0 0.49960357554351226 0.44472230385772415
0 0.4646093742253911 0.41827258068188794
0 0.4664883194844934 0.4147634533093635
0 0.4675444848678283 0.4113352541963118
0 0.465637425455866 0.383962312768504
0 0.4745680088735331 0.31061044041937924
0 0.23800157337500577 0.3303541160704544
0 0.20373785590069204 0.2987194251476799
0 0.21705187838288803 0.2921756751313894
0 0.46240274174303947 0.4216489568441081
0 0.5173044951656197 0.33456143676739714
0 0.18814012043586764 0.31016951771110546
0 0.5212784462337252 0.4451466426871991
0 0.24064532387608717 0.34451716282755174
0 0.30843598128371097 0.34925877574216996
0 0.5075948419450205 0.47094402208588443
0 0.5204101926666774 0.39842952202789017
0 0.3947823945480057 0.3545136470104593
0 0.5252203409430347 0.421178514564306
0 0.42887313909168484 0.32716262142570557
0 0.4303010475786426 0.3556844608356661
0 0.4713689087563929 0.3354418923987754
0 0.534002365442268 0.4772353390074851
0 0.3279254520744211 0.34821920307222776
0 0.5446536525895324 0.39460953713029023
0 0.5460501617520167 0.4212407609039071
0 0.507708993013398 0.3765035763047061
0 0.5072145919759565 0.3089817859241264
0 0.5255468178399002 0.36187002045121197
0 0.5231737136086331 0.3092738813494165
0 0.46673387741740746 0.3624423714012155
0 0.28581235303154473 0.34030515160566266
0 0.3512631037315739 0.3708730487778235
0 0.3646406337681702 0.36687658789036254
0 0.33339989663176395 0.36909022167201283
0 0.1982032235413161 0.27648272880597186
0 0.21546854669786203 0.24768290563551698
0 0.24149588938755326 0.22760493319795366
0 0.2673613941493417 0.21538960353901096
0 0.2899539515941958 0.21141441705529518
0 0.328175989635886 0.227636310270814
0 0.4184019139295892 0.2306548835685386
0 0.3484500285693865 0.2549385330148156
0 0.3373772366137444 0.27178195419402024
0 0.3119202688776491 0.2876277234347831
0 0.28327912261968924 0.29976749688846505
0 0.26042689829436033 0.3077572649201182
0 0.2433944073533207 0.3125466650632494
0 0.40585982032466034 0.23049547253695812
0 0.36826607999922356 0.37036542974474307
0 0.28498046112714437 0.35075370350483615
0 0.34226259802967185 0.37961749688303487
0 0.34090208743191974 0.39092037912506794
0 0.34370969883500274 0.38135005118301046
0 0.36876999074396705 0.37692422685815485
0 0.33994063873331254 0.39424330201154645
0 0.3408977302569377 0.3978988111796894
0 0.2285597999639149 0.30290074082597435
0 0.2235359426289168 0.3129958062126685
0 0.22318444655665867 0.3199096533468751
0 0.3027163937625 0.23415946741262506
0 0.3043485361815505 0.2219702363155632
0 0.04571762592983648 0.3965662210154505
0 0.06522314219032159 0.3831238179585829
0 0.024117034698840436 0.38691707621831206
0 0.026027915284100464 0.41001629461738703
0 0.06734811222251458 0.40634723504384357
0 0.25581539915835305 0.2643053910627625
0 0.27904730287030777 0.2498764276221695
0 0.2342831913680467 0.2536476230423363
0 0.2319600044549266 0.27893707605160567
0 0.27749360689131014 0.2749245925447412
