0 0.652419826760888 0.5671710677444934
0 0.6264976037666201 0.4973896898329258
0 0.6302094029262661 0.5130294941365718
0 0.5757280348800122 0.4505223359912634
0 0.617748948559165 0.48123456798493863
0 0.6038262963294982 0.45901709496974946
0 0.5664200045168399 0.4007090263068676
0 0.4140839556232095 0.4578331846743822
0 0.5352574456948787 0.3468352330848575
0 0.5224271438084542 0.3226504156365991
0 0.4799706058576703 0.24961869027465583
0 0.65701808296144 0.5741481862962245
0 0.662313218973577 0.5815720006823539
0 0.666237474232912 0.5867199383676052
0 0.6717917498201131 0.5963841684162616
0 0.6767189724370837 0.6026389718055725
0 0.6822353920899331 0.6100765883922576
0 0.6879277013242244 0.6175390489399433
0 0.6765437110327184 0.5978588804602623
0 0.629598715621978 0.5053787220269441
0 0.6094480844214558 0.5155419547110796
0 0.29604333341121675 0.4332993131130934
0 0.4759631336666644 0.44866349808871747
0 0.459461285546422 0.45868467427790166
0 0.44083259515464307 0.4669716216623783
0 0.407657819846645 0.46809671334922315
0 0.4870719493366778 0.43758581653237344
0 0.4165772400330752 0.40139450021088124
0 0.43927584011107684 0.39368896167725326
0 0.39834321015514434 0.41536053996533157
0 0.38904941296204926 0.4312458110973239
0 0.3976981549523771 0.48855521976947786
0 0.615459276176989 0.6510615859180688
0 0.4023305310867727 0.4553907260298729
0 0.3307729296386242 0.5099841978400945
0 0.36472747107036413 0.4835801634937525
0 0.5107576966285705 0.5291658591479063
0 0.6284866768866777 0.5772973529994487
0 0.6428566573187708 0.5928515836596489
0 0.6112338596023619 0.5986158072948455
0 0.6028190309181809 0.6146020822227001
0 0.6275919212959706 0.6050068277865648
0 0.6173698602244257 0.6160123839974403
0 0.5782803183421492 0.622885738313198
0 0.6106082944199442 0.5056899793446064
0 0.5991341441869735 0.4915502265095711
0 0.351187296025455 0.42318189311772586
0 0.5245703352149576 0.46666071824729444
0 0.5588741431012749 0.5241545986384153
0 0.5511770563200116 0.5153008054941892
0 0.4494017900899053 0.5560389913618564
0 0.5867210345342755 0.4702174745500088
0 0.38551727244630457 0.3748805083334446
0 0.36299988492392005 0.39701235461980106
0 0.3000330843962729 0.3956061935052276
0 0.47876007556915284 0.3527400268241763
0 0.46171599491499365 0.39475493393838407
0 0.5578788130544126 0.6185013100504875
0 0.43136654519476 0.6463254138827323
0 0.5787612374871969 0.525849438086152
0 0.5962691938504576 0.5225414752960205
0 0.5974887831136584 0.6381456635892391
0 0.6026240315288305 0.6341786988079547
0 0.34457996422424914 0.3899803811684251
0 0.56109005426988 0.531041295081377
0 0.4216694252565503 0.3583130192011595
0 0.411121141910553 0.3435968652367592
0 0.36372456983663143 0.3188711076974869
0 0.3242988375015557 0.4029337640851736
0 0.3919215708039701 0.34272746816277505
0 0.33322811014950277 0.4208046764135361
0 0.3179877738468349 0.43571583069860936
0 0.6355607111938297 0.5860372249037027
0 0.6193032570183277 0.6021190535277128
0 0.6098195354454219 0.6155616536736488
0 0.5843297627754509 0.5263608627021312
0 0.6004280567169189 0.6361531920731067
0 0.6089174401015043 0.6341612868010997
0 0.6046331401914358 0.6322234578430652
0 0.5873325814493 0.5166814856231212
0 0.6225776465609669 0.615691040456295
0 0.6334461018443107 0.606316302716732
0 0.6480900666676461 0.5963743299245834
0 0.6517891039140522 0.6112942963838577
0 0.6619339983910322 0.6292687252163887
0 0.657605461589992 0.6216511137783527
0 0.6537177728489041 0.6132865201681852
0 0.6521289146505296 0.6060343839228153
0 0.6231423446908593 0.6203772768378257
0 0.6211463616229593 0.6255949333310127
0 0.6189497916959226 0.6318942576646804
0 0.617891610879451 0.638142018392682
0 0.5654113835655152 0.5811108656227588
0 0.36166404983960093 0.5770422954112291
0 0.6299913262948393 0.5089608177542686
0 0.6145499072037637 0.6258172549307346
0 0.6118887507356703 0.6299440421164035
0 0.6057329460047185 0.5252888917922973
0 0.5716535461135208 0.5370359800755977
0 0.6011221923865377 0.5239875212311744
0 0.5096732315607369 0.48631179593503476
0 0.4846375813242048 0.5137638419866561
0 0.5513674270361661 0.5235826566815376
0 0.31997823556885124 0.3580529185011983
0 0.34599490002729 0.37213801108300687
0 0.3705624095629901 0.36356496885418893
0 0.5989125960506498 0.6222402200102806
0 0.4613498833961785 0.3277974508702755
0 0.4444473409559578 0.3179490853101015
0 0.4163057187572122 0.2846194252371788
0 0.42191542270593346 0.47125108242034913
0 0.3835278191138059 0.5119988590478897
0 0.49319165041670204 0.42848841454833747
0 0.3734923596959561 0.44928130581974984
0 0.5328667525202035 0.4491259779781103
0 0.5685677419416606 0.5129084948450326
0 0.3693657487630844 0.5376119565218687
0 0.40691514923237265 0.5193842750042676
0 0.4380150887183845 0.5140946347266435
0 0.47346047619357706 0.4921363953500986
0 0.4947065490297973 0.4714310418814421
0 0.5089090706780552 0.45402306951582433
0 0.5495366214774549 0.4143586948513985
0 0.3941112142521888 0.57115990370512
0 0.35490418672561647 0.4526236325502396
0 0.6197978638112545 0.5102780077606439
0 0.5380525030661374 0.48338622488081456
0 0.3172009489964694 0.5074495829641819
0 0.5188902423717081 0.43772645741701127
0 0.5483108826912939 0.5244525492191314
0 0.39235374010168017 0.4596632856875658
0 0.5597652949392795 0.5016722649335861
0 0.39150366773828865 0.6129090830683708
0 0.48793202294036747 0.4229164130985737
0 0.5717692960053682 0.48430325724184514
0 0.5083161376416683 0.6658574741333723
0 0.5132470797281712 0.6790281001478433
0 0.3708376999013126 0.5803613353520631
0 0.4696945546194911 0.6577583782374858
0 0.3226258531678468 0.4709085401147604
0 0.6171198126859962 0.6656596779823303
0 0.622035033814609 0.5127718530595302
0 0.5269574742298573 0.5042327854782342
0 0.34760529808700086 0.4944605089724064
0 0.4381327231414616 0.4552621886134148
0 0.45418152334168554 0.44924389831721784
0 0.6057064964435994 0.6388548843562603
0 0.41687828563153745 0.6002901203930378
0 0.6607233358547091 0.6640450328588485
0 0.5906831787899136 0.6782302621752023
0 0.5566266908310353 0.6808133970946073
0 0.5026343090459704 0.28822539169341327
0 0.7005546226166188 0.6453739468008279
0 0.4672468130476773 0.4414383292198181
0 0.477858872897923 0.4323046699166298
0 0.4846465576440096 0.426423516869545
0 0.3359711280092597 0.45551307015120984
0 0.4666049813851714 0.41262786351144315
0 0.44838867271319033 0.4127697430551052
0 0.4318719632457942 0.4195477206259966
0 0.41728395577520133 0.4311094170436263
0 0.40950125507079066 0.4415200099349022
0 0.3018374073319137 0.46859936118125917
0 0.4251120340079069 0.4577720656991005
0 0.6365547518245875 0.5239629250019788
0 0.5779300600290298 0.5634911179542541
0 0.5780596298165619 0.5234719559550285
0 0.6115708600729703 0.5391237929463386
0 0.550125091150403 0.3741748619824648
0 0.5467538962140679 0.669761585816741
0 0.5809587992727756 0.6683175925165414
0 0.6568933732807636 0.657451120018959
0 0.47307032863609494 0.6685832671821117
0 0.4808159834239632 0.41859989874064923
0 0.5528831521980464 0.44896049313247205
0 0.6972122246399521 0.6374281968921423
0 0.6250317029654979 0.6733656235039234
0 0.3979940098244697 0.6121992252767086
0 0.6358044108375907 0.6137766398489475
0 0.6348326870240271 0.6205674640834331
0 0.6353188960812985 0.6280482567846775
0 0.6374168091453611 0.6355799052864313
0 0.6235481801442802 0.6192352332174778
0 0.6091116460040211 0.626112126559019
0 0.6032521094195544 0.6277095012366771
0 0.5975750086829066 0.628458783775568
0 0.558682416845113 0.6003465678542852
0 0.4530445558950305 0.5962581790983676
0 0.5407849576324224 0.4305436506867409
0 0.49659941187128426 0.3969901118427515
0 0.48493885835632683 0.40632061176002027
0 0.6138749805279076 0.6237337596714496
0 0.4703758291900158 0.6332649577409029
0 0.5170464765280485 0.38631722405552865
0 0.6183432371355593 0.635038823634386
0 0.5911160258576273 0.43947392217814923
0 0.5631214136257767 0.4338100299239159
0 0.5794252867810428 0.4211055997759104
0 0.5545545660890638 0.48277358412742616
0 0.6909301232546567 0.6242232777178287
0 0.6829715825617313 0.6097631014883518
0 0.6525825576856732 0.6259254075586795
0 0.560038882587105 0.6364713858813047
0 0.538394115678966 0.5451564516872167
0 0.5875878858380019 0.6386741816997528
0 0.49194977739825846 0.5631511591374874
0 0.5305791299790144 0.5693751730024814
0 0.489716178085655 0.5961191661655902
0 0.6541415609419345 0.6432226791977882
0 0.5474253183230757 0.49751815646886827
0 0.5467715843580663 0.6533070623874664
0 0.5807931588962674 0.6530682489275932
0 0.5353236853145062 0.627591722458601
0 0.43771260492503644 0.6234369061887264
0 0.5077989164739847 0.6395885951817035
0 0.4289772075600922 0.6388221483677625
0 0.5287318926304578 0.597031208500266
0 0.5452987074851989 0.46585028134286405
0 0.5799591050483286 0.5172044828534126
0 0.5687003864906728 0.5264968320727348
0 0.5827562453225255 0.502257478237152
0 0.4705996255390346 0.3810812531039119
0 0.4335678099188954 0.3816534250974655
0 0.40576122100465 0.39251209404319526
0 0.38548659095540644 0.40890422444790603
0 0.37400920065119864 0.42763696033507587
0 0.38057796568609775 0.4706935089081526
0 0.3480646277777851 0.5466242272406816
0 0.4139507655519992 0.49168998263776303
0 0.4386987272184342 0.4873477041721344
0 0.46441766880452634 0.47419215440750123
0 0.4846286711283028 0.45859414599835874
0 0.4978456160053611 0.44456452764570714
0 0.5069516378454864 0.4332232417538762
0 0.33809914398007096 0.541903768479824
0 0.5705586995929479 0.5301387373358011
0 0.5634805986657738 0.4654117960482836
0 0.5952408349141478 0.5111630827188491
0 0.6079687935300171 0.5134961500763893
0 0.595891394931823 0.5137048110365867
0 0.577476813737303 0.5320890236645937
0 0.6131055958569049 0.5127893358469009
0 0.6152667564339935 0.5153288345783948
0 0.4959940310101956 0.4195332106202841
0 0.5112008590251207 0.41791587583720685
0 0.5225243624765425 0.4174352053552866
0 0.40548150036484004 0.44892871268093587
0 0.38580188625492157 0.4458890434354544
0 0.6081847872585058 0.43243610933423043
0 0.6830284491181373 0.3057398356497288
0 0.6455324271693825 0.4945389337837696
0 0.701893201842904 0.21148375868797303
0 0.6439633069559931 0.3528158858418465
0 0.6613495953381061 0.3448845397680998
0 0.677043442428112 0.3344434404745698
0 0.6921122202649712 0.3070045242086053
0 0.6281041831709444 0.3564712394028902
0 0.6317535613663494 0.28060383424162866
0 0.6146829484961926 0.29580800216645003
0 0.6517792514525353 0.27230223529040815
0 0.6689378421753644 0.2725641939789057
0 0.710786569211632 0.3120847426354885
0 0.7455323988571763 0.5767236415296793
0 0.6855410251766443 0.29410511143505574
0 0.7490937000140547 0.27933435030281545
0 0.7203754939138889 0.285437435656786
0 0.6985128156840801 0.4237936668097973
0 0.6727724995464086 0.5526716791093349
0 0.6814885887317359 0.5716468028724193
0 0.6995973468758165 0.5486938141286373
0 0.7172839039005339 0.550479818880558
0 0.6988424433395266 0.5656596913933754
0 0.7124399312771856 0.5635523784905672
0 0.7381162064149975 0.5307578898966312
0 0.6411092670634388 0.4882554288953543
0 0.6356092461384832 0.471134153008461
0 0.6757377267815172 0.24156390298157931
0 0.6387307572178542 0.40315040554851295
0 0.6754611304961144 0.4582413051277399
0 0.6705582414753735 0.4481308039277792
0 0.7468749785795807 0.38899736367166043
0 0.6216022198088467 0.45071227550506593
0 0.6225621074438095 0.24587976261973382
0 0.6501265836879611 0.23799261897802354
0 0.6751345445401966 0.1917749594897032
0 0.5638669936917722 0.3110291574150324
0 0.6051923169754445 0.31506253201514484
0 0.743917620088905 0.5115870933979749
0 0.7997207388281822 0.4387081477791071
0 0.6668214474804699 0.47545675449073316
0 0.6559545461088419 0.48873050771653653
0 0.7403660722076892 0.5596172649413347
0 0.7333942985162138 0.5627118598669767
0 0.6511575875803828 0.22076230570673944
0 0.6781796494498848 0.4649168986827135
0 0.5939060247503221 0.2678743477910757
0 0.5867283081635832 0.25238827876746656
0 0.5927649245597422 0.1957860913127661
0 0.6771772110834717 0.21111253257840873
0 0.6029890685342252 0.2290401577949524
0 0.6805066157132387 0.2278339870274067
0 0.7017856513150036 0.2259938705712557
0 0.6777424712665379 0.5625163286924362
0 0.6995393892750144 0.5572227954864502
0 0.7151735926046967 0.5566241338849067
0 0.6640759169124066 0.4807879075407982
0 0.7367998117581009 0.5614256717264652
0 0.733373833168298 0.5662924692034721
0 0.7304873595014214 0.5634547367691993
0 0.6583099456503987 0.4758995220065117
0 0.7101548545062542 0.5674718141555786
0 0.6975787824951112 0.57104725651443
0 0.6827035823836922 0.5775240629911422
0 0.6986464190296828 0.5842043634504079
0 0.7104951942339539 0.602832131832838
0 0.7035184943117201 0.596499115973711
0 0.6961661114357411 0.5902070820331573
0 0.6895460838451981 0.5857010174542665
0 0.7145504409447312 0.5706897087395191
0 0.7209325877949595 0.5713762089610099
0 0.7287815611809492 0.5725232072174549
0 0.7365676507353782 0.5738265596330165
0 0.7146075719967484 0.49583864100277425
0 0.7739104636013507 0.34805925823748113
0 0.7216700015589594 0.5674912434071302
0 0.7273284222930669 0.5670585267245769
0 0.6533836157061159 0.4986239604651928
0 0.6771348256617784 0.4776060402393341
0 0.6547504298388958 0.4939040679484606
0 0.6616426234133541 0.40156023278832437
0 0.6972476670518517 0.39500284269452096
0 0.6758760249242186 0.4535400278866291
0 0.6409978152252733 0.18446457087993623
0 0.6458107096143066 0.21018709503114225
0 0.6192381249740719 0.22901439368724824
0 0.7298227481544017 0.5467440940439701
0 0.5518960545770824 0.28427996188402177
0 0.5576550497673451 0.25691033974289895
0 0.541154292691499 0.2176775846630335
0 0.6889821792021393 0.3210814593359828
0 0.736045900080353 0.31455560196191074
0 0.6170217509381473 0.35739844646304847
0 0.6888118440285325 0.2714167356491089
0 0.6211908299475908 0.4000961024314165
0 0.6642938612960279 0.45876564718782903
0 0.7603401195257902 0.32038745637983085
0 0.7323070893064141 0.3363784559071064
0 0.7150694474577903 0.35804798156023027
0 0.6820741489529609 0.3745131928473711
0 0.6549862276762723 0.38069707415997983
0 0.6335583471693098 0.3831396920606494
0 0.5863811576738953 0.39406089559197427
0 0.7769953751005232 0.35675110556185247
0 0.6984495020471513 0.2612230319529772
0 0.638604824244976 0.4993992194533348
0 0.6473210126161575 0.42240553703159095
0 0.7423404658213257 0.2732982233166695
0 0.6152735341340303 0.3824870426207781
0 0.6759560348466038 0.4526945546269417
0 0.6910913994535803 0.2903640426695347
0 0.6574547982774674 0.4469144407659769
0 0.7890968758612871 0.39034123793244363
0 0.6146037651225924 0.3501658633351326
0 0.639431108534336 0.44654326774179937
0 0.7969919376075267 0.5018321227282285
0 0.8000398527830839 0.5168175611644983
0 0.7853999545797705 0.34881914015859367
0 0.8047480069100856 0.4679265569895506
0 0.7246103000827133 0.25013954639434816
0 0.7555881913751363 0.5869742173701524
0 0.6371790275909006 0.5040978070348501
0 0.6690843066200614 0.424674335680902
0 0.7368783008307218 0.27905331626534463
0 0.6697786406613886 0.3251166742295027
0 0.6557270798832178 0.3350247785449028
0 0.7395323820412159 0.5655534852296114
0 0.7885445429012179 0.39110570289194585
0 0.7349845122545957 0.6222211092710495
0 0.7733383926562964 0.5750430643558502
0 0.7867924909107387 0.550418098270893
0 0.6412916367873549 0.341437316313386
0 0.6272542595863342 0.3460286360234022
0 0.6187573711387813 0.34937683753669263
0 0.7076762661337852 0.24972063191235067
0 0.6204277601093053 0.32740224786102773
0 0.6300398281775414 0.3121203098446131
0 0.6433545372448861 0.3012089801952243
0 0.6594925055280327 0.2941953919827938
0 0.6714888362213969 0.2930739808827639
0 0.7233647902496159 0.2371487382799387
0 0.678211322799325 0.31520085483789445
0 0.6959198329597711 0.4964145466685295
0 0.666261179652065 0.4729639355093241
0 0.6622229598462581 0.5103873636573553
0 0.7847589494660496 0.5340585976839065
0 0.7710555640980601 0.5602779656648635
0 0.7324930297210812 0.6143351688981056
0 0.8036724024452269 0.48175172582268716
0 0.6159345086663961 0.3422875672578812
0 0.6148030956275761 0.41457687579095365
0 0.757309032883495 0.5988882768899202
0 0.7975504200905561 0.38774490244686605
0 0.703826268017292 0.576803021878004
0 0.711325379833579 0.5790843486785888
0 0.7191493583843112 0.5825690150260925
0 0.7275310920551419 0.5871676251292228
0 0.7173521768301725 0.5651048429310321
0 0.7235249423421919 0.5631789050996303
0 0.7280128708109259 0.5586422279477119
0 0.7314406678080558 0.5539529480040073
0 0.7312692746520042 0.5013858869671821
0 0.7738467201590538 0.4151786517351866
0 0.6031187375076115 0.3961614489555359
0 0.5901757439598441 0.3449338383972645
0 0.6029065128415823 0.3398942479863763
0 0.7191001952625811 0.5660301212221384
0 0.7905664134770631 0.451683808863163
0 0.5730585468001663 0.35675708651542665
0 0.7314746224321425 0.5701108302921056
0 0.5982337350025773 0.4142974343150854
0 0.6420802304521203 0.4339849462732673
0 0.7097034596838057 0.5930303752422332
0 0.7567034040577709 0.5238125517964363
0 0.6976662974804639 0.45536676682531835
0 0.7467659402638673 0.5472910150885582
0 0.7349846445024013 0.4261513834819198
0 0.7215255538932979 0.46131710782647134
0 0.7596471410244703 0.44323675595223905
0 0.7231792465783655 0.6035729207098484
0 0.6555983035825192 0.43693099059164525
0 0.7746057564392685 0.5229693789035081
0 0.7607226132415235 0.5502998948097229
0 0.7613468228839337 0.49859639145433904
0 0.7956951486878097 0.42133839689195157
0 0.7813429225236177 0.48378121554851533
0 0.8051156888715922 0.42658326849341394
0 0.7428634728305041 0.4752468902617693
0 0.6308003191836178 0.41828768588602544
0 0.6626509798690676 0.46981353014707566
0 0.6731327425688505 0.4670622207224369
0 0.6508607904426753 0.4636713031679392
0 0.5898919732309877 0.31710598319768907
0 0.6069860931485891 0.2869701523333788
0 0.6286120478063821 0.26886734534054996
0 0.6509144499897956 0.26040334049612285
0 0.6710268285125494 0.26011721026152373
0 0.7039167255163192 0.289372000657022
0 0.7696691442281007 0.3127054346725345
0 0.7070203831419348 0.32661753967404367
0 0.6932965324260294 0.34436586014926435
0 0.671185294445604 0.35784225799143315
0 0.6482070067897439 0.36573833767324687
0 0.6295679018832743 0.3693948768079281
0 0.6156564576551318 0.37082850076258184
0 0.7571214063093066 0.3103410292416811
0 0.6737243200652301 0.4715189512819052
0 0.6253717120736837 0.4309618927538395
0 0.6522448629140853 0.47831402234733106
0 0.6460093788802623 0.4913490328937769
0 0.6525841777212917 0.4809030320495367
0 0.6712066524662077 0.4789369970560074
0 0.6435993279330432 0.4951083276420832
0 0.6424516484141349 0.49952244833111764
0 0.6080728394910693 0.35511310286819936
0 0.6008015575818717 0.36654297057539226
0 0.5963029831647872 0.37522779293358327
0 0.6792982013896107 0.29350326471030713
0 0.682306838966906 0.27777066715061666
0 0.4587151764892042 0.4260083891451359
0 0.476272957213223 0.4164584519341588
0 0.4473325747996569 0.40805188547819854
0 0.44001110484823586 0.4360125072300434
0 0.4696581203490496 0.4442586850374937
0 0.654541312996298 0.314405476488173
0 0.6712769421748817 0.30374317038804294
0 0.6433022993616759 0.29873907640576364
0 0.6377067955210804 0.32492121383547784
0 0.6657706394791603 0.32995972484350206
