0 0.6220098059240291 0.3770647334595458
0 0.603181870721227 0.31784379672699464
0 0.5989956892937494 0.3367162358265715
0 0.5154943660580569 0.27075644946707705
0 0.5901841659911816 0.3002680060200798
0 0.5635278224945068 0.27751617233593245
0 0.48756950421870754 0.22082395884937372
0 0.2559193469923463 0.28736684459466905
0 0.43191744926736225 0.16736524173626885
0 0.4100107383384979 0.1414386237772128
0 0.3232958914278794 0.05127175452229314
0 0.6274551118878152 0.3829798715564009
0 0.6313918700321115 0.38959030678477913
0 0.6325627282369051 0.3944359273194505
0 0.6463061328128659 0.408820228645215
0 0.6563050421021825 0.4171821275077308
0 0.6671595410477343 0.42800872965742603
0 0.6759723936625236 0.43896753986041764
0 0.6721100770026374 0.4469981045006944
0 0.6050441042124797 0.3268047022743347
0 0.5732197492814465 0.33816202532369105
0 0.04219421179746267 0.2581932489483501
0 0.3496476894945835 0.27622802303241084
0 0.32301527361789767 0.2883960810332253
0 0.2945310371956951 0.2976502214376919
0 0.247336354615877 0.2997734306719356
0 0.3705699339473276 0.2625221509141282
0 0.26502770571399936 0.23298426672292594
0 0.29920707017683584 0.22314448697498432
0 0.2370249904888711 0.2480767115046041
0 0.22226545965071204 0.2637414608519679
0 0.23057849087017618 0.3229378446603355
0 0.5864927988829944 0.5103316885975603
0 0.24033949758223205 0.2860176711798476
0 0.10752348248049509 0.34226539207342715
0 0.181586733253168 0.32248201994850234
0 0.4113812149285698 0.3600145511733838
0 0.5901978135966569 0.3861674858739201
0 0.6046827528402388 0.4002845706269383
0 0.5654999014856719 0.40652537688660545
0 0.5494811131799822 0.4223583984298828
0 0.5821063344141276 0.4124020574191889
0 0.5646982375952265 0.42350017453154054
0 0.5211139005436886 0.4652746304536399
0 0.5811814432807392 0.32637186743580876
0 0.5636905303104318 0.31142610520981373
0 0.16753231392775794 0.26361330696188223
0 0.42299125063047704 0.29252334943594643
0 0.4966454277221533 0.3490987899966133
0 0.48104120758797625 0.34056847240216437
0 0.31619472769524554 0.39219063729904713
0 0.5394279236416165 0.2894653380869296
0 0.22800405620099257 0.21304611999767656
0 0.18944861805982155 0.2365890365248671
0 0.051522527381384686 0.21446269998154321
0 0.3712045697571276 0.1847625027258937
0 0.3332880655352732 0.22163980627974
0 0.4885643171749527 0.45728688689466485
0 0.2749008620671517 0.4891282521878568
0 0.5256622752411474 0.3508160618928294
0 0.5516319846649536 0.3466030210732652
0 0.5308075997469236 0.4446267609398205
0 0.5375586891059967 0.44183485900251246
0 0.1607135182661976 0.23005541873435242
0 0.498603504624584 0.35674008984154404
0 0.2872410446619816 0.19455477223990444
0 0.2699885659938236 0.17963494688938983
0 0.15450532001842984 0.1255776789812996
0 0.09944115339709128 0.22388815727477637
0 0.20959423400229402 0.15473950290070554
0 0.13814268295141718 0.2621311439683262
0 0.08541868187540727 0.2614843014139718
0 0.5980392934607087 0.39393246211944677
0 0.5742662281727048 0.4097839472012017
0 0.5572126146128995 0.4230567890995988
0 0.5336025230032648 0.3512797344226045
0 0.5343691373614671 0.4432086830321973
0 0.5516823655981525 0.44409467237064254
0 0.5409049224510467 0.44045807168887446
0 0.5408281325150451 0.33962009128290244
0 0.569713289503285 0.42355090855790406
0 0.5871273682271834 0.41368766676503627
0 0.6082390618267105 0.40384471207000194
0 0.6361726085059076 0.46041966417727
0 0.6413723905023625 0.45101739213870357
0 0.6343131665703204 0.43949992150163497
0 0.626305832851419 0.4271848715913181
0 0.6206200986171512 0.4180183922901702
0 0.575564257246699 0.4313364324097435
0 0.5737649888443432 0.43717042211526497
0 0.5722832488213225 0.4450113365825373
0 0.5719026224218684 0.4529043853092498
0 0.502643151534833 0.41364253367098
0 0.15560435105284912 0.4148215950487521
0 0.60262001475556 0.33164755490641246
0 0.5592592237092894 0.43562222022218067
0 0.5556145154600807 0.4394951997854458
0 0.5654948057888223 0.3496268732479205
0 0.5131137451107839 0.3633565818920684
0 0.5590200361302144 0.34809221779576505
0 0.40181087589950015 0.3140528122076211
0 0.36672518636397033 0.345004671297896
0 0.4804566203833198 0.3497436461738123
0 0.08591484766212298 0.17060303649963282
0 0.13691264819755827 0.18803460319963888
0 0.20471317676617373 0.2009399978878399
0 0.5553889311760736 0.4681570265239801
0 0.3427470968209868 0.16027128648834107
0 0.2866498995170319 0.12784380968005513
0 0.23230105795734507 0.08766023019632212
0 0.2672461062598286 0.30234474705431025
0 0.20840150861145496 0.34962859911659655
0 0.38362475479249475 0.2516933995694779
0 0.19807113531968004 0.2847826981696839
0 0.4349988393074603 0.27366657340869355
0 0.5124584828063452 0.33616024560440844
0 0.1816032610351233 0.37131788384038417
0 0.24415750383473128 0.35551615587819496
0 0.2915503647115877 0.3482179131370764
0 0.3455427290438462 0.32444309521787845
0 0.3792648987232638 0.3013533169088272
0 0.40218964126184403 0.28094713413677275
0 0.4626559333549701 0.2355724184657819
0 0.22589725141616748 0.40759395010555133
0 0.16985145418478145 0.29186882188144964
0 0.5912934770401147 0.3320400109306311
0 0.44858006779238474 0.3093781503625571
0 0.07658987751395868 0.3410016980034094
0 0.41749498769819593 0.26176185691699433
0 0.4727809057533026 0.35143662565432415
0 0.22616220549713795 0.29187823275026803
0 0.4948022033956697 0.3252620036228777
0 0.2082628170363337 0.4523870805962779
0 0.37788429720510397 0.2449117288612329
0 0.5149654327250784 0.30568674520943495
0 0.4125991750964158 0.5158176064110411
0 0.4135476836769415 0.531122674957251
0 0.1809934168982563 0.41674880421580596
0 0.34806084518524094 0.5035434888955503
0 0.09231770152954175 0.3001626303401618
0 0.5914455946686742 0.5292964453895252
0 0.5917955582662167 0.33527858721943327
0 0.4333582021635499 0.33201939819719845
0 0.15448757370027136 0.3368657676937481
0 0.28939559391076614 0.2840228926259489
0 0.3143694269285499 0.2767155320880512
0 0.5482864159760144 0.4489273000449037
0 0.2643447937153512 0.439243450903664
0 0.6551411849417561 0.5329290407534224
0 0.5424371763384885 0.5407566692882453
0 0.4858236741676605 0.5386379863888311
0 0.36861323066752594 0.09743888814228412
0 0.7112441869090786 0.5125195690618155
0 0.33645417707429515 0.26678802610967106
0 0.35682305100438694 0.2558352564470456
0 0.37127989744968554 0.24901288128889407
0 0.1396636155297716 0.296709232246533
0 0.3392125885549495 0.2402810441038479
0 0.3095418966645531 0.24365479172989965
0 0.28497368111598975 0.2515787595567612
0 0.26324864285741206 0.2633364352936181
0 0.25156498541363137 0.2733595316021587
0 0.05059493331314563 0.2982764838221736
0 0.27049649619370053 0.28675842704102633
0 0.6072876287592972 0.3501339530030759
0 0.5240881923291323 0.3927250053174199
0 0.5254674423798669 0.34797723586566914
0 0.5737130127364783 0.3661012341039249
0 0.4557915865946159 0.19421861861079645
0 0.47555823777791123 0.5240147010967754
0 0.5316536183551632 0.5275684926456536
0 0.6528117868254225 0.5222621628651604
0 0.3452707517633049 0.5155592145630346
0 0.3648390695631361 0.24228171666209308
0 0.4729406004615253 0.27154837896267825
0 0.710271174673268 0.5020673175970205
0 0.5995988425591009 0.5402342195328051
0 0.22788120559651218 0.45073040948508264
0 0.5967506138826731 0.4253079731243487
0 0.5977586756507269 0.4335274064121917
0 0.6006684071726078 0.4441073070318935
0 0.6051889106238203 0.4550292878486097
0 0.5942564253612674 0.4674268212562171
0 0.5501676143216286 0.433237720983097
0 0.5436942625960572 0.43425376917988345
0 0.5374818105491803 0.43478181986763076
0 0.49065479357465563 0.4360486074758414
0 0.32428622903297843 0.43630429654837416
0 0.44782989259532313 0.2533390967609783
0 0.3881642452532725 0.22032725058805447
0 0.37059129156368814 0.22975738075213692
0 0.555298183461745 0.43228530198240434
0 0.35197052967062387 0.47706094584145103
0 0.41654169359367244 0.2097565491740315
0 0.5873120540051723 0.48887288875092333
0 0.5379346186022679 0.2586547560013902
0 0.490342582444207 0.25467864764384185
0 0.5139479328402512 0.24088736130787541
0 0.4791890325592004 0.30707059881557675
0 0.7006708374983973 0.4854659588573078
0 0.685084563079212 0.4651188789465176
0 0.6401572662005893 0.481239241342575
0 0.495461542257588 0.4823659079524275
0 0.45852890632135407 0.37474474263267393
0 0.5393776756396397 0.4892424200289546
0 0.3849434103611276 0.39891318886424787
0 0.44686973037765465 0.40290665359923633
0 0.38360364088337484 0.4357121607746941
0 0.6468219502652578 0.5040256900909229
0 0.467659464557108 0.3233074085019267
0 0.4765821626718096 0.5039851158952561
0 0.5314479294440729 0.5087235046270937
0 0.45614606985371176 0.4697205007266694
0 0.29837128727270257 0.46468897482838495
0 0.4140257486622396 0.48504888478178565
0 0.2797080095437505 0.4803184415585698
0 0.44429777709128476 0.4343843816187435
0 0.4598863999620616 0.29010221619194687
0 0.5308188545903999 0.3402087101921106
0 0.5121339976930503 0.3513766435769419
0 0.5369688732732686 0.32352317464999114
0 0.3529058780601556 0.2094107892947456
0 0.29658797061700615 0.21310252008346703
0 0.25272505403422624 0.22572747739359214
0 0.21995697604666511 0.2434560400418961
0 0.20056321909673494 0.2631327990716258
0 0.20754144360407364 0.30560237302566867
0 0.13974251021012413 0.3811716170737538
0 0.2558264723784632 0.3250960597214988
0 0.2922854300597303 0.3198314764248297
0 0.331425654802391 0.30551230221891557
0 0.3635810970974197 0.2876423974387562
0 0.3866886422216749 0.2707326780683316
0 0.40159202679741585 0.25708263617354077
0 0.11301385212859376 0.37784554249943253
0 0.5137384332341256 0.3556209128504744
0 0.4955170188876365 0.2874079398072947
0 0.5566524424427133 0.3327851628723998
0 0.5725639995625265 0.3357859274830681
0 0.5547676992645081 0.33594845221065484
0 0.523031300492138 0.35770836729592026
0 0.581135626319501 0.3348051456216806
0 0.5820681831533674 0.3379779760829938
0 0.3888241379952831 0.24154962270785443
0 0.4082371699724266 0.24020298925070718
0 0.4226595429207781 0.23965471659224635
0 0.2454031801623978 0.28013138439708624
0 0.21618396701286738 0.27868569259064646
0 0.5587172188061319 0.25245563109842734
0 0.6181293219971142 0.14129182724906994
0 0.6197025187009816 0.3176213550491455
0 0.5961680206463491 0.03508071291941804
0 0.5669149986559825 0.1870882084575324
0 0.5907796535560553 0.1784646776727975
0 0.6119988885143106 0.16816106257728114
0 0.6272663052419393 0.1441793683618783
0 0.5465454157593724 0.19135777961712674
0 0.5624984917309073 0.11588990593108887
0 0.5369327159808408 0.13080207884502107
0 0.5889629268531891 0.10799698745861602
0 0.608216330587721 0.10923296993913742
0 0.6503746701087312 0.14897580163928267
0 0.7532510734576401 0.4306259606592952
0 0.6191306928936526 0.1320108707530049
0 0.6659806183487963 0.11123968303774873
0 0.6532119984249417 0.1238844227105284
0 0.6599653476147914 0.2532084517585584
0 0.6425585357977046 0.3634310221900574
0 0.6504815468113485 0.38075727833726536
0 0.6675876238934999 0.3609565823984603
0 0.6845721575281889 0.362936153769874
0 0.666342412825111 0.3760889989499467
0 0.6785459421235595 0.37452946493800837
0 0.7272038208209067 0.37075746497407125
0 0.6201976431931238 0.30902942719931803
0 0.6107906323256824 0.2909374715040286
0 0.6204347481830514 0.07755375489259299
0 0.5752765940819426 0.22830449239895367
0 0.646337859064555 0.2827386835131782
0 0.635401696038189 0.2728587528958488
0 0.7138729461377187 0.22156217475287832
0 0.5852189189810261 0.26980495852784225
0 0.5706892262259833 0.07931715307144312
0 0.5988261133646794 0.07215416307647388
0 0.564253449725876 0.01064145184172609
0 0.48750622895695894 0.13814333804880088
0 0.5206561297249737 0.1497175181254792
0 0.7289278944619269 0.34778833465454295
0 0.7422384749785316 0.2811277642036779
0 0.6379748457055584 0.3003797315941832
0 0.6267396317397376 0.3135726625165239
0 0.7044710752775343 0.3712641539665076
0 0.6981291039098653 0.37390528662136185
0 0.5958666655657102 0.05485776771371738
0 0.6479324133847829 0.2905353766660721
0 0.5343895201488651 0.09846071637095735
0 0.5267053422310369 0.08121371992860739
0 0.47014514548029546 0.003119171808322017
0 0.5805264468387448 0.03142323899573792
0 0.496775921871908 0.04313052262361057
0 0.6192050900676553 0.06338935528700344
0 0.609706932692219 0.049032879523195017
0 0.6484519086009879 0.37239251388147615
0 0.6681368070826542 0.3688516826294482
0 0.6824824344054115 0.3685829681329453
0 0.6344158780946434 0.30599417777868887
0 0.7013215801412824 0.3726446209624172
0 0.7021483237223087 0.3798480711805935
0 0.6949430969979266 0.3752136904591569
0 0.6329887284935235 0.29851947310633553
0 0.6738475323866883 0.37901190408883384
0 0.6630802806332815 0.3812161640237315
0 0.64942828842776 0.38636260672499195
0 0.6966684999511682 0.432428256010476
0 0.7006190829425692 0.4245792657803423
0 0.6898603387873807 0.414683590681789
0 0.6759746534933003 0.405272428791363
0 0.6635938382548966 0.39931274374453024
0 0.6818234943371597 0.38562898228343684
0 0.6918222263848467 0.3863727339921287
0 0.703394022205179 0.38834273167692435
0 0.7138244705520373 0.3914562638956137
0 0.6936982404127967 0.3277108484563736
0 0.6948118495712463 0.18679927199031598
0 0.6863948218256449 0.38122980815534013
0 0.6943554966855678 0.38027693326480855
0 0.6252110556161089 0.3237197934248196
0 0.64659468218577 0.30416899024488064
0 0.6262042733976881 0.318940439734596
0 0.6047447431001732 0.2281995400453147
0 0.6516604251998792 0.22394647861060243
0 0.6407571404957942 0.27938320404424455
0 0.5258178047710758 -0.0019654001290805804
0 0.5449318079639682 0.027478961518016487
0 0.5649491231218516 0.060680001974105835
0 0.7229236127089539 0.3906673139657456
0 0.47747187134173275 0.1099576068381532
0 0.4409351932059089 0.06792376587946956
0 0.40531449981158874 0.020757940440132214
0 0.625390379834804 0.15629838564144538
0 0.6781874709277987 0.15217458525785624
0 0.5327582325009134 0.19251730285894375
0 0.6277542957584921 0.10819192921010831
0 0.5529120237135486 0.22415482026700395
0 0.6367149678923243 0.2814964813927111
0 0.7032275480046261 0.15189032166148908
0 0.6831976486910447 0.17223176807641222
0 0.66808159631505 0.19171856757931816
0 0.6251199977289287 0.20750653743743896
0 0.5883382387298475 0.21357410555830397
0 0.5610944721624433 0.21548638433313216
0 0.5116274411158024 0.2154207524781029
0 0.7339567269066827 0.1906539996782431
0 0.6361481048506227 0.09792717872336269
0 0.6154180124795122 0.3213362710925337
0 0.5932146876835994 0.2476326748014639
0 0.645454929886962 0.10685856540363056
0 0.5393492283580972 0.21387694666560847
0 0.6375963905160662 0.27939544794277643
0 0.6261343515748314 0.128200038743857
0 0.622479363311109 0.2696867853688737
0 0.7202023333496899 0.23091387558288087
0 0.5263994231784372 0.18611087833349696
0 0.6037033599057644 0.2673508872429784
0 0.7747754741915696 0.3482352695145165
0 0.7704621218948913 0.364722232468212
0 0.7252824329357925 0.184950036267503
0 0.7712416305816431 0.311796515703963
0 0.6371045449940707 0.07739463305701844
0 0.7659230966933911 0.44481885337981936
0 0.6115200259416795 0.3268174997533853
0 0.6207547136347928 0.25183785152130617
0 0.6654974133562412 0.11899967705860687
0 0.6042477575709208 0.15790476233433612
0 0.5851096495164099 0.16794394504147978
0 0.7093937842965984 0.3800116053785379
0 0.751400582224345 0.22798429491420905
0 0.7492575093710737 0.4868947827397063
0 0.7699588442877899 0.43088741348193477
0 0.7710961152037843 0.4024109059629349
0 0.5641553464839213 0.17532211504043482
0 0.5442936937871883 0.18083828440108618
0 0.5324365389432838 0.18485490182718148
0 0.6395862822910007 0.08708253636146887
0 0.5327943897933411 0.1633881727537027
0 0.5474674267162808 0.14820215658257946
0 0.5687068229098972 0.1367967045916536
0 0.5908749652423447 0.1302100244802408
0 0.6054037274788323 0.1296692740041227
0 0.6225579699738134 0.0654886140229222
0 0.6139595354203697 0.14904626918296082
0 0.6724250796887514 0.32645783523401134
0 0.6387488155913867 0.2971344146484765
0 0.6371772140621853 0.33773703830310714
0 0.7729502398904851 0.38348711412935593
0 0.7693315861608199 0.41349593252419664
0 0.7487342034598334 0.4755970510050131
0 0.7598896586923576 0.32646923247998516
0 0.5276767592921817 0.17794292803389578
0 0.5555249641267516 0.23669604038278136
0 0.7655100793861371 0.4594536010449687
0 0.7449657805532003 0.22629603714988636
0 0.6749073044001628 0.39149547042176364
0 0.6870453872269006 0.39470167853200017
0 0.7005809316818091 0.40027134982160867
0 0.7131203781786583 0.4076560813778886
0 0.714002022354437 0.4118826686383817
0 0.6881036083761165 0.3743295572436275
0 0.6930768755700091 0.37026637392683914
0 0.6966067755536781 0.36615786213463486
0 0.7134878886975259 0.33531919397866
0 0.7463600961424464 0.25209223805144193
0 0.5313110545956545 0.2187416982917359
0 0.5033685572141652 0.1766167119288216
0 0.5154472197845972 0.17402585741049184
0 0.6828882734266688 0.37788461877134283
0 0.7638050592202934 0.29284266770457307
0 0.48942371752622316 0.18344310868662386
0 0.7325936501546444 0.4200955240871198
0 0.5370792504980696 0.23507745235491864
0 0.5957014320565642 0.25716534761575083
0 0.714655379311358 0.4458417073606302
0 0.7466820555625202 0.3664376808050722
0 0.6653212351764707 0.2844465445405759
0 0.7424315354235167 0.3940380006171644
0 0.7075008436930266 0.25893188817813373
0 0.69636492935016 0.2934068639438373
0 0.7381691400953334 0.27955129714057847
0 0.736245448069035 0.4611626343605236
0 0.6102380815455668 0.2617426281348585
0 0.7653501188154701 0.3692425756027904
0 0.7589902903536241 0.4007151585798294
0 0.7473780834417549 0.3375162573668142
0 0.7609918357657014 0.2608391358829535
0 0.763793671445595 0.3259766109454365
0 0.7598864683430258 0.2676252352353483
0 0.7238017120521417 0.31028940902350427
0 0.5737291417247672 0.2417728296293618
0 0.6381285585087838 0.2922965116775074
0 0.646047360033726 0.29151934975633226
0 0.625319040078911 0.28460457549689294
0 0.5082171349216709 0.14836591872544333
0 0.5368792333191247 0.11909085502639746
0 0.5684860241498878 0.10204484087590593
0 0.595598809153056 0.09413581972305006
0 0.6152651858844346 0.0958018854212837
0 0.6382471774693588 0.1270057701835998
0 0.6985250173998679 0.14688092270217384
0 0.649983630763541 0.1624455391027676
0 0.6351955640230248 0.1783573970246239
0 0.606137419204346 0.19141808733010826
0 0.5750995740044317 0.19939847152454024
0 0.5511613638280964 0.20307760021557061
0 0.5341692531137443 0.20403181021205916
0 0.6674506161138594 0.147086805809801
0 0.6451093973301584 0.2968547587958388
0 0.5779723949569593 0.2522327335307393
0 0.6300329584583676 0.29985145296151644
0 0.621584426013114 0.31378921019002654
0 0.6284518301915779 0.3029728655617077
0 0.641653540037233 0.3047643172474334
0 0.6205165895054953 0.317254493983028
0 0.6169887721109734 0.3225308001612703
0 0.5212100541277184 0.1901804766715906
0 0.5161379304149454 0.19897696880486826
0 0.5163818148972034 0.20536183625364457
0 0.6135583046814806 0.13066593060097376
0 0.6204168024680597 0.11480192483042756
0 0.29163309224217915 0.2628335073923531
0 0.32069154723370963 0.2519115917027568
0 0.2769780010342312 0.24506544514585987
0 0.26195566516985996 0.2740285010954823
0 0.3059529530630409 0.2807503851077046
0 0.5585930610446336 0.1579904207787194
0 0.5862135103852343 0.14666330043119363
0 0.5436899644865406 0.14223503076230376
0 0.531193055980783 0.16924507092363156
0 0.5735184900480494 0.1734229105349166
