0 0.7171887141742787 0.3907778885852055
0 0.7774518962147869 0.351830701283714
0 0.7635571527833174 0.36366050308492004
0 0.8028165559728437 0.31715487482167093
0 0.789864477351748 0.3426859150914585
0 0.805562969250015 0.3317321573986727
0 0.8440118131506795 0.30464727663192426
0 0.7237613349524228 0.23199626344258711
0 0.8734500214520386 0.2840035774794613
0 0.8897952537999374 0.27200396960022066
0 0.947492654313518 0.23153673166654357
0 0.7106562702590403 0.3958305572929169
0 0.7029825179888729 0.40167021960103544
0 0.6969569019878967 0.40625543804729686
0 0.691364525302553 0.410740260483504
0 0.6847299336758343 0.4165510787349455
0 0.6768274515992981 0.4232883338166886
0 0.6689146077456857 0.42992459575669106
0 0.6718481039070379 0.43352457288266566
0 0.7704286951304488 0.3575997722416031
0 0.7544633232465776 0.3514600642422
0 0.7022427784491189 0.18500301225178717
0 0.763025762033865 0.26532853062914197
0 0.7451633714170899 0.25919714352997747
0 0.7290911419230675 0.2514350936442864
0 0.7137183181092709 0.23259008494244904
0 0.7793582348380914 0.2687318047889474
0 0.7772027283026699 0.2244011897499822
0 0.7936912842943699 0.23511818472911664
0 0.7575871135866592 0.217001780533657
0 0.740387391440476 0.21518949884660438
0 0.6921237752407412 0.23592931023832797
0 0.5904793806594132 0.4157606321556562
0 0.7206928502406752 0.22445685280805208
0 0.6488149867153369 0.2242621878782908
0 0.6851332294538555 0.22127262212816073
0 0.7021365773702976 0.310816114272724
0 0.7005401643519663 0.376803501313474
0 0.6854248292712722 0.3916971598352705
0 0.6734369810874955 0.37141186950587424
0 0.6522042868886819 0.36999638182442396
0 0.6681042339982866 0.3846117510181181
0 0.6526133629968901 0.3799057042732292
0 0.6186240509718279 0.38038122879356895
0 0.763921756030135 0.34548853968037946
0 0.7736681634363746 0.33565089899618755
0 0.7295600480168177 0.19709212497836737
0 0.766065159553214 0.30243602011050164
0 0.7272592910608662 0.32870708827545
0 0.7324913176806164 0.32331968831414937
0 0.6558593966161148 0.2888039969930462
0 0.7890192646266035 0.32561861934448155
0 0.7824419339497884 0.20516670839626247
0 0.7546071464250862 0.1970914629410629
0 0.7425589401762194 0.17573670976135244
0 0.8427348597140252 0.2518788922985061
0 0.8044583410150391 0.24758655396329254
0 0.6206563294311113 0.36612107506653174
0 0.5419721485190251 0.32411906590648726
0 0.7327921660263327 0.3399421988415117
0 0.7419636660738836 0.34822150755997133
0 0.6233687886205906 0.3721418500113554
0 0.6273110737151737 0.37433376465858864
0 0.7558639614768169 0.1872360381175156
0 0.7205912734260036 0.33324869014635805
0 0.8112829841893433 0.22284322125571115
0 0.8194149239656794 0.21359354758462987
0 0.8448382719156611 0.18905606953536763
0 0.7460605214793974 0.18956859025801598
0 0.8325460072811143 0.2084913948336903
0 0.7263632542473354 0.1892108434722537
0 0.7107819674638757 0.19598208313562623
0 0.6921936244652744 0.3842492920844829
0 0.6705343847159092 0.378030425193263
0 0.6522715670775764 0.37479062232316707
0 0.7342448272282565 0.3436227887451482
0 0.6253476454110085 0.37333401044209796
0 0.6284196125932887 0.37960986446599665
0 0.6293759931994893 0.37541065271161184
0 0.7460653598298503 0.33925669166554256
0 0.6529550875541027 0.383498827365934
0 0.6667717180297345 0.3892057706661919
0 0.6816032603068694 0.3968898948668098
0 0.6494196520701743 0.4213536531150508
0 0.6484613589596647 0.41670394444665987
0 0.6572233689988213 0.41056979236816493
0 0.6669000270874691 0.40473815239444166
0 0.6754376604084225 0.4007076173603368
0 0.6482663976995251 0.38599187811883556
0 0.6414478203038123 0.3863953574031007
0 0.6335717850219348 0.38722892727504593
0 0.6265467427953889 0.38886724892450647
0 0.6657107776730372 0.35271035414449975
0 0.5867015423905497 0.267863938788406
0 0.7672955278102859 0.3605602472937074
0 0.6387404849131902 0.380953930005306
0 0.633604825674733 0.3802540397443691
0 0.7419751981894175 0.35412514084527474
0 0.7183287808286489 0.3420081446651651
0 0.7419271857678136 0.35122915601529997
0 0.7416155331999944 0.30040199486982255
0 0.7072568509397628 0.2947191445349979
0 0.723707356659169 0.32679738325565133
0 0.7900712276309855 0.1763988509148109
0 0.7862767619925712 0.19283628956276497
0 0.7876603018633926 0.1954046308326454
0 0.6228256088520404 0.39211634627911224
0 0.8562432201854288 0.23761191050044628
0 0.8738177360864631 0.22822507827722727
0 0.8948191457156893 0.20737622544712045
0 0.7169928680240857 0.241722110690189
0 0.6649159751360929 0.23704262332422057
0 0.7910808871818494 0.2697328311555526
0 0.7191457198893471 0.2133293817190229
0 0.7860621618822154 0.3014815310720636
0 0.7430857066615222 0.32866757373515965
0 0.6417198811779545 0.24751078314473984
0 0.664453134820934 0.24818060912337958
0 0.6803278197467578 0.2622413468294117
0 0.7159964818240218 0.27599978012864995
0 0.7458744804818922 0.28222203509313387
0 0.7694402158511842 0.28574486540145233
0 0.8248609369817163 0.299263459460742
0 0.6199579799099814 0.26907694690367756
0 0.7080275901762242 0.20778054850442068
0 0.7624531525348309 0.35361207491543445
0 0.7555999645200963 0.31171069542566937
0 0.6381646213023472 0.2220800350360176
0 0.7893119348755365 0.28696436407853243
0 0.720834889366657 0.3272762049813898
0 0.7161041529621253 0.22199894195678188
0 0.7497584341950557 0.3226573135004658
0 0.562262648897332 0.29387045165403886
0 0.7950442526410904 0.2653623983806589
0 0.7704635483806144 0.32275661909613623
0 0.5476415534562702 0.36128249104951277
0 0.5288039569110307 0.3735139288154303
0 0.5983328940621911 0.266040584202908
0 0.5488801140825457 0.3394937269827899
0 0.6811533365320053 0.2083624792950494
0 0.5706267866781493 0.42481387546416427
0 0.7610985856770464 0.35728856278400795
0 0.731567178471682 0.31245910912668673
0 0.6707091362290242 0.2191365263124808
0 0.7376402217250333 0.24515994060106305
0 0.7513873026969564 0.25247336285454886
0 0.6234663977024424 0.37929091825872574
0 0.5980569939070111 0.2900189003523658
0 0.581817862730992 0.4559487889126903
0 0.5457003615828003 0.41623018535913203
0 0.534829173284241 0.3971091200824545
0 0.9185625727166606 0.25049306648452074
0 0.6176523132414757 0.4767266869211063
0 0.7660413246114546 0.25775784846781347
0 0.7804090275040155 0.26166480320508406
0 0.7898281397698801 0.2641572178829284
0 0.6997413655373618 0.20239227880783775
0 0.7914174593953643 0.25241557089220573
0 0.7808284653893 0.24250441810497048
0 0.7668903338003762 0.23464925461957434
0 0.7495023013418737 0.2284883224830574
0 0.7363783114192858 0.2259716331040492
0 0.6701745341850233 0.199808931359056
0 0.7291206572880725 0.23840735481232822
0 0.7522996528867931 0.3715475222476724
0 0.6902576705700234 0.35267013862353414
0 0.7353507257086315 0.3379898378495075
0 0.727917577898452 0.3617854317029317
0 0.8580843338483497 0.2947846083413987
0 0.549589967174369 0.3835525951799558
0 0.5587496924752424 0.4036659115836734
0 0.5923837211438875 0.4466310941538557
0 0.5316340065706632 0.3509745961811696
0 0.7946988886167229 0.2609506726515393
0 0.7948689873208477 0.3080975294780998
0 0.6283026929268857 0.4671629219829869
0 0.5602645386120438 0.4355531849947964
0 0.5756764974020705 0.28987356369234935
0 0.6610073158635369 0.39246629140958067
0 0.6522943458602398 0.3945519945033792
0 0.643048572137889 0.39788362584194215
0 0.6341943051744614 0.4025269737597607
0 0.6324125647796357 0.4060665107741743
0 0.6388660679386637 0.3765849251540101
0 0.6364863274092413 0.3732561237003957
0 0.6350831629606238 0.3699256087384638
0 0.6418041312744849 0.35759917510991673
0 0.616082661011048 0.30454192183264833
0 0.8065736278702941 0.2997537045752635
0 0.8209194939599258 0.26688726500970644
0 0.8078090200192818 0.2619983012519297
0 0.6414753660748277 0.3794856351129815
0 0.5779649943490571 0.3277206786540376
0 0.83514415865709 0.27521120283116146
0 0.6123009549163062 0.4100582322486642
0 0.8188297832816965 0.3224592604974405
0 0.8130913569202906 0.30839697803769794
0 0.8311145691680506 0.31372183494541156
0 0.7640007396036059 0.3172345529584324
0 0.6430601327982632 0.4554135252614649
0 0.6589124671140301 0.44336143469944056
0 0.6320592510172084 0.428206258461255
0 0.5964951772352814 0.37476543894335
0 0.6956597388042176 0.3288281761965498
0 0.6001384408539358 0.3925267574833889
0 0.6626167025118438 0.3109519227880056
0 0.6669340810821026 0.33209495384152193
0 0.6270084555893508 0.32151101537946225
0 0.6104912120330183 0.43680189120001484
0 0.7465954089718025 0.31860522980115663
0 0.5713748042216281 0.3747635956237964
0 0.5794570188859344 0.3956549486526254
0 0.6025140423814959 0.35730159583211946
0 0.5788503411198467 0.30866240307229575
0 0.5805112369327102 0.3480943704352659
0 0.5579115588705248 0.3136022268724041
0 0.6360183204779645 0.3411543502026245
0 0.7756767211332602 0.30978356973797666
0 0.7430916439883316 0.3350916462285178
0 0.7287035172624428 0.33411725712757484
0 0.7582594873029974 0.3310773895234287
0 0.8199342973373107 0.2513685394235018
0 0.8017350490586164 0.2309935105865409
0 0.779784780388643 0.2170966336039268
0 0.7567046212999127 0.20929622449794738
0 0.7364469189432603 0.2075137734329667
0 0.7018805586964773 0.22254888725881816
0 0.6214393857662185 0.24382589648918612
0 0.6945499724979642 0.244175893544149
0 0.7081645768654498 0.2562000876715203
0 0.7312471622656166 0.26668688838555366
0 0.7560291790132281 0.27357764525406836
0 0.7759601713987342 0.2774724756218806
0 0.7913585713895565 0.2798728800955273
0 0.611788418033958 0.24476295187860644
0 0.7252497628394059 0.33734971268170355
0 0.7842530755302574 0.31580625290797204
0 0.7540179951910229 0.33965419963294385
0 0.7557037535599013 0.348792625074627
0 0.7517416726184797 0.3421262209655858
0 0.7258795333814018 0.34252295006557004
0 0.7580378651618958 0.3508143312289935
0 0.7564072696971491 0.3543945770470702
0 0.8015789087814621 0.269432551804043
0 0.8079885099759082 0.2785183777328299
0 0.8102930491232168 0.2841539118720704
0 0.7275898117682099 0.2249803166179096
0 0.7263147708358644 0.21622927386720642
0 0.8310530550369231 0.3307719177224723
0 0.9804490998324462 0.3533547371208501
0 0.785079933923005 0.36589676125042914
0 1.0733523363805522 0.35977883557645546
0 0.9192343755361903 0.33547456341297355
0 0.929684784341965 0.3448571118653989
0 0.9438719125739633 0.3538602480367452
0 0.9836646761069318 0.3579489644669017
0 0.9129704957521414 0.3278124032735157
0 0.9837844502573778 0.3238682186737114
0 0.9653775953542331 0.3165113875428502
0 0.9984196183047717 0.33325751731041764
0 1.0048431208365074 0.3419050226191513
0 0.9817924485679417 0.3708005364702529
0 0.7186359375841004 0.4780574597898318
0 0.9967604779995947 0.35230583637034524
0 1.0242930042089793 0.4020474510533469
0 1.0162301144016443 0.37066563663362456
0 0.8630581010243058 0.3902250484926026
0 0.7394836047027684 0.3998236288042629
0 0.7195892210751144 0.412152944242253
0 0.7508240416331633 0.4170026660633354
0 0.7536577450323708 0.43053888848849703
0 0.7314346875948242 0.4226762738381447
0 0.7384398911572709 0.4317431992509452
0 0.767172842086116 0.45436291100264264
0 0.7910756920208911 0.35832959697360084
0 0.8055410468125646 0.35094463574786144
0 1.036562718419586 0.34551748758604545
0 0.8640663047883078 0.3499149730225571
0 0.8289657706701303 0.37867761209231465
0 0.8370261199866669 0.37467374028611916
0 0.9102285925597581 0.4142748906331904
0 0.8192533030791624 0.34021625632331487
0 1.0036297938491725 0.32224033384763895
0 1.0262285727488845 0.33380275046458097
0 1.0794414075618053 0.3345889651975712
0 0.9188393434894739 0.2979414618315817
0 0.9459859434562393 0.31327897093209234
0 0.7896195626208551 0.4506710794459538
0 0.8845563050563828 0.49079204590714615
0 0.8087968998568974 0.37741545744302896
0 0.7935424514963657 0.3734016420961428
0 0.7502484634707246 0.4495650098270395
0 0.7465969503931859 0.44718544005679817
0 1.0460026684189647 0.3304574110594784
0 0.8232649664084116 0.38395659370916563
0 0.9693620554505521 0.3103800393870565
0 0.9818531634435372 0.30441395391603143
0 1.039653896279476 0.2814256821025987
0 1.055793948314361 0.3350562596855377
0 1.0076421707994325 0.29146198590262595
0 1.0571145468120333 0.3443499393656808
0 1.053743058619117 0.35709332668480753
0 0.7298526897209103 0.4065195260261621
0 0.7412217428538367 0.4200796337187791
0 0.7464072984733662 0.43126442944970117
0 0.8028850350450363 0.377518709300279
0 0.7483458642215165 0.4484493601388958
0 0.7408718116550003 0.4477961499984859
0 0.7447109927859488 0.4458003282046118
0 0.8061503364315515 0.36859460220951323
0 0.7328974536702603 0.43177809251122784
0 0.7242790241784687 0.42398162966682795
0 0.7121097164440758 0.4152967906465717
0 0.6952927948804847 0.4437209339368911
0 0.6911832941106603 0.44175346291699663
0 0.6977914389427201 0.43443143417855273
0 0.703741953468524 0.4267368471922995
0 0.7075309384975755 0.420123432029863
0 0.7297670123823584 0.4356097567315195
0 0.7309228928783272 0.44038745927877454
0 0.7315910990479626 0.44602220156947436
0 0.7311101184867103 0.451308686275776
0 0.7997101922578449 0.41963271959489135
0 0.9671413239547472 0.45049461405150365
0 0.7366088680954422 0.44071149408650334
0 0.7388358366388812 0.4442537830991237
0 0.7837708104511857 0.3744244507881774
0 0.8094138680379602 0.3874582518048647
0 0.7885050007814094 0.37395474181121807
0 0.8729638171849875 0.3641627427576637
0 0.8895462857017035 0.3839099914753804
0 0.8332224058199532 0.38087139602134873
0 1.0697580842529169 0.308763136591564
0 1.0420539464628646 0.31333037618161586
0 1.0208331411900902 0.3172074224100727
0 0.7467900419662773 0.45352549871810677
0 0.9382493782647049 0.2891826563689555
0 0.966455962336013 0.272159379612164
0 0.9993932828118529 0.2572053978089191
0 0.9642746227200021 0.35903961251095895
0 0.9869539551594086 0.38577745591892915
0 0.9104532404539454 0.3227195060637151
0 1.0153685169380928 0.3526660365884711
0 0.8613760677571035 0.33773065673536945
0 0.8248031336798447 0.36880146939547453
0 0.9858885475351841 0.4128892595360593
0 0.9574133565154257 0.38969796294925596
0 0.925501223983644 0.3851744048401755
0 0.8988512471506868 0.36746550407730233
0 0.8873208443072275 0.3515795684662186
0 0.880276862579056 0.3408071311081157
0 0.856869237080908 0.3144502187726878
0 0.9542854699907424 0.43206341760833056
0 1.0297715583431066 0.357192632280478
0 0.7788367491482683 0.3611880403940751
0 0.850730697691189 0.358283254362288
0 1.0303345767757561 0.4073551469156388
0 0.8750046590963999 0.33169360346153004
0 0.832916319496018 0.3828573261990267
0 1.0026967201051833 0.3542089989038409
0 0.8337120640126965 0.3638869198430486
0 0.9302837121838758 0.4716894917127465
0 0.9196243551461506 0.3201476079659636
0 0.8284209923905159 0.3509633026036228
0 0.81890628345405 0.4941424479504593
0 0.8048180630941432 0.5079982137145782
0 0.967828255539705 0.44441700774748455
0 0.855136222728697 0.49007050313201606
0 1.041203881114847 0.37826655183185715
0 0.7104755956915361 0.4922230590124424
0 0.7742118284672121 0.36333529997606573
0 0.8548236852708245 0.373047880515331
0 1.031312865546987 0.37755274580640286
0 0.9523399678463674 0.3477502668104252
0 0.938642269448389 0.33982375906962975
0 0.7424224387492812 0.4511077904066786
0 0.9235428481162349 0.4501654387188225
0 0.6590326694370825 0.49294519891925886
0 0.7313709041488825 0.5061211951640474
0 0.7650321788677183 0.508506684326658
0 0.9306807994591033 0.3318544655453925
0 0.9247113597040941 0.32472915275424136
0 0.9209024218315817 0.32112422982016864
0 1.0494396384758284 0.358778328454795
0 0.9422417738266635 0.31863480080075623
0 0.959934608091282 0.3219986383070131
0 0.9747407311880136 0.32884279294174257
0 0.9868074630383198 0.3376466169410727
0 0.9920742715461345 0.3445162535214624
0 1.0575890762393485 0.38244081386665
0 0.9664309285109556 0.3518798737799754
0 0.7956642751200793 0.4050369778601061
0 0.8111593850302797 0.3753720468499747
0 0.7727700856667531 0.3837934469475466
0 0.7821487213488872 0.4964498426733899
0 0.7478831238132991 0.4953798865403782
0 0.6698000972406774 0.4836417574341558
0 0.8414956425564198 0.5026629719079709
0 0.927052721695558 0.31941368119890284
0 0.8479898221130613 0.33382533761967464
0 0.6965822937745082 0.5014451348147139
0 0.9331048558532941 0.46378764810682344
0 0.720262422591825 0.4285400291116966
0 0.7195727792470265 0.434850127339697
0 0.7171734997743293 0.44176745656825583
0 0.7130373238511226 0.448871038958472
0 0.7227883697939321 0.4504862022833998
0 0.7431449942950961 0.43968850365873813
0 0.7484000708734939 0.44077769781695025
0 0.7537057859988152 0.4412568570519028
0 0.7969871286601456 0.435318356468564
0 0.8930824776239032 0.44223329717037724
0 0.8596739674670787 0.3251624886228257
0 0.9095047810409642 0.30992355817506295
0 0.9231689963411178 0.314660006711463
0 0.7385532712634606 0.43829303286990534
0 0.863896805525832 0.46957138773439977
0 0.884771190615143 0.30497062344010134
0 0.7218571371921507 0.46389492411239475
0 0.8437936734801104 0.3230979966850174
0 0.8391497990250084 0.3543140681183973
0 0.6885981877267612 0.4558321145736203
0 0.7818675546706477 0.46595910450323624
0 0.8346262125274803 0.39754609066565166
0 0.7525321791569392 0.46737923942694143
0 0.8703203080575678 0.41414962279028583
0 0.8333543400724226 0.4148406858871631
0 0.8604653446231714 0.437978032924214
0 0.6800924960822495 0.47037546449348705
0 0.8411378900713056 0.36523404892753153
0 0.7889252664670663 0.4810161434468769
0 0.7539371704753441 0.4807885064631283
0 0.8085673707949964 0.45946901001516177
0 0.8963207185016906 0.4653093473417084
0 0.829604547109282 0.47135286521510916
0 0.897164475439973 0.4797776923293159
0 0.8246042332317256 0.4355888311602488
0 0.8492212750740695 0.3457451764942885
0 0.813593888836068 0.36968488678210926
0 0.8194039056572733 0.3786829603152449
0 0.8169534738305249 0.35946056438761265
0 0.9329192287559751 0.3082803815853696
0 0.9647307692700801 0.31432611923090886
0 0.9893581728895002 0.3234773051171076
0 1.0069190158119685 0.33390325032362417
0 1.01618141690387 0.34338429954205574
0 1.006824475300463 0.3615859637574321
0 0.9987739739538748 0.42406283957617624
0 0.9622531913000824 0.371808988039567
0 0.9363513747348061 0.3672641149255074
0 0.9165406274896131 0.35527607322740956
0 0.9047296574095633 0.34232872649401175
0 0.897877554098765 0.3331630406927328
0 0.892432254703739 0.3268156087532097
0 0.9992124227028859 0.42921702067057294
0 0.8151510098815468 0.3816568059246747
0 0.8371530303472206 0.34160227685415445
0 0.8032071921141338 0.36315919805307684
0 0.7881845564027375 0.3640538051682694
0 0.7998138100286073 0.3651821244330633
0 0.806764821211497 0.38272372447476
0 0.7844357054193312 0.36315283730250447
0 0.7798841735230216 0.3653513463605352
0 0.9113251426048923 0.3186908013680402
0 0.8922717185211584 0.31880824159340365
0 0.8760504278704084 0.32043311479879694
0 0.9946651439878005 0.34919633801911726
0 1.0073852672355588 0.3490116945167883
0 0.7753450586322994 0.24313239294106886
0 0.7953160851565091 0.2512890560035946
0 0.786359056767532 0.2324903769319465
0 0.7562644884053162 0.23508616029715337
0 0.7651592604973145 0.253537269783955
0 0.9629605895356287 0.33931064121529503
0 0.9785248921390324 0.34854619142388094
0 0.9775828553151481 0.3291178110266934
0 0.9472125723392149 0.3298210504175234
0 0.9484094004087811 0.3494364888060327
