0 0.5799169329148305 0.4004271376032789
0 0.5815360776231259 0.35683200706620843
0 0.5829493480141152 0.37028391446386066
0 0.572150416829415 0.31254269612603497
0 0.5826424255275525 0.3433166707263273
0 0.5854060553045716 0.3257175325846472
0 0.5931628839376104 0.2835836726076463
0 0.4700865711592421 0.27782836902876196
0 0.5970750192675409 0.25156761918749126
0 0.5985794206334569 0.2345612861362158
0 0.6065521045953413 0.17752386775671267
0 0.5796001698145886 0.40637070466490355
0 0.5796034117288227 0.4128361557211195
0 0.580104019445709 0.41734985452072293
0 0.5800656397760166 0.4175411125525039
0 0.5794153679398042 0.42343357572702467
0 0.5787942605682567 0.43052080615895805
0 0.5784864318773213 0.4383385446893067
0 0.5774683559368431 0.4521291251776933
0 0.581923065180517 0.3637469179656993
0 0.5653969095980568 0.3626981783313912
0 0.41422745717477194 0.22838191279009276
0 0.5198492398996394 0.2901638646085723
0 0.5019854245558066 0.2905567170692091
0 0.4849947179797329 0.2895252394492553
0 0.46296818265180545 0.2824061095547609
0 0.5351239400070931 0.28792108612067224
0 0.4939658604719468 0.2492579662916707
0 0.5153770830309341 0.2512976819811081
0 0.4741390150056107 0.25184626255382675
0 0.46166068290356344 0.25782856219956857
0 0.4487109586030622 0.2901316414109799
0 0.5081406582131165 0.46912958475054145
0 0.46410620941894465 0.2741516755909479
0 0.401074130449617 0.28218581942784016
0 0.43003938331382685 0.28031337069196194
0 0.49826575554750135 0.3433052012566425
0 0.5591973740340285 0.39724207049658317
0 0.561467492567839 0.41226131792495896
0 0.5381155631461727 0.4023380992459316
0 0.524779272481862 0.4082401588517411
0 0.5460820313118682 0.413048734017113
0 0.533923104342529 0.41469168930160566
0 0.5003816534132394 0.4285365879034796
0 0.5659781056868879 0.355849864352651
0 0.5644300150594631 0.3428069036714837
0 0.43803379065376796 0.2459811549894616
0 0.5380791745734114 0.31096978322798463
0 0.5276994841636987 0.3512907964007861
0 0.5278107686133324 0.3442948592477152
0 0.4471323378226928 0.34070785197557185
0 0.5682323464990165 0.32648603330139353
0 0.477887931440953 0.23063225280336974
0 0.4539056666792697 0.2357305130120419
0 0.43003189117345125 0.2061532596413161
0 0.5567425046792011 0.2421920676859153
0 0.5332777847217608 0.25821739109624336
0 0.48873864390930544 0.4163696773412849
0 0.41486274473023316 0.403696838296762
0 0.541191986593013 0.35906272642418785
0 0.5550718467195326 0.36344239892078045
0 0.5109179193460489 0.4180904446529741
0 0.5151787391443293 0.41798530013955276
0 0.4450787255532631 0.2278750940364282
0 0.5278554661867487 0.3573550703812714
0 0.5109962102984578 0.23127854354575234
0 0.5078140800260793 0.22117627627041495
0 0.5012613481170014 0.17973222627359278
0 0.436411352977471 0.21690714772508926
0 0.5061906468013168 0.20148339337494528
0 0.42843362745604935 0.24044103114878765
0 0.4201005549496236 0.23487430322570962
0 0.5595956317105877 0.405224497662205
0 0.5419040590147429 0.40803588204691055
0 0.5290551786684285 0.41152269332682717
0 0.545670486892326 0.36162259181340534
0 0.5130881639472543 0.41805760867121505
0 0.5205219115763274 0.4203315235319592
0 0.5175722418706629 0.41793084328248054
0 0.548221362856873 0.3547487952629057
0 0.5376034172778391 0.4167958051383662
0 0.5494211136288784 0.4163462990472297
0 0.5636319170395533 0.41655665744586484
0 0.5538259433417381 0.4503405585008509
0 0.5569809130098247 0.43654061282048373
0 0.5582456807546978 0.42880612044107347
0 0.5604635712843907 0.42196282435532045
0 0.5633876375256711 0.41675096783651355
0 0.5372344772272473 0.41695399594908
0 0.5332829028619492 0.41940319020541106
0 0.5288900452575603 0.4227106522779171
0 0.5253736276792574 0.4268824868843335
0 0.5091027026438009 0.3924330328525949
0 0.4033395775637043 0.3392993039777633
0 0.5825174841951217 0.36686698370287063
0 0.5283481860965616 0.41746004005106224
0 0.5244251252603933 0.4187714444155119
0 0.5601742112938362 0.36893123388290405
0 0.5349060552909908 0.36542594658226524
0 0.5577392273814367 0.3662602348821838
0 0.5185364305595809 0.3183278180137068
0 0.4882899578739319 0.326580217071608
0 0.5253763462923751 0.3502983866619463
0 0.4575235153300853 0.18940165981191212
0 0.46355311842910346 0.2050592895983314
0 0.4718106185962379 0.22100706690666722
0 0.513420996220806 0.4366629152905707
0 0.550807606318832 0.22460019045851143
0 0.5509927145162212 0.20300505208034142
0 0.5494326900706512 0.1764946447200134
0 0.4708414649284339 0.2870343180597663
0 0.4306104197029323 0.29873658791810526
0 0.5453375269843557 0.28515190290970627
0 0.44570287062397485 0.26402097744267194
0 0.5512797770872397 0.3026249809425418
0 0.5374770847302449 0.34645310820651654
0 0.40875751823815615 0.3066028057694101
0 0.44113464332834074 0.30794556618404656
0 0.4631254793093677 0.3128496200597587
0 0.4974885321367642 0.31145056443555014
0 0.5229756960385963 0.3069099146945804
0 0.541994271021855 0.30141603871553885
0 0.5755006926849422 0.28602475036426084
0 0.41011392749563047 0.3341753415199889
0 0.4326564760147771 0.26190972787325456
0 0.5723676889003078 0.36283331458308116
0 0.5376656645838218 0.32403757901084856
0 0.40205583058077576 0.2823126657503326
0 0.5561897710657321 0.29474055299571916
0 0.5251822781587955 0.35127245912364885
0 0.45603357494380403 0.2743903608048329
0 0.5386306190792518 0.33802101308224247
0 0.4068917965964426 0.3705895203335279
0 0.5460855923121488 0.2806733871708397
0 0.5528189077784743 0.3306686205356395
0 0.43908027801584093 0.4364599334258659
0 0.4411033090785586 0.45097248928219663
0 0.39867117001286034 0.33649779351151626
0 0.4226638497431067 0.4175748734914956
0 0.4106068516205132 0.25673673112018436
0 0.5024051503415852 0.4824069758423236
0 0.5750532319399878 0.36605685991065506
0 0.5210123468300462 0.3335709513402453
0 0.4164517038985144 0.2823579539688362
0 0.4863956588858794 0.282130541671224
0 0.5013241953047519 0.2834301297070265
0 0.5169123974530506 0.42240869998931885
0 0.4134811532019563 0.36029902426134636
0 0.5344617088258518 0.502709463363936
0 0.4829426373233272 0.4819797380965631
0 0.46252665690731903 0.4691511362540622
0 0.6021032920618098 0.20571180067810357
0 0.574790088059027 0.507586231001285
0 0.5164684211277257 0.2833418425391702
0 0.5309600457863466 0.28232131410045785
0 0.5408434169956401 0.28173449810813456
0 0.4211900678742284 0.2593150262822624
0 0.5300347983585632 0.26928374129517074
0 0.5144283763970001 0.2640116238126568
0 0.4984209781457603 0.2626366055145317
0 0.48265611081686705 0.26477139524552
0 0.4731766004351121 0.26852068626413156
0 0.40585110383697703 0.2524653711155349
0 0.47662184906156757 0.2800935083577613
0 0.5822354504201985 0.3811337784224865
0 0.5259612437793474 0.3848006326277383
0 0.5407358211807057 0.3567217984119383
0 0.5576556396006532 0.38095745845001283
0 0.5956594642204575 0.2677078222861143
0 0.4584848577714671 0.45437031967633246
0 0.47929903204682506 0.4684823459269954
0 0.5334369831321611 0.49323401648123394
0 0.426579073825969 0.4306183891470025
0 0.5410179315362802 0.2762809271405057
0 0.5609214342344663 0.30631202233939614
0 0.574297278805121 0.4979434131073351
0 0.5056977992570852 0.4935795573794207
0 0.40331676929308896 0.36517502880897845
0 0.5490484466532615 0.41654484111721773
0 0.5448854969272131 0.4205335341915697
0 0.5414284931707986 0.4257364648730815
0 0.5389344145225573 0.4324282992119883
0 0.5308713143384909 0.4443396672147329
0 0.5241360460655599 0.41629454769006297
0 0.5196018078156162 0.41495227287797365
0 0.5159069317931364 0.4133612770660251
0 0.4961205592009589 0.40351089876906876
0 0.4340187181651844 0.3682286132450531
0 0.5637898135788834 0.29332895263904285
0 0.558519009862268 0.26848282082742003
0 0.5481146604828694 0.2707559841604126
0 0.5286652682828501 0.4173536699693076
0 0.430229188457823 0.3996787547063427
0 0.5736584813031467 0.2669158739035203
0 0.5191857323742114 0.45641475264765635
0 0.5881905150187167 0.31114151310019134
0 0.5733858797117628 0.29978841459717737
0 0.5906343057060041 0.2976720893249458
0 0.5463404271924546 0.3268155493155247
0 0.5747973759843328 0.4837404173128411
0 0.5761700841570705 0.4668633007869667
0 0.5461625813934874 0.4641763231500524
0 0.481026129946427 0.43233608097589316
0 0.509367824858251 0.361417667538512
0 0.4980071937421706 0.44615998304858595
0 0.46973080298065634 0.3580532281004748
0 0.49202376239410434 0.37427822665340094
0 0.4544377745706824 0.3791313385095249
0 0.5375578262634921 0.4797301958588993
0 0.5359823835801475 0.33429274171674284
0 0.4646849294000537 0.44073823060976025
0 0.4860089265973256 0.45584870194520605
0 0.46901363794562184 0.4159517585396433
0 0.4169611566806141 0.38269457438078913
0 0.44778483049779 0.41575330896537843
0 0.40972194943246965 0.39209611718060255
0 0.4777551023014487 0.3920865207493138
0 0.5497717764307175 0.3149058693597297
0 0.5425718678200798 0.3523514217355338
0 0.5328928776053939 0.35566688468810226
0 0.5496828918215595 0.3438881324285887
0 0.5438077391325673 0.2540395327058493
0 0.5137280335783455 0.24421735404252337
0 0.48696910756549755 0.24266408492370145
0 0.46553660834891886 0.24593119573693314
0 0.45146477329328594 0.2528731269495828
0 0.44492335617542267 0.2771751411071345
0 0.3970274684424139 0.3089338367392703
0 0.4576503839422379 0.29567085185638664
0 0.47561229910025615 0.2996201186286969
0 0.4993317071584207 0.3001112940431643
0 0.5219162665464707 0.2978839507790841
0 0.5395864987675147 0.29433217281553925
0 0.5518200791083308 0.29035829061887514
0 0.40233306530155716 0.3106460019486959
0 0.533909536803825 0.3593946473271239
0 0.5583780121199692 0.31818821884336923
0 0.5537438233567693 0.35343133242858227
0 0.5638098011288462 0.360301336654428
0 0.5547409544891446 0.3556628611241402
0 0.5395751648311373 0.3635607934465595
0 0.5668298612164042 0.36170098193887235
0 0.5692988724648198 0.3648609827045633
0 0.5521807995023607 0.280907262607115
0 0.561324325040423 0.28306507221123084
0 0.5667299745203573 0.28457570080162764
0 0.4680111716945463 0.271488110933985
0 0.45471475402262646 0.26494519470953476
0 0.6044675537428272 0.3138568638002171
0 0.7341664463658876 0.2885447038488896
0 0.6013929937584994 0.3641935798133455
0 0.8112531680346541 0.24410028914276624
0 0.6792678962528454 0.2966144238533426
0 0.6970106120602491 0.2987357438946305
0 0.7149335221399234 0.2994921507955599
0 0.7415059615036607 0.29355479250935945
0 0.6647126968902878 0.2929929272383869
0 0.711148778723262 0.25737646622818056
0 0.6895946949594635 0.25801332240679015
0 0.7311708665598294 0.26123057802518207
0 0.7437178404522344 0.26819964517064454
0 0.7551853845391092 0.3034060379537214
0 0.6493262400858513 0.47692019891004267
0 0.7421603686950378 0.284754136613771
0 0.8154807518303143 0.300100633911058
0 0.7789168604315585 0.29561884613598094
0 0.682442368460104 0.3513939985040189
0 0.6022874047107334 0.39914019835763287
0 0.5998605638742447 0.4138906763381317
0 0.6260111331939697 0.4065079683182286
0 0.6418208767844655 0.41352314458173867
0 0.6181395356916677 0.41619067499283646
0 0.633043049382761 0.4189110435858494
0 0.6655068637701026 0.4363745367493616
0 0.5978982995582532 0.3571787272848669
0 0.6013221311292568 0.3442817711028732
0 0.7694235655325877 0.25884752977295084
0 0.6487238056297544 0.31556677442638814
0 0.6446513231796555 0.35632617107960357
0 0.6472531252772497 0.34937641241637263
0 0.7396971775761133 0.3536412283486011
0 0.6029940654331118 0.3278919220471582
0 0.7250513067225364 0.23950187582261756
0 0.7513883626913722 0.2466155600314047
0 0.7933259694385126 0.22029311554271633
0 0.6407790480786738 0.24648521043339364
0 0.6707943748321211 0.26383509572480573
0 0.6801938839602572 0.42522283612179157
0 0.787384331980838 0.4219504068044721
0 0.6298369493665574 0.36292779896439625
0 0.6142873247213001 0.3661423490828827
0 0.6606946122294237 0.42380843776948646
0 0.65631731326067 0.4234184758002017
0 0.7629847664873308 0.23944524531604863
0 0.6451655877793389 0.36253577896526884
0 0.689413147762355 0.23827163645533286
0 0.6931033906554371 0.22818178673084377
0 0.7168161808689938 0.18758048839261887
0 0.7776011537901962 0.2312569689183008
0 0.7023758269563506 0.20967913880234673
0 0.7824162898687371 0.2546593812333436
0 0.7964129610152184 0.25074560969483617
0 0.6014115262760895 0.40699500454907994
0 0.6220046887920878 0.4116680272320071
0 0.637549259114366 0.41624920166173235
0 0.6250512713118445 0.36520710170102055
0 0.6583942826287152 0.4236321871688052
0 0.6484829084279669 0.4252494980140227
0 0.6538064123960486 0.4231944280345233
0 0.6204382570987009 0.3577417718763111
0 0.6299927144110957 0.4205618841307504
0 0.6152846855956291 0.4190504115168788
0 0.5986519042198165 0.4180046317457151
0 0.6022602058161161 0.4528088531240362
0 0.6017222139780029 0.4384795312954932
0 0.6010224838045579 0.430595172720463
0 0.6000928712796562 0.42355136903060253
0 0.5987514080126074 0.41810859693866487
0 0.6300832582676964 0.4205780246344601
0 0.633467229609751 0.4232973526505863
0 0.6371305161136113 0.4269860820943902
0 0.6400854571207666 0.4314254605803503
0 0.65912519389064 0.3992934868950136
0 0.8141970559011532 0.35812928270892935
0 0.6413324709180035 0.42188258431538816
0 0.644762799080917 0.42341204734743476
0 0.6076022805921136 0.37119888215839697
0 0.6376132805387682 0.37028895548077856
0 0.6108375961267496 0.36877281183288213
0 0.6679327345850096 0.32462439500317186
0 0.6976900611245682 0.3355713100994335
0 0.6500773686396925 0.355793118226428
0 0.7638634784060692 0.20093221136000977
0 0.7479899686600086 0.21714288463779524
0 0.7328444090573597 0.23017658418467066
0 0.6489895660162978 0.4433390484804533
0 0.6478123171923029 0.22931438530025697
0 0.6550572296989619 0.20717124444763868
0 0.6659940188192617 0.1805749316843284
0 0.7313672959301543 0.29818414564894025
0 0.7741227329783299 0.31439240247595546
0 0.6549937698660018 0.2896187526254761
0 0.7608551096312607 0.27656715515614894
0 0.6359151045984357 0.30606604152533856
0 0.6329022430920903 0.3504433274603024
0 0.7950242730132638 0.3235333154515392
0 0.7582178251652778 0.32233427026692557
0 0.7318041119645919 0.32487401783633296
0 0.6959424651373288 0.3199533147304332
0 0.6710103322685016 0.3129026663570511
0 0.6525922772250597 0.3058597182526308
0 0.6111096361266912 0.28749934030848057
0 0.7875677171135753 0.3512019542585902
0 0.7758921799780447 0.27617901997739863
0 0.5917603858915562 0.3636826103140994
0 0.6448094366974971 0.3285816857794754
0 0.8233750427322548 0.3001528939947027
0 0.638506849103839 0.29823385053822976
0 0.652178307751563 0.3569207335887503
0 0.7501835448329459 0.2857484425149378
0 0.6351659416146419 0.34204927120222095
0 0.8042723056133286 0.38954705066707623
0 0.6561279548371391 0.2854235628489353
0 0.6195120141224519 0.33343993114824055
0 0.7398121251335626 0.4519877223407521
0 0.7398001019713245 0.46667951178483935
0 0.8088289564671899 0.35532962215714764
0 0.7648308196651281 0.43459593648670103
0 0.8066879146209749 0.2734307407998905
0 0.6543734921181755 0.49117533916852724
0 0.5903604405338754 0.36669103371329
0 0.6610323329012102 0.33964655604683053
0 0.7970871515414886 0.2996923693505322
0 0.7143517899865339 0.29212012603169396
0 0.6984513493781351 0.29190770960321616
0 0.651953518013411 0.4275692676295753
0 0.7807308518433873 0.37738723915164213
0 0.6170212539690959 0.5076862420020651
0 0.680718614582271 0.49337035517732636
0 0.7086786442919623 0.4828148819819218
0 0.6837465114231351 0.290209014083491
0 0.6701001712290043 0.28788315131216824
0 0.6608452718972154 0.2867012409602894
0 0.7912298038539001 0.2750542372966013
0 0.674561300483937 0.2751998833748473
0 0.6910701233123425 0.27088348951493324
0 0.7073605125966455 0.2706570715463462
0 0.7232406848593603 0.273740462729243
0 0.7326397345035891 0.2781005492564343
0 0.8203558760856274 0.26931672758248004
0 0.7257795376616691 0.29073162648190304
0 0.642269945723095 0.39018009139710114
0 0.629819973988875 0.36055736481642525
0 0.6076920714056442 0.38323789425924715
0 0.7124443446533589 0.46806912128330946
0 0.6850047315223308 0.4801331534773028
0 0.6172077023278811 0.4980393542962916
0 0.7648987722296252 0.4475833534860477
0 0.66201164626874 0.28158569561333213
0 0.6211038195382693 0.30877468628542765
0 0.6508225239027402 0.502258130482265
0 0.7993866642819175 0.38392007334225653
0 0.6155282120664411 0.4190902078018135
0 0.61857323744629 0.4234086943774664
0 0.6210122290794357 0.4289330476973237
0 0.6227130853425601 0.43584675615241214
0 0.6280003411357413 0.4491915535025236
0 0.6454642012652465 0.4211783912502417
0 0.6496175784098951 0.4202455718811153
0 0.6533502214568577 0.41904624920933187
0 0.6723653247839287 0.41153518024946795
0 0.7517796898189979 0.3829248424838571
0 0.6233315251547576 0.29579673853575017
0 0.6417101156359484 0.27234144179093067
0 0.6542746264974779 0.2753937775347413
0 0.6413587380813647 0.42185765671796827
0 0.753994606466736 0.4151968084463552
0 0.6218321525849371 0.26976743611801907
0 0.6394244384665027 0.46283754005151634
0 0.6080327787228275 0.301207530231369
0 0.6317527675175969 0.33047752437137423
0 0.6078942060344833 0.46749516219652
0 0.6862091920043849 0.44245143639607254
0 0.6668064118940619 0.3684474812502287
0 0.6651421356553266 0.4547529744834793
0 0.709987126825228 0.3687967913491385
0 0.6821862572356115 0.38286904443879755
0 0.7243261900632191 0.39157934357472163
0 0.6138478538909542 0.48399276876983854
0 0.6431055937889759 0.3388299575539864
0 0.7046683708575204 0.4530623145297128
0 0.6777536159829248 0.46618946944298195
0 0.7019464392450792 0.42704574183589605
0 0.7740903904166403 0.3996591456130105
0 0.7282598573195783 0.4294488500981104
0 0.7869577777536609 0.4103756076147576
0 0.6951195039326632 0.40206107455475326
0 0.6326338789634061 0.31840128274190993
0 0.6262800078603286 0.35582660167824987
0 0.6381235374177056 0.36021184704216924
0 0.6182964239190902 0.3467462502774738
0 0.6575992223079697 0.2592296874155851
0 0.6887551157534877 0.2512326574876529
0 0.7160153514725246 0.2510531464127265
0 0.7384435523159897 0.2558078890671583
0 0.7538829263504044 0.2642018528295164
0 0.7619938128608189 0.29043957123569414
0 0.8149951794479466 0.3274401498108017
0 0.7434822528422633 0.3081154114558917
0 0.7224999968009659 0.31039667972663537
0 0.6974936572811271 0.30842268224857766
0 0.6750491702858405 0.3039694987759203
0 0.6581965258604363 0.2989843839607319
0 0.6462158148298787 0.2941816013400294
0 0.8200688518049345 0.3289426503395166
0 0.6375667450297231 0.3639572532404037
0 0.618884154890157 0.32071171028941287
0 0.6122444847968057 0.3558885044410449
0 0.6022694210211436 0.36203024358976454
0 0.6124373404034079 0.3581596444300911
0 0.6318726928173741 0.36776842389787945
0 0.5980910530573205 0.3630661031946081
0 0.5966574760303216 0.3660246945228897
0 0.6489301649578513 0.2850376128816471
0 0.6371489209967827 0.2863547982288008
0 0.6284152295770524 0.28747333744827774
0 0.737970411526 0.28158213452798647
0 0.7510517907293537 0.2762200649545974
0 0.5071962528590914 0.2734651954568067
0 0.5260691714437702 0.27390986864640265
0 0.5073793827229914 0.26210300924898194
0 0.4879874260113712 0.2730354140786564
0 0.506781581396292 0.2848323648717223
0 0.7029193964185594 0.28045767558222057
0 0.7225236346953026 0.2820783393974064
0 0.7049863337212977 0.2694030376542516
0 0.6833932704060389 0.27882172684876527
0 0.7009409608217231 0.29155723174580006
