0 0.37162570988578636 0.42132471648540926
0 0.33935575897683573 0.37750631111231
0 0.3508123353060791 0.39024734327377375
0 0.28270913930884894 0.33067366604561765
0 0.3286635297260204 0.3626701722931325
0 0.31488724669072193 0.3418513109392684
0 0.28112329133955233 0.2893999298130773
0 0.09723617991566155 0.3139374922178818
0 0.25157369157684506 0.24649951777565662
0 0.23647976713844493 0.22536780168153214
0 0.18379684006363028 0.14579164020248722
0 0.374902818650636 0.4264311080584181
0 0.3787617229459658 0.4316923581549847
0 0.38173016327342907 0.4350254043565526
0 0.39142443396874116 0.4476490333269782
0 0.39617334802945453 0.4547540650814595
0 0.40221760972139703 0.4636918754622888
0 0.40868393907064127 0.47245645141262177
0 0.41876689354075664 0.480749022635418
0 0.34499839212321026 0.3842679976285706
0 0.32302911007454627 0.38802309873406715
0 -0.035022265171702906 0.26476218635359977
0 0.1788383683323357 0.3156963169645443
0 0.15368761552914287 0.321262894151898
0 0.12849314573696394 0.3250771189640991
0 0.09109594902408777 0.32136099279138963
0 0.19851657735647532 0.30914228101076463
0 0.10784101303871171 0.2760286715814086
0 0.14032472299121101 0.2727356415202185
0 0.08189991952749244 0.2839017768488801
0 0.06929782561109035 0.29355872398593674
0 0.07680117492937337 0.3353464931497087
0 0.34068520964449467 0.5152512371610775
0 0.08579069369704412 0.3107761045650514
0 -0.00046069241022761865 0.33350012254319017
0 0.042137009182056796 0.3278593382094396
0 0.20485245596758928 0.38552487589427725
0 0.3394972430502815 0.42448939660548596
0 0.35252676042826364 0.4364939291706289
0 0.31435522418233414 0.43554049256574784
0 0.30106756839319626 0.445709263585499
0 0.33168609584937114 0.4424464004036936
0 0.3177616860293135 0.44858108296513133
0 0.2909941711003267 0.4768781786428793
0 0.3182375009804335 0.3811611467408964
0 0.30390446032652874 0.36779612168439907
0 0.02583575776860684 0.28647664100956943
0 0.227697762130182 0.336246828167464
0 0.2610301494221144 0.3874706677553351
0 0.2528166545217047 0.37931488869736063
0 0.12825168034195397 0.3977493002462783
0 0.29198047179210035 0.34810725197390446
0 0.06917534234151558 0.2610783938976935
0 0.03934629450115976 0.271751278235819
0 -0.03475534551254305 0.2353254186159634
0 0.1912090839338705 0.2545555378901435
0 0.1716104928199752 0.2755770829648734
0 0.2633807418970116 0.4670869720081135
0 0.1365607280897189 0.4603589418237037
0 0.28737985484207734 0.3918996271572362
0 0.30987542509278165 0.39205251582859535
0 0.2927698189321953 0.4613368327365934
0 0.299347030462595 0.45961844624149417
0 0.020617671468086886 0.2636612641005329
0 0.2661787616678431 0.3938059656928301
0 0.11683361659824597 0.2541480036109933
0 0.10333318587093916 0.24250592385039776
0 0.03618135482450075 0.1837315985740716
0 -0.012677244119000335 0.24871658642521108
0 0.069739802477229 0.21258205387515955
0 0.007878275926103068 0.2810500499616738
0 -0.019222301898626337 0.2729482729946874
0 0.34539790105719104 0.4312568238338683
0 0.323066108651805 0.4395634654295119
0 0.3090852073979277 0.44747695266705534
0 0.2955725132035807 0.3932267447241968
0 0.2961094751639708 0.4605201320150427
0 0.3081968819667518 0.46332548295334425
0 0.3026914936706487 0.4587741113076713
0 0.2926865674020872 0.3851931527840285
0 0.3248534521976101 0.4487581163962965
0 0.3388556820430836 0.4436391459099621
0 0.3582813923368977 0.43908400340436615
0 0.3859636332163831 0.48609404773191767
0 0.376488931571381 0.47702642409119883
0 0.3718658694486578 0.46789368276494253
0 0.36861601283278644 0.45837431573358717
0 0.36731589607548615 0.45136836754469684
0 0.3302941166398897 0.4558909512075241
0 0.32694550883417894 0.46014591637879504
0 0.32322233538084394 0.4661144278369057
0 0.3210602369363801 0.4722264570980592
0 0.2712278846446975 0.4366097846206538
0 0.05215026249613943 0.39267887254626727
0 0.3477021081035147 0.3869354026314768
0 0.31795385152981753 0.45713423749306026
0 0.31311521355361377 0.459961313087038
0 0.32101023681304625 0.3960911349469657
0 0.2819081532301279 0.4004353625635801
0 0.3156825741635093 0.39410709981250874
0 0.20714252596163046 0.3503292452539555
0 0.1726205255914841 0.3693234887977229
0 0.2544888955882833 0.3863633012715042
0 -0.014075638938553726 0.20846122156824223
0 0.013881337667819318 0.22815048524917658
0 0.05231263988380191 0.2502764138886937
0 0.31795368120388645 0.4823532139844883
0 0.1675233896271589 0.23526172203808352
0 0.13424866712546046 0.20016552672267385
0 0.10094871746085364 0.1639955086923013
0 0.10613328740315095 0.3254591014461585
0 0.05753965883315364 0.3512037752079087
0 0.21041009647433767 0.30353945854295616
0 0.05115351514725745 0.3045690721464327
0 0.23840085439038175 0.32309223960727135
0 0.2694588416739355 0.3794627964567318
0 0.037563871482253576 0.36462409682969604
0 0.08002654246137111 0.36078600866514593
0 0.11558885576855785 0.361980639601376
0 0.16431721215006673 0.35066994526208084
0 0.19717834544081225 0.33775218921765454
0 0.2193421775530159 0.3261285979269804
0 0.25837331092307336 0.29772812721992303
0 0.0673888504253661 0.39687859743373954
0 0.030689441202059072 0.30558475608079033
0 0.33226978389019707 0.38626168503880076
0 0.24245472510152727 0.3518217178426179
0 -0.003846033841748781 0.328910620187101
0 0.23369785263065548 0.31474392156725395
0 0.25349014217843485 0.3869018025811174
0 0.07464539746946423 0.31316516945229167
0 0.26113448351747376 0.36938967583159676
0 0.08976547640084215 0.42627796612034774
0 0.2074474472285323 0.29771810911445573
0 0.2739410253265236 0.35712143633854915
0 0.21536996866328806 0.4951512592967295
0 0.2294809800034334 0.5050409585414266
0 0.04987440525479458 0.396462339523424
0 0.17037975549194884 0.4788324408683913
0 -0.01189465324083964 0.30128251445675236
0 0.34656433088366995 0.5272876531910925
0 0.3377476172356666 0.3883596339118297
0 0.2277395676837189 0.36736554013452494
0 0.02475651589375508 0.3337393751630862
0 0.1243004593919601 0.3150813853896244
0 0.1466249940201703 0.31228467366025114
0 0.3041804072600377 0.46688196667572784
0 0.09861053985382434 0.42429668877896887
0 0.4056020238228488 0.5374225427530273
0 0.3200065818014024 0.5275016354213548
0 0.2800872933261002 0.5188356927846816
0 0.20943492374339687 0.18560370389252795
0 0.4586059017271935 0.5311818821433034
0 0.16805092688602738 0.307760148285971
0 0.18762904103798203 0.30276578502157264
0 0.20106207947187785 0.2998775314464546
0 0.012402813960228288 0.3045197132784842
0 0.1759997542145886 0.28861507034528017
0 0.1496962355096129 0.28683508375785527
0 0.12542595421966118 0.28963286483556494
0 0.10448860128720601 0.29599614874465324
0 0.09396893112971309 0.30243169808868553
0 -0.024878258317834717 0.29448136054465496
0 0.1085673206591908 0.3151762759841068
0 0.3597751507527718 0.40223240244289593
0 0.2878232132407683 0.42373685678411915
0 0.28487413329414174 0.38960759156115116
0 0.328204671667598 0.4100534473308323
0 0.26654787688567166 0.26726130969725187
0 0.2613775007709672 0.5086462664575905
0 0.30269503266499515 0.5179038401317483
0 0.3966059380442784 0.531242666154004
0 0.1841756827846358 0.4867885050541707
0 0.19688012366053426 0.2938826943207466
0 0.2587689212857419 0.32579895723191304
0 0.45213279719091165 0.5245659365489955
0 0.3610905211434586 0.5347941408236538
0 0.08530259635378037 0.42665257572703513
0 0.3469188359216296 0.45394769201357876
0 0.34529298028362454 0.45994527286199205
0 0.344724129523909 0.46803810107184757
0 0.34654760109221383 0.4767134989990741
0 0.34975445987303044 0.4860379350850025
0 0.30771756587149224 0.454303334757668
0 0.3003710678106622 0.45459155227507275
0 0.293780135580256 0.45417143908259705
0 0.26305254275285744 0.45185275420033916
0 0.13733853091670492 0.4302730515051284
0 0.24775958300139833 0.309159756413841
0 0.21567487100508645 0.2816982157572591
0 0.20268460429167445 0.2861010324064099
0 0.3143282369848042 0.45362514278642646
0 0.16483970586886385 0.4619923151260593
0 0.23519821590763607 0.27761088500809133
0 0.3433450193847785 0.5007594285062199
0 0.3036324687396424 0.3241432964589672
0 0.27096140026291715 0.31526672034076947
0 0.29296408511918304 0.3075810324396244
0 0.25865855008237976 0.35357865715931885
0 0.4424278527372497 0.5126918363401474
0 0.4301828565979809 0.49620755032712455
0 0.3873117061858439 0.5022905383387212
0 0.26960170727993366 0.4851576081374362
0 0.2400157713185886 0.4026203789037883
0 0.3051336647211751 0.495142085413633
0 0.17942722292640542 0.41078662631916124
0 0.22805001508083023 0.42191322390012187
0 0.1791296635247484 0.43735424804800627
0 0.39018056261891554 0.5192505717984581
0 0.2515893426374041 0.36462086064394117
0 0.2564580336778979 0.4963227022585071
0 0.2987467261809337 0.50639067312718
0 0.23713571122427027 0.47144363783432497
0 0.12728322602274045 0.4464133731835253
0 0.2077879476899336 0.4754294367730264
0 0.12313406741568811 0.45412148925898904
0 0.2259171559212077 0.44493967047224126
0 0.2505411190071186 0.33835330368643834
0 0.28280278072075504 0.3845045768776257
0 0.27305269989534775 0.3907833119162744
0 0.2844144803813741 0.3731865659444499
0 0.1830749419922567 0.2694349712465723
0 0.1319466175409309 0.26628942683356793
0 0.09211943754415472 0.27126812977298725
0 0.06392339903091077 0.2799872302782776
0 0.05014094641188529 0.2909141692685346
0 0.061068320073155914 0.31993133034711774
0 0.020518579626385168 0.36561445409292853
0 0.09424236102446222 0.34032217095896583
0 0.1232253053394551 0.3409556754260442
0 0.15787819172511122 0.33476544303260525
0 0.18837363030840074 0.32557242422907096
0 0.21032173516629618 0.3167375808367384
0 0.22423276493820962 0.3091871936408933
0 0.02263364918875795 0.36043970864862734
0 0.27725931511649604 0.39442765104671673
0 0.26795633986026424 0.34077079072683025
0 0.2995871143250526 0.38227242478837886
0 0.3186814082071248 0.38610930290086415
0 0.3022646379621723 0.38407087170497944
0 0.2878641860897531 0.39712679881076657
0 0.32401278017693935 0.3867620837787434
0 0.32973389572735073 0.38903999272048967
0 0.2163889530087322 0.29708029911328604
0 0.2315356406355709 0.29831977232778056
0 0.24003164948038913 0.30000928641779706
0 0.08902312029263139 0.30696762046497206
0 0.06525724032257177 0.302994597424816
0 0.3279813175965965 0.321588426298094
0 0.4832467270802848 0.23563731657087025
0 0.368047616275554 0.37866230480470126
0 0.5146092571286712 0.15249902914992997
0 0.41648017329002734 0.2671471426919686
0 0.44353455493721783 0.26292166902218567
0 0.468538590875859 0.2569535796752604
0 0.4961444878879982 0.23880651328063096
0 0.39186152815818787 0.26857294985408037
0 0.4198632626342371 0.21217844523003376
0 0.39008866231652756 0.22179906266439853
0 0.45127178068402446 0.20779178136891177
0 0.4749679784231548 0.2096777882157413
0 0.5211917866131425 0.245222912847218
0 0.5266901347707595 0.479018451197433
0 0.4889104806421175 0.22800843076490987
0 0.5765739065685352 0.21822120604565984
0 0.5387084081706115 0.22642034999274982
0 0.46410822415653663 0.3333987032957066
0 0.4013648445596172 0.413008366332501
0 0.40626883091805854 0.4263968044894163
0 0.4362504340173826 0.41325687725773064
0 0.4597784632871926 0.41609737598740476
0 0.4312236237375042 0.4239735767369027
0 0.45109055389331865 0.42364883253158625
0 0.5114180304833102 0.432526140309172
0 0.3601282174828686 0.3727414074883059
0 0.35394909550369036 0.3577181889917503
0 0.49371450460409816 0.19011265336406613
0 0.38564254991112884 0.3043490396558461
0 0.41704637453525883 0.35564230246334594
0 0.4142931504843104 0.34651817220527226
0 0.5426301438094191 0.31486433581808143
0 0.3402544742898096 0.3383473097076054
0 0.42103506719009787 0.18894106969856
0 0.46130004160514865 0.1850669050980293
0 0.4725607052634034 0.13142172318760612
0 0.31372647547017674 0.229527383795271
0 0.36960072381586967 0.235321858811633
0 0.5195591179378928 0.41531883411701603
0 0.6418725157840343 0.3614897242927325
0 0.40239989631789647 0.36818207201160147
0 0.38513649264468425 0.376402265236471
0 0.48912652962318454 0.4233713084975454
0 0.4821432421479044 0.42449859862932815
0 0.46497586444963385 0.1725501124686335
0 0.42192409285010163 0.36202580549821595
0 0.37256969404622975 0.20177838542141807
0 0.36634057194371766 0.1888840846885283
0 0.34553874167711923 0.12051864754969822
0 0.46685524077355106 0.15153050910535656
0 0.3505394731644337 0.15556863576067725
0 0.50077701256245 0.18000165529522608
0 0.5077025027717719 0.16669372781174321
0 0.4047000155418734 0.42008275281492075
0 0.43418067115268627 0.41898959740766567
0 0.4559178557325516 0.41991095356245484
0 0.39789095256901996 0.37202137022821646
0 0.4855955216703536 0.42399240289577245
0 0.4788722651165749 0.430454559314859
0 0.4784671543519708 0.42508856936281686
0 0.3878606098865155 0.36574494273071473
0 0.4463978473898731 0.42610850254977445
0 0.4278604436021314 0.4270897703521475
0 0.4061445686887588 0.4300947235996613
0 0.4508866548286712 0.47309004030193724
0 0.4404232300786529 0.46478213237273736
0 0.4319216572534183 0.45638251375331856
0 0.42291849348615496 0.44798227603749446
0 0.41558849811553955 0.44224947146532234
0 0.4520642126159829 0.4328515036108938
0 0.4599643456533488 0.43465577566185315
0 0.470152977901169 0.4377626265495273
0 0.47938948819405924 0.4414658361199629
0 0.4724653984423931 0.39559923471222286
0 0.6212294292852345 0.279985626255773
0 0.4636775645022654 0.42942086530325674
0 0.47102542517054435 0.42972335017872876
0 0.38179730954049507 0.3836028629633314
0 0.4186537971224966 0.3724424120653001
0 0.3832984108965105 0.3801591673496921
0 0.41950342071710256 0.30756594899993206
0 0.47034578685519063 0.30958842439300793
0 0.4228798105746885 0.3522278732252291
0 0.41880444094601565 0.11980616607982776
0 0.4163130646265006 0.14658390068640206
0 0.41929842399645456 0.17527852660820578
0 0.497986051855208 0.4461839416838767
0 0.3048946217394076 0.20739896469975988
0 0.28467036670521845 0.16956385874663382
0 0.2698772000109596 0.12940729604779896
0 0.4884515468832813 0.24854377410590012
0 0.5550899020227199 0.2504075638340037
0 0.3746772314174266 0.26840514658750303
0 0.5022938596045418 0.21163404843419756
0 0.36019278993586445 0.29841349508131665
0 0.39856321009402534 0.35327769188411434
0 0.5803698281195596 0.25649446340925186
0 0.5478235707001344 0.266540020173979
0 0.5195185803662875 0.28090639145490254
0 0.4670552412668864 0.2898320168928461
0 0.4251204292733961 0.2914476896661598
0 0.39225206659312994 0.2906857226949852
0 0.30965103014109 0.2873580795165907
0 0.5973525346582952 0.2915767712666612
0 0.5172285671475567 0.20567195306610525
0 0.3571915713292134 0.3811971106138942
0 0.3919144427474541 0.32149612465221544
0 0.5795344362027535 0.21166695903628746
0 0.36518765464110714 0.28752582650167663
0 0.42579223259591853 0.3519411190266004
0 0.4993599386657844 0.2260438690264737
0 0.39383322113676916 0.3424630626099248
0 0.6355238248778798 0.318877684546818
0 0.3704404306562641 0.2627096988552406
0 0.36673727996238675 0.3384260475140591
0 0.6101388644568527 0.41840542366779004
0 0.6188238972350012 0.4296138545372308
0 0.6198290851800251 0.28384484812033983
0 0.6282465548454961 0.3894167410238499
0 0.5415084907777199 0.19009140710106665
0 0.5401707509147466 0.48993238916317905
0 0.35694319827144155 0.3843728500470289
0 0.423314330950065 0.32789206589668246
0 0.5597660679857439 0.2239051442129332
0 0.4611863774337849 0.24787431983619682
0 0.43871247642653904 0.2536994964061117
0 0.4862075216659514 0.43152373880678224
0 0.609306841208462 0.32306317021696873
0 0.5081741920503383 0.5175481692469134
0 0.5681311151146385 0.47937274318572887
0 0.5923673217558156 0.45843194798076986
0 0.4155443647742774 0.2572276846086993
0 0.3931478674401714 0.2597605627768122
0 0.3784560825251326 0.262207175488998
0 0.5293672042053963 0.19831199429637597
0 0.3856681745012098 0.24562844913342385
0 0.40454252083090286 0.23518848574741313
0 0.42766937575762787 0.2283910323433746
0 0.4531603546082219 0.22499058905586794
0 0.47050347081719573 0.2254265314177969
0 0.5480702783488021 0.17815596006660417
0 0.4749593485759783 0.24158335764354374
0 0.4432756973721307 0.3920100795840878
0 0.40080110357783516 0.36574350755268425
0 0.3940607387305312 0.3965791517588026
0 0.5883524367577919 0.4454000812125517
0 0.5654562788422097 0.4672150124010242
0 0.5038180874369819 0.5105647336545788
0 0.6353304860209614 0.3988835692829933
0 0.3746161790336738 0.2565217599325757
0 0.34412007807176326 0.308550734395517
0 0.5417489909924535 0.4997051073280235
0 0.6314665097979051 0.31919291718008963
0 0.4357117498725778 0.43718016939513904
0 0.4443499240945663 0.4409950414444911
0 0.45472432515792205 0.44685203112741384
0 0.46457158638958185 0.45383701446076163
0 0.4784132556573248 0.4601131605508064
0 0.467507399838685 0.4239271726472522
0 0.47299802655409157 0.42166572604173724
0 0.47734678822730664 0.4192122188468562
0 0.49869721939292133 0.40389521096524816
0 0.5805548020807499 0.3419801392730586
0 0.33399885704245746 0.2917898248523156
0 0.3385782778766085 0.2560757853948066
0 0.3580282501530547 0.2536055625969829
0 0.46196499404021957 0.4257611331849194
0 0.603921135266622 0.3751255758857953
0 0.3112738956127489 0.26217596740202265
0 0.5044028731338083 0.46904002418156054
0 0.3197906274458527 0.3054096362203324
0 0.37850142707301593 0.3293803736549821
0 0.47119567540124496 0.48575844119876305
0 0.5415970981121063 0.43141542507660346
0 0.45630854556832134 0.35889950935526677
0 0.5271541026071154 0.45136932433005045
0 0.5168372338582695 0.3431525390201899
0 0.4903321344138198 0.3690811406958004
0 0.5528123793722708 0.36269065875599815
0 0.4913231663814577 0.49963368611545045
0 0.39914080425153803 0.3346184076363506
0 0.5710485333631813 0.4348338784413547
0 0.5500523801342847 0.4574878822442051
0 0.5489249738711345 0.4095040555526353
0 0.6165830135848451 0.3496434834221221
0 0.5828620749938337 0.40141103035755993
0 0.6368657282636135 0.3534817122904007
0 0.5215828928011882 0.3854926828812026
0 0.367621687897147 0.31464768021697814
0 0.39427428959794186 0.3618166353354675
0 0.4115656267238569 0.3624460593944201
0 0.3770969572952528 0.35446233285562284
0 0.347944992881284 0.23600510204672673
0 0.38357112163732826 0.21529117753355811
0 0.4212937733543573 0.20384193223283525
0 0.45578087583372867 0.19928140077443876
0 0.48313650727775026 0.20140470445933856
0 0.5159449909306779 0.2268744009245333
0 0.6022447117521793 0.25006419045503736
0 0.5136424114432516 0.2556997968915801
0 0.4898728600031213 0.26735484953594096
0 0.45481259184044626 0.27497608105907234
0 0.419153306303145 0.27848723004014186
0 0.39020194798582214 0.27932029460531393
0 0.36862358287416935 0.2786916725576136
0 0.6018371785743327 0.2449506229918764
0 0.4134494315219831 0.36649252978083924
0 0.3533378525122309 0.3235908091987438
0 0.3767090305245878 0.36674067487637485
0 0.36831934291099194 0.3760700074520541
0 0.37835097250053146 0.3687357130423984
0 0.409143970485478 0.37211747087476377
0 0.3644595680609031 0.37852835485519465
0 0.3639774321252284 0.3818737829848682
0 0.3612326486704219 0.2657429898336689
0 0.34773023080725207 0.2735649211550947
0 0.3395056836464234 0.27925709049048375
0 0.4808046695803791 0.226640973438996
0 0.4918299428018337 0.21502416406803426
0 0.14616749856919678 0.29859975867706967
0 0.1752223298896717 0.29338273176236224
0 0.13624691202419217 0.2847308454281636
0 0.11671522115101794 0.3038402831144322
0 0.15557734388465116 0.3124718940413578
0 0.42724674034722243 0.24138741363127178
0 0.45681047716221224 0.23502151263283383
0 0.4162357366537746 0.2277862736480233
0 0.3975490137997559 0.2477067839067036
0 0.43819854631705624 0.25502987829957285
