0 0.4147673726081848 0.7299737476743757
0 0.3683736979961395 0.6695468201301992
0 0.3855091392993927 0.6862963220104575
0 0.32172936797142027 0.6059581716544926
0 0.35719587951898574 0.6490804195404053
0 0.34543090909719465 0.6201621579006314
0 0.3181808203458786 0.5454586003441364
0 0.1813436508178711 0.5966239262372255
0 0.2870637997984886 0.47596790390089155
0 0.27128150761127473 0.4449946925509721
0 0.22638704478740693 0.35032969396561386
0 0.4189824551343918 0.7368269579485058
0 0.42424002289772034 0.744195111375302
0 0.4286169528961182 0.7491017089225351
0 0.438259482383728 0.7655089162290096
0 0.44312611818313596 0.7746454414911568
0 0.44954936802387235 0.7857846152037382
0 0.45655221343040464 0.796311149187386
0 0.45643163919448854 0.8036340011283756
0 0.3756525725126266 0.6788449594751
0 0.36157685816287993 0.6861028805375099
0 0.08291504681110382 0.5383349135518074
0 0.2456529751420021 0.5947568819858133
0 0.2280569553375244 0.6048778794705868
0 0.20984493494033812 0.6119437852874399
0 0.17823566794395446 0.6065207808278501
0 0.25963040739297866 0.5833928522653877
0 0.18639283627271652 0.5345399476587772
0 0.21028789281845092 0.5287370787933469
0 0.16791031062602996 0.5477034634910524
0 0.15928236842155458 0.5636351177934558
0 0.17259095460176468 0.6274571233429015
0 0.40311514139175414 0.8541685404255986
0 0.17070866227149964 0.5908970602788031
0 0.12254148423671722 0.6308828089386225
0 0.1455532804131508 0.6173988047987222
0 0.27801366746425626 0.6899985080584884
0 0.3922783434391022 0.7368723720312118
0 0.4068076372146606 0.7525507020764053
0 0.37807169556617737 0.7536917965859175
0 0.37252652645111084 0.767842224240303
0 0.3944611370563507 0.7614845904521644
0 0.38705785274505616 0.7699910985305906
0 0.36355203986167905 0.8110731281340122
0 0.3530017778277397 0.6764572671614587
0 0.33950411826372145 0.6584230721928179
0 0.13052095472812653 0.5540011581964791
0 0.289079549908638 0.6178741513751447
0 0.3174707666039467 0.6891291098669171
0 0.31111731082201005 0.6780269430018961
0 0.22272520884871483 0.7125095182098449
0 0.3291327342391014 0.6309119340032339
0 0.1606257975101471 0.5110848312731833
0 0.139719657599926 0.5298765406478196
0 0.07741247862577438 0.4960950687993318
0 0.24962190985679628 0.4959686787799001
0 0.2343231439590454 0.5328223194926978
0 0.3417251527309418 0.8006561884656549
0 0.2534214571118355 0.7978010313585401
0 0.3382576435804367 0.6935919255018235
0 0.35450057983398436 0.6926054265350103
0 0.37351826429367063 0.7886446139775216
0 0.3780754327774048 0.7857851406559349
0 0.12552427053451537 0.5192556504625827
0 0.32382417321205137 0.697693117428571
0 0.19485566914081573 0.4979472314938903
0 0.18444065153598785 0.4811546425335109
0 0.11950118094682693 0.4167108956724405
0 0.09275533705949783 0.5106113237794488
0 0.14446090012788773 0.4508573691360652
0 0.1165674865245819 0.5471164958551527
0 0.0943015918135643 0.5464682942721992
0 0.3990674465894699 0.7456458848901093
0 0.3862370103597641 0.7582339179702103
0 0.37937335968017577 0.7693431409075856
0 0.34478237181901933 0.6950345920398832
0 0.3759035229682922 0.7872233783826232
0 0.384051987528801 0.7898530414327979
0 0.38036195039749143 0.784387287683785
0 0.3385238543152809 0.6842467581853271
0 0.39296382665634155 0.7697028504684568
0 0.4008225917816162 0.7628361285664141
0 0.4128446102142334 0.7559939152561128
0 0.4327842056751251 0.8139552709646523
0 0.4326325535774231 0.8045815415680408
0 0.4272094666957855 0.7935439677909016
0 0.42314587235450746 0.7814215979538858
0 0.4214119702577591 0.7719149666838347
0 0.39783734679222105 0.7790304151363671
0 0.39558210372924807 0.7849954610690475
0 0.39354132413864135 0.7926534389145672
0 0.3929335027933121 0.800300607457757
0 0.3380569487810135 0.7579720551148057
0 0.17900943458080293 0.7087233724072576
0 0.380234295129776 0.6823671030811965
0 0.3901975691318512 0.7811460733413697
0 0.3869940906763077 0.7853170378133655
0 0.363421368598938 0.6972936236299574
0 0.33739405274391177 0.7060888301581144
0 0.3590137869119644 0.6949862879700959
0 0.27578963339328766 0.63978141695261
0 0.2516800969839096 0.6691706714220345
0 0.31477615535259246 0.687882662191987
0 0.08693189322948455 0.45592974685132504
0 0.10681429952383041 0.478651200607419
0 0.14768076986074447 0.4963967346586287
0 0.382798907160759 0.8153841256164014
0 0.230708310008049 0.4674744007643312
0 0.19232054501771928 0.4282969852443784
0 0.1647968366742134 0.3837126478552818
0 0.1917058065533638 0.6132684878073633
0 0.16125374734401704 0.6515117994509637
0 0.26796165108680725 0.5739019470289349
0 0.14878429621458053 0.5815494533628225
0 0.2945113077759743 0.5979243453592062
0 0.3200743407011032 0.6773439302109182
0 0.1523044541478157 0.6727754611521959
0 0.18057934194803238 0.6641746344044804
0 0.20796398669481278 0.6641699803993106
0 0.24142938554286958 0.6452424040995538
0 0.26322886645793914 0.6246831110678613
0 0.27816771268844603 0.6063557137735188
0 0.3029129847884178 0.5589905895292759
0 0.17922963500022887 0.7163707661442459
0 0.13527617901563643 0.5835152826271951
0 0.3662850886583328 0.6827212578617037
0 0.3012235850095749 0.6391806749626994
0 0.12325871735811234 0.6236499594524503
0 0.28785931766033174 0.5885200271382928
0 0.3152470767498016 0.68871009927243
0 0.16424569636583328 0.5942302287556231
0 0.31361581683158873 0.6631551070138813
0 0.21280238032341003 0.7532426850870252
0 0.2641692668199539 0.5659167625941336
0 0.31883117705583575 0.6449119322001934
0 0.31076317727565766 0.8408852590247988
0 0.3251680940389633 0.8530358906835318
0 0.17103027552366257 0.7169643769972026
0 0.2760313391685486 0.8228358259424567
0 0.10627509206533432 0.5866032901220024
0 0.408873462677002 0.8697662886232138
0 0.37250125110149385 0.6853642073459923
0 0.29316006004810335 0.6625141679309309
0 0.13311484158039094 0.6260715434327722
0 0.20483008921146392 0.5984575292095542
0 0.22184500545263292 0.5927180148661136
0 0.38180989027023315 0.7945638705044985
0 0.20814020931720734 0.7525126443244516
0 0.45437328815460204 0.8786311926320195
0 0.39125585556030273 0.8739624748006463
0 0.3622998774051666 0.8664053087122738
0 0.2494799941778183 0.40107597173191606
0 0.4949535340070724 0.8653045614250005
0 0.23688288778066635 0.5841989334672689
0 0.2507081925868988 0.575089093670249
0 0.26015114188194277 0.5696084583643823
0 0.12141404300928116 0.5827193351462483
0 0.23815927654504776 0.5542835699860007
0 0.2173602618277073 0.552133325766772
0 0.19919183403253554 0.5566017149481922
0 0.18376775681972504 0.5667624591384083
0 0.17619819939136505 0.5772836447693408
0 0.09711064696311951 0.5789459878578782
0 0.19162165373563766 0.5989621134474874
0 0.3957012355327606 0.7023649129085243
0 0.34633900225162506 0.739133580494672
0 0.33524935245513915 0.6906690976582468
0 0.3727803289890289 0.7163020445033907
0 0.30439324826002123 0.5111464030109346
0 0.3458824396133423 0.8542509238235653
0 0.37656392753124235 0.8617326499894261
0 0.4463447093963623 0.8708989383652807
0 0.2916126251220703 0.8316710794344544
0 0.2554132595658302 0.5611811997368932
0 0.3065626993775368 0.6004197553731501
0 0.4873686671257019 0.8564273843541741
0 0.4209823220968246 0.8795282145962119
0 0.2031547859311104 0.7569933628663421
0 0.40798158049583433 0.776092987228185
0 0.4071675896644592 0.7842950332909823
0 0.40783877968788146 0.7946310157887637
0 0.41075200140476226 0.8052224431186914
0 0.40600571036338806 0.8173993473872543
0 0.38216030299663545 0.7779286544770002
0 0.37625518143177034 0.7790625803172588
0 0.37091444432735443 0.7792067794129253
0 0.3369945973157883 0.7796755578368902
0 0.23685539960861207 0.7574475787580013
0 0.2980652809143066 0.5767676507122814
0 0.2695595383644104 0.5399503787979484
0 0.25951173454523085 0.5480798373930156
0 0.3872069150209427 0.7763784954324364
0 0.2660222351551056 0.7995709044858813
0 0.2857743963599205 0.5310533096082508
0 0.40365474224090575 0.8357230289839208
0 0.33642291873693464 0.5950838258489967
0 0.31264476478099823 0.584226106852293
0 0.3279257297515869 0.5715720732230694
0 0.3110151767730713 0.6404733248986304
0 0.4773954272270203 0.8411837909370661
0 0.46631331741809845 0.821358104236424
0 0.4359860122203827 0.8335892802104354
0 0.3474046319723129 0.8230820002965629
0 0.30772102177143096 0.7120419032871723
0 0.37473141551017763 0.8322790651582181
0 0.26339561492204666 0.7271293248049915
0 0.3026660829782486 0.7396829032339156
0 0.2693068504333496 0.7641904065385461
0 0.43981694877147676 0.8552323559299111
0 0.309207546710968 0.6568543346598744
0 0.33898494094610215 0.838267681375146
0 0.3711479216814041 0.8466207949444652
0 0.3207742810249329 0.8078122093342245
0 0.23494774997234344 0.7811991815455258
0 0.29921678453683853 0.8148801043629647
0 0.23673931658267974 0.7925841918215155
0 0.30705619156360625 0.7717982787638903
0 0.30403904914855956 0.6192190838046372
0 0.3305997535586357 0.6838449749164284
0 0.32665674984455106 0.6930546130985021
0 0.32757357954978944 0.6674112698063255
0 0.24338071793317795 0.5218968734610826
0 0.2051182806491852 0.5180088462308049
0 0.17635281831026078 0.5266721642576158
0 0.1567208871245384 0.5416165689472109
0 0.1470702439546585 0.5597807195037603
0 0.15730562955141067 0.6051688298583031
0 0.14377099126577378 0.6751346289180219
0 0.1865207701921463 0.634191806614399
0 0.20928592681884767 0.6340150670148432
0 0.23365306854248047 0.623261387553066
0 0.2544023931026459 0.6079585681669414
0 0.2694780081510544 0.5934034672565758
0 0.27912376672029493 0.5812941586598754
0 0.15095109194517137 0.6653708638623357
0 0.33153987526893614 0.6978378795087338
0 0.3136374533176422 0.621550627797842
0 0.34043114334344865 0.6796561450697481
0 0.3570546358823776 0.6836347565054893
0 0.3444434002041817 0.6820954442955554
0 0.34043335616588594 0.7010656572878361
0 0.3604943618178368 0.6841433566994966
0 0.36663432121276857 0.6870239231735468
0 0.27137536406517027 0.5637701590079814
0 0.28345766961574553 0.5644338989630342
0 0.2912161201238632 0.565807205811143
0 0.1727783724665642 0.5846852394752204
0 0.15708275735378266 0.5788210428319871
0 0.3561551317572594 0.5890932954847813
0 0.4762139767408371 0.46188208810053766
0 0.3968342661857605 0.6688617430627346
0 0.5224142670631409 0.3192135971505195
0 0.43079112470149994 0.5131759996525943
0 0.44917105734348295 0.5046580254565924
0 0.4669785737991333 0.49247526614926757
0 0.4897315353155136 0.46350890686735513
0 0.4136315882205963 0.515457531856373
0 0.41704031825065613 0.42592507526278495
0 0.3974002242088318 0.44086538893170657
0 0.4414148360490799 0.41810343782417475
0 0.46229860186576843 0.4199722273275256
0 0.5138163208961487 0.4677449148148298
0 0.5437391221523284 0.7885183177888393
0 0.4809988528490067 0.4501353602856398
0 0.5773445188999176 0.4087886341381818
0 0.5321660280227661 0.4359071281738579
0 0.4772988498210907 0.5924121641553939
0 0.4354499846696854 0.7160568459890783
0 0.4440557658672333 0.7347074339166284
0 0.46401709616184234 0.7134858459234238
0 0.484321528673172 0.7152261811308562
0 0.46320425271987914 0.7291580582037568
0 0.4791946649551392 0.7268179943785071
0 0.5312484771013259 0.7285973256453872
0 0.38487807512283323 0.6610808469355106
0 0.3777392476797104 0.6397472625598312
0 0.48299665451049806 0.38436769908294083
0 0.40954681634902956 0.5584852921776473
0 0.43554154634475706 0.6311608482152223
0 0.4333329200744629 0.6178019016981124
0 0.5422912478446961 0.5567529513500631
0 0.3658013492822647 0.6128365661017596
0 0.4128035992383957 0.3863340350333601
0 0.44905202388763427 0.3788033292163163
0 0.478453254699707 0.2945254321210086
0 0.33444649130105975 0.45120994755998256
0 0.38631290197372437 0.46180109339766207
0 0.5363777995109558 0.7043322059325874
0 0.6457337141036987 0.6099659832194447
0 0.42565288543701174 0.650769898481667
0 0.41289398074150085 0.6638035150244832
0 0.510387659072876 0.7237495412118733
0 0.5052634179592133 0.7258227879181505
0 0.45612322092056273 0.357910073781386
0 0.44193847179412843 0.6397679053246975
0 0.3744689255952835 0.4070801450870931
0 0.36793077290058135 0.3879847806412727
0 0.3590239003300667 0.29473553793504836
0 0.4684804409742355 0.32272164737805725
0 0.3638306260108948 0.33978399974294005
0 0.4953616112470627 0.3663689533714205
0 0.5085929453372955 0.3410497953183949
0 0.4403470754623413 0.725635501742363
0 0.46386288702487943 0.721624274738133
0 0.4820007860660553 0.720928275771439
0 0.4231029272079468 0.6566433280706405
0 0.507749417424202 0.7248979169875384
0 0.5038349509239197 0.7339101728051901
0 0.5025912463665009 0.7268396129831671
0 0.41057041883468626 0.648900977615267
0 0.47681855261325834 0.7305723503232002
0 0.462168225646019 0.7340740388259291
0 0.44596230089664457 0.7403390804305673
0 0.48197728097438813 0.7903080079704523
0 0.47981858253479004 0.7830438565462827
0 0.47135334014892577 0.7731137483380734
0 0.46262790262699127 0.763028594199568
0 0.45567495226860044 0.75604841215536
0 0.4829735428094864 0.7397680640220642
0 0.489709210395813 0.7414570925757289
0 0.49819307327270507 0.7443960217759014
0 0.5062054574489594 0.7481708703562617
0 0.49271032214164734 0.6815662013366819
0 0.6261455148458481 0.4925684776157141
0 0.4920949935913086 0.733805307559669
0 0.49764386713504793 0.7336998417973518
0 0.41097098886966704 0.6741015148349107
0 0.44244060218334197 0.654683053586632
0 0.41181094348430636 0.6691727356985211
0 0.43848269879817964 0.5598817189224065
0 0.48056156635284425 0.5572498789988458
0 0.44233107566833496 0.6251707307063044
0 0.4258727252483368 0.2842994943261147
0 0.42188957929611204 0.3200119654648006
0 0.41243705749511717 0.36480552665889265
0 0.5202732056379318 0.7484405399300158
0 0.3234583854675293 0.4185375927016139
0 0.3094195187091827 0.369043598882854
0 0.2949539378285408 0.3172041553538293
0 0.48284231424331664 0.4783545640762895
0 0.5445139378309249 0.4709521999582648
0 0.4007691562175751 0.5151162318885326
0 0.4920396566390991 0.4193972512613982
0 0.38705227971076966 0.5521047261543572
0 0.4179188907146454 0.6293186503462493
0 0.5759027421474456 0.4667533114552498
0 0.5341342270374299 0.4966343516483903
0 0.5069017589092255 0.5201707442291081
0 0.46462655663490293 0.5374199323821813
0 0.43340163230895995 0.5426762746647
0 0.4077994406223297 0.5429784284438938
0 0.34127532690763474 0.5398676576092839
0 0.5919471800327301 0.5162990998476744
0 0.5089493572711945 0.40655887774191796
0 0.38555631339550017 0.6734669937752187
0 0.41541227102279665 0.5827332220971584
0 0.5877137064933777 0.39600841691717503
0 0.3857754647731781 0.5390603753738106
0 0.4466543078422546 0.6240536568686366
0 0.4917797565460205 0.4436360795982182
0 0.41396980583667753 0.6137475500814616
0 0.6397983014583588 0.5481102760881186
0 0.3975143074989319 0.5074685003608466
0 0.38917645812034607 0.6104470347054303
0 0.6152850151062011 0.6960993083193898
0 0.6263276875019074 0.7102226376533508
0 0.6177520662546158 0.5009256446734071
0 0.6299911379814148 0.6532115997746587
0 0.5429780751466751 0.37167637711390855
0 0.5571138799190521 0.8013896071352065
0 0.3876237452030182 0.6779213271103799
0 0.44290145933628083 0.5888769593089819
0 0.5561128318309784 0.4284904830157757
0 0.4594412088394165 0.482482028612867
0 0.4441639482975006 0.4938593635335565
0 0.5098389774560929 0.7345374125987292
0 0.6052567660808563 0.560497755324468
0 0.5343590497970581 0.8422945218160749
0 0.5842766851186753 0.784456797502935
0 0.604529058933258 0.7530765671283006
0 0.4293834090232849 0.5010164165403694
0 0.41498672068119047 0.5047517248429358
0 0.4047055870294571 0.5072334355674684
0 0.526391151547432 0.39188778325915335
0 0.3989594608545303 0.4789731526747346
0 0.40836153030395506 0.46214002883061767
0 0.42364223301410675 0.45140440240502355
0 0.4439331263303757 0.44534396813251076
0 0.4596946507692337 0.4455976489465684
0 0.5569735705852509 0.3514223718084395
0 0.4693823218345642 0.4716205751523376
0 0.46666733622550965 0.6797137196175754
0 0.42310004234313964 0.64755983594805
0 0.42364875674247743 0.6912146671675146
0 0.5980387032032013 0.7358689459972083
0 0.578284066915512 0.7678710865788162
0 0.5280720442533493 0.8335170680657029
0 0.6402107059955597 0.6649010720662772
0 0.3969391703605652 0.4971243733540177
0 0.37137959599494935 0.5684326840098948
0 0.562000185251236 0.8147860484197735
0 0.6306316435337067 0.5511271035764367
0 0.4705258756875992 0.747263864800334
0 0.4782539695501328 0.7514649301767349
0 0.48753743171691893 0.7580916330218315
0 0.4967459857463837 0.7660532096400857
0 0.5042605340480805 0.7696739505976439
0 0.4930478513240814 0.7257127056829631
0 0.4967684745788574 0.7219989596866071
0 0.4998159408569336 0.7180761963129043
0 0.5166427016258239 0.6906040541827678
0 0.5787498414516449 0.5914856418035924
0 0.3631807118654251 0.5445219067391008
0 0.3668412446975708 0.4937701117247343
0 0.38371445834636686 0.491269672382623
0 0.48958578407764436 0.7284903961233795
0 0.6042490631341935 0.6360793059691787
0 0.34041978418827057 0.5022959864698351
0 0.525140005350113 0.7780782582238317
0 0.34970027953386307 0.5659550455398857
0 0.40203049778938293 0.5958039580844343
0 0.4982874870300293 0.8042307271622121
0 0.5559929132461547 0.7226916933432221
0 0.4739341139793396 0.6304976149462164
0 0.5443499922752381 0.7513069942593574
0 0.5220762133598328 0.600941379275173
0 0.5037952840328217 0.641292767599225
0 0.5556375503540039 0.6249510541558265
0 0.5156070679426193 0.8202045114710927
0 0.42134043872356414 0.6013951823115349
0 0.5808878868818284 0.723393096961081
0 0.5631215453147889 0.7562178704887629
0 0.5597858875989914 0.6916575858369469
0 0.6147015511989593 0.5978252225555479
0 0.5879130572080612 0.6757810852490366
0 0.6368783593177796 0.6004089085385204
0 0.5326893359422684 0.6612824704498053
0 0.3931111186742783 0.5752585520036518
0 0.4149066984653473 0.6426110145635903
0 0.43153607547283174 0.6417119658552111
0 0.39803128838539126 0.6330219998955726
0 0.3673128545284271 0.4614490779582411
0 0.3884652078151703 0.4291258110199124
0 0.4151102781295776 0.41097719883546235
0 0.44351908266544343 0.4026588026434183
0 0.47003171145915984 0.40530496113933623
0 0.5087156504392624 0.4406018558889627
0 0.6009256660938262 0.4530671771150082
0 0.5051533341407776 0.4845450852997601
0 0.48475963473320005 0.5033030906692147
0 0.45786056518554685 0.5183119946159422
0 0.4318310856819153 0.5264377750456333
0 0.41049606800079347 0.5285579746589064
0 0.39344353377819063 0.5276459022425115
0 0.6082797110080719 0.44285702165216206
0 0.4348450481891632 0.6472350689582527
0 0.378447088599205 0.589697265252471
0 0.3993000715970993 0.6512258783914149
0 0.39545418620109557 0.6652987267822027
0 0.40235619246959686 0.6541100854985415
0 0.4332142800092697 0.6555571057833731
0 0.39170514047145844 0.6692189004272222
0 0.39353722631931304 0.6738660371862352
0 0.38945586383342745 0.5110706065315753
0 0.3763461530208588 0.5202397285960615
0 0.36511652171611786 0.5275289891287684
0 0.47068910002708436 0.4475133162923157
0 0.4805996596813202 0.4273077839519829
0 0.20692146867513656 0.5767448310740292
0 0.22644554525613786 0.5679750151466578
0 0.198088176548481 0.5552085910458118
0 0.18715725988149642 0.58556724851951
0 0.2155742108821869 0.5981187626719475
0 0.4195319890975952 0.48170839408412575
0 0.43819054067134855 0.4711542738601565
0 0.40879045724868773 0.4619159422349185
0 0.4017118841409683 0.49155108956620097
0 0.43024660646915436 0.5013382747769356
