0 0.574551022797823 0.7631102087907493
0 0.5690187158063054 0.724058923125267
0 0.5672635354101658 0.7354877453297377
0 0.5651320945471525 0.675161013752222
0 0.572036276012659 0.7111364914104342
0 0.5770134342834353 0.6930048105306923
0 0.590954003110528 0.6415446042083204
0 0.4585498976521194 0.6178757704794406
0 0.6000432869419455 0.6125096541829407
0 0.6050835227593779 0.5942718431353569
0 0.6230289936065674 0.5121815431397408
0 0.5738685917109251 0.7703622629866004
0 0.5725710343569517 0.7772758165374398
0 0.5712883470579981 0.7819904605858028
0 0.5705262111499906 0.7830922635272145
0 0.5701642571017146 0.7922701146453619
0 0.5692189062014222 0.8034039479680359
0 0.5675640862435103 0.8143472366966307
0 0.5457152508199214 0.8426671327091754
0 0.5680298322811723 0.7306587424129247
0 0.5488871810957789 0.7264184729196131
0 0.39212580118328333 0.5297478922177106
0 0.5086620908230544 0.6349943979643285
0 0.4910014718770981 0.6335261167958379
0 0.4730921317823231 0.6307550115510822
0 0.44883075840771197 0.6210347887128591
0 0.5233799640089274 0.6342829565517605
0 0.4878972774371505 0.5981121174991131
0 0.507530938833952 0.6028557426296175
0 0.4683308628387749 0.5968500355258584
0 0.4544697999022901 0.5995581209659576
0 0.4324551310390234 0.6267336254939437
0 0.47104454012587665 0.8437623125500977
0 0.4515299220569432 0.6139379559084773
0 0.3806531807407737 0.5925574636086821
0 0.41149793528020384 0.6154540438205004
0 0.4814034730195999 0.6925055491738021
0 0.5510238107293844 0.7560529941692948
0 0.5516857519745827 0.7725651864893734
0 0.5267984520643949 0.7564119662158191
0 0.5102932214736938 0.7587054455652833
0 0.5327603494748473 0.769110456854105
0 0.5181335367262363 0.7676706349477171
0 0.46218873439356684 0.7964188247919083
0 0.5530254162847996 0.721234030276537
0 0.5534761264920235 0.7086100394837558
0 0.430471976287663 0.5852071868255735
0 0.5276607660576701 0.6605052162893117
0 0.5083850137889385 0.7069343147799373
0 0.5095134802162647 0.698149875830859
0 0.43097473997622726 0.6791942411102354
0 0.5590031452476978 0.6912792720831931
0 0.47917165514081717 0.5795822076499462
0 0.45146672017872336 0.5793043184094131
0 0.41569193731993437 0.511089253379032
0 0.5571318225935101 0.6042742100544274
0 0.5236736185848713 0.610247363615781
0 0.4518401624634862 0.779155693296343
0 0.37182063329964876 0.733916906453669
0 0.5209946546703577 0.7172588052228093
0 0.5352563470602035 0.724291052762419
0 0.49053700231015684 0.7653245721943677
0 0.49577830713242294 0.7660344481468201
0 0.44240558501333 0.5698527927510441
0 0.5061258263885975 0.7118637881241738
0 0.513972706347704 0.5872021851129829
0 0.5120745778083802 0.5762671050149948
0 0.5045600444078445 0.498527559870854
0 0.4341723820194602 0.5363213796634227
0 0.5155623268336058 0.5344364653341472
0 0.4191744478419423 0.578159364964813
0 0.41011714208871125 0.5493092596530914
0 0.5511034492403268 0.7650005620904267
0 0.5298212341964245 0.7632840551435948
0 0.5141448806971312 0.763336879387498
0 0.5246405865997076 0.7204442355781794
0 0.49336300902068614 0.7658042853698135
0 0.5028584260493517 0.771692663244903
0 0.49802908971905707 0.7663812577724457
0 0.5323760986328125 0.7160155890509486
0 0.5214407563209533 0.7705921447835863
0 0.5354287534952163 0.773148781992495
0 0.5525284215807915 0.777332173101604
0 0.5186098758131266 0.8365311712957919
0 0.5445993335917592 0.8077995592728258
0 0.5471854301169514 0.7970374625176191
0 0.5499025389552117 0.7864524233154953
0 0.5520866632461547 0.7786661056801677
0 0.521509669162333 0.7708074557594955
0 0.5178197238594293 0.7742446040734648
0 0.5134993014857173 0.7788018591701984
0 0.5093799978494644 0.784311034437269
0 0.47816359139978887 0.7520463394932448
0 0.36368059609085324 0.653663794323802
0 0.5679833322763443 0.7330584723502398
0 0.5105256386101246 0.7684102947823703
0 0.5069647826254368 0.7699276270344854
0 0.5404217433184385 0.7315899904817342
0 0.5107178717851639 0.7215044936165214
0 0.5377716740593315 0.7280280067585408
0 0.5071642933413386 0.6653172801248729
0 0.47617150135338304 0.6708498570136726
0 0.5049317128956318 0.7033753014169634
0 0.45240897936746477 0.5000673905946315
0 0.4686090422794223 0.5307995402254164
0 0.47389760967344047 0.5686114430893212
0 0.4760513473302126 0.8087940679863095
0 0.553984460234642 0.5871933543123304
0 0.5620125327259302 0.5411652544513345
0 0.5593430511653423 0.5031260186806321
0 0.4578098927624524 0.6265987149439752
0 0.4110824191942811 0.6322585757821798
0 0.5329988008365035 0.6324377206154168
0 0.433823474496603 0.6023798427544534
0 0.5429904997348786 0.6544145729392767
0 0.522143859602511 0.7055840452201665
0 0.3915807481855154 0.6292680652812124
0 0.4234295547008514 0.6423244040459395
0 0.44729130156338215 0.6500311641953885
0 0.4835274539887905 0.6532765235751867
0 0.5102430909872055 0.6520573512651027
0 0.5304780529811979 0.6491546670906245
0 0.5717007465660572 0.6417271609418094
0 0.38924774099141357 0.6619104776531458
0 0.4191030152142048 0.5989694276824593
0 0.5581069136038422 0.7290392538532615
0 0.5234160864725709 0.6758711706846953
0 0.370117655582726 0.5842413380742073
0 0.5458974711596966 0.6447004915215075
0 0.5034056672826409 0.702663057204336
0 0.4424388395622373 0.6128193343058228
0 0.5235541773959994 0.6951760635711253
0 0.3642185704782605 0.6920360716991126
0 0.5325472120195627 0.6282474254257977
0 0.5415843594819307 0.692104028724134
0 0.4026403060182929 0.7860281033441424
0 0.39967521373182535 0.7998372678644955
0 0.37100327759981155 0.6579869529232383
0 0.38641893267631533 0.7591000217944384
0 0.3951367635279894 0.5671495241113007
0 0.4628803660161793 0.8580382651649415
0 0.5596763592213392 0.7312444251962006
0 0.5049433503299952 0.6836303135380148
0 0.39413380566984413 0.6152111566625535
0 0.47694593779742717 0.6234801979735494
0 0.49232561960816384 0.6262216397561133
0 0.49861242026090624 0.77383216554299
0 0.38656968884170056 0.6924371506087482
0 0.49217265862971543 0.8867273287847638
0 0.44019662756472827 0.8499341992661357
0 0.4202601442113519 0.8284556850790977
0 0.6144154023379087 0.549974138662219
0 0.5335342388600111 0.8986829483881593
0 0.5064645553007722 0.6276413515210152
0 0.5194595908746124 0.6280721340328455
0 0.5280796639621258 0.6284423854202033
0 0.40508544370532035 0.5946372777223587
0 0.5188668608665467 0.618851975351572
0 0.5049838326871395 0.6138069389387966
0 0.4906284937635064 0.6107537297531962
0 0.47499035149812696 0.6099241964519024
0 0.46395677896216514 0.6111796151846647
0 0.3786280682310462 0.5520515845157206
0 0.46630604872480036 0.6206819580867886
0 0.5640507414937019 0.7486960541456937
0 0.49672037567943333 0.7442094855941832
0 0.5217888349667191 0.7154993484728038
0 0.5357493631541729 0.7455991726368666
0 0.5955624105408788 0.6253962810151279
0 0.4200189907103777 0.8132298995740712
0 0.44046798534691334 0.83533178800717
0 0.493760090880096 0.8771570288576186
0 0.38448493033647535 0.7705848794430494
0 0.5280717067420483 0.6244929302483797
0 0.5532800970599056 0.6638814320787787
0 0.5354312401264906 0.8884602931328118
0 0.4627772122621536 0.8696418569423259
0 0.36986892614513633 0.6922597719356418
0 0.5353430807590485 0.7740681887604296
0 0.531948315165937 0.7798927841708064
0 0.5283181484788656 0.7875941254198551
0 0.5249601187184453 0.7970571311190724
0 0.4939170304685831 0.8231062268838286
0 0.5063062231987715 0.7666158359497786
0 0.5021042473614216 0.7642273050732911
0 0.49825669936835765 0.7614516640082002
0 0.4626353499479592 0.763914012350142
0 0.41056329347193243 0.7074517194181681
0 0.5578721921890974 0.6474026763811708
0 0.550304577499628 0.6221271587535739
0 0.537335684709251 0.6215403119102121
0 0.510371152497828 0.7685813313350082
0 0.3988275211304426 0.7419076972641051
0 0.5685118574649095 0.624476111587137
0 0.48315692935138943 0.8314953269436955
0 0.581757097877562 0.6760299243964255
0 0.5680565884336829 0.6591962909325957
0 0.5862426657229662 0.6593812159262598
0 0.533058662340045 0.6834201003424824
0 0.5389883495867253 0.8724777882918715
0 0.5428455457091331 0.8552127702161669
0 0.5108815584331751 0.8471828429028392
0 0.44491728153079746 0.7946679178625345
0 0.4856932435184717 0.7132236912846566
0 0.4615762522444129 0.8141401142813265
0 0.45083853909745814 0.7054696060717106
0 0.46689987285062673 0.7277809049002826
0 0.43077100198715923 0.7265047337859869
0 0.5005146268755197 0.8625024355947971
0 0.5192031528800726 0.6872591705061495
0 0.428450577147305 0.8000701200217009
0 0.44929322209209205 0.8224198328331113
0 0.435897159203887 0.7730845579877496
0 0.3855590721592307 0.7185567723587155
0 0.41571822930127383 0.7662617208436131
0 0.3736073773354292 0.7253676477819682
0 0.4490699226036668 0.7466940313577652
0 0.5385474532842636 0.6697893179953098
0 0.5267757408320903 0.7128723056986928
0 0.513349224999547 0.7129016881808639
0 0.537034785747528 0.7063060835935175
0 0.5381928099319339 0.609439305216074
0 0.5104737177491188 0.5968792975880206
0 0.48469350170344117 0.590613804385066
0 0.46154872523620727 0.5893569406121969
0 0.4440761039033532 0.5931947262957692
0 0.42916354406625035 0.6141177831217647
0 0.3735024746507406 0.6246959182433784
0 0.44238597378134725 0.6331302560865879
0 0.4613474075682461 0.6392376378178597
0 0.4863058997318149 0.6426469289697707
0 0.5098493246361613 0.6431865310296416
0 0.5278114061802626 0.6417485555633903
0 0.5405809374526143 0.6395503685809671
0 0.3665914300829172 0.6178267193958163
0 0.5128515008836985 0.7159650929272174
0 0.5490278746932745 0.6781459447927773
0 0.540145992487669 0.7166599966585636
0 0.5486818019300699 0.7248122305609286
0 0.5397999528795481 0.7186557576060295
0 0.5169392408803105 0.7208772659301758
0 0.5521963071078062 0.7268774738535285
0 0.5530881291255355 0.7293576443567872
0 0.5397951453924179 0.6296027927659452
0 0.551032530516386 0.6343474213965237
0 0.5580121397972106 0.6371088127605617
0 0.45703085605055094 0.6126360951922833
0 0.4443793402984738 0.6046419326215983
0 0.5986126450821757 0.6801893117837607
0 0.7393628880381584 0.6585884910076857
0 0.5891378173604608 0.7316637276671827
0 0.8337987117469311 0.5917691139504313
0 0.683878717571497 0.661410774756223
0 0.7010284166783094 0.6644197095185518
0 0.7188799094408751 0.666514094453305
0 0.7475738108158112 0.6642514024861157
0 0.6703763097524643 0.6572254970669746
0 0.7111855428665876 0.6286731904372573
0 0.691610449925065 0.6283620251342654
0 0.7307624593377113 0.6326452845707535
0 0.744670121744275 0.6396602719090879
0 0.7600537158548832 0.6743713796138764
0 0.6176379106938839 0.8664770184084774
0 0.7481991488486528 0.6566912737675011
0 0.8226174913346768 0.6562613743357361
0 0.7835731364786624 0.6696216130629182
0 0.675444395840168 0.7210034660995006
0 0.5965052748098969 0.7651422563008964
0 0.5914184892550111 0.780855662561953
0 0.6162155244499445 0.7742021760903299
0 0.6283452123403549 0.782460259180516
0 0.6066438175737858 0.7845122161321342
0 0.6181934904307127 0.7882948895916343
0 0.6430309914052487 0.8225440260022878
0 0.5857090678066015 0.7256296817213297
0 0.5918171791359782 0.7143915646709502
0 0.7686879627406598 0.631344306934625
0 0.6453699167817831 0.677503102645278
0 0.6377477951347827 0.7263475455343723
0 0.6414813891053199 0.718328897561878
0 0.7323669001460076 0.7230412134900689
0 0.5951473088935018 0.6969045723788441
0 0.7195842891931534 0.6102598872967064
0 0.7473648011684417 0.6183664017356932
0 0.818259984999895 0.5676618309691548
0 0.6401746809482575 0.6130949355661869
0 0.6750595647841692 0.6321413268335163
0 0.6602748841047287 0.8090779782272876
0 0.7612793929874897 0.7926016309298575
0 0.6206534650176764 0.7318727768026292
0 0.6043352290987969 0.7345570993609727
0 0.6392078787088394 0.79578059874475
0 0.6340493455529213 0.7944703889079392
0 0.7592444997280836 0.6123121252283454
0 0.6376854304224253 0.7318969812244177
0 0.6850275080651045 0.60787962526083
0 0.688080096617341 0.5980552792549133
0 0.7414395235478878 0.5321839689277112
0 0.7969180576503276 0.5860648181289434
0 0.7205591812729836 0.5616079157218337
0 0.7824009716510772 0.6286114952526987
0 0.8136918112635613 0.6058017378672957
0 0.5945678243413568 0.7738218495622278
0 0.611593009531498 0.7800824055448174
0 0.6236194524914026 0.7856941385194659
0 0.6160614859312773 0.7339996349997818
0 0.6365235768258571 0.7952265864238143
0 0.6292642049491406 0.7974424751475453
0 0.6314942490309476 0.7938572503626347
0 0.6095783408731222 0.726806225348264
0 0.6134282760322094 0.7896178639493883
0 0.6021282609552145 0.7872778623364866
0 0.5880947252735496 0.7848663713783026
0 0.5746710607782006 0.8447817080654204
0 0.5896688789129257 0.8166008971631527
0 0.590043050609529 0.8052499465644359
0 0.5890690371394157 0.7940108661539853
0 0.5873268038034439 0.7856201203539968
0 0.6129418909549713 0.7891986818984151
0 0.616665306314826 0.7940589538775384
0 0.6205133847892285 0.8002642772160471
0 0.6235691230744124 0.8070757948793471
0 0.6466573286801577 0.7768755404278636
0 0.8072796180844307 0.7187995390966535
0 0.6211736019700765 0.7908693891018629
0 0.6252545617520809 0.7940999368205667
0 0.5955863650888205 0.7395972788333893
0 0.6296441622078419 0.7398528502322733
0 0.5998786222189665 0.737202646676451
0 0.663239810615778 0.687800498586148
0 0.6919017504900694 0.7019688759930431
0 0.6437225069850683 0.7246707370504737
0 0.7892918910831213 0.5476586625911295
0 0.7673018481582403 0.5707980496808887
0 0.7271522022783756 0.6017166094854474
0 0.6257333211600781 0.8305793320760131
0 0.645197444036603 0.5971695098094643
0 0.6714492082595825 0.5558887279592455
0 0.6878048099577427 0.5215109428390861
0 0.7361544042825698 0.6669668736867607
0 0.7787574268877506 0.6860761241987348
0 0.6620108842849731 0.6532093292102218
0 0.764102216809988 0.6488854882307351
0 0.6336622267961503 0.6673162924125791
0 0.6250360697507858 0.7209942338988184
0 0.7947263408452272 0.6877669014036656
0 0.7621206700801849 0.6910751601681113
0 0.735683535784483 0.6909939168021083
0 0.7003871310502291 0.6840205947868526
0 0.6758112236857414 0.6758979039266706
0 0.6572891693562269 0.6679297520779073
0 0.6102093318477273 0.64698542105034
0 0.7817521266639232 0.7194655821658671
0 0.778553456813097 0.649713777191937
0 0.5785282734781504 0.7315651839599013
0 0.6414456810802222 0.693263111449778
0 0.8319540955126286 0.650676173903048
0 0.6434513978660107 0.6593473779037595
0 0.6455670237541199 0.7244244379922747
0 0.7563150160014629 0.6577459122054279
0 0.6288907129317522 0.7111963802948594
0 0.7880988053977489 0.7546722182072699
0 0.6642646342515945 0.6497568072751164
0 0.6125945914536715 0.7029387788847089
0 0.708878280594945 0.8337349384091794
0 0.7056500695645809 0.8483334159478545
0 0.8017999779433012 0.7214041436091065
0 0.7369883872568608 0.8127817765809595
0 0.8195831049233675 0.6279704594053328
0 0.6193614114075899 0.8830497017130255
0 0.5764198422431945 0.7334087340161204
0 0.6557180162519216 0.7058905944228172
0 0.8019870057702064 0.6758038960397243
0 0.7176055938005448 0.6587690407410264
0 0.7016597226262092 0.6572429178282618
0 0.6329470053315163 0.801074904575944
0 0.7691951029002666 0.7490523769520223
0 0.577692218311131 0.901359885185957
0 0.6446449477225542 0.8833898882381618
0 0.6731351774185896 0.8690224565565586
0 0.6877322666347027 0.6551438365131617
0 0.6756986290216446 0.6525851120240986
0 0.6681428175419569 0.6510504392907024
0 0.7945397108793258 0.6505801590159536
0 0.6787990603595973 0.6439963957294822
0 0.6930982511490583 0.6422291518189013
0 0.7077288269996643 0.6427651011385024
0 0.7238023452460766 0.6459786696359515
0 0.735171289741993 0.6502100681886077
0 0.8377993699163199 0.6174534976482391
0 0.7296861790120601 0.6590358513407409
0 0.6317783880978822 0.7643126828595996
0 0.6207419890910387 0.7296896021813154
0 0.5933349028229713 0.754019501619041
0 0.6798818722367287 0.8539234331808985
0 0.6507804617285728 0.8687536790966988
0 0.5810675716027618 0.8911687398329378
0 0.7328916788101196 0.8243256400339305
0 0.6688068144023418 0.6474015123210848
0 0.6176945727318526 0.6732829031534493
0 0.6138342600315809 0.8949706804938614
0 0.7854756746441126 0.7540352766402065
0 0.6016352448612452 0.787416465766728
0 0.6048335500061512 0.7944380762055516
0 0.6073459593579174 0.8034100091084838
0 0.6086855076253415 0.8137241434305906
0 0.6034487450495363 0.8388735010288656
0 0.6264939650893211 0.7913555648177862
0 0.6314480308443308 0.7907501732930541
0 0.636104629188776 0.7894444189965725
0 0.6563498858362437 0.7918304611928761
0 0.7389829970896244 0.755835997313261
0 0.6217708576470613 0.6563952412456274
0 0.6468738976866006 0.6369936912320554
0 0.6605092573910951 0.6407896108925343
0 0.6214872822165489 0.7915082573890686
0 0.7326369814574718 0.7921885100193322
0 0.6250305991619826 0.6322800908237696
0 0.6109891891479492 0.8508233806118369
0 0.6043887911364436 0.6644301459193229
0 0.6269845277070999 0.6976684767752885
0 0.5775209059938788 0.8573366179130971
0 0.6622764233499765 0.8273388296365738
0 0.6582770250737667 0.7391966013237834
0 0.6385964326560497 0.8408671345561742
0 0.7000943385064602 0.7418694037012756
0 0.6707692969590425 0.7580101404339075
0 0.709367948025465 0.7676786228083075
0 0.5809685539454221 0.8749684754759073
0 0.6384969674050808 0.70542195988819
0 0.6770589157938958 0.8382068959996104
0 0.6475985020399093 0.8532040841877461
0 0.6805634081363678 0.8097136754542589
0 0.7570082888007164 0.7740191778168082
0 0.7049754962325097 0.8103315103799105
0 0.765721345320344 0.7844974044710398
0 0.679191417619586 0.7807455183938146
0 0.6293561771512032 0.6831078512594104
0 0.616286177933216 0.7256838305853307
0 0.6299829076975584 0.7301547043956816
0 0.6091926643624902 0.7169502891600132
0 0.660934603959322 0.6263178553432226
0 0.6886913768947125 0.6203936725854874
0 0.7142286822199821 0.6208218459971249
0 0.7369334161281585 0.6261492271907627
0 0.7543872468173504 0.6355767089873552
0 0.7677612118422985 0.6636096842586994
0 0.8152449611574412 0.6889311621896923
0 0.7483117435127496 0.677349848113954
0 0.7268803305923939 0.677402913197875
0 0.7020091772079468 0.6737513369880617
0 0.6798848230391741 0.6683061448857188
0 0.6636811379343271 0.6624655737541616
0 0.6521987035870552 0.6569454402662813
0 0.8206499360501767 0.6840339212678372
0 0.6290852006524801 0.7333287751302123
0 0.6132771883159875 0.6878268705680967
0 0.600834284350276 0.725028504896909
0 0.5895517254248261 0.7299073215574026
0 0.6006690891459584 0.7267269087024033
0 0.623562591522932 0.7371242933906614
0 0.5851645784452557 0.7310077195987106
0 0.5835369456559419 0.733201972860843
0 0.6564134109765292 0.6484728891402483
0 0.6431692812591792 0.6488662611693143
0 0.633307334780693 0.6484477213583887
0 0.7423061974346638 0.6536645971238613
0 0.7546127013862133 0.648065628670156
0 0.489774402230978 0.6225317298434675
0 0.5088650330901145 0.6254516742192209
0 0.49062138199806216 0.6117425385862589
0 0.47065044222399594 0.6195718863047659
0 0.4889136299490929 0.6330934075638652
0 0.7118400905281306 0.657743423525244
0 0.7305846486240626 0.660788805410266
0 0.7139743827283382 0.6467278025113046
0 0.6930880725383759 0.654653285536915
0 0.7096974432468415 0.6685803412459791
