0 0.6630638086237013 0.6356608586385846
0 0.6608450663276016 0.5758404433727264
0 0.6590048071928323 0.5953940283507109
0 0.6295898334123194 0.5018000694923103
0 0.6585442372597754 0.5531529629603028
0 0.6533270546235144 0.5220855209045112
0 0.6379093277268112 0.44326972612179816
0 0.47324593146331606 0.45397249567322434
0 0.6260394226759672 0.3692774913739413
0 0.6216702279634774 0.334572095470503
0 0.6040542173199356 0.22142233420163393
0 0.6640634045004845 0.6443339004181325
0 0.6647098062559962 0.654138932004571
0 0.6646743195131422 0.660757115110755
0 0.666656525619328 0.6779000666923821
0 0.6687581995502114 0.6879868448711932
0 0.6709237433038652 0.700839121453464
0 0.6726289381273091 0.7137693303637207
0 0.6723146720789372 0.7276514811441303
0 0.6607164742425085 0.5865782369859517
0 0.6395439279265702 0.5886438227258622
0 0.3519945348612964 0.36153270094655454
0 0.535711423214525 0.47077690027654173
0 0.5150584861636162 0.4744976003654301
0 0.4936680310405791 0.4747729220893234
0 0.4626599582377821 0.46213964065536856
0 0.5524615447036922 0.46347332205623387
0 0.49552518110722305 0.39733549850061534
0 0.5202851087786258 0.3976799017749727
0 0.4725789290852845 0.4048148793168366
0 0.4578645437490195 0.4173417050391436
0 0.44303189031779766 0.47846837756223976
0 0.5953095450997352 0.7640046757645905
0 0.46364136873744427 0.4470114065334201
0 0.36072964081540704 0.46641159066930415
0 0.410609999159351 0.46119364984333516
0 0.5361790968105197 0.5669915610924363
0 0.6369020598940551 0.6356759447604418
0 0.6421571603044868 0.657582282461226
0 0.6108844997361302 0.6505273220129311
0 0.5944620149675757 0.664813993126154
0 0.6221497725695372 0.6640904657542706
0 0.606858017295599 0.6718520480208099
0 0.5706123190931975 0.7028743075206876
0 0.6430450234562158 0.5779998814687133
0 0.6376950496807694 0.556627584900707
0 0.41873150649480523 0.39537568618543445
0 0.5728508095722645 0.5025553232058882
0 0.5895685225725174 0.5776301577687264
0 0.5846044355537743 0.5652638210915029
0 0.46406433661468327 0.5722608250565827
0 0.6333181514404714 0.527414636593312
0 0.47337305545806885 0.36373667721636593
0 0.44162021884694697 0.37528760521672666
0 0.3721954579465091 0.3174177913926542
0 0.5731434646993876 0.3746588588692248
0 0.5422359639778733 0.4076715767383575
0 0.5523180349264294 0.6846718022599816
0 0.42054311418905854 0.668900209479034
0 0.6078781032934785 0.5878570700995625
0 0.625259219482541 0.5915441865101456
0 0.5782570443581789 0.6880764139816165
0 0.5840089118108154 0.6865071540698409
0 0.42463848637416957 0.36023576827719805
0 0.5891542527358979 0.5868331090547144
0 0.51554215089418 0.3609989820048213
0 0.5098952755797654 0.34185651279985907
0 0.46654641958884896 0.25125292274169625
0 0.39610716090537607 0.33881140942685306
0 0.4884969748556614 0.29514317037537696
0 0.3993433055933565 0.3845858681946993
0 0.3745937176980078 0.3751567577477545
0 0.6391121830791235 0.6473419139161706
0 0.6165629153139889 0.6579382088035345
0 0.6005133886355907 0.668611223064363
0 0.6130130097270012 0.590877971239388
0 0.5812435031868517 0.6873198335990309
0 0.5910047253593802 0.6919292503036558
0 0.5868607956916094 0.6857353738509119
0 0.6176267914474011 0.5801107634790241
0 0.6113146975636482 0.6735594331286847
0 0.6264091920107603 0.66756148673594
0 0.6444885824806988 0.663364474568516
0 0.6436174208298325 0.7311726881191134
0 0.6455239176750183 0.7164076201617717
0 0.6451166725717485 0.7031014332547784
0 0.6453761299140751 0.6898820484057069
0 0.6461435780860484 0.6802601350471378
0 0.6119427560828626 0.6835981100797653
0 0.6081954633817077 0.6890135350637138
0 0.6036130009219051 0.6966715234331786
0 0.599942743498832 0.7050545553676784
0 0.5723256278783083 0.6453901942819357
0 0.3706554469652474 0.560076279938221
0 0.6598198341205717 0.590824449621141
0 0.6000436312984675 0.6846017920412123
0 0.5957531293854117 0.6878752909600735
0 0.6325092494487763 0.5986912177875638
0 0.5969492599368096 0.5980394063517451
0 0.6290487237274647 0.595195899810642
0 0.5499652386177332 0.5188090275041759
0 0.5142395601142198 0.5393161842599511
0 0.5815350690856576 0.5751490213908255
0 0.4081746582873166 0.28001351482234893
0 0.43182410979643465 0.3109517203643918
0 0.4618418214842677 0.34521728758700193
0 0.5900734351482242 0.7154369912110269
0 0.563743740040809 0.34295446407049895
0 0.5475115387234837 0.28835384696722033
0 0.5299298624508083 0.23344320626929402
0 0.47466170727275314 0.47103048358112576
0 0.41841272567398846 0.49717920552939177
0 0.5632073029875755 0.4562374608125538
0 0.43396403300575914 0.42960907220840455
0 0.5875392744317651 0.48563691982999446
0 0.6017186276614666 0.5681344674900174
0 0.3922965508885682 0.5152345642447471
0 0.4397760605905205 0.5135514761321247
0 0.4727529214695096 0.5198754419572651
0 0.5159705017693341 0.5112440196797252
0 0.5455523326992988 0.4985479488968849
0 0.5670182918664068 0.485417905729264
0 0.6166229333728552 0.45162273743189874
0 0.40550470710732045 0.564585210941732
0 0.41239797533489764 0.425950554991141
0 0.6500511294230819 0.5875744896009565
0 0.5806139765772969 0.5261804174631834
0 0.34650937048718333 0.4593838269356638
0 0.5832173743285238 0.4713386877439916
0 0.5774729104712606 0.5756923113018274
0 0.4506987632252276 0.44748370070010424
0 0.5969910768326372 0.5528074604459107
0 0.39142537345178424 0.6138521258719265
0 0.5611616059206426 0.4483024450019002
0 0.614226883649826 0.5375956461764873
0 0.4912416092120111 0.7240588235668838
0 0.4916061691939831 0.7421779002994299
0 0.3798651565331966 0.5645985534414649
0 0.4551075490191579 0.6971466983668506
0 0.3655957762151957 0.41809032540768387
0 0.5934686861000955 0.7811032786965371
0 0.6515563482418656 0.591314559057355
0 0.5617966891732067 0.545324781909585
0 0.3872785076033324 0.4659037228208035
0 0.49600740931928156 0.4620271580759436
0 0.5141464705578983 0.4627918311394751
0 0.5866730064153671 0.6965338151901961
0 0.41917542228475213 0.6083520973101258
0 0.6333608681336045 0.8007877869531512
0 0.5651249131187797 0.7805739756673574
0 0.5328883328475058 0.7656092250719666
0 0.6132706359028817 0.28050275244750084
0 0.6761673515662551 0.79770832285285
0 0.530833211587742 0.4599531953688711
0 0.5458798904903233 0.4547716810833663
0 0.5559281322173775 0.4511835531331599
0 0.3901677409652621 0.420959701994434
0 0.5418865900486708 0.427685743290931
0 0.5229037399403751 0.4207510927692056
0 0.5043152536265552 0.4219388216268271
0 0.4865551175549626 0.42838832824490963
0 0.4756010798737407 0.4360605119727552
0 0.3440460727550089 0.40657510375604033
0 0.4829695357941091 0.45849363203160465
0 0.6610653745941818 0.6121006953530014
0 0.592282184958458 0.6306046956218779
0 0.6079254610463977 0.584544491302222
0 0.6329069914296269 0.6180357576347888
0 0.6311138374730945 0.40688175382092595
0 0.5272185048088431 0.7475120194256306
0 0.5596056195907295 0.7640119155868887
0 0.6330854354426265 0.791691386140883
0 0.45514294104650616 0.7121731580235064
0 0.555144440336153 0.44026449862867595
0 0.6076673297211528 0.49199657305143774
0 0.677591462340206 0.787871564924717
0 0.5978995406068861 0.7935421273112298
0 0.397689667576924 0.613113853521645
0 0.6277939642779529 0.6819352252408862
0 0.624790377728641 0.6898883406072855
0 0.6220907648093998 0.7008632289245724
0 0.6207630744203925 0.7131753237918019
0 0.6143307234160602 0.7259079348295927
0 0.594222716242075 0.6794386995024979
0 0.5885146389249712 0.6786591108888388
0 0.583307322487235 0.6770877662114799
0 0.5585494943428785 0.6640540771186352
0 0.45491829165257514 0.6204773971810937
0 0.602034930093214 0.4669316638726741
0 0.576293591922149 0.4235305591020733
0 0.5623515483923256 0.42942477893084285
0 0.5989380645565688 0.6795823208987712
0 0.4624455539043993 0.6700412206351757
0 0.5995723427273333 0.41792020853608847
0 0.6032409899868071 0.7447386368177831
0 0.6482390007935465 0.4957905621267855
0 0.6233160677365959 0.4785714976489544
0 0.6434084784239531 0.4711118652485311
0 0.5974745994899422 0.5308010160923005
0 0.6768001142889262 0.7710313213057816
0 0.6744473811239005 0.7482995301485061
0 0.6387087581679225 0.7522919699549675
0 0.5495262480340898 0.712451189942658
0 0.559791735559702 0.5954755616374314
0 0.5742765778675676 0.731461560819298
0 0.5043378748465329 0.598348330706358
0 0.5421063773799688 0.6202437518164515
0 0.49165692091919483 0.6352426546625793
0 0.634521480370313 0.7750590505078435
0 0.5854307178407907 0.545045233797282
0 0.531993271317333 0.7278551816940307
0 0.5635462897829712 0.7465433994308114
0 0.528373181540519 0.6886469574645162
0 0.43342963233590126 0.6440542385913431
0 0.4982228997163475 0.6926605481654405
0 0.4204584227409214 0.6572630479931831
0 0.5302733640186489 0.6502527394331992
0 0.5941839144565165 0.508643445186317
0 0.6107507930137217 0.5775131834670901
0 0.5982056453358382 0.5841375450603664
0 0.6184437442570925 0.5616378072649241
0 0.5558383892755956 0.39874171079136433
0 0.5189604334998876 0.3845174878835678
0 0.4871442480012774 0.3849104472436011
0 0.460699363052845 0.3934916077181697
0 0.44238891410641373 0.4083952178247273
0 0.4333906726911664 0.4541849332861602
0 0.36680478807538747 0.5159432329237461
0 0.458524758182466 0.4880914849229157
0 0.48362771384418013 0.4935086535289884
0 0.5137303853407502 0.4908846917562187
0 0.5403834076132625 0.4830447791609913
0 0.5600786288268864 0.4733477194793522
0 0.5737082690466195 0.4642089789733291
0 0.35681067625992 0.5088607156649232
0 0.5985963783692568 0.5895036179572344
0 0.6123357307165861 0.5141018542461098
0 0.6268162161111832 0.5771248484961689
0 0.6381664487533272 0.5856095032766462
0 0.6263634128496051 0.5802624206990004
0 0.6044281225651502 0.5946963520720601
0 0.6430217550136149 0.5871676949784159
0 0.6446726778522134 0.5911119577474893
0 0.5696474995929748 0.44754076641984286
0 0.5834863979369402 0.44973441362380984
0 0.5938455117400736 0.45166471702978017
0 0.4691971908789128 0.44177540405653415
0 0.4490732872858644 0.43084446638822554
0 0.6664116860367357 0.49592944541946055
0 0.7842174746096134 0.4075398574583232
0 0.6770058047957719 0.5823910042643548
0 0.8332264029420913 0.2890768626239151
0 0.7275514606386423 0.4404733542352915
0 0.7489392952993512 0.43841212755069137
0 0.7687943173572421 0.4335570496506989
0 0.7921549181453884 0.4129311370663345
0 0.708868037816137 0.4392376568168402
0 0.7453835489228368 0.35770817953161893
0 0.7206774828024208 0.3663486421108246
0 0.7691288209520281 0.3581998430658132
0 0.7856512463651597 0.3667475146241486
0 0.8090836099348963 0.42366460952907803
0 0.7452235428616405 0.735954116936773
0 0.7900593691505492 0.3975299881771207
0 0.8553558600135147 0.3903357653878629
0 0.823951671179384 0.39925674265250566
0 0.7542448790743947 0.5316658147610724
0 0.6864427842199803 0.6285587824881077
0 0.6849456477910281 0.6514297980815172
0 0.7100213253870606 0.635734242387116
0 0.7238828765228391 0.6454050908796489
0 0.7013132133521139 0.6524362091906368
0 0.713169574085623 0.6560596454888582
0 0.7561892621219158 0.6705684768036008
0 0.677197540551424 0.5723736298270523
0 0.6784621819853782 0.5500347601249814
0 0.8045553563162684 0.33865753477439287
0 0.7033810422755777 0.4817784735932946
0 0.7171201262623071 0.5568066094070673
0 0.7167448002845049 0.5438218554481864
0 0.8152495577931405 0.5154843191616237
0 0.6725415788590908 0.5210650091990828
0 0.7539553337730467 0.3209185297600925
0 0.7830889709293842 0.32405238728970287
0 0.8138240894302726 0.2522927848622203
0 0.6684170027263463 0.35825939155183734
0 0.7018253400921821 0.38309836899861693
0 0.7691566673107445 0.6475809417665005
0 0.841913519706577 0.5988058419898152
0 0.702275743894279 0.5723097601905465
0 0.6880662079900504 0.5812880116514861
0 0.7363111610524357 0.6645194347016513
0 0.7305709278210998 0.66454634713009
0 0.7891272738575935 0.3055231424048543
0 0.7174637225456536 0.565785922203213
0 0.7169174666516482 0.3294030897784978
0 0.7158144098706544 0.30871789404191075
0 0.7322159782983363 0.21367037976160647
0 0.8075460931286216 0.2772560143377632
0 0.7284805566072464 0.2607016110327095
0 0.8127350505441427 0.32360823745839296
0 0.8279044965282083 0.3062480722554028
0 0.6866084732115268 0.6405255643650889
0 0.7060677738860249 0.6447304607369005
0 0.7190343582071363 0.6508842717856169
0 0.6978744721971453 0.5768239978700876
0 0.7333481758832932 0.6646260609850287
0 0.7280430972576142 0.6704593867063522
0 0.7275313809514046 0.6645710231736303
0 0.6951981592923403 0.5674453956075013
0 0.7078744721598923 0.6590986651368439
0 0.696834085509181 0.6571121109649539
0 0.6824814976193011 0.6578250628896057
0 0.6987297847867012 0.7214757231995463
0 0.6972585372626782 0.7074504058808089
0 0.6938410123810173 0.694773287512362
0 0.6893530759960413 0.6824988700449467
0 0.6848118463531137 0.6739730506204069
0 0.7093444883823394 0.6678972477093339
0 0.7151148727163672 0.6716113144531846
0 0.7218091752380132 0.6771426524035633
0 0.7276448185555637 0.6836750947870314
0 0.7458304166793823 0.6164285170845687
0 0.8530118722468615 0.4839433131273836
0 0.7170341245830059 0.6662397832609713
0 0.7224776772782207 0.668026503175497
0 0.6837467389181257 0.5904862248338759
0 0.7118094278499484 0.5790937769226729
0 0.6857773130759597 0.5860860427841544
0 0.726762764621526 0.49060648926533756
0 0.7645702583715319 0.4991936955600977
0 0.7201382989995182 0.5526125538162887
0 0.7828631375916302 0.22601150972768663
0 0.776551454141736 0.2606040819082409
0 0.7562583412975072 0.2998956019990146
0 0.7422883093357087 0.6883782501332462
0 0.6682456939481198 0.3234768403694034
0 0.6758939079008996 0.26987114921212196
0 0.6746598280034959 0.21303831674158574
0 0.7846486195921898 0.42512764115817847
0 0.8323229748755694 0.43509638370014725
0 0.6963036155328155 0.43664121394976974
0 0.803450878802687 0.37421798780560495
0 0.6878159696236252 0.469693409698084
0 0.7070585612207652 0.5510907886549831
0 0.8515257543884218 0.4428698112256825
0 0.8250472138635814 0.4555392349138856
0 0.8026811258867383 0.47016985444352033
0 0.7626607622019946 0.4750653009861708
0 0.7317234892398119 0.4719356319401413
0 0.7087077476084233 0.46626000925898553
0 0.6585582235828042 0.44512918540276586
0 0.8542904684320092 0.49274485227651893
0 0.815301146171987 0.3662957080174237
0 0.6706712949089706 0.5840899365954101
0 0.7046010411344469 0.5063406131230295
0 0.8510346544906497 0.38180206175893544
0 0.690365269035101 0.4579035107046366
0 0.7208213556557894 0.552421172335744
0 0.7974961465224624 0.395626691961661
0 0.7052157447673381 0.5353763184510172
0 0.8501943385228514 0.5396041851490736
0 0.694033379573375 0.4285545598715544
0 0.6897401466965676 0.5254192126914858
0 0.8161150365136564 0.6674831374548376
0 0.8101772267371417 0.6854829276911915
0 0.8634165599942207 0.48774518640711906
0 0.837131617963314 0.6329489197582007
0 0.8421433942392469 0.3451655095908791
0 0.7476110681891441 0.751652401778847
0 0.6675240880809724 0.5887419962324202
0 0.724840545002371 0.5191290579736233
0 0.8387396346777678 0.3988021879456937
0 0.7653215733356774 0.42159491111524405
0 0.7471974771469831 0.42632600232027473
0 0.7333030597306788 0.6733881033025682
0 0.852316471002996 0.5382098939269782
0 0.7143201464787126 0.7850003120489418
0 0.7628624746575952 0.7422421868890524
0 0.7843079594895244 0.7184559971094131
0 0.7288668064400554 0.4277385257650167
0 0.7110553029924631 0.4280693591106683
0 0.6995636285282671 0.42924063727259637
0 0.8256990775465965 0.3559757772367448
0 0.7107453307136893 0.40365935061126945
0 0.7278126228600741 0.38990327129140495
0 0.7467229524627328 0.38366504618898034
0 0.7659445172175765 0.3836782370693982
0 0.7781716891564429 0.3886613574810326
0 0.8451662396080792 0.3301724819932133
0 0.7768906303681433 0.41490954170003536
0 0.7258921712636948 0.6085486717522144
0 0.7026501542888581 0.568958442658186
0 0.689101574756205 0.6089392431080342
0 0.7921216098591686 0.6994485449045896
0 0.7699966991320253 0.7245520032942295
0 0.7179749021306634 0.7755006417632103
0 0.8284863023087382 0.6482522741891443
0 0.6991597931832075 0.4196675832383335
0 0.677742849290371 0.48083877498283983
0 0.7411059441044927 0.7653128851205111
0 0.8601177136413753 0.5384934978559613
0 0.6987561156973243 0.6703124296851456
0 0.7045457588508726 0.6765317402780056
0 0.7106649488210678 0.6856824587099254
0 0.7158895192667842 0.6965559895150364
0 0.7234520156867802 0.7062505664303899
0 0.7221830489113927 0.6602100347168743
0 0.7278211156837642 0.6577956108376384
0 0.7326278013177216 0.6547217945568263
0 0.7608579156920314 0.6298609270714224
0 0.8315801527351141 0.5588810269720852
0 0.6727509948424995 0.4559066653717309
0 0.6761960503645241 0.4080510419793427
0 0.6887189872562886 0.41013432927429677
0 0.7167415168136358 0.6618191705085337
0 0.8319804836064577 0.6084553121589125
0 0.6581394863314927 0.40923651549965145
0 0.735545701906085 0.7203830407001078
0 0.663083320017904 0.4722781210206449
0 0.6959842032752931 0.5151479517109692
0 0.7072473923675716 0.7396611712872982
0 0.7742338288575411 0.6729424562305212
0 0.7409936430864036 0.5656885067932308
0 0.7568590901792049 0.6983908485621214
0 0.7901313213631511 0.5515465942211449
0 0.7637614510953427 0.5835112435743213
0 0.80754817686975 0.5827718719840049
0 0.7155984269455076 0.7599601168185472
0 0.7071578230708837 0.5255130271427333
0 0.7889607639983296 0.6818718483671546
0 0.7671111596748232 0.7091367159038782
0 0.7884566249325872 0.6441442246548832
0 0.8474466101266444 0.5762293469160795
0 0.8107535390183329 0.6391963936388493
0 0.8528036875650287 0.5863762042485178
0 0.7806279147975147 0.6082953158766031
0 0.6906257998198271 0.49329198952764275
0 0.701473187841475 0.5626362583599984
0 0.7113953948020935 0.5655811603181065
0 0.6939078815281391 0.5493537240661681
0 0.6881619653664529 0.3783209201879799
0 0.7193833217024803 0.35434029758907853
0 0.7495275101624429 0.3454019409604371
0 0.7752266683615744 0.34631226332858206
0 0.7936505391262472 0.3556975936982781
0 0.8081013469956815 0.3979014934040606
0 0.8621505925431847 0.43850215151906013
0 0.8016604715958238 0.4370507377199829
0 0.7824979146011174 0.4489829882979393
0 0.7552091460675001 0.45464407447725536
0 0.7283763064071536 0.45464327847585084
0 0.7073342149145901 0.4517842309549451
0 0.6923871925100684 0.4474138231482357
0 0.8516933376900852 0.432095344690606
0 0.7105473121628165 0.5710443074814975
0 0.6822413306683301 0.5028642854653299
0 0.6897169098258018 0.5667288427241146
0 0.6791302735917271 0.5786785674281418
0 0.6886490240693093 0.5700340300798417
0 0.7056790614500642 0.5779073936864734
0 0.6763678327202797 0.5815588416531682
0 0.6731774987652898 0.5863036544062197
0 0.6873375300318003 0.43036341620609164
0 0.6788927902467549 0.4362388920970261
0 0.6740265285596252 0.44166474090889096
0 0.7850322173908353 0.39320576740428803
0 0.7954820528626442 0.378455084329471
0 0.5316715858876705 0.43678650315850975
0 0.5532552290707826 0.43533884193748235
0 0.5274636916816234 0.413211575942114
0 0.5087438507471234 0.43858607280999423
0 0.5356413968838751 0.46058116466738286
0 0.7523762684315443 0.403525167517364
0 0.7733495648950338 0.39977990509942174
0 0.7473593775182963 0.3828923562541604
0 0.7310277722775936 0.4072196753695607
0 0.7572512123733759 0.4240887077059597
