0 0.33202405301854016 0.550764138251543
0 0.35500532812438906 0.47589695528149606
0 0.34963530469685794 0.4982624098658562
0 0.3845319091808051 0.3989691659808159
0 0.36657663276419045 0.4553066872060299
0 0.3852726424112916 0.42875387743115423
0 0.4351930574513972 0.3620316632091999
0 0.31070620152167977 0.26807201467454433
0 0.47936352184042336 0.295079904794693
0 0.49741831589490176 0.26468194350600244
0 0.5510137414559722 0.17793317325413227
0 0.3278426707722247 0.5582062192261219
0 0.3234261936042458 0.5663885831832886
0 0.32069552671164275 0.5720574125647545
0 0.3100645842961967 0.5901727259159089
0 0.30473170317709447 0.5988172583281994
0 0.29817571029998363 0.6097276166081429
0 0.29182329289615155 0.6208031140267849
0 0.28227235870435835 0.6238249391317368
0 0.35098660718649627 0.48686547949910164
0 0.33670656830072404 0.4769571706652641
0 0.3089676725678146 0.14509660601615906
0 0.34719863305799664 0.3219473160803318
0 0.3288502453826368 0.3121883116662502
0 0.31307367007248105 0.2995951097458601
0 0.2997640722198412 0.269873421266675
0 0.36489602625370027 0.3271994672715664
0 0.36922498238272966 0.23798831924796104
0 0.3868591271340847 0.25539079383015634
0 0.34745073625817896 0.22901650965213777
0 0.3281727256719023 0.23000902272760868
0 0.2787719973595813 0.27474950775504114
0 0.20745767378248275 0.6003606498241425
0 0.3093309232965112 0.25643533244729044
0 0.24946831380948425 0.22763109020888805
0 0.2716247572563589 0.2465221468359232
0 0.28709478192031385 0.39945522472262385
0 0.31218775529414416 0.5349263392388821
0 0.30473917704075576 0.555356127768755
0 0.28669782895594836 0.5312666237354279
0 0.26891555152833463 0.53310072645545
0 0.2879307370632887 0.5492437288165093
0 0.27448698510415853 0.546889765560627
0 0.22597579499706627 0.5362010538578034
0 0.3402817643247545 0.4656380318105221
0 0.34847722253762187 0.4441672585904598
0 0.32136934441514314 0.19744602888822554
0 0.35665067825466396 0.37216130271553993
0 0.3092244382016361 0.4363627560436726
0 0.31537015438079835 0.42439857944846154
0 0.2371316366363317 0.36041308641433717
0 0.36687179799191655 0.4197659961879253
0 0.379171699564904 0.19998299963772298
0 0.3495678653009236 0.1921372715383768
0 0.34178034383803607 0.11861523017287254
0 0.44198716622777284 0.2696104899048805
0 0.39590554060414435 0.2781026180833578
0 0.22370539936237038 0.509791585803032
0 0.17412251308560373 0.431325301527977
0 0.316967570502311 0.45743015855550767
0 0.3269520935602486 0.47235957384109495
0 0.247649999614805 0.5431433342397213
0 0.2528067210689187 0.5461545765399933
0 0.35051702852360905 0.17322623394429684
0 0.30530534840654583 0.44559269919991495
0 0.4104425197467208 0.22256399989128112
0 0.420226994715631 0.20367936007678508
0 0.4339578268583864 0.11692048087716103
0 0.33844902627170087 0.13926038667559623
0 0.4192292339168489 0.1554154921323061
0 0.3186628104187548 0.18121200650930405
0 0.3088566821999848 0.15951068215072156
0 0.30754044400528074 0.5453160867094994
0 0.2868759531294927 0.5404618963599205
0 0.2712111976463348 0.5397757515311241
0 0.31932049295865 0.4639342397451401
0 0.250279856659472 0.5447565406560898
0 0.25263450788334013 0.5542408660054207
0 0.25544361541979016 0.5476724192500114
0 0.3254719018470496 0.4547853656113148
0 0.27750349235720934 0.5516176730394363
0 0.2896587013266981 0.5550031438469887
0 0.30421558748930694 0.5617481812834739
0 0.2593474693596363 0.6067531771957875
0 0.2697093002963811 0.6040946818888188
0 0.2773431535344571 0.5940726079046726
0 0.28610150893218816 0.5847814582288265
0 0.2935318390838802 0.5788392134010791
0 0.27087944890372456 0.5620037481188774
0 0.26428233231417836 0.562604796141386
0 0.2559926999267191 0.5643388360738755
0 0.2482839159667492 0.5673626750707627
0 0.25943630007095636 0.48711575493216513
0 0.2138561218045652 0.31834868863224985
0 0.350342300767079 0.4923837408423424
0 0.26389213725924493 0.5559113696217537
0 0.2584635976701975 0.5548354774713516
0 0.3276019006036222 0.4832118056714535
0 0.3053415215574205 0.4614532828330994
0 0.327312270924449 0.4779461890459061
0 0.33059773249551655 0.37128318659961224
0 0.2916797702666372 0.36461473628878593
0 0.30884129791520537 0.43216410726308824
0 0.38165569403208793 0.10694405511021614
0 0.37378264223225416 0.13514717034995555
0 0.3852724503260106 0.18003609105944635
0 0.2312683905940503 0.5583095595240593
0 0.4578719728626311 0.2366370964795351
0 0.4654733811505139 0.18764386400580407
0 0.4879664278589189 0.14098338969051838
0 0.3018862129421905 0.2845990978181362
0 0.25213410826399923 0.27741408422589303
0 0.3777625968679786 0.3286217488348484
0 0.30565579927060754 0.23018646240234375
0 0.3767695334274322 0.3671425852924585
0 0.32109052389860154 0.4342732049524784
0 0.23182486165314914 0.27712441943585875
0 0.252841593278572 0.29927265010774134
0 0.2689290324226022 0.3220970548689365
0 0.30319575434550644 0.34240368008613586
0 0.33281506020575763 0.35170213505625725
0 0.3573832565918565 0.3552163764834404
0 0.4149065292906016 0.3553886037319899
0 0.20917463679797949 0.3235189612954855
0 0.2964915327494964 0.21882495284080505
0 0.34224892714992167 0.48037407398223875
0 0.3442394719924778 0.39444778114557266
0 0.2567645858973265 0.22365864887833595
0 0.37876676633022727 0.35377186313271525
0 0.30857896180823446 0.43219692185521125
0 0.3022494200151414 0.25177664756774903
0 0.3299210684373975 0.4203857220709324
0 0.19222019454464317 0.3715754970908165
0 0.3823349250480533 0.3210845410823822
0 0.34883549651131035 0.41706900000572206
0 0.1676255777012557 0.5063394196331501
0 0.16388007188215853 0.5261652380228042
0 0.2022571219597012 0.316302752122283
0 0.16457016444765032 0.46529077365994453
0 0.28012967358808966 0.19074363857507706
0 0.19522816273383797 0.6145702369511128
0 0.3434136275202036 0.4870115458965302
0 0.3195105351507664 0.3987850330770016
0 0.2560872757341713 0.24095251150429248
0 0.32213955400511624 0.2888399001210928
0 0.336231139767915 0.3005798041820526
0 0.24685984808020295 0.5543098121881485
0 0.19225538107566537 0.36772602163255214
0 0.2122710515279323 0.661809665709734
0 0.1816196016035974 0.5995180137455464
0 0.17227002517320217 0.5678043887019157
0 0.5213128517381846 0.224520930275321
0 0.24703239304944874 0.6920084491372108
0 0.35168303856626154 0.3088634550571442
0 0.3669559313450009 0.3152233257889748
0 0.37683433601632715 0.3197772685438395
0 0.28842567971441896 0.20622908547520638
0 0.3776750758290291 0.2942225594073534
0 0.36820280929096044 0.2763775419443846
0 0.35503063099458815 0.2637613579630852
0 0.3382303808350116 0.2558321915566921
0 0.3249275845475495 0.2544952239841223
0 0.2817578932037577 0.17823906764388084
0 0.31449836660176517 0.2778408911079168
0 0.3417311001569033 0.5144443474709988
0 0.28083494962193073 0.4862510055303574
0 0.3178758719470352 0.4536882288753986
0 0.3160678779706359 0.5000761762261391
0 0.45771198328584434 0.33025983273983
0 0.17488348511978985 0.5461875095963478
0 0.18473828076384963 0.57939567938447
0 0.2152008584700525 0.6501855209469796
0 0.16455425629392267 0.483866873383522
0 0.38148185685276986 0.31152556352317334
0 0.3809179992415011 0.3809796221554279
0 0.2511115335393697 0.6803812637925148
0 0.1930678145028651 0.6308605298399925
0 0.18405075515620412 0.3657412718981504
0 0.2806505826767534 0.569548063725233
0 0.27275580777786673 0.57242251932621
0 0.2636565184686333 0.5779115594923496
0 0.2552582181990147 0.5854753822088241
0 0.24142097081057728 0.5825741931796073
0 0.263330497359857 0.5462758049368859
0 0.2593107636086643 0.5414838477969169
0 0.256310601066798 0.5368646115064621
0 0.23968216245993973 0.49558709263801576
0 0.20405928352847696 0.3958482060581446
0 0.3969091861974448 0.35999095886945726
0 0.41018882747739555 0.3114838443696499
0 0.39618072896264495 0.3075932815670967
0 0.26723602768033744 0.5499181851744652
0 0.18110624495893718 0.443536002188921
0 0.42924927528947593 0.32076397687196734
0 0.2245940557215363 0.5903253473341465
0 0.40218576886691154 0.40642161257565024
0 0.39838284701108934 0.3784698586910963
0 0.41789724472910167 0.3855003949254751
0 0.3484694518148899 0.4055581662803888
0 0.2602755730506033 0.662570008635521
0 0.2721742957830429 0.6418108105659485
0 0.24436726216226817 0.6199981100857258
0 0.20666736508719624 0.5292048722505569
0 0.2840656494256109 0.4375122144818306
0 0.21238370081409813 0.5603469863533974
0 0.245852221082896 0.404986734315753
0 0.2566470471676439 0.44674898907542226
0 0.21627835212275387 0.4286468647420406
0 0.2269413902424276 0.6353187337517738
0 0.33306312961503864 0.4111995317041874
0 0.18707417747937144 0.5308060348033905
0 0.19662577523849906 0.5657916814088821
0 0.2061908713541925 0.4962070554494858
0 0.18054181109182538 0.40629679076373576
0 0.18632597038522364 0.4814242199063301
0 0.170350080402568 0.41437385976314545
0 0.23081026719883085 0.46540540754795073
0 0.3632049074396491 0.3876033917069435
0 0.3213557762093842 0.4474863104522228
0 0.31090081883594395 0.44694579765200615
0 0.33396827038377525 0.43733400478959084
0 0.41235696389339865 0.2790758214890957
0 0.3955793797969818 0.24388461969792843
0 0.3725674234330654 0.22360636666417122
0 0.34793922659009696 0.21473821327090264
0 0.32540655792690815 0.21628612615168094
0 0.28898084110114725 0.2506263006478548
0 0.22343253348954023 0.27008906565606594
0 0.28129016554448755 0.2899565637111664
0 0.2945435609901324 0.3092737954109907
0 0.31683817487210036 0.3255874257534742
0 0.3412655203603208 0.3360734451562166
0 0.36249192180112005 0.3410594467073679
0 0.37873435630463065 0.34238879308104514
0 0.2359811680391431 0.27026522196829317
0 0.309534882940352 0.4531441621482372
0 0.3664892339613289 0.3993091583251953
0 0.3306097465567291 0.45540524944663047
0 0.3363759022206068 0.47207028418779373
0 0.33077026000246407 0.4597172290086746
0 0.31156791355460883 0.46243270561099054
0 0.3377922692336142 0.4758116610348225
0 0.3387804956175387 0.4823167689144611
0 0.38877062015235425 0.3258159630000591
0 0.3962006185203791 0.33662487640976907
0 0.40072565879672767 0.3441791232675314
0 0.31633878806605936 0.2551769658923149
0 0.31263024993240834 0.23669686168432236
0 0.41823266055434943 0.4202785909175873
0 0.5937684674747288 0.44752421900629996
0 0.37226113472133876 0.4994970440864563
0 0.7367479147389531 0.4113447293639183
0 0.5236515074968338 0.4362007364630699
0 0.5410440264269709 0.4472831837832928
0 0.5613232378847897 0.45632188618183134
0 0.5997278958559036 0.4591804675757885
0 0.5123503969982266 0.4233356393873692
0 0.5933955426327884 0.3791492905467749
0 0.5698364924639463 0.3702734369784594
0 0.6132355074398219 0.39566756784915924
0 0.6227260220795869 0.4141072165220976
0 0.6088335065171122 0.48311470448970795
0 0.3455449708737433 0.6920290619134903
0 0.6071573703549802 0.44470607340335844
0 0.6934820672497153 0.5095104306936264
0 0.6467865545302629 0.4810664184391499
0 0.483599141985178 0.5245192170143127
0 0.355739652691409 0.5621205933392048
0 0.3428984198719263 0.5792055442929268
0 0.373096094513312 0.5854652732610702
0 0.38201576662249864 0.6039306484162807
0 0.35770023223012687 0.5930397972464562
0 0.36796911135315896 0.6055912800133229
0 0.39591469084843994 0.644874532520771
0 0.37190846614539624 0.48578180819749833
0 0.386076833633706 0.4680186100304127
0 0.6652620153501629 0.4116475239396095
0 0.47489781845360995 0.4469482064247131
0 0.42769794217310847 0.5115927159786224
0 0.4377454866655171 0.5018309473991394
0 0.5508159285411238 0.5604678988456726
0 0.402934080734849 0.4424642167985439
0 0.6274136014282703 0.3544354997575283
0 0.652644876204431 0.38057858124375343
0 0.7349510442465543 0.3616477206349373
0 0.5301237686537206 0.31972692124545576
0 0.5455857606604695 0.3719871208071709
0 0.42088879835791887 0.6354781866073609
0 0.5600155562162399 0.6823499813675881
0 0.4055025927256793 0.5138077601790428
0 0.3861573522910476 0.5099603183567524
0 0.38762837629765273 0.6307716026902199
0 0.3826460158918053 0.6275090582668781
0 0.6744665324687957 0.3751259885728359
0 0.4241705753840506 0.5212815895676612
0 0.5900335263460874 0.3319359041750431
0 0.6030977701768279 0.31649555265903473
0 0.6717583744786679 0.2624282009899616
0 0.7078295804560184 0.36986700594425204
0 0.6378332500346005 0.29106398709118364
0 0.687747099250555 0.4120453465729952
0 0.7128898750990629 0.4129833858460188
0 0.349563237791881 0.5714802943170071
0 0.3653566991444677 0.589713005721569
0 0.37537080333568157 0.6049685135483742
0 0.3989483984652907 0.5146992430090904
0 0.3849915343336761 0.6291128665208816
0 0.3740375394001603 0.6305809147655964
0 0.38017103197053076 0.6258034102618695
0 0.3978358055930585 0.5005538240075111
0 0.36285543446429075 0.6052215926349163
0 0.35233073267154397 0.5943722039461136
0 0.338352878857404 0.5831380829215049
0 0.30975661920383574 0.6396265670657157
0 0.3169045316055417 0.6342032745480537
0 0.32183127459138633 0.62227463722229
0 0.3261333213187754 0.6100843124091625
0 0.32824943754822017 0.6008696511387825
0 0.3569327467586845 0.6163360252976418
0 0.3593137311283499 0.6226271867752076
0 0.3615215768106282 0.6310134276747703
0 0.36245444770902396 0.6394307062029838
0 0.41582254907116295 0.5865985810756683
0 0.6484489653259515 0.5972027488052845
0 0.3672224933281541 0.6208807870745658
0 0.3707071647979319 0.6254576526582241
0 0.3755386684089899 0.5139144569635391
0 0.411679880740121 0.5296921156346798
0 0.3805848360527307 0.5119815155863762
0 0.48973497450351716 0.4721500501036644
0 0.5156064869835972 0.5070312902331352
0 0.4365112863481045 0.5132239684462547
0 0.7165794491767883 0.3127567030489445
0 0.686027761362493 0.3295550890266895
0 0.6460565256886184 0.34276740476489065
0 0.3710084767546505 0.6484132960438729
0 0.5527004597708582 0.2932320799678564
0 0.5823447367176413 0.26013842560350897
0 0.6173889150843024 0.21997447051107882
0 0.5825613390654325 0.46197867169976237
0 0.623172079026699 0.5119531631469727
0 0.505830358993262 0.4127807725220919
0 0.6390474734827876 0.43814390525221825
0 0.46776481885463 0.4245030254125595
0 0.41859311731532217 0.4960477605462074
0 0.6442596202716231 0.540149150788784
0 0.5946253424510359 0.5174845345318317
0 0.5592371917329728 0.5073122084140778
0 0.5214409900829196 0.4795419812202454
0 0.5001190349459648 0.455213850736618
0 0.4862079394981265 0.4339689493179321
0 0.4526739879976958 0.3791207209229469
0 0.6118527029640972 0.5813387297093868
0 0.6595014825463295 0.4454577684402466
0 0.3613704231567681 0.49260578230023383
0 0.4574550430290401 0.46599614918231963
0 0.7084078968502581 0.5093759343028068
0 0.4776647545397282 0.41372189186513425
0 0.440062017692253 0.5156984493136406
0 0.6184968629851937 0.4500469543039799
0 0.4296867233235389 0.4835196152329445
0 0.6094082256779074 0.6413228169083596
0 0.5108403622172772 0.40611188784241675
0 0.4181303140241653 0.46096406504511833
0 0.4683834731578827 0.7035677149891854
0 0.46158250169828535 0.7225742742419243
0 0.6381534038111567 0.5959317460656166
0 0.5141722036525607 0.6927326209843159
0 0.7056912871077656 0.4591859169304371
0 0.34058873406611384 0.7120663389563561
0 0.3585524971596897 0.4965651728212833
0 0.46770914904773236 0.4927627474069595
0 0.6671910405158996 0.49735059067606924
0 0.5659239597618579 0.4447049282491207
0 0.547551351878792 0.43759699538350105
0 0.3767772692255676 0.6358550608158111
0 0.581994373165071 0.6181636914610863
0 0.29032180591020734 0.7147818550467491
0 0.37119207535870374 0.7264738798141479
0 0.4110969019122422 0.7268895313143731
0 0.5334019659087061 0.42887360528111457
0 0.5223194484598934 0.41876777708530427
0 0.5147699381224811 0.41165380254387857
0 0.6823299450799822 0.4519071191549301
0 0.5366623166948556 0.39188936837017535
0 0.5568331920541822 0.3908889774233103
0 0.5747922927141189 0.3983872104436159
0 0.5912140475586056 0.4122034963220358
0 0.5995687095448374 0.4252635262906551
0 0.7285381199792027 0.4583255507051945
0 0.5811105713248252 0.44731722250580785
0 0.4024925989098847 0.5635751366615296
0 0.4067744068335742 0.5101460702717304
0 0.3678223058115691 0.5330415733158589
0 0.42304348880425097 0.7104688882827759
0 0.3830260653514415 0.7116120681166649
0 0.295071341493167 0.7041105970740318
0 0.509207672253251 0.7091630570590496
0 0.5195450734347105 0.40024289339780805
0 0.4447085257153958 0.42114957943558695
0 0.33113756198436023 0.7240015313029289
0 0.6027051129378378 0.6357762821018695
0 0.343825423438102 0.6095354281365871
0 0.3446859131101519 0.6179243147373199
0 0.34389722840860487 0.6287113517522812
0 0.3414829958230257 0.640158747881651
0 0.3418961538001895 0.6476053304970264
0 0.3760888006538153 0.616943746805191
0 0.3818900206126273 0.6182100899517536
0 0.3872747822199017 0.6187191307544708
0 0.42195834666490556 0.611461853981018
0 0.5412847267463803 0.6120872661471367
0 0.46088627986609937 0.4002983544021845
0 0.50741932336241 0.3723853975534439
0 0.5181302081793546 0.38583657667040827
0 0.3712959061842412 0.6152128264307976
0 0.5162319865077734 0.6597808077931404
0 0.48624412138015033 0.3544483333826065
0 0.34544215286150576 0.6696690961718559
0 0.4347447827924043 0.4013436235487461
0 0.438341597141698 0.46255089342594147
0 0.3060420915018767 0.6607306934893131
0 0.4136992907617241 0.6636164426803589
0 0.44910708656534554 0.5425711125135422
0 0.38113152822479607 0.6705717146396637
0 0.5015584172680974 0.5682526968419552
0 0.45632229866459967 0.5741630353033542
0 0.4995368069969118 0.6102421462535859
0 0.300931505439803 0.6848340578377247
0 0.4448124613147229 0.4817781515419483
0 0.4256617683451623 0.6872296810150147
0 0.3860208669677377 0.6907329052686692
0 0.4437853638548404 0.6494387224316597
0 0.5549997904337942 0.6476600609719754
0 0.47253897627815605 0.667040453851223
0 0.5637392167001962 0.6691475376486778
0 0.4559123537503183 0.6092539966106415
0 0.4511787787079811 0.4432099096477032
0 0.4057237701956183 0.5009658426046372
0 0.41654148935340346 0.5141138322651386
0 0.4036952797789127 0.48163473084568975
0 0.5369317948818206 0.354776281863451
0 0.5763699415139854 0.3561160333454609
0 0.6060866869986057 0.3696923304349184
0 0.6282838176004588 0.38925853446125985
0 0.6397284681908786 0.41249884739518167
0 0.6298694292083382 0.463139384239912
0 0.6690392850898206 0.5545239165425301
0 0.5893013671040535 0.4850142389535904
0 0.5616731823422014 0.47811914682388307
0 0.5340647299773991 0.4626065716147423
0 0.5130457457154989 0.4444549687206745
0 0.4997582987882197 0.4278410315513611
0 0.4914837538264692 0.4134330958127975
0 0.6805199080146849 0.5533490672707557
0 0.4137504902202636 0.5195297405123711
0 0.43020235006697477 0.4396169684827328
0 0.38892210558988155 0.4926761105656624
0 0.37431365326046945 0.49656967446208
0 0.38832847476005555 0.4965199984610081
0 0.4056523319333792 0.5225161448121071
0 0.36858481452800335 0.4956215262413025
0 0.3656808168627322 0.4994066163897514
0 0.5035935433581471 0.4014082260429859
0 0.48892636531963946 0.3951859515160322
0 0.47659469982609154 0.3901095617562532
0 0.6039468220435082 0.4352297641336918
0 0.6262198088690638 0.4326289214193821
0 0.3408779271878302 0.2796560198068619
0 0.35986866550520064 0.2922890454530716
0 0.3551047409884632 0.2602956868708134
0 0.32165595311671497 0.26703341901302335
0 0.32667360482737423 0.2989414636045694
0 0.5456395445391535 0.4095500949770212
0 0.5658948326483368 0.42112102955579755
0 0.557696283608675 0.3892267465591431
0 0.5265187470242381 0.39845333322882653
0 0.5338619926944375 0.4297524519264698
