0 0.6614694029307194 0.4236617051183987
0 0.6635603720335652 0.3574147989955573
0 0.6450392633890935 0.3759585278102765
0 0.6120519517994613 0.27245259865785176
0 0.6642930164611597 0.33347954641515837
0 0.6559863347801373 0.29836778080882354
0 0.6257456245182229 0.20657539091552027
0 0.31803115194650006 0.19841018966592538
0 0.6114713751154838 0.1309656605076866
0 0.6095128569671576 0.0946611358334843
0 0.5913825789801508 -0.03780828287807136
0 0.6619095515004165 0.4338533384160112
0 0.6588705546564335 0.44490313034849804
0 0.654077987447917 0.45239168738785646
0 0.6537563925166782 0.4667542096905815
0 0.6574524263683841 0.4808547041667536
0 0.6592779416832135 0.49827798858237343
0 0.6573546936186098 0.5152558146383815
0 0.6385618598341084 0.5206545606588784
0 0.65821893609685 0.3679591067873251
0 0.6133618114663543 0.36776760648995543
0 0.112298470821312 0.08199147689647188
0 0.43225045834513875 0.2192433364094256
0 0.3926851757996374 0.22289175423570334
0 0.3534476842811639 0.2228352290372879
0 0.2990580544197302 0.20769613010053056
0 0.4667249834365982 0.2126732585719599
0 0.37257794188938553 0.14203938537131483
0 0.41920486714342514 0.14400750508133214
0 0.32893141396611714 0.14836480932685134
0 0.2997302430139171 0.16019851069290417
0 0.26209066690300864 0.22558843732451478
0 0.49340499562325235 0.5589499772547152
0 0.3016462664810016 0.19083975583981402
0 0.11562798177595619 0.19856474960383516
0 0.21031313041131272 0.20598373716822066
0 0.42732674462332143 0.3300646358785538
0 0.6184592165535302 0.42139528049066804
0 0.6204554129847519 0.4469041371117004
0 0.57100580236037 0.4368751150921892
0 0.5379319962837713 0.45033316052378936
0 0.5834932181474973 0.45234452164211214
0 0.5531939585431874 0.45872792630149917
0 0.4588467354397122 0.4823161790165277
0 0.6322427452039375 0.3584408382066903
0 0.6267544592884805 0.3356104800685907
0 0.24200084226594554 0.137956084629979
0 0.4969182571918844 0.26151047727932186
0 0.5205888482306501 0.35015300601816024
0 0.5122433343379618 0.33509088305238716
0 0.30118070639294686 0.32881234848080354
0 0.620154638942197 0.30236376964817413
0 0.3482965462499385 0.10740056691078333
0 0.2874079393825943 0.11760938991182529
0 0.16134157240819588 0.038326848143586716
0 0.5277811357443282 0.12979394178420972
0 0.4585746591039699 0.15531339227391508
0 0.42980089333417604 0.46121868300742613
0 0.166683484967664 0.42148342147802775
0 0.5497046284538378 0.3624916756495881
0 0.5814491587577106 0.3680698725933465
0 0.4945803975029815 0.4706496581101951
0 0.5046065333935854 0.4698014853480525
0 0.262548475599975 0.09935877041313976
0 0.5156185258206704 0.3589180965964406
0 0.42741401675793766 0.10960130955274112
0 0.42173854352758944 0.0874377939933405
0 0.3493358096201643 -0.019627619760866744
0 0.20758574450616357 0.06948153665081
0 0.3855902698400209 0.03424551878303004
0 0.2118834016992034 0.12429249972200242
0 0.15906610012912065 0.10479001658031353
0 0.619821103356725 0.43512825063242316
0 0.5777220190000191 0.44508353932597006
0 0.5457184567725916 0.4546592543109918
0 0.5576213323812691 0.3660505154071905
0 0.49989348692859675 0.47026990016047565
0 0.5182803886399853 0.47554417283009415
0 0.5097060958258539 0.46936081725949297
0 0.5767813663688495 0.3565862294964897
0 0.5581463699718173 0.4612930427534512
0 0.587158798313827 0.4566899239064786
0 0.6197768025261035 0.4536443801162342
0 0.5877170991554534 0.5218801330834532
0 0.6097941145622473 0.5153961327319709
0 0.6141534066028732 0.4984817961915233
0 0.6170382285289627 0.48051146282174717
0 0.6188396618520613 0.4673274577425692
0 0.5565238959497685 0.4674626170827177
0 0.5493362241511722 0.47384896960121375
0 0.5404787170801232 0.48259534127415177
0 0.5322416223210397 0.4918337843288629
0 0.4780101559573798 0.4209921239092708
0 0.10040369779943563 0.29580050873489805
0 0.6521292526087314 0.37200729115702474
0 0.5340515345120601 0.4680074182943033
0 0.5267872017064541 0.47147303200758306
0 0.5950588957011271 0.37667260983119755
0 0.5263331056498796 0.37115893415368784
0 0.5886594074235546 0.37252066082086044
0 0.45626750395452376 0.27689938885144916
0 0.39426615855676667 0.29702753666490794
0 0.5034481895913323 0.3446205745870694
0 0.23721993977217365 0.003700742325462853
0 0.2793132544850274 0.044487671016123345
0 0.3335833523770888 0.08567849325295836
0 0.4936713023151425 0.4989765206464944
0 0.5174011952585453 0.09360753413968192
0 0.4900546888653323 0.032644978679788
0 0.46405293594161384 -0.032007006696237926
0 0.3190211726607179 0.21794104595153857
0 0.2154256369141366 0.24583162533970307
0 0.4900651494804904 0.2064582872124145
0 0.2581567732121447 0.17310281921499454
0 0.5259000813360695 0.24533347399851765
0 0.5501095571106286 0.3423396686014657
0 0.17332484674968307 0.25750800314993144
0 0.24890025764060536 0.2653134181952705
0 0.3065953917211766 0.274981419594524
0 0.38600887004420054 0.2691020988427793
0 0.4424793094182186 0.2568735870214316
0 0.48414579591305135 0.24414377333447576
0 0.5871611563421839 0.21352262890186555
0 0.1902770638037071 0.3129410750378435
0 0.22262153672657425 0.16891811212030844
0 0.6389031718960769 0.36846293275729536
0 0.5078596091098923 0.2891995704973849
0 0.0785842091917134 0.1844044320118694
0 0.5167625709403333 0.23015955347603503
0 0.4941080894401605 0.3433152257253568
0 0.28197388811934765 0.19147653025560105
0 0.5411688166556599 0.3240628684290682
0 0.12581795046655395 0.35657325891641
0 0.4892066264752861 0.19725403932336802
0 0.5805180887524173 0.31075641665214926
0 0.29924534207625353 0.4995910018777695
0 0.2855519954677966 0.5178276374698066
0 0.13203679872073715 0.30745020842018983
0 0.23839024931406802 0.46297346983854765
0 0.134124481635128 0.1479425837818426
0 0.48342403855255184 0.5815005835633689
0 0.6367942918118813 0.37182017580007976
0 0.4724911655024659 0.3080633078425075
0 0.16993623457366613 0.21040552583174965
0 0.3589205175852604 0.20720903323100398
0 0.39316774379435204 0.20791618778301885
0 0.509864334579852 0.4800281244725846
0 0.20387087151300992 0.3616431344050569
0 0.5518280079038881 0.608573537379408
0 0.42063496117111593 0.576032857639721
0 0.3595350599117416 0.5525840018123103
0 0.6021343353840944 0.02975828764728083
0 0.6301791693666856 0.6070738509059334
0 0.4258313281930608 0.20477358573160995
0 0.45766606562429196 0.20049277842996982
0 0.4792454367061313 0.19887580401219498
0 0.18669654825608506 0.1615445768585601
0 0.44919198901533225 0.1770629178696928
0 0.4128056548053412 0.16923338565201804
0 0.3782025168267943 0.1690107670169288
0 0.34434436529660395 0.17410706269284026
0 0.323356884417774 0.1810619835369884
0 0.08688416798337759 0.12814640175229824
0 0.3351076421120184 0.20339649334883156
0 0.6435319815608237 0.39381500012196674
0 0.5161658894243858 0.4070275625862633
0 0.5523582130884953 0.35942265953118807
0 0.5922658863685114 0.3978542303696227
0 0.6144616059262118 0.16746026682206236
0 0.360857913820006 0.5321488897450054
0 0.4194178422577947 0.5572310437600072
0 0.556006835518981 0.5965914850036937
0 0.22190845891726102 0.4761398246113104
0 0.4766884308924778 0.1895217127598132
0 0.5671644738252214 0.2571685755976473
0 0.6359599511400401 0.5954554906477943
0 0.4846145920187449 0.5963258828979712
0 0.15300571639760793 0.36205517141202004
0 0.5858859145384041 0.4671926300365704
0 0.5796970935176602 0.47753246695088886
0 0.5729025100632538 0.49128857778664975
0 0.5668443338476497 0.5061579476149318
0 0.5363860327562839 0.5132584190025878
0 0.5273194638945216 0.4646595347041901
0 0.5194577973523586 0.4631747717674548
0 0.5121717405833787 0.46120877083117207
0 0.4483692628874196 0.43979124786754764
0 0.27128125802218483 0.37996231005214653
0 0.5566142535895753 0.22771050897650064
0 0.5193832936904413 0.17494519430989275
0 0.4929657501282452 0.17831537108451795
0 0.533719805075968 0.4657229748777688
0 0.2654976917685365 0.4348697602368011
0 0.5591906253382456 0.17442143344269773
0 0.5116267851788363 0.535106071458457
0 0.645773362770355 0.26757210469284
0 0.5997069207884425 0.24496860273729879
0 0.6362277127855973 0.23861931954709867
0 0.542209208869248 0.29839678037280853
0 0.6390379307081373 0.5739809634586492
0 0.6384255958975648 0.545744010625175
0 0.5754697507233928 0.5468759885230384
0 0.41690814752372907 0.4927309652486929
0 0.4613629523798716 0.3633295309048491
0 0.459256906946786 0.5170278832935297
0 0.3678293243157778 0.3619204910989767
0 0.428424657677575 0.3892472555843024
0 0.33518748896585093 0.40105693189861674
0 0.5640578968919439 0.5746820380512517
0 0.5145944391223166 0.3113590327505106
0 0.3790571265083423 0.5100227382998116
0 0.4350634105771566 0.5362026013505344
0 0.38494266494572593 0.46387857312973313
0 0.21823221745250895 0.4020404113938633
0 0.32664924388309174 0.4658586132450226
0 0.18331207517239687 0.4132830301603189
0 0.4007182007642101 0.4213329332705123
0 0.5370993614196777 0.27261926324222796
0 0.5656249321621957 0.3534738061527094
0 0.5350071882172455 0.358330330338341
0 0.5875179711863291 0.33832243675241075
0 0.4887451803941521 0.14979426305705365
0 0.4234853408319487 0.13294783782083006
0 0.3647816479206085 0.13054487204399354
0 0.3145374068253332 0.13743042607848255
0 0.2775874034963923 0.1512173788901716
0 0.2516028089917821 0.19854324865645875
0 0.11788275859338775 0.25317936683424747
0 0.2876415096169753 0.23736793493120054
0 0.33232436591772724 0.2450585124401239
0 0.387509905605865 0.24370653213213045
0 0.4376214699779483 0.2362749424700539
0 0.47657364006522746 0.22717256153734347
0 0.5039793981922617 0.218719464997514
0 0.08608454551628168 0.23879538043238485
0 0.5326731916811827 0.3633332894252131
0 0.5767856308882185 0.28329976212483243
0 0.6003654629206486 0.3558427057327173
0 0.6149738499586531 0.3652211720951068
0 0.5953463744774139 0.35832391874477887
0 0.5410996812710659 0.36891996146390993
0 0.6254862915697715 0.3675107005686044
0 0.6234472994324115 0.37100840909793353
0 0.5036901634374111 0.19786868637171798
0 0.5251806318331108 0.20368249095476473
0 0.541128178294614 0.20904492303586233
0 0.31131200031410877 0.18627237978453834
0 0.2816784823541161 0.17393039381161285
0 0.6736501245189914 0.2686223347727864
0 0.8318381558219305 0.172611411101521
0 0.6832226660611819 0.36320815280603524
0 0.8999050023744433 0.04705801991799388
0 0.7382668745603492 0.20293432431289563
0 0.7708479530519718 0.20266004444692082
0 0.8022661221970757 0.19942189491214082
0 0.8384940169698043 0.1785473307481589
0 0.7133616800788495 0.2000686183524208
0 0.7929652054532826 0.1242466236646183
0 0.7538254466845835 0.131151596720988
0 0.8277289652995926 0.12544667868378062
0 0.847378867135631 0.13394830435419236
0 0.8590580812461085 0.1923770090928093
0 0.7434015063930759 0.5342079324844166
0 0.8404895110096006 0.16241270294204688
0 0.9086358281348249 0.1549812238246869
0 0.8833080950400812 0.16662187726733785
0 0.7822549403142586 0.3071535985214642
0 0.6949598776350776 0.41606761472293746
0 0.6858253273174917 0.4426228876311939
0 0.7221775955433468 0.42425238238736845
0 0.7354313203756758 0.43503771450953743
0 0.7047608469029982 0.44368898087797076
0 0.7164979581352618 0.44717563493564105
0 0.7693489995791758 0.45812166222749046
0 0.6901115706498674 0.3542189512389917
0 0.6958961152344298 0.33095496302595534
0 0.8873994247518855 0.10460678871256855
0 0.7115878908754253 0.24882628171207805
0 0.7448306220898525 0.3349542497826841
0 0.7418035659001028 0.3198115397185182
0 0.8649079984040569 0.29198404451528676
0 0.6863617035124799 0.29805661585574716
0 0.832427662911175 0.08729738377915404
0 0.8683883479173234 0.09021441933636468
0 0.8871421488068945 0.009218637126322371
0 0.6947475547413174 0.12093774393534128
0 0.721042129633238 0.1457128784241387
0 0.7913579331885139 0.4338342141800414
0 0.8446268473597739 0.3704041716770623
0 0.7201109091154962 0.3510841978624606
0 0.6965417132960806 0.3610923269305366
0 0.740192029115965 0.4547696884828635
0 0.7311486391712436 0.45477341015498857
0 0.8804951177226553 0.07072420665821709
0 0.74104332752365 0.34373717490857403
0 0.7779749181630801 0.09482385765630216
0 0.7846616845336749 0.07371315155356836
0 0.7886430899873912 -0.03485692318636008
0 0.8854922313484357 0.03953707327667517
0 0.7836686033996747 0.019469964570892506
0 0.8989055997176136 0.08924201273689636
0 0.9013830346169232 0.06908329930930092
0 0.6928543589955611 0.430380060269048
0 0.7149241999756518 0.43484433495198577
0 0.7271902621221199 0.44130806877209355
0 0.7118938826828551 0.3557954294422564
0 0.7356794652321356 0.45486424106378526
0 0.7312486797785588 0.46111274432069577
0 0.72670711716302 0.4547986880468484
0 0.7139765234302273 0.34735239247163646
0 0.7058916469272092 0.45082876933649324
0 0.6947140406361587 0.44924621117381625
0 0.6776289210902701 0.44989120274686967
0 0.6787899741165929 0.5142525844871045
0 0.6947565353174003 0.5086520575105954
0 0.6933940966352284 0.4922252968667795
0 0.6868358678954969 0.4752807816187033
0 0.6783499760593442 0.4631071920973805
0 0.7060425607420557 0.4571461419518382
0 0.7161983380214774 0.4623890936184234
0 0.7264638890465387 0.46949980881648323
0 0.7341488539743767 0.4775655198211487
0 0.7651831662054542 0.40041846246384205
0 0.8703619173104814 0.2492813390379135
0 0.7139111508568414 0.4557048967851998
0 0.722899152220582 0.4581909737647913
0 0.6863995824786399 0.37146750130592443
0 0.727895212259224 0.35780037896701705
0 0.6914437563299275 0.36658993677590224
0 0.7427302710443949 0.25965067296744154
0 0.7963314163599083 0.2719986836274211
0 0.7428095911046584 0.3287455057755065
0 0.8546404405463514 -0.019035579107059077
0 0.84958497826144 0.021708310840609736
0 0.8426607032473996 0.0653152168273164
0 0.7464849545801286 0.4782389213863653
0 0.7078902013867879 0.0871168274087266
0 0.7031088724410791 0.024469975798655622
0 0.7038466844627326 -0.040325754557173854
0 0.8265207517061303 0.19129534746511295
0 0.8854443683898706 0.20640894742057728
0 0.6982638265589158 0.19638589481576182
0 0.8692674911279472 0.14030748129652712
0 0.691582328124012 0.23577887305436424
0 0.7338095989158685 0.33005726623078124
0 0.9108605024625929 0.21318187481298234
0 0.8735959281166681 0.22936689258573917
0 0.8404501770897735 0.24430376838761778
0 0.7814964579163696 0.24525535573212864
0 0.7377472052471243 0.23825238478450347
0 0.7075945447674759 0.23050758509209363
0 0.6561048884185956 0.2098719449088977
0 0.9101782797051848 0.266412895946457
0 0.887419543249144 0.1324010283802264
0 0.6747244322042671 0.3658729068958721
0 0.7157354620720843 0.27655218632076495
0 0.8895086560317939 0.142280151764044
0 0.6861767237134975 0.22118030093348445
0 0.7389518065418271 0.32729563812097423
0 0.8506931512475872 0.16069848602191328
0 0.7289409225793193 0.3116747853093254
0 0.860129428853234 0.3072706469522117
0 0.6970060943699569 0.18745432389429964
0 0.7096016784366086 0.3022754259955007
0 0.8329388031856619 0.4528179478150206
0 0.8123112728269838 0.4703226668385271
0 0.9047371543568673 0.2578177310216922
0 0.8566275058890418 0.412972141569034
0 0.9061811206152113 0.10822171148972008
0 0.7450277933971488 0.5541558002892394
0 0.6661747230900278 0.37010278993140394
0 0.7415775965443618 0.29123867833957123
0 0.9005370041449293 0.16638505363616699
0 0.8031386428599735 0.1863399594546126
0 0.7738490207589788 0.18998130241902872
0 0.7383846254657498 0.4646358044383625
0 0.898667489024375 0.31394496845742004
0 0.6927677641669623 0.5934251895346961
0 0.760467962395373 0.5406708924915082
0 0.7846293243572866 0.5105652917688266
0 0.7453303234182673 0.18981940968158528
0 0.71995251984905 0.18824974840251021
0 0.7042609950621351 0.18822318082229017
0 0.9009359123037873 0.12244179692512122
0 0.7226576299118481 0.1649088763390867
0 0.7510819559474643 0.1536587958042614
0 0.7831924321840136 0.1491775525073274
0 0.8119425173286053 0.1501513040675142
0 0.8275705258623302 0.1547906447332888
0 0.9010634465183286 0.08887240647698363
0 0.8209180763299516 0.18000663155184005
0 0.7404687713376052 0.39156423599575274
0 0.7228490817461083 0.3479876561096301
0 0.6892775811737389 0.3915729690283632
0 0.8028134858007911 0.4900190822613506
0 0.7751475418214318 0.5212417373451562
0 0.7002776329465907 0.5813045509326191
0 0.8296926510419776 0.4258655614365404
0 0.7050575069386325 0.17907798223602125
0 0.6842809190853036 0.25016726282077095
0 0.7327434690736181 0.569899136646868
0 0.8919185108418087 0.3106726237569754
0 0.6952828773491674 0.4595071191604907
0 0.7057217685438746 0.46850287971405175
0 0.7151490154026223 0.4805798900013153
0 0.7209406842430719 0.49455760614559674
0 0.7173149397047304 0.4981709076002383
0 0.7235890009420382 0.45111010564021026
0 0.7330037050967594 0.4484693029056342
0 0.7411841570044593 0.44500914273170616
0 0.7832453122241891 0.41530264528414695
0 0.8761097870284705 0.3377922642916536
0 0.6734931902062121 0.22131826073978655
0 0.680134903183944 0.16848216060632334
0 0.6954453806225345 0.1702757486329673
0 0.7142120252410284 0.4530555084109687
0 0.864424401907612 0.3891821815944708
0 0.6588957905769348 0.170656501485136
0 0.7304883410604738 0.5147348173891013
0 0.6660649995152041 0.2410107702492906
0 0.7101088050458071 0.28790678688512444
0 0.6881305759759258 0.5362004641526804
0 0.7919278234886609 0.46088937029670984
0 0.7642939888316093 0.3428750735121413
0 0.7636214992125258 0.48954956200176153
0 0.8295442457679364 0.33062255506317456
0 0.7918622502320104 0.36390056806250504
0 0.8473460052510817 0.36426005948084994
0 0.6988256393576697 0.5612172125437008
0 0.722656124787365 0.29815343460335897
0 0.8075678228474349 0.47121196223524053
0 0.7754951252354135 0.5033693834425161
0 0.8162567058055521 0.4298292896427666
0 0.8842281776366474 0.35373292296839215
0 0.8407975096496747 0.4240557970330357
0 0.8767360191551044 0.3612582913983744
0 0.8110584072071871 0.3917010166584112
0 0.6993336188707421 0.26287843129886224
0 0.7251209166410159 0.342532605980151
0 0.7364094506064764 0.3446076040069897
0 0.7176770726553827 0.32934786393619575
0 0.7089134351812678 0.13965618867462817
0 0.7632636809520584 0.11839278347004717
0 0.8106586461444553 0.11139476861054905
0 0.8461285100566397 0.11295201203312737
0 0.8660115556751223 0.12228298101562281
0 0.8644325295798212 0.16402529241939703
0 0.9100233522250498 0.20613321204916737
0 0.8469677172976432 0.20655505068766805
0 0.817525325061606 0.2182151600004385
0 0.7756220072293453 0.22146843573727165
0 0.7361085762222894 0.2185688293970431
0 0.7080955505371094 0.21387994627411755
0 0.6894977808856279 0.208899777822982
0 0.8769204972459258 0.1950390179888509
0 0.7318225837439942 0.349776969740566
0 0.6946025109119552 0.27583104786210166
0 0.7093188655462196 0.347743389134209
0 0.6883041669996522 0.3598991809561611
0 0.7048707209902701 0.3505327271196408
0 0.7217704091998313 0.35689383859451584
0 0.6841139506093032 0.3633175552272187
0 0.6761529960220666 0.36750679465528496
0 0.6881000721197335 0.18977572609441348
0 0.6748527189810499 0.1970928651265824
0 0.6690956680037135 0.2039350672080494
0 0.8353695290551769 0.15878888131521
0 0.8558324991370276 0.1444338023567352
0 0.3778625593768607 0.18431496448791065
0 0.4190537024744981 0.18305276491390632
0 0.37795808461072633 0.15922175600125005
0 0.33602107707545054 0.18572096431407684
0 0.3775346429227925 0.20944428424865674
0 0.7560436991478899 0.16776420952032167
0 0.793082404479706 0.16613153775279133
0 0.7543629768083422 0.14549645029317837
0 0.7193621598559318 0.1695053256548251
0 0.7580510335002871 0.18987794310901873
