0 0.3800363130867481 0.4896378472447395
0 0.4134170079603791 0.4063003625720739
0 0.40715901032090185 0.4266272086650133
0 0.4464479235000908 0.33751741908490657
0 0.4254272660240531 0.3884651679545641
0 0.4451579859480262 0.3660661871545017
0 0.4996762094087899 0.30883128084242345
0 0.3850485010072589 0.19671919657848774
0 0.5492244638502598 0.2477294061332941
0 0.5683020325377584 0.22101086811162532
0 0.6214812422171235 0.1534849385265261
0 0.3751767655834556 0.4970043867826462
0 0.36916075749322774 0.5056565015576779
0 0.36436237921006975 0.512644337490201
0 0.36367668346501886 0.5171656953170896
0 0.3586803971324116 0.5249116869643331
0 0.3528286405839026 0.5338392117992043
0 0.34772981866262853 0.5421642697416246
0 0.34422560352832077 0.5271950179710985
0 0.40929078683257103 0.4162075608968735
0 0.39555255621671676 0.40462296521291136
0 0.39177174055948855 0.0896406438201666
0 0.4198702726513147 0.25554776629433035
0 0.40176690788939595 0.24394043972715734
0 0.38635445134714247 0.22987920204177498
0 0.3757747801952064 0.19756725155748428
0 0.4369507279247046 0.26314031463116405
0 0.4454609686508775 0.17093305811285972
0 0.4627963682636619 0.19129727031104266
0 0.423754708096385 0.15915765301324428
0 0.40425735972821714 0.15829405672848224
0 0.35635529956780376 0.20095785628072918
0 0.27665034160017965 0.4941813450306654
0 0.38531790133565663 0.18404631554149092
0 0.328474969509989 0.1580377532169223
0 0.353859435999766 0.1706991309300065
0 0.3512876784894615 0.3229261224158108
0 0.3607289127074182 0.47153559429571035
0 0.35170800490304827 0.4930502373725176
0 0.3353609686717391 0.4645632405765355
0 0.31796948723495005 0.46407186742872
0 0.33564849458634854 0.48418412925675514
0 0.3229033904150128 0.4793724700808525
0 0.28633170276880265 0.4402624688111246
0 0.39941823594272136 0.3946630170568824
0 0.4081839770078659 0.3754552237689495
0 0.40283318534493445 0.12364001767709851
0 0.42129170410335065 0.3071684202179313
0 0.3699922548606992 0.3619176236912608
0 0.37675432171672585 0.35141008580103517
0 0.30518922535702586 0.2792272797785699
0 0.42752957455813884 0.35496077188290653
0 0.4560909577645361 0.13185953656211497
0 0.42886953353881835 0.120821900293231
0 0.4232755847275257 0.06843657079152762
0 0.5147823843173682 0.21053598863072692
0 0.47064771242439746 0.21619032537564636
0 0.28335653049871323 0.4170570340938866
0 0.2439671111293137 0.3361729090102017
0 0.3768998824059963 0.38282436337321996
0 0.3862101694568992 0.39830874344334005
0 0.29793702634051444 0.47141051534563305
0 0.3035080309025943 0.47472307868301866
0 0.43234453089535235 0.10185847384855151
0 0.36601746021769943 0.36990628819912674
0 0.4852045041508973 0.15836662221699954
0 0.49609985332936046 0.14070147587917745
0 0.5103625954128802 0.07935139331966638
0 0.4187303067184985 0.08647695397958159
0 0.4946096817962825 0.1110513630323112
0 0.4030926518142223 0.10722138648852705
0 0.38977342247962954 0.10251371026970446
0 0.3554079689551145 0.4822469222359359
0 0.3352676348760724 0.47414617910981177
0 0.3202466020360589 0.47135835643857715
0 0.37900296933948996 0.3892877737991512
0 0.3008460346609354 0.47326396871358156
0 0.304839872289449 0.4785795286297798
0 0.3060923910699785 0.47604091838002205
0 0.3853374910540879 0.3821020176634192
0 0.324757778737694 0.48480739668011663
0 0.3361236147582531 0.49119343543425203
0 0.349526503495872 0.5008006412535906
0 0.3219175104983151 0.5084706006571651
0 0.3254358016885817 0.5223593672737479
0 0.33183216908946633 0.5155399447306991
0 0.3403475713450462 0.5086178195662796
0 0.34796499721705915 0.5039109115488827
0 0.32435108358040454 0.4858754330314696
0 0.3174335221759975 0.4859199099242687
0 0.30944701451808215 0.48605219814926387
0 0.30237179016694427 0.486807556822896
0 0.31883365884423254 0.40180157804861666
0 0.2901562941260636 0.23658181857317687
0 0.4085717311128974 0.42116246009245517
0 0.31598962834104893 0.48087735697627065
0 0.3106383918784559 0.47998876459896567
0 0.3864385740831494 0.4087259487248957
0 0.365588793810457 0.3848827098496258
0 0.38633482456207274 0.4036285974085331
0 0.3959390500560403 0.30280777406878767
0 0.35826622378081086 0.2911489780060947
0 0.3702489227987826 0.35767671847715976
0 0.4610247312113643 0.06270624119788408
0 0.4522419024258852 0.0867098765913397
0 0.46365553587675096 0.11259217811748386
0 0.29300366062670946 0.4604848789051175
0 0.5320286571979522 0.17959344582632183
0 0.5378571266308427 0.14785640547052026
0 0.5614832907915115 0.10971179702319205
0 0.3762753466144204 0.21320533100515604
0 0.33110234551131723 0.20119188195094467
0 0.4492956977337599 0.2664191165007651
0 0.3847007047384977 0.15640652673318983
0 0.44137264816090466 0.30526158669963477
0 0.38175431471318005 0.3619407485239208
0 0.30561046916991474 0.20070671350695193
0 0.3287259477190673 0.22437505852431058
0 0.342005191417411 0.24952589441090822
0 0.37499992065131665 0.272481624269858
0 0.4038543341681361 0.2840146322734654
0 0.4272051673382521 0.2901429099030793
0 0.4800580793991685 0.29974113367497923
0 0.2800495191477239 0.24044695510528982
0 0.3785746087320149 0.14391567003913225
0 0.4008759000338614 0.4088325908407569
0 0.4076039582490921 0.32674632901325823
0 0.3390956085640937 0.15598572962917387
0 0.4474969464354217 0.2916478164959699
0 0.3702517398633063 0.3575133870355785
0 0.37933471575379374 0.1786589780356735
0 0.3912183541804552 0.34986572517082093
0 0.26484309751540425 0.28294102153740824
0 0.4545088980346918 0.2595165312290192
0 0.4099425851367414 0.34963526474311946
0 0.23446083422750236 0.4042301188223064
0 0.23192942375317216 0.42208678368479013
0 0.27522490695118906 0.2327583224978298
0 0.23147513503208755 0.36594469314441086
0 0.36066921688616277 0.12807797640562057
0 0.2669760601595044 0.504494784027338
0 0.4019710524007678 0.41529580429196356
0 0.3831452032551169 0.32722308663651345
0 0.3411629539914429 0.16332071381621063
0 0.3946317653171718 0.22002558084204793
0 0.40858633536845446 0.23331871558912098
0 0.2989635868929327 0.4772171726450324
0 0.26113467300310733 0.2789767673239112
0 0.2851439950056374 0.5487281372770667
0 0.25358792394399643 0.4895693788304925
0 0.24205610351637005 0.4605056006461382
0 0.5908712785691023 0.19048504503443836
0 0.3170379470102489 0.5805320702493191
0 0.4242173553444445 0.24314623763784765
0 0.4395575875416398 0.25150913442485034
0 0.44925446109846234 0.2575404020026326
0 0.373782429844141 0.13053547246381642
0 0.45259305322542787 0.23000242942944168
0 0.44417466362938285 0.2095250552520156
0 0.4305752105079591 0.1945806025993079
0 0.4135540062561631 0.1848234202247113
0 0.40031654592603444 0.182600777130574
0 0.3653261766768992 0.1174167588353157
0 0.3876260409131646 0.2076501119416207
0 0.3977798163890839 0.44034019503742455
0 0.33954261369071903 0.4040336168371141
0 0.37789004351943734 0.3796160390600562
0 0.3731338748708367 0.42283442094922064
0 0.5251685490831732 0.2801868224516511
0 0.24288220768794416 0.441323571652174
0 0.25471484242007136 0.47206644117832186
0 0.28583349008113146 0.5390285109169781
0 0.2328093116171658 0.38357641287148
0 0.45463023567572236 0.24927380615845324
0 0.44418359668925406 0.31950906398706136
0 0.3195118115283549 0.57051543276757
0 0.26646657921373845 0.5185807223431766
0 0.25430158646777273 0.2760844889562577
0 0.33498934782110157 0.49333443250507114
0 0.3268334178254008 0.49531528912484646
0 0.3182364411652088 0.49851447381079195
0 0.3107739631086588 0.5030318921431899
0 0.30403965916484593 0.48370410185307267
0 0.31266519566997886 0.4767514850012958
0 0.3086352922022343 0.4715669132769108
0 0.3054437804967165 0.4662196010351181
0 0.2991377444937825 0.4066697689704597
0 0.2711442963220179 0.30693894466385246
0 0.4618941848166287 0.30153529765084386
0 0.48164794165641067 0.252094109961763
0 0.4685986315831542 0.24671384384855627
0 0.3163487484678626 0.48085076538845895
0 0.24729910539463162 0.347963303886354
0 0.49891120959073304 0.26365705812349916
0 0.29018909810110927 0.4881296117790043
0 0.46333040585741403 0.3470043127425015
0 0.46161340503022075 0.31973911076784134
0 0.480407877266407 0.3291777062229812
0 0.41069127563387153 0.3381914271973073
0 0.3267713312059641 0.5562964183278382
0 0.33620425323024394 0.5407091780565679
0 0.30979627491906286 0.5176740476861597
0 0.26931427931413054 0.4308409313671291
0 0.34622065974399446 0.3584549262188375
0 0.2767000664956868 0.45941156363114716
0 0.3110924211330712 0.3221018619835377
0 0.31897460473701356 0.36275614509359
0 0.2813492052257061 0.33954820879735054
0 0.29536538003012536 0.5280914105474949
0 0.395462688151747 0.3412066965829581
0 0.2529021169990301 0.4292082472704351
0 0.2641779181547463 0.46169509161263705
0 0.2683780686929822 0.4011299336329103
0 0.24789999267086388 0.3131901739165187
0 0.2510345700196922 0.3839820626191795
0 0.23861300200223923 0.31954891197383406
0 0.2929455772042274 0.37644624300301077
0 0.4264504535123706 0.32311257869005205
0 0.38155561899766327 0.3746755190193653
0 0.3713229842483997 0.3722213715314865
0 0.39418190605938436 0.3669358305633068
0 0.4856828120537102 0.21836071107536553
0 0.47036413410678507 0.1801495251711458
0 0.44798381673172116 0.15679241991601883
0 0.42451881831511856 0.14488187045790255
0 0.4032415485009551 0.1440778590273112
0 0.3681047660298645 0.1763286094646901
0 0.2995138411410153 0.19331348389387132
0 0.3567843459080905 0.21687120790593326
0 0.3682792757637799 0.23821139046922327
0 0.38974388036876917 0.2563537671696395
0 0.4135372521355748 0.2689332230947912
0 0.4338278636336327 0.2763474502135068
0 0.4491475423797965 0.279933512955904
0 0.3155944423750043 0.19559943466447294
0 0.36983672324568034 0.37766445288434625
0 0.42871592938899994 0.3350914586801082
0 0.3901107659563422 0.3835522637702525
0 0.39524360578507184 0.3999512762762606
0 0.39016258511692287 0.3875489991158247
0 0.37156816152855754 0.38671067468822
0 0.3966157015413046 0.40387142784893515
0 0.39746955009177326 0.4100208211690187
0 0.4600121447816491 0.2649983969051391
0 0.46629688600078223 0.2765168484766036
0 0.46930413944646715 0.28499420727603136
0 0.3919851887971163 0.18293439322151245
0 0.389671025890857 0.16372191193513572
0 0.47847086740657685 0.3621396142058074
0 0.6647631034255028 0.4100666374899447
0 0.4297923816367984 0.43127305451780557
0 0.7930128941312432 0.3925989189185202
0 0.5924003886058926 0.38775649229064585
0 0.6099450293928385 0.40224650455638766
0 0.6299721341580152 0.41471693497151135
0 0.6675508482381701 0.4210827641189098
0 0.5811908069998026 0.37287067901343107
0 0.6723132440820336 0.3436809354927391
0 0.6473746243864298 0.330899974424392
0 0.6913132693618536 0.363150252122432
0 0.6983347285538912 0.38242115611210464
0 0.6726634867489338 0.44434926100075245
0 0.4042539866641164 0.5973994886502624
0 0.6782024286687374 0.4083278628066182
0 0.745679167471826 0.47861695382744074
0 0.7099692050367594 0.4438693123869598
0 0.5381063256412745 0.4675764417275786
0 0.4026988558471203 0.502990645635873
0 0.386385902389884 0.5192113172262907
0 0.4176209763623774 0.526269236765802
0 0.42361103780567644 0.543707684893161
0 0.39959876900538804 0.5319770127534866
0 0.4081907972693443 0.5434385780245066
0 0.44773958465084435 0.56669632922858
0 0.4295081917196512 0.417892522085458
0 0.44411561647430065 0.4031728766858578
0 0.7411653034389019 0.3828624976798892
0 0.5337498836219311 0.39360490823164584
0 0.4826633266173303 0.4497961636632681
0 0.4931688274256885 0.4419199717231095
0 0.602464129216969 0.5090853587724269
0 0.46200084406882524 0.3814149698242545
0 0.7126061998307704 0.325703840283677
0 0.734344115294516 0.3534553728532046
0 0.7938963033258915 0.3472278002649546
0 0.6092564795166254 0.276923187635839
0 0.6202276485040784 0.3285191212315112
0 0.47039886554703114 0.5627639652229846
0 0.6109923843294383 0.6237326456233859
0 0.4609380508773029 0.4487254090607166
0 0.4426383811980486 0.44296188922598956
0 0.42419791389256717 0.5687224900349974
0 0.4192681251093745 0.563703652843833
0 0.7551433181390166 0.3490708927623928
0 0.47883198913186786 0.45836791275069116
0 0.6752384319901467 0.29883008617907764
0 0.6900065962225199 0.28568749921396375
0 0.7355418495833874 0.24772948492318392
0 0.7670498266816139 0.35011087991297246
0 0.7025943525135517 0.26793399001471696
0 0.7609550705179572 0.3829609850421548
0 0.7690438635647296 0.3901392167434096
0 0.394859057944268 0.5118504111655057
0 0.4087211096659303 0.5293780100531876
0 0.4162652825936675 0.5435759088024497
0 0.4546289939433336 0.4488614398054779
0 0.42164678396657107 0.5663522537797689
0 0.4160974448546767 0.5643885733559728
0 0.41749871205538513 0.5616166662424803
0 0.4541080594062805 0.43538754135370256
0 0.4022592455148697 0.5430154763162136
0 0.392757991142571 0.5335260219871998
0 0.37995750941336154 0.523676497861743
0 0.3692488278262317 0.5458177963271738
0 0.37165980879217386 0.5584201210178434
0 0.37513198908418416 0.5488992689177394
0 0.37840741965919733 0.5378998063504696
0 0.38028803262859584 0.5286400245502592
0 0.4032617498189211 0.5459574120119214
0 0.4057176740840077 0.5536595176905393
0 0.4083440678194165 0.5624241838231683
0 0.4103617161512375 0.5705710584297776
0 0.46665713666006925 0.5169546959921718
0 0.699840597808361 0.5535501179285347
0 0.41003968119621276 0.5527136450633406
0 0.4128499995917082 0.5584796467795968
0 0.43186077419668434 0.44508720710873606
0 0.466394093260169 0.4646641704253852
0 0.4370539399795234 0.4440860633738339
0 0.5469803754240274 0.4190879616886377
0 0.5703380659222603 0.4548055066727102
0 0.4914538281969726 0.4523255554959178
0 0.7780734449625015 0.3002137154340744
0 0.7482077794149518 0.31017131959088146
0 0.731745632737875 0.3162064478732646
0 0.42525598108768464 0.5647528190165758
0 0.6356918130069971 0.2545118565205485
0 0.6490103751420975 0.23210030873306095
0 0.6837971929460764 0.20134745258837938
0 0.6507825681939721 0.4225667716935277
0 0.6821921333670616 0.4715367367491126
0 0.5751006841659546 0.3615643298253417
0 0.7103584788739681 0.40528578516095876
0 0.5279993653297425 0.37154302997514604
0 0.47468890268355607 0.4340728926472366
0 0.6962734898552299 0.5020227906294167
0 0.6550124276429414 0.47724041566252706
0 0.621499034203589 0.46583006381988523
0 0.5855456922203303 0.43441562866792083
0 0.564892198331654 0.40679279938340185
0 0.5516839465126395 0.38354257261380553
0 0.5158987202681601 0.3270785465836525
0 0.6626125711947679 0.5365595903247595
0 0.7291087120771408 0.4123683265410364
0 0.41916033532470465 0.42300567077472806
0 0.5149495548568666 0.40964873591437934
0 0.7613540187478065 0.47921607214957473
0 0.5440212715417146 0.362369207944721
0 0.4950565201230347 0.45484119849279525
0 0.6871441621333361 0.4142621597275138
0 0.4864034801721573 0.42371777379885317
0 0.6604483243077993 0.5908338089473546
0 0.5812346568331123 0.3552009825594723
0 0.4761657487601042 0.4008306896314025
0 0.5209333891049027 0.6313903531990945
0 0.5147024315781892 0.6477437463589013
0 0.6891878683120012 0.5532284582033753
0 0.5658624917268753 0.6287692105397582
0 0.7596253048628568 0.4325521689839661
0 0.4012688249349594 0.614254970382899
0 0.4163873059675097 0.4263970633968711
0 0.5239175871014595 0.43612706325948236
0 0.7263268237933517 0.4580481045879424
0 0.6374958833679557 0.40411244612187147
0 0.619026281684637 0.3937349509447813
0 0.41926608644425867 0.5700939068570733
0 0.6324154557660222 0.5672303671017289
0 0.3563588950317353 0.607766741141677
0 0.42965812627226113 0.633653907943517
0 0.4664153324440122 0.6419973239302635
0 0.6044321082532406 0.3816923102363944
0 0.5929011959582567 0.3691075950860977
0 0.5849548500031233 0.36083922646939753
0 0.7484200229868293 0.4181222340092063
0 0.6106124883517623 0.3466656737960875
0 0.6326498281210661 0.34937340654432775
0 0.6520441683009267 0.36034505628049374
0 0.6678241405636072 0.3766759943217039
0 0.6744316395372152 0.39043688494712114
0 0.7829324735328556 0.43470522090792657
0 0.6525484599173069 0.4086621683090925
0 0.4552923014387488 0.4944959924556315
0 0.46217705886811017 0.4454700077883899
0 0.4226466936059296 0.4615505121648312
0 0.4774694380350411 0.6293130971491336
0 0.44023561049252746 0.622623874899
0 0.3591884788125753 0.5990896499715745
0 0.5610633628442884 0.6427708042785525
0 0.5914003306999802 0.3513011193834245
0 0.5049150412902236 0.3660226951353252
0 0.3932198785245419 0.6234073221683503
0 0.6534996639937163 0.5864302026107907
0 0.39363335687667134 0.5378980729728937
0 0.39458982441574336 0.5473276469856501
0 0.39464316330850124 0.5575509503483772
0 0.3936238678172231 0.56759122479707
0 0.39879844468086956 0.5586571604013443
0 0.41416445672512053 0.5537147494032979
0 0.42031468311324716 0.5562898393720388
0 0.42622838728129864 0.5579528969712555
0 0.4714189394377172 0.5406420096755028
0 0.5918249290436506 0.5559244906529784
0 0.522620162088424 0.34803033438511194
0 0.5782145412638784 0.32278833859600126
0 0.5895109329372644 0.337284693447873
0 0.40910945683717725 0.5512024155817926
0 0.567183843255043 0.5977972200140357
0 0.5569491883739829 0.3036766295786947
0 0.4027887795120478 0.5784622598439455
0 0.49622289603576064 0.34623106876388193
0 0.49607607508078216 0.4044507699087262
0 0.36650405251421037 0.5632803935557604
0 0.4657716146670282 0.5860686358064413
0 0.5030896761454642 0.48059146786108614
0 0.43578798454254863 0.5861791780218482
0 0.5534130310639739 0.509929789416492
0 0.5082437366247177 0.5100012912414968
0 0.5502067668363452 0.5486188950948417
0 0.36304929354228077 0.582957183662802
0 0.5013942481018603 0.4233787409029901
0 0.47868476044386626 0.6086537577211857
0 0.4418389835394919 0.6043068407103419
0 0.49410546431317925 0.5781702251173556
0 0.6055660137906671 0.5916347081772984
0 0.5236870696768164 0.5981779327616096
0 0.614663946069777 0.6132446082308889
0 0.5058240264654159 0.5422723694704473
0 0.5100547199137508 0.3875402140431106
0 0.46170488549396393 0.4368470452725887
0 0.4715041927061975 0.45052067609503865
0 0.46081046750769017 0.4184904979541898
0 0.6125973697751761 0.31115252948366107
0 0.6565360888838768 0.3192610531114042
0 0.6872316023334861 0.3378347847610712
0 0.7075672497972846 0.3599488613195717
0 0.7156223863363266 0.38266441989690064
0 0.6961062081158161 0.42706622593104837
0 0.7204833794385195 0.5180215111002326
0 0.6540637440979481 0.44562427839264274
0 0.6269931625574827 0.4365656865760684
0 0.6001212211325765 0.4174050490371883
0 0.5795415639877319 0.3956822824664414
0 0.5665259474888444 0.37684291070327164
0 0.5584709221497178 0.3613611700944602
0 0.7323307666927577 0.5162456657737493
0 0.46873388774693014 0.4552193899638951
0 0.4893716283142567 0.38186781471595166
0 0.4458444415591657 0.4267441722564399
0 0.43179813157767055 0.4286144866608083
0 0.44511850997805597 0.43023472195491197
0 0.46077975779771807 0.4570886013098061
0 0.42607652526348827 0.42688902746886015
0 0.4232967127114534 0.43018031753599645
0 0.5733181865885854 0.350187109131366
0 0.5566621443256736 0.34293859684839845
0 0.5442000810056925 0.33832227750681343
0 0.6769292637705803 0.4000579577870667
0 0.6984421476721764 0.3997205794788897
0 0.4149965471588075 0.2127639500424266
0 0.43429067768156526 0.22772122574970127
0 0.4303164668381214 0.1945382530335337
0 0.3955724239349365 0.1977478576824069
0 0.3996255681850016 0.23105139862746
0 0.6161963179707527 0.3636543104425073
0 0.6374898415058852 0.3784911558032036
0 0.6291875075548887 0.3461563759483397
0 0.5955970525741577 0.34922953620553016
0 0.6033647002652287 0.38147638654336335
