0 0.4388377299288657 0.41522148523749264
0 0.40543517382336064 0.36878711967988653
0 0.41401352711367706 0.3821191509140485
0 0.3327965776628583 0.3310889637767208
0 0.39190608891756723 0.3550426540001431
0 0.3709417018206311 0.3369349181864185
0 0.3159941980607399 0.2921556923030251
0 0.11891558980136983 0.34530912005604375
0 0.2728881755458655 0.2544054621620676
0 0.25302145702426443 0.23530926116137885
0 0.17761860115115652 0.16362870821324957
0 0.4440479303714092 0.41999816215759495
0 0.4490976509665638 0.4248096272614503
0 0.45234418015942796 0.42785281006551723
0 0.46617751282478687 0.43953480641329984
0 0.4733822053997829 0.4455524329471701
0 0.48218037911105255 0.4531043318242789
0 0.4909137422022437 0.46073399093510276
0 0.4987933253437155 0.4669010067891113
0 0.4106237581510584 0.3755783241414515
0 0.3858559534016541 0.3834664907885333
0 -0.022403948417695767 0.31137489438198357
0 0.20325416276223549 0.335492288939045
0 0.18077055512601314 0.3446593804998613
0 0.15680339542622304 0.351835388730005
0 0.1147309853557796 0.3529440460114575
0 0.22036946674942468 0.32588326860294364
0 0.12158059646308673 0.30354159745174514
0 0.1532528448205457 0.29652055599511307
0 0.09709391438005342 0.3146863891560836
0 0.08606354672194533 0.32639771777681326
0 0.10694588312116857 0.3680150272724609
0 0.4234876854007254 0.5128938487133239
0 0.10464604921984773 0.34317888399035906
0 0.028806853394971115 0.3766545160526624
0 0.068680342491166 0.365215226707368
0 0.257495653277208 0.39814172944988646
0 0.40918392873514553 0.4231604296683134
0 0.4249025789494253 0.43351061658078666
0 0.388196529718391 0.4381351492158883
0 0.3766207795605881 0.4501036619093636
0 0.40607780997763204 0.4426067542916656
0 0.3926204392678627 0.4508090409519834
0 0.36528307073729954 0.4796925517305078
0 0.38500413512378806 0.37519092746476684
0 0.36813326676686603 0.3633990026170814
0 0.04435508336698959 0.3235015744699137
0 0.26759471722293 0.34682148772767996
0 0.3197429152480661 0.3912923736221567
0 0.30830055877629214 0.3846055067023914
0 0.18058989269320974 0.4206054428435447
0 0.3494155220844575 0.3461114360485778
0 0.08708080561352179 0.2910948147553142
0 0.056955222339066774 0.30617338567441893
0 -0.024718645755751726 0.2805375463173483
0 0.2114566106836504 0.26994594885643974
0 0.18518003507002498 0.29597970507464516
0 0.334742367519105 0.4728278545298186
0 0.18427566662116393 0.48898091576418984
0 0.34643004614592604 0.39277797491949223
0 0.37023983826617146 0.38998554793682527
0 0.3668721758363619 0.4672027024510068
0 0.3731644646527898 0.46481771316392567
0 0.036466502942113434 0.3006187958083826
0 0.32460237253567337 0.397490504373435
0 0.13592971679027574 0.2784339415786671
0 0.12142820851209295 0.26845000293614035
0 0.040855064673765804 0.21807231031985752
0 0.006636509663948027 0.2901908756716537
0 0.08538941064464392 0.24181535376914173
0 0.024782502450017486 0.3209897757707824
0 0.0019168969448105696 0.3164874069207079
0 0.4170329550650552 0.42904473751040967
0 0.39725130519786467 0.440743830846015
0 0.3843251703157707 0.4506903613872234
0 0.35464107638169945 0.393282511621749
0 0.37008203685535157 0.4660161228790826
0 0.38459425887981047 0.4668912293647956
0 0.3764165016166269 0.4636406949406417
0 0.354156241638248 0.38439953256473564
0 0.39870867648708164 0.4504210500671912
0 0.4123528209919668 0.44319323769385
0 0.43029762923968995 0.43556846729518395
0 0.4658236574020064 0.47707122967336524
0 0.45983588041635504 0.46978261900683455
0 0.45276435518063574 0.46168855925047525
0 0.44661013788311793 0.45330968474436767
0 0.44314205294419945 0.44689326354193093
0 0.4059230265235096 0.45701125013163646
0 0.4034327218301186 0.4613271726832271
0 0.4014432470506757 0.4672498339577219
0 0.4011626525267267 0.47318273181734277
0 0.3385797371844199 0.4399822721277692
0 0.0834007846655222 0.4321636008198151
0 0.41212213592690256 0.37876344165485243
0 0.3926643505378111 0.45999452595467527
0 0.38849474156456154 0.4631988742031944
0 0.38339375343000837 0.3923668909468826
0 0.34072780558831584 0.4026551451688701
0 0.37704450068091544 0.39120064949791344
0 0.24983751270841445 0.36336715846440687
0 0.22021417401510954 0.3862506798860724
0 0.31025445939116336 0.39183418337843456
0 -0.006400063571044664 0.24990890034577176
0 0.03150584979399347 0.26527044937138317
0 0.06878223625416494 0.28264417611548626
0 0.39460719788627785 0.48179007934081597
0 0.18564340459646556 0.25360120148845416
0 0.14631309111913046 0.22174523217539488
0 0.10098373990521653 0.19060520260359468
0 0.1327910229626587 0.3553783815809275
0 0.09330571854667824 0.3859733197471284
0 0.23064477936627995 0.3183571367501364
0 0.0717295539027025 0.33983821900006855
0 0.2763744436738863 0.3322253867824731
0 0.32938375905596257 0.38149520539162707
0 0.07764625800812798 0.4014182469740174
0 0.12050343113106514 0.3918942794256787
0 0.15811979041320864 0.3879068729292031
0 0.2027639145589579 0.3701493957854392
0 0.23076991139584957 0.3529872611465545
0 0.2497066088366609 0.3384486903499454
0 0.29468438695754684 0.3034252407004966
0 0.1141922612230486 0.4295971079653268
0 0.05265046549245778 0.3433849391563931
0 0.3980492906731392 0.37935327423000675
0 0.2873690862695879 0.3599538110187752
0 0.016684777626005405 0.3743550927330732
0 0.2621183141374387 0.325001112648318
0 0.3071174443019593 0.39309895533542477
0 0.09483701091275437 0.34667585272240325
0 0.31681953376858546 0.3730061322910223
0 0.12826750197994055 0.4609078238160302
0 0.2251128647397842 0.31334026470727344
0 0.33066480622512884 0.35819884438248856
0 0.2843396236121906 0.5110741674122296
0 0.29450510146748665 0.5212440391735108
0 0.09026852237524363 0.43402709146411395
0 0.23214708048583083 0.5009650669346783
0 0.012849878912736595 0.3448998457172163
0 0.4302001492383611 0.5252659097402262
0 0.4021317184222901 0.38156224286994617
0 0.275582927943282 0.3774046227601075
0 0.05167841936465557 0.3734794460581715
0 0.14936281181085964 0.3431513343417347
0 0.17140672201848733 0.33708725153763525
0 0.38167691331372483 0.4707023451195351
0 0.1497284938514484 0.4536352027494854
0 0.4888004934737451 0.5280246019080582
0 0.39641208688921065 0.5315338329346861
0 0.35188190947102094 0.5284047870590735
0 0.21560456581759554 0.19932983870466692
0 0.5394087225072998 0.514103116231174
0 0.19039187652652273 0.3294075709079367
0 0.20756687946963412 0.32137533580422545
0 0.21974293893902613 0.3164095656586146
0 0.03314046945249984 0.34515003433996816
0 0.19042043394177272 0.3087772596207661
0 0.16323103960053328 0.31022658721407964
0 0.13978526964469298 0.3159709590468401
0 0.12020550221833498 0.32514331745224634
0 0.1110049405681433 0.33331397603556495
0 -0.008828915121183114 0.34115981885971125
0 0.13220105015275851 0.3453258119019749
0 0.42544905545842293 0.392532783046736
0 0.35368325237483417 0.42459873740217724
0 0.3443168728663449 0.39053853960930945
0 0.3944934963677 0.404814416403448
0 0.2929394609817473 0.2729118846065209
0 0.336084188791267 0.5187601412459766
0 0.3816128571828206 0.5224125224076132
0 0.4827247807748207 0.5214184932720053
0 0.24094766856245853 0.5091184664734176
0 0.2133964023509609 0.31114574612813206
0 0.30244811828629375 0.3309653144714247
0 0.5352692553765663 0.5069098489564509
0 0.44202676704664273 0.5324563140122491
0 0.13161443481968424 0.46002836880734804
0 0.4229956830101174 0.4526026311152629
0 0.42271286274310405 0.45842144101822785
0 0.42466544300192016 0.4658878279467636
0 0.4289963617606505 0.47370074623985786
0 0.4282197283290107 0.4816526011922888
0 0.3822295011850349 0.4581124257928253
0 0.3753180408276586 0.4591936954824101
0 0.3691917773540513 0.4595904644415189
0 0.3324092983696531 0.4567509329615963
0 0.1940504133952821 0.453177689516106
0 0.2846074672690927 0.3167484263366935
0 0.23441914918553478 0.2956999545985411
0 0.2189454816061736 0.3024853250168679
0 0.3880665312336467 0.4568885461574206
0 0.2263823682245826 0.48291594164792895
0 0.25914109985536665 0.28735451780321475
0 0.42357660194992514 0.4974833585472152
0 0.35243313926181713 0.32191544396455885
0 0.31464652949747657 0.318283319897499
0 0.33510097622368407 0.30781250873918636
0 0.30799244425970795 0.3585471853808293
0 0.525475231404043 0.4954826598489836
0 0.5113754886112133 0.4805858896013398
0 0.4696746455969187 0.49276683169327595
0 0.34477579090665667 0.491043223039394
0 0.29740945095754373 0.4105003127565305
0 0.38312172235818853 0.4968852070585547
0 0.23727025060211052 0.4267250841057032
0 0.2902823575941319 0.4311528528288166
0 0.24109830232612192 0.45406570652342915
0 0.4756480872882569 0.5094085750772153
0 0.30100317720622455 0.37100897183197673
0 0.3316150476157917 0.5054083390875077
0 0.37775315463794434 0.5099561918672718
0 0.3085053082759873 0.48088947592539577
0 0.18254552863318205 0.47266044990023687
0 0.27643265251368915 0.4900939755875304
0 0.17630292292888658 0.4827505357183454
0 0.29242465415584384 0.4546860327782863
0 0.29446558509697895 0.3451377990548438
0 0.3445323549745455 0.38475838024279685
0 0.33275089334335006 0.39309279717867346
0 0.3468955659665136 0.37223185211738236
0 0.199643705716113 0.2877853186812124
0 0.1479355823641588 0.2902504315297092
0 0.10864348376350563 0.2995893437667249
0 0.08169746876768925 0.31192872334771027
0 0.0685446476131552 0.32526637254943486
0 0.08465708458976906 0.3549765888623637
0 0.0553731151270967 0.4065684377086544
0 0.1263559093455222 0.3706719748065989
0 0.15728524050632106 0.36725155088259515
0 0.1897358293271769 0.3564964381542636
0 0.2165540149946253 0.34320484008087665
0 0.23560582862121646 0.3312501022117135
0 0.24796543644450386 0.3216553158607347
0 0.047909481867456236 0.4032965658115464
0 0.3366522814151104 0.3965537352918306
0 0.31802850835936985 0.34368277246558937
0 0.3643685166845845 0.37952905179201357
0 0.3825755099204019 0.3816840555320007
0 0.36528212762583157 0.3817258931846664
0 0.34701168185044945 0.398310052401089
0 0.3892673762035772 0.38120458360810017
0 0.3935932021603806 0.3834794553290624
0 0.2348672968928824 0.3110864063457521
0 0.2534629275024189 0.309737067771269
0 0.266117502868427 0.3093192854527194
0 0.10707754148209649 0.33876713187669094
0 0.08392564505967409 0.3369448846769503
0 0.3742066782738086 0.3167917225001687
0 0.46814118407446625 0.22458701894518038
0 0.4298403710755618 0.3679528244873807
0 0.4710951223655089 0.1444941807896217
0 0.4177625838211317 0.26215755515251293
0 0.4412968742193552 0.25481381817927423
0 0.46212334069521616 0.24620104175445448
0 0.48012209491890695 0.22640348612060185
0 0.3958860193123797 0.2661796012807147
0 0.40678095616368803 0.20701631221341352
0 0.38136866676153514 0.21901460283591653
0 0.434362477391078 0.20038277547130381
0 0.45566891215521577 0.20065929831700535
0 0.5051670989909756 0.22993043535261956
0 0.5876679249453646 0.4536701259805356
0 0.4703112081133364 0.21687434626078125
0 0.5427915124450555 0.20126140669147316
0 0.5147526953290786 0.21083500412152473
0 0.4949530508950793 0.31516926427187303
0 0.46377612468059554 0.40332954436151724
0 0.47282388341074755 0.41623525828794794
0 0.4956357881489685 0.3992207573543381
0 0.5181655139359744 0.399263351271868
0 0.4944459209965251 0.4109206609737265
0 0.512154423234835 0.4082899936436193
0 0.5693778624514487 0.4061230247131022
0 0.4234789333263027 0.3617730331590591
0 0.4140971245141975 0.3473882272150169
0 0.46939246664570355 0.17883654640521301
0 0.41276160322664157 0.29644560474517934
0 0.46714303262123075 0.339293762316766
0 0.46020192083930167 0.3311220503645294
0 0.5558286704091583 0.2899060744266352
0 0.3936651049786982 0.3306920327608554
0 0.40785493377894794 0.1830004057001813
0 0.4412666192034629 0.176226014627115
0 0.4314750850452149 0.12688343253424159
0 0.32159554455350725 0.23112930422858693
0 0.36591084345483577 0.23442090653581268
0 0.5716950118793214 0.3872045999744185
0 0.6204209790451114 0.33524415303521027
0 0.4571643474232798 0.35341220097185455
0 0.4434072558889912 0.3639341410368787
0 0.5473320660208851 0.4039693444366274
0 0.5408976691684643 0.40599564810240396
0 0.4406290758511185 0.16381867924618976
0 0.4718465935831834 0.345283650135796
0 0.36832856628965227 0.19922802654732447
0 0.3601189318588514 0.18708824687156814
0 0.3209252563709951 0.12424591830616744
0 0.43754532769762516 0.14500908912430172
0 0.3387258817374958 0.15674865613487127
0 0.4716384300199742 0.16852083706770926
0 0.4747651840564068 0.15695259105833964
0 0.46953993155483453 0.4100767504136616
0 0.49562775283926147 0.40534031758811834
0 0.5156340141336626 0.4037032742517275
0 0.45357388434027823 0.3579034149151821
0 0.5441108876642798 0.4050257384140721
0 0.5406468015179855 0.4121352493550854
0 0.5375705982562359 0.40709026046494995
0 0.4451120996274023 0.35248237332132504
0 0.5084777220392026 0.4114706816056728
0 0.4922187444026963 0.41460410301371403
0 0.4734596914379909 0.4200523431332227
0 0.52632584249923 0.45558023495182026
0 0.5180701842287925 0.44915276688047434
0 0.5076077582966929 0.442179113520422
0 0.49638665577530355 0.43560330949785586
0 0.4871253011598869 0.43127396324492573
0 0.5168350477258867 0.4180675530065987
0 0.5251494807030078 0.41857003698993833
0 0.5357044447323441 0.42004856180890177
0 0.5457007472525166 0.4223798022717061
0 0.5267672186662377 0.3724114920320884
0 0.585501711076825 0.25964635066148933
0 0.5259171734379313 0.4133060824121586
0 0.5329750801440533 0.4125014706155725
0 0.4423169435831062 0.37144509357348315
0 0.47100499863363016 0.3559918474330879
0 0.4427876693789969 0.36788910917257217
0 0.4441587648311245 0.2958748543531162
0 0.4909489768466869 0.2922212172516159
0 0.4683118495257092 0.33603318037370206
0 0.3839253287778122 0.11875409842385941
0 0.3936433379660176 0.14362045178633992
0 0.40277439230102025 0.16978944436793933
0 0.5606290700566416 0.4220888563746659
0 0.30911799121003614 0.2103539251347878
0 0.2824811658778774 0.1760126534023036
0 0.2546811068611306 0.13917156166594788
0 0.476877150153309 0.23630142664428566
0 0.5364380722810448 0.23145737462762128
0 0.38037470272321744 0.26754087803626825
0 0.48011768115723685 0.20000465654393532
0 0.3884269507122442 0.29340225988435575
0 0.4512620540610849 0.3388256883847473
0 0.5641519309096196 0.2340200051294103
0 0.536345270112597 0.24707520290908722
0 0.5168145256203438 0.26290659498631036
0 0.47252069193602614 0.27651816062090095
0 0.4347124094701518 0.2825938034736389
0 0.4049674282597087 0.28510689862682304
0 0.3414548313567407 0.28732345692486383
0 0.5891572111266575 0.2649253900223638
0 0.49181196156433366 0.1927251345605047
0 0.42140476713703656 0.3711440461386141
0 0.42640989742198576 0.3114081700360082
0 0.5356982579211143 0.1973952591631336
0 0.3804268379251665 0.28450558703140855
0 0.46888790201034225 0.3359207940129906
0 0.4790361209257746 0.2143179684488516
0 0.4417941580341838 0.3292546433486124
0 0.605416151038705 0.2952479918090757
0 0.3744533962338283 0.2625050588576112
0 0.4170038695073832 0.32816159753471363
0 0.6259694924334434 0.38846672500438395
0 0.6270793460089447 0.4013585020497459
0 0.596695237018891 0.2592859634442403
0 0.6291378942723013 0.35967961098658513
0 0.5079327922330124 0.1769351074704072
0 0.599384764578775 0.4639809601106112
0 0.4207117311059171 0.37502268554194257
0 0.4561796636018069 0.3142744138713126
0 0.5316677767516188 0.20648756153077277
0 0.45286722977956134 0.238501833285584
0 0.43449273994703336 0.2468437048322648
0 0.5480764073158618 0.412248824132012
0 0.6056849755315338 0.2945255157786332
0 0.5788507381069006 0.4953404280355958
0 0.6116738465264879 0.453172854822867
0 0.6198201038666415 0.43102671865325237
0 0.41442755304811374 0.2531372870131885
0 0.39439114991119645 0.2580548182642474
0 0.381558647135642 0.2615720981097872
0 0.4992585433686333 0.1846869573757176
0 0.3805040221677048 0.24308578420788368
0 0.3943042704827675 0.23035348451575915
0 0.4145013043649086 0.22124139771908344
0 0.43760598862724465 0.21592386987851325
0 0.45377940719137716 0.21535872394928304
0 0.5041015339300099 0.16689562387455117
0 0.4630404600111241 0.23105683784892125
0 0.499887862788977 0.37223784821737704
0 0.4560086586304355 0.35103890678070904
0 0.4574108767610059 0.3823208575571135
0 0.619443726942006 0.41650340820122445
0 0.6097542374445919 0.4397711391833612
0 0.5763218035677817 0.4875719943221919
0 0.6272911688446495 0.37112335689268644
0 0.37543521299643856 0.2555706637468485
0 0.3811096883524319 0.30375102880020866
0 0.6001107717868145 0.47491546966851395
0 0.6132660073067066 0.2923571018420363
0 0.5037579772844596 0.4240577919486013
0 0.5135162007456591 0.4262993069871606
0 0.5250685240145977 0.4303676878430241
0 0.5366113407199393 0.4357247440274783
0 0.5475242721380563 0.4389414085895
0 0.5271207722933483 0.40688026191783827
0 0.5316757743368672 0.40375823850167886
0 0.5351397850342441 0.4006533931017205
0 0.551876731562715 0.3777059132801115
0 0.5924145672391739 0.31349624433551393
0 0.3637925396488689 0.28948985865673277
0 0.34629861413175045 0.25694081310982664
0 0.36126862246275954 0.25383715612608343
0 0.5225035248929438 0.4094654723277154
0 0.614630953672063 0.3452511847655544
0 0.32697101584969696 0.26362238617554257
0 0.5676419337590536 0.44552285758908816
0 0.35917408506578535 0.30292221652796825
0 0.42038779117890046 0.319455503427544
0 0.5447688022243322 0.4658226271116861
0 0.588747448056056 0.40338380636552335
0 0.49803468647888444 0.3396297870016041
0 0.5817374514125068 0.4252134186800123
0 0.5440773128960203 0.31926832787365533
0 0.531199616218921 0.3460932856918371
0 0.5788665446551037 0.3350607588056426
0 0.5647147421092423 0.4773953161771329
0 0.4395996508216053 0.32241865720330326
0 0.6088692216430536 0.405648225425684
0 0.5986590968908639 0.43016317221617784
0 0.5897238324966109 0.3801674743846925
0 0.6159114726988072 0.3202484471376539
0 0.6089875255455951 0.37126423823310245
0 0.6246787123539277 0.32504435479287436
0 0.5625901005942108 0.3587310387712074
0 0.4032377995519195 0.30736404367471787
0 0.4502749181497952 0.34763536376885246
0 0.4646897356218427 0.34644743372395653
0 0.4333847348700093 0.34198566009141373
0 0.34938662514907903 0.2358801330960094
0 0.37702262049485863 0.21221426917706238
0 0.40909897325411126 0.1981042844827772
0 0.43867389260465084 0.1911881882807821
0 0.4622937420752481 0.1914513144346036
0 0.4946376366957331 0.2134705601637898
0 0.5735689366417092 0.2289022527555554
0 0.5021014585776671 0.24042801288523283
0 0.4850727510854665 0.2535607953371385
0 0.45575967720289273 0.2645559411314741
0 0.42420701537957173 0.27176973559536827
0 0.3981974723469859 0.2755290742163698
0 0.3789988539892913 0.27674944262204787
0 0.5608590006325316 0.22804698471779783
0 0.4662511886926643 0.35046468567310846
0 0.39706856791983175 0.3162586367992885
0 0.43660395155476117 0.35418091719685074
0 0.4299280049931651 0.36505551977372536
0 0.4376373753768985 0.3563905880827355
0 0.4631935081401455 0.3567032765946213
0 0.42739861776054155 0.36778944426725485
0 0.4266947170853112 0.37169385069488486
0 0.36767053855622367 0.26601454647410383
0 0.359348409789524 0.27341739364931733
0 0.35571758153569344 0.27864394012577876
0 0.4632522073979116 0.21600275100479488
0 0.4710576619780013 0.20448674128997368
0 0.15551850036226747 0.32499735833345644
0 0.1827290769870774 0.31581516848481567
0 0.1416508007150159 0.31167656303441965
0 0.1279093271066368 0.33411264575107524
0 0.16906914479621854 0.33831423726087506
0 0.411965089005257 0.23691186743698936
0 0.4410299736739211 0.22681452957902232
0 0.39640752222970566 0.22310567163770592
0 0.3824061648252141 0.247062724538828
0 0.42750345403132056 0.25060139587624075
