0 0.4905044411933875 0.42026231410523185
0 0.5240567069390655 0.3671860017527606
0 0.5200123482615636 0.3782827543052773
0 0.5509160709909245 0.31868526901638805
0 0.5360660483188266 0.3553431770838311
0 0.555824397171097 0.33878867976888927
0 0.6105055700248807 0.29526737159115846
0 0.44508155004636146 0.22025361462702814
0 0.6499898414823073 0.261295007075562
0 0.6680661980612872 0.2444890982174223
0 0.7379016365683029 0.1840896153223755
0 0.4848985622955274 0.4249439143342621
0 0.47938059603614647 0.4294207152664166
0 0.47570966077253285 0.43237192407338787
0 0.4735888377272127 0.43365356138733924
0 0.46755950888500936 0.43881585999598566
0 0.4602286912469421 0.4449192104531918
0 0.4532079759529371 0.4505823068630087
0 0.4513194855255417 0.44463953697525876
0 0.5199592810768618 0.3729687741077102
0 0.4985011177223946 0.36470886311921363
0 0.43097660973479474 0.1530840328296874
0 0.5133279026937887 0.26184347579487705
0 0.48552398270444025 0.2550120199560978
0 0.460261117494056 0.24603617064044994
0 0.4391584887409009 0.22190469772083196
0 0.5356485909047509 0.2643978667853142
0 0.5035826502218528 0.19956590908702157
0 0.5334859533148979 0.21310354459893802
0 0.47416767176193525 0.19259530694742077
0 0.4534449250386234 0.19343234812520435
0 0.41873364845282923 0.22818478500008724
0 0.35455727809843635 0.4266589013141528
0 0.44321283496884856 0.2098206646501806
0 0.36698336666646386 0.20364998880230234
0 0.40989400047164426 0.2085824635670844
0 0.42965131727703515 0.31203458522703864
0 0.4631072808418596 0.4086633521891149
0 0.4552767749577132 0.4212482290901465
0 0.4331639165742488 0.40324715645994863
0 0.41405483618190014 0.40158890815250675
0 0.4357860480682759 0.41500884697530616
0 0.42102683442428646 0.4109686484399074
0 0.36711415918819007 0.3920485259233703
0 0.5035293388970291 0.36020576416526967
0 0.5112625216507207 0.34763392887364364
0 0.43531339279207 0.17243664580025
0 0.5119983377838939 0.29662600042981185
0 0.4563977554251876 0.3366827820543717
0 0.46370364857625357 0.3290328194662345
0 0.36741775852718433 0.2859860417540246
0 0.5310017609898048 0.3323818127031428
0 0.4890151642545869 0.1740891097703438
0 0.45726287704479845 0.16812877206757118
0 0.4659690913520282 0.13802571497495206
0 0.5867672045145357 0.22621387561445133
0 0.5540417081947568 0.229613593040412
0 0.3602070356345881 0.37758510491743347
0 0.29247601839560494 0.3196494889004799
0 0.46816621928275387 0.3495840330565103
0 0.48355095321116065 0.3599052241122878
0 0.39010505642317517 0.4029682194493702
0 0.39761123325251324 0.4056711773855406
0 0.4552972827279618 0.15598638930213268
0 0.4518982085874815 0.3413771477175494
0 0.5306712396537201 0.19131942328467771
0 0.5331911208257394 0.1788222166849908
0 0.5815292003914274 0.14244548571632992
0 0.4605685342967762 0.15512650229328467
0 0.5648507679565044 0.17067406461756424
0 0.43271564201840873 0.16288230137751478
0 0.42802136014156705 0.16520605534138347
0 0.4580611930492055 0.41530776066287983
0 0.4340554053270364 0.40948089232506985
0 0.41717398147794266 0.4063760073300924
0 0.471829253284237 0.35369723391844
0 0.39391122311982424 0.4045083261186683
0 0.399265071730825 0.4098787381272865
0 0.4008659318026611 0.406540669156139
0 0.48108567064824487 0.35044701936547584
0 0.42413226348438343 0.4138152788825165
0 0.4375448335072159 0.4186401833843082
0 0.4546860446406819 0.42497340371458836
0 0.42021064070458153 0.4337021068604674
0 0.42671715251252623 0.44062143246049984
0 0.43519371974317334 0.43543952540853553
0 0.44464094370980806 0.43024040343215597
0 0.4533126454816086 0.42662358156726876
0 0.4233721221172357 0.4148428963313889
0 0.4153334534872433 0.41528756918290616
0 0.40572632883797216 0.4161279398068556
0 0.3969678130582415 0.41728106356741834
0 0.4017466118064108 0.3657898130790195
0 0.32858365440921944 0.2540668868509476
0 0.5199334910021552 0.37536039046969705
0 0.4137061153094477 0.4110805607916763
0 0.4065105291044159 0.4104958977704936
0 0.4873265801980023 0.367544692040621
0 0.4538826904719389 0.3512111656182177
0 0.4852403140772244 0.36388785544946384
0 0.4806194295988807 0.2955582148239706
0 0.43358328272018754 0.29094894182639613
0 0.4558348348875086 0.3328109583679326
0 0.5140858689943949 0.1333652114670189
0 0.5044192518363019 0.15554318938532474
0 0.4887761732696984 0.1611266092332091
0 0.3786973206931529 0.40409081050085427
0 0.5907003684637415 0.2045783365889942
0 0.6277472559158309 0.19116659096551536
0 0.6535366647857151 0.1593884849039261
0 0.4429285005049364 0.2342284202292862
0 0.3917604485204451 0.23165867082589037
0 0.5497054245150039 0.2645981245335028
0 0.4334953034980388 0.1946707179820693
0 0.536286418070773 0.2944561834861375
0 0.47296761208948707 0.3376174511858577
0 0.35101072112970716 0.23456022945870142
0 0.390764734130117 0.24791990070297767
0 0.41100407231457625 0.26477782256804044
0 0.45993585626787276 0.27794681013973865
0 0.4997591495765412 0.28280097387580827
0 0.5272727869608231 0.28459325924179874
0 0.5829023776049352 0.29010066952145397
0 0.3287503577234373 0.2615078768271993
0 0.42229637415600224 0.18837398347198467
0 0.5076616102130102 0.3685838781641896
0 0.4986281593640645 0.310464881775925
0 0.37557086229072845 0.19977735193315915
0 0.5483304939315289 0.28430635917794805
0 0.4561029895196987 0.3321964070466065
0 0.43745982835564434 0.20759067218640237
0 0.4826170062717003 0.32861226592058246
0 0.3070494303094687 0.2846608147785191
0 0.553600635772516 0.25914228231174385
0 0.5072087302866868 0.32892992883956024
0 0.29509273441783485 0.3669803739301109
0 0.290973802030338 0.3769357861997394
0 0.31861443666717676 0.2548762031014421
0 0.28847917826366826 0.34156301366618236
0 0.39940091351416546 0.18246077967991042
0 0.33949651811193315 0.4341700091197963
0 0.5098788686065231 0.3717883089966056
0 0.46847589993024175 0.31228199222899555
0 0.3987079772642393 0.20574190898015124
0 0.46437119425349094 0.2383793190139327
0 0.4878701692769296 0.2473343631268113
0 0.39208000574559604 0.40928631151274003
0 0.3119719832003871 0.28649176468062937
0 0.36610581609518716 0.4622967407231088
0 0.32004298929926717 0.4230388880907287
0 0.30506126412862467 0.40311581978170047
0 0.7020115294033968 0.2144758747990021
0 0.4125674124885712 0.4813278856933612
0 0.5122253437082476 0.2529100807536115
0 0.5345235932225416 0.25629322766409224
0 0.5477107997182049 0.2584976892595755
0 0.4170796879044565 0.1815382929459161
0 0.5438594005153149 0.23871918335503955
0 0.5259711428030633 0.22440959196780783
0 0.5011682597770972 0.21384446144386826
0 0.47536222718436005 0.20779884695865364
0 0.4588495658922799 0.20732207640492903
0 0.4031177027316033 0.17278818621754222
0 0.4511096137988416 0.22920479228629478
0 0.5114284037663464 0.38738739334957173
0 0.4277224882431171 0.3661104832396954
0 0.46930047209504283 0.3478068452712904
0 0.4756747709296424 0.3771420584313244
0 0.6317175513581385 0.27795472716380126
0 0.30606139523570547 0.3917616718887293
0 0.322443574729851 0.4124724227197088
0 0.3684858715609659 0.45625181667603915
0 0.28763622900604696 0.3507906427587054
0 0.5508958517499111 0.2519365936553068
0 0.5434683768180856 0.30508566284519073
0 0.41737855980290645 0.4752008762223865
0 0.33844338640382016 0.44274202883597086
0 0.30155077331428287 0.2832446494277827
0 0.43655493409070284 0.420082922932092
0 0.4272040566940348 0.4219460932809687
0 0.417426622115107 0.4249634000330209
0 0.40795174373101584 0.4287226055864762
0 0.3950368533468951 0.41844882461665506
0 0.40891799484752905 0.4078857654071505
0 0.40343639436904893 0.4046089152848593
0 0.3994799150381913 0.40118415796884016
0 0.37812525599817687 0.37004352577499083
0 0.33019247122957734 0.30468691180185065
0 0.5605775612064555 0.29155356618150413
0 0.5771195858968461 0.2548694981799007
0 0.5636988704717611 0.25041692395510057
0 0.4140164395990754 0.4103193297222133
0 0.3053777806995287 0.33061594810350087
0 0.5923929031513915 0.2632706728128635
0 0.37595149893549423 0.4218006102922831
0 0.5742825001226699 0.3240764248554958
0 0.56569535961131 0.30498338594131197
0 0.591703451446843 0.31026384153117204
0 0.5049951339950038 0.31906551631744223
0 0.4279839845083434 0.4651415913696108
0 0.44107123781860125 0.45393973878835586
0 0.4039713830573146 0.4402188916788972
0 0.3424113514176904 0.3859089351350868
0 0.42655837265499535 0.3347760373870107
0 0.35570524714667084 0.4039325313918814
0 0.38090157307652983 0.3135320535051158
0 0.3944814234720504 0.33953539629423746
0 0.34586358152109864 0.3257676914493384
0 0.3827462292547467 0.4481349030989062
0 0.48574490732030023 0.3208239395281881
0 0.31902625666388984 0.3843832816376239
0 0.3367589749238662 0.4057420316822871
0 0.3379435871849583 0.36707031500579906
0 0.30072047495389287 0.3081851777657071
0 0.3142203361676212 0.35496770147751233
0 0.29002141141438786 0.311216047791541
0 0.36422098776962186 0.34997718387934096
0 0.5216015228993782 0.3075587815944269
0 0.4749525378650754 0.34582820297843053
0 0.45948211075384404 0.3433557900104093
0 0.49085296231483105 0.3417089262608249
0 0.5670981887523635 0.2310756648562557
0 0.5318746285096503 0.2057461896966502
0 0.49519579338876507 0.19058197397354235
0 0.46460002013148133 0.18383287973392617
0 0.44440210808681535 0.18474803248051364
0 0.4257366968798235 0.20924104949899133
0 0.33958547389456994 0.2282454208122878
0 0.42182031201536646 0.2392846675388612
0 0.440816976978809 0.25397014879529867
0 0.4744301445876496 0.2649676470287047
0 0.509146426045945 0.2714436499673701
0 0.534277366812219 0.2741054577900987
0 0.5513097580349395 0.2754303932472763
0 0.3523779723966172 0.22660788564919576
0 0.4581497049407114 0.34651109233304134
0 0.5277041381672968 0.31728361820976647
0 0.4888829290866852 0.35268124651654337
0 0.49776494647631664 0.3624085687092049
0 0.48889282785890475 0.3544308167759634
0 0.46180621374257 0.3522306819261888
0 0.5008959103737199 0.3652947228998476
0 0.5025462310148191 0.36838926666572
0 0.5608537724626719 0.2629564313984709
0 0.5684361210100761 0.27228438882499684
0 0.5694866337605167 0.27862089257223327
0 0.4494924074361093 0.20837689711671425
0 0.4415268920644929 0.1979738200969402
0 0.5965182275711736 0.33263264120968494
0 0.8459418081533053 0.3536151791806747
0 0.5501043716689202 0.3802269360631669
0 0.9811500700717234 0.32298307769521983
0 0.7503974826275548 0.34021785604289134
0 0.7759777299965485 0.3483209301709846
0 0.8031257120617331 0.35599264923222407
0 0.8520976015787084 0.3611283429576833
0 0.7308882898670711 0.33246865447871343
0 0.825275124879829 0.3106453469639571
0 0.7904238561286202 0.304628500734784
0 0.8557954810339691 0.32123200381495065
0 0.8726364442064792 0.3333103752928131
0 0.8589236706118041 0.37385367032047695
0 0.5355399485504577 0.4861749762742121
0 0.861960329838443 0.3531212550748144
0 0.937466033651859 0.3789593836873734
0 0.895842362305283 0.3723476252663319
0 0.6893316904703776 0.39274826196871904
0 0.5232599001645036 0.42723549388057397
0 0.5050362605082838 0.4367733291601088
0 0.5480669113779872 0.4384440360403004
0 0.5599075297388849 0.4462290483295988
0 0.5262340817144652 0.44299994584080166
0 0.540344271038655 0.44758660315335996
0 0.5929810588998634 0.4628629306881453
0 0.5469485942572984 0.37348396370843634
0 0.563014789849897 0.36335020359442044
0 0.9113781523855427 0.32866707136622525
0 0.6708036746656845 0.3455439265795308
0 0.6246049506000325 0.3883885900320956
0 0.6357044039396295 0.3817743153475923
0 0.7734589141632434 0.41331702803094755
0 0.5804227795530472 0.3473607301712036
0 0.8560695394182004 0.2934813922268923
0 0.8925506432348163 0.309808106326265
0 0.979013710836821 0.2952479932938889
0 0.7208597238808242 0.2729663729384842
0 0.7582212857556242 0.30471637049603717
0 0.6222884159550888 0.4597666378123056
0 0.7917458526947327 0.4828225155035089
0 0.5965159859209624 0.3890126540567527
0 0.5709159853966427 0.38608927757855976
0 0.5689113286602849 0.4566506137485889
0 0.5605735661862772 0.4546345957374799
0 0.9111052037291386 0.3049693470323637
0 0.6219405828648982 0.3934804332638126
0 0.8020269483453614 0.2804219541742001
0 0.8140157375657608 0.27025456205098797
0 0.8976795389179439 0.23786399132557753
0 0.9447333304690912 0.30205230724203486
0 0.8528844429973812 0.2570202436877032
0 0.9294583264282484 0.32735281468569033
0 0.9533913381995028 0.32592382252852686
0 0.514139801766802 0.4326210034699627
0 0.5367744097855524 0.44105229654911715
0 0.5503614956065069 0.4471063343797007
0 0.5885787464143858 0.3893090207947248
0 0.5644255868367505 0.45570100046703116
0 0.5520988854929365 0.45596348970668876
0 0.5573843415779404 0.45362793692207565
0 0.5822352536242722 0.38178674323420225
0 0.5338236212981904 0.4473685474441003
0 0.5187416211210726 0.4436582249113108
0 0.4990600876290084 0.4387220831528253
0 0.4866796976529093 0.45471453313160054
0 0.48425332214761885 0.45803434384958036
0 0.489417595953881 0.45183758478289116
0 0.49378162282931654 0.44514868140644875
0 0.4961710000088446 0.4396099559211505
0 0.5313001002188976 0.44776611707105896
0 0.5348019351561865 0.451604001886904
0 0.5377786912747073 0.4561549098466215
0 0.5396755046608076 0.4605548419986331
0 0.612396168935148 0.43144934528097423
0 0.8869380837754358 0.43118308164612396
0 0.5428504137801722 0.45032675269094086
0 0.5474712094802897 0.45309672915638555
0 0.5570389054998567 0.3882712769197258
0 0.6064341339883925 0.3979564977286125
0 0.5637004462852759 0.3872438129015523
0 0.6913612494991801 0.36051864004644213
0 0.7253478627164656 0.3815772182718008
0 0.6357178538408963 0.38801885273391523
0 0.9548057528990733 0.2672883016924558
0 0.9143493376703705 0.27914114538602275
0 0.8722317042733043 0.2855380087702017
0 0.5629529780099161 0.4624612491184565
0 0.7431314730946021 0.25603426733050905
0 0.7824939630202603 0.2374303654843802
0 0.8263722461990163 0.21150091491984302
0 0.8313895920409432 0.3613881625031803
0 0.8751032359992401 0.3900455495216668
0 0.7193543114994145 0.32628843524136436
0 0.8905877566538782 0.3473207154449336
0 0.6592204243824955 0.3322081291520016
0 0.6091684811603167 0.3796615746239043
0 0.8836883568059543 0.399962512058154
0 0.8483914213592996 0.3935062096212258
0 0.8082017403111679 0.38772082894439514
0 0.7568236945299157 0.37108657835217135
0 0.7230812658237505 0.3556561143372831
0 0.6992195429681223 0.3422245761536477
0 0.6350972940398671 0.3058949637526154
0 0.8487177257296405 0.4248040775952956
0 0.9078552548140916 0.35030807252456286
0 0.5342448295923224 0.3766264085385016
0 0.6525944614712196 0.35795358562243224
0 0.9497304792645611 0.37815813789164043
0 0.6830770424901181 0.32935434883882425
0 0.6396264040268926 0.3884604876575945
0 0.872063558312911 0.356260754035461
0 0.6219194092579532 0.3714546279126639
0 0.8465392856155267 0.4580417698954065
0 0.7255477912818329 0.3227498016606305
0 0.602790675585783 0.35819861444855644
0 0.6872434490340672 0.49603664238682
0 0.6770296472788863 0.5071410051020014
0 0.8793718706706405 0.4314689844104319
0 0.7408984343713849 0.4893859125682609
0 0.9479038672608162 0.3505817622052393
0 0.5314309149351804 0.498103292528562
0 0.5315473919679344 0.37816866323758414
0 0.6679564237846101 0.37378033044640846
0 0.9150392332660497 0.3813011043860819
0 0.8106341749303955 0.3479804981362919
0 0.7855275150089828 0.3411879676658205
0 0.5562226119046473 0.4587594573325251
0 0.8158267246016974 0.4466592986954206
0 0.4677791018274766 0.4966021265706416
0 0.5677379912339182 0.5078736366891917
0 0.6165922274066427 0.5091858373983617
0 0.7638026396685009 0.3345489599526565
0 0.7447141225327922 0.3286584792470875
0 0.7317350565884184 0.3251118672700115
0 0.9261296312265759 0.35292817788333375
0 0.7572653218160702 0.31907459941481636
0 0.7842038760456858 0.31985797053412895
0 0.8108016994432055 0.3244791497539371
0 0.8362979182211155 0.3331091049020118
0 0.8502037844577419 0.34160732445202124
0 0.9716023269584914 0.3489175914728203
0 0.8301691577655856 0.35184434342638876
0 0.5960953546853005 0.41793081189106934
0 0.5971375000879231 0.3873077935029886
0 0.5482653529080661 0.3993068719956657
0 0.6328955052522668 0.49981576324499094
0 0.5841645820357125 0.4999441540538204
0 0.4745472208734303 0.4911399323179487
0 0.73288722040784 0.49907941863488753
0 0.7360294369454122 0.32106283112635675
0 0.6301932292145516 0.3317173350323986
0 0.5183439390568794 0.5042610495115939
0 0.8406474298565699 0.45531055002450094
0 0.5158074785511202 0.44422355566443356
0 0.5171790355620002 0.4492444525409848
0 0.5168140016904863 0.4549720205304744
0 0.5146473468858984 0.4611190680507239
0 0.5276008890902443 0.4603357122744813
0 0.5512563135427765 0.4510991535152829
0 0.5593696224664334 0.45187400923080717
0 0.5672893948570082 0.4520176817372459
0 0.6213273472675291 0.4460020322675241
0 0.7668088923526716 0.4435776431082548
0 0.6477054889443554 0.3181746823366285
0 0.7064627808860585 0.30265366352325657
0 0.7260725593768091 0.3110414436562064
0 0.5447223026792711 0.4499925192564832
0 0.7411088831565551 0.47127746913498125
0 0.6746255773029247 0.292183184397461
0 0.5334554801887601 0.47310378542998505
0 0.6152110823473347 0.3200674648103906
0 0.6283647972571699 0.3572709417569397
0 0.48439004061594293 0.46628179626532723
0 0.6171126453685358 0.4736510113606391
0 0.6518849014984405 0.404058007017432
0 0.5775090559751173 0.47544510720887645
0 0.7146817802879881 0.418503476631599
0 0.6610483680596332 0.4226588709357229
0 0.7165189569006489 0.4434510627816722
0 0.48030346789189027 0.4798660900527755
0 0.6400287025588475 0.36841031735760743
0 0.6342971802763798 0.4868613638487575
0 0.5857101665644706 0.48752222055500793
0 0.6523425088653082 0.46703185757991117
0 0.7859798400713924 0.46391255009923826
0 0.6896143603425489 0.47623162365751615
0 0.7974994363664072 0.4752098672613413
0 0.6626671058467671 0.44394201033197406
0 0.6415587065089101 0.3446334381261896
0 0.5928685324981746 0.382495715807624
0 0.6105252344019806 0.3899152561721711
0 0.5876104201068355 0.37137539629975813
0 0.7405984083559946 0.2941275502721893
0 0.7941289710093148 0.2957937616329035
0 0.8375670029644222 0.30429041618978425
0 0.8701472803007199 0.3166624386822484
0 0.8895626344761265 0.3312275535554083
0 0.8807153515674897 0.3635161849244775
0 0.9124073139725858 0.4062270568076119
0 0.8394937568073031 0.3750967658428676
0 0.8044874368840632 0.3697852712226225
0 0.7677061294956047 0.35913042976904314
0 0.736393694007447 0.34719640589269457
0 0.7140344094626511 0.3368389438196999
0 0.6989227573579877 0.3279271671639077
0 0.920002823892022 0.40442449158479593
0 0.6082619001090778 0.39250516636940086
0 0.6142902523907932 0.34398194069257126
0 0.5696187801501922 0.3775153860078588
0 0.5514844291949574 0.3788769607159308
0 0.5690975409897068 0.3792694364436863
0 0.5983130347753879 0.39391731183582634
0 0.543988195526952 0.3784411254726695
0 0.5414897321019998 0.3800742111454938
0 0.7130432005673019 0.3195960643311271
0 0.6901551529073514 0.3163651820462228
0 0.6744896134495232 0.31415116171819885
0 0.8571965789996119 0.34784689068370017
0 0.8794565207093074 0.34530070823565356
0 0.5098696134764434 0.23316977909309866
0 0.5429198383530484 0.2431391228701862
0 0.5240708892606984 0.21782161530509397
0 0.47666873195000337 0.22328549729547467
0 0.495371196969149 0.2482866307594598
0 0.8046713853687174 0.33374774484306324
0 0.8347583262226249 0.3423465842454035
0 0.8154855942675836 0.32201462312383866
0 0.7737898793904591 0.3248366739684859
0 0.7934950944743578 0.3455397839506609
