0 0.4057017985083487 0.4365413289355195
0 0.3810464872614197 0.38952940896801325
0 0.3872663070974143 0.40085781203663867
0 0.3440071740390166 0.34654226607602573
0 0.3745669699071542 0.37573563744840416
0 0.36648599001700466 0.35693953299651976
0 0.34738360434446647 0.3110849760148836
0 0.21108746455739374 0.3361221770553485
0 0.3364919978801323 0.28529400864373083
0 0.3289557598207308 0.2688529842897602
0 0.29591814177515713 0.19534625396456406
0 0.40727372823849967 0.4409363004176513
0 0.40895287919303647 0.445259980533434
0 0.4103319887071848 0.4480529735269754
0 0.40992967015051324 0.4482103186133115
0 0.4111600938536551 0.45209475639073743
0 0.41271953147066676 0.45700186798753945
0 0.41466675196652825 0.4625002492381179
0 0.42840069321834523 0.48245521229894267
0 0.38432393652265484 0.3960217702323976
0 0.36387629199611105 0.3990243166361166
0 0.11760998723785514 0.29907650759686594
0 0.27016632623322634 0.3348711991439695
0 0.25118754326325393 0.3403498049339522
0 0.23234391572844723 0.3440298962852229
0 0.20533598360160124 0.34233374893665314
0 0.2859858406059768 0.328564904468215
0 0.2244508119461977 0.3088395195486753
0 0.24808336851065574 0.3052437231754479
0 0.20513352237479843 0.31542422168928647
0 0.1946341979276875 0.32275360563526984
0 0.19212987533082132 0.3535222835514856
0 0.36420547071358433 0.5235884196084478
0 0.20273251515691695 0.3343674511365268
0 0.13516307071499203 0.35957061094434367
0 0.1660432777489009 0.34996350384924724
0 0.27734648962707625 0.39445275084479997
0 0.3800244412344435 0.4386231254624284
0 0.38641512944646506 0.4487936393074367
0 0.35792955173098523 0.446957568111627
0 0.3431868476226278 0.45407230245030444
0 0.3677829943759286 0.45258742570877075
0 0.35274412171186315 0.4564520049354304
0 0.3222499506386078 0.47816570993998775
0 0.3637028526838707 0.392642548388761
0 0.3551310711823728 0.37990238792870357
0 0.16259613021722305 0.32058788803608523
0 0.30316158975272073 0.35150690376758575
0 0.3130789761957915 0.3964353377080482
0 0.30898034353942977 0.38875487009468285
0 0.2189790521464918 0.4044733423253764
0 0.34882441632773564 0.3621609470118647
0 0.20405707467833292 0.29987676287798776
0 0.17765164804523406 0.3088957438974277
0 0.12422915916565967 0.27234074959288473
0 0.2980489864459504 0.29458526230376697
0 0.2705380902018236 0.30603331521801325
0 0.29975898863504763 0.46893907273593155
0 0.20860550580951182 0.4864295813376489
0 0.3316689874652935 0.4011223711397337
0 0.3501681095475088 0.4016196658105954
0 0.3254132074830325 0.46424830024657043
0 0.3300956733848738 0.46322695586992346
0 0.1633067633551748 0.30306627601385117
0 0.3143591376264458 0.4019793077655461
0 0.24397890180673287 0.2948264453722083
0 0.23574575874954462 0.28550712108288123
0 0.1867040462953889 0.22608857844834743
0 0.14492054822166328 0.28604668095383956
0 0.21196725211389686 0.2520316423767287
0 0.1485339001873913 0.3169916069701962
0 0.13423657781727935 0.30786304386413615
0 0.38286166711022024 0.4443720235772755
0 0.36287276989415934 0.4500303257094777
0 0.34779498709932616 0.4553074378358281
0 0.3374363390080955 0.4023724904526835
0 0.32782627832468436 0.4636995173666788
0 0.33854169325660105 0.4636480014609254
0 0.3326044456790323 0.462773228145164
0 0.34058148393650417 0.3956757273686969
0 0.35658795151697553 0.45720937184017635
0 0.3716198200278956 0.4541502964237462
0 0.389553253741368 0.4512366565025371
0 0.40069925104794296 0.48746765453530394
0 0.39066343673545384 0.46606348811284354
0 0.3888891281803017 0.4604562864355419
0 0.38844494950836117 0.45557820100499236
0 0.38921886723002663 0.45145889501208847
0 0.35605021383937285 0.45757244818884396
0 0.35344063118100166 0.4599680208965488
0 0.3509776742885942 0.4631597359219323
0 0.34950459375977516 0.4670317101737727
0 0.31231362826150394 0.44180675304454303
0 0.16094562212896088 0.4205049814089485
0 0.3858620155926632 0.3985080220129179
0 0.34481977116640494 0.4601069199650184
0 0.3416812678232141 0.4617093969946322
0 0.35941743162339146 0.4054496241328509
0 0.32554168837225955 0.4080537808654101
0 0.35488808474948874 0.40355076446481375
0 0.28616211454019597 0.36338907512633695
0 0.25838957609527785 0.3790750591003377
0 0.3080634092507155 0.395086922723314
0 0.14549155974679667 0.24786109744530657
0 0.16927316469018874 0.26716766636008804
0 0.19298179459798595 0.291322920633399
0 0.34433510024910385 0.48374446708223096
0 0.2842233155084693 0.28033063115309115
0 0.2575974146147137 0.24047397967913878
0 0.235206241193025 0.2095589799725491
0 0.21592707069509703 0.34508215020532196
0 0.1754101707154642 0.3662724979221821
0 0.2960398162755629 0.3236647447490174
0 0.17841950099429357 0.3319899089958357
0 0.3133013951389686 0.34014723109810246
0 0.32429542704282893 0.3897382145666558
0 0.15956674333985732 0.38150145826132403
0 0.1928482707184942 0.3725576876946118
0 0.21992141563121392 0.37227653825412627
0 0.2559750385015555 0.36256482063428214
0 0.2808149462646764 0.3516083845625753
0 0.29851539712399244 0.34187564512957697
0 0.33038787017373933 0.31820695304676244
0 0.1737743301479065 0.40942138967954594
0 0.1623898455468209 0.3339996109514133
0 0.3734953839169896 0.39772262602396635
0 0.30900957969867665 0.36522689121572866
0 0.1310589995397174 0.35897612847063853
0 0.31122599040036614 0.33268409967422485
0 0.30722788794209127 0.39555006733407144
0 0.19460127016772394 0.3370600989007432
0 0.3198445102037943 0.3804200396913549
0 0.18121242766147075 0.4533007825198381
0 0.29422951461342367 0.319455341314492
0 0.3336664895405588 0.3699990366788014
0 0.2611924404197413 0.5105280296310134
0 0.2716625451879657 0.5269530729755111
0 0.1599909807757839 0.41766756287087564
0 0.2288516944112337 0.4967705685159434
0 0.13340806066180053 0.3311826602920242
0 0.36703518154504505 0.540240576085837
0 0.3769718170489954 0.3997766981306283
0 0.29568646086946776 0.37865999600161676
0 0.15084840199383703 0.3547625151341376
0 0.23104491724592188 0.3361724743052669
0 0.2476389920743911 0.3332884975749513
0 0.33605793814944185 0.4660451528818711
0 0.1881913988162642 0.43728470899488614
0 0.41503643940972246 0.5515414209145567
0 0.34376112225910893 0.5465319976210594
0 0.3106887306532134 0.5392756222382836
0 0.3108574071413149 0.2293754040223101
0 0.46016276433416037 0.5446459061425665
0 0.2636882426703106 0.32870236330706143
0 0.2790958963577514 0.3237017060265593
0 0.28951639524134604 0.32104241896582686
0 0.14773667923620212 0.33368137559813
0 0.2703989135587345 0.31430081488645595
0 0.25091797400913807 0.31423509056153504
0 0.23332451364916304 0.31729159018267755
0 0.21786588620718406 0.3228562773893709
0 0.2097681622709269 0.32797903567552567
0 0.12032199533575255 0.3261183697892272
0 0.21938656201667112 0.33670333740503894
0 0.3929987037959306 0.4119777972607509
0 0.32829153537750244 0.4299446895070698
0 0.3309666274682335 0.39916778566396754
0 0.36444885267511656 0.41828633537111076
0 0.3416950783651808 0.2970466978200104
0 0.29715200987361046 0.5234645598608515
0 0.3309741589929099 0.5325961973032226
0 0.4084808157513971 0.541487427185411
0 0.23958912710456745 0.5107586879445158
0 0.28624649398514757 0.3170503517207892
0 0.32704110451690527 0.34230804637722345
0 0.45431170904118084 0.5342754219537196
0 0.37768386749793653 0.551343084677406
0 0.17838317828009959 0.4475742079641508
0 0.37116295147849165 0.4544598903992902
0 0.3688943969166797 0.45795164403060207
0 0.36808033303722093 0.4621690241215022
0 0.3685389485048211 0.46746339130660763
0 0.3702154296409825 0.4874487376731375
0 0.34057078818264214 0.4599538124773813
0 0.3361491404635751 0.45992572799972864
0 0.332491225603482 0.45961361362234404
0 0.3014855371059283 0.45532917976379395
0 0.2154311107309616 0.43879888886990753
0 0.3218601901165169 0.32811494349785475
0 0.3043725995913796 0.30893962935585045
0 0.29263261713735433 0.3118961022599884
0 0.34514178092712944 0.4598418069274529
0 0.22690379822059817 0.47404296955336694
0 0.32108019114188524 0.3064243652574394
0 0.3665660516075466 0.5052857322861319
0 0.3598701800827099 0.34102410936485167
0 0.33712985374681326 0.3328578689176103
0 0.35371865485997306 0.32626150645639584
0 0.3217387793018766 0.36666659460119577
0 0.446257789902713 0.5186888138237207
0 0.4368035345459762 0.499519329842018
0 0.4022840684198815 0.5056465375034706
0 0.3068364134625248 0.489324858331162
0 0.2967247070906603 0.4099220633506775
0 0.33585450458137883 0.49977258868191554
0 0.25254206407977187 0.41734677941902826
0 0.2851694529957097 0.42780633627072623
0 0.24469642373530762 0.4436467571750931
0 0.4040822734975297 0.5255795370625413
0 0.31236732127549854 0.37625497871119046
0 0.2955593808108698 0.504888395090466
0 0.3301161914334997 0.5155382007360458
0 0.2817756523904593 0.47559858372677927
0 0.20272852690971416 0.4607791471416536
0 0.258380429495288 0.483724996285594
0 0.19954895450855079 0.4744454306428847
0 0.27666319740693207 0.4491283542112164
0 0.31847339366441185 0.353430164249047
0 0.3333063771867234 0.3947465022944886
0 0.3214039148600853 0.39990897768217587
0 0.3384980862231358 0.3846103877800962
0 0.2843202859487223 0.30280963817368384
0 0.2474188803816619 0.3019766453653574
0 0.21719432800360347 0.3062372323449539
0 0.19469469733050335 0.31345130098254786
0 0.18133899682889815 0.3219751338271991
0 0.1822636439262525 0.3432165266055128
0 0.14492308619715596 0.3886926078602024
0 0.2054066184260275 0.3567222522004791
0 0.22681697968231596 0.35623988606359647
0 0.25265343835496384 0.35060374131021294
0 0.2756983217499826 0.34238786833441776
0 0.293215346198691 0.33455049878229265
0 0.30488139775622153 0.32825303936134215
0 0.14539335327951805 0.3895417617067047
0 0.3229938905848109 0.40296891169703525
0 0.3318248751937695 0.35548794771666115
0 0.34818698895042355 0.39331915164771286
0 0.36176410309322504 0.39741369676978694
0 0.3491828312044558 0.3951283016282579
0 0.3305178837364782 0.4054358865579833
0 0.36647616772224073 0.39804581909076026
0 0.3697049010383046 0.4001217716090057
0 0.3013394387114955 0.31882416068211844
0 0.3122833208788348 0.31998847554559295
0 0.3188618357576754 0.3214544769700455
0 0.20571969583144653 0.3314818679962469
0 0.1897431730657168 0.32990924803459126
0 0.3781051714297222 0.3392295278608799
0 0.48785514230637445 0.2763349356372719
0 0.4048210550909457 0.3901042267680168
0 0.5437609413233788 0.20840086917514386
0 0.436957823679499 0.2972125734971917
0 0.45709013299125695 0.2946334130576123
0 0.47631018843663775 0.2907486013744188
0 0.4987932233868734 0.2790673005030207
0 0.4190076129591983 0.2978310274851063
0 0.45389884305389033 0.259070030697014
0 0.4315763268133868 0.2646379861170831
0 0.4753454611029314 0.25725066062548885
0 0.49031681373067526 0.25929722692007606
0 0.5201091192176809 0.2831120053711145
0 0.5191236266299434 0.491261440936638
0 0.4944712488871554 0.2717180441579093
0 0.579589145824961 0.26487662108696025
0 0.5401287358254194 0.2696201419862716
0 0.4789285551270713 0.35183311577724374
0 0.4300058473549459 0.4294829297324885
0 0.4322505053942618 0.44057219929021335
0 0.457090858127112 0.4292991342751876
0 0.47584798025048297 0.4304604578925216
0 0.45260206942001113 0.4377170271523621
0 0.4692460138188756 0.4360087763356126
0 0.5133217487322248 0.4376324690554453
0 0.39812838075601537 0.38521769383679266
0 0.3945771267880564 0.3714016264547472
0 0.514301209508077 0.24517184252972188
0 0.42100826278328896 0.32630663826737716
0 0.4469409337996141 0.3678774953536365
0 0.4446304861618125 0.35990349786437076
0 0.5385396994812333 0.33685384140066477
0 0.38574006092613156 0.35420245968777203
0 0.4598831915013168 0.24323967755164788
0 0.4904914396288602 0.24123684438350407
0 0.5131285329875739 0.18934541260418686
0 0.3759814792353174 0.2741878994781038
0 0.4137050240584042 0.27350514754652977
0 0.5239778838079908 0.4211650497239569
0 0.6243860942676015 0.3982347107451895
0 0.4352133775372868 0.3788973569222119
0 0.42003190031518106 0.38675954273861385
0 0.4995990800468818 0.4336486831307411
0 0.49465533451217675 0.4344178211429845
0 0.4978067749382361 0.23078673211452755
0 0.4511988985797633 0.3729033151074596
0 0.4216167176871196 0.25355965676514997
0 0.4202168758796609 0.24271140409552533
0 0.415359850001076 0.17689292416300462
0 0.5046212391360946 0.20868740562835467
0 0.41434769219030504 0.20813118617819704
0 0.5235498558891856 0.23649096926269325
0 0.5343672018498182 0.22237253674994345
0 0.43177030065461347 0.4354930910403314
0 0.45507474972502043 0.43373321353093436
0 0.47274522280887415 0.4332138445714246
0 0.4315728988984357 0.3822566648216351
0 0.4970631151581588 0.4340484022446301
0 0.48720584906961606 0.43744961528674414
0 0.4919566755061564 0.4348569249977236
0 0.4216464152964561 0.37808913883307704
0 0.46630832366645336 0.4378713809925577
0 0.45026723084890324 0.44027750615192496
0 0.43171894785178744 0.44370918558991473
0 0.45558320180229517 0.4760143392435882
0 0.43978120605258836 0.45714611252364906
0 0.43711906752508617 0.4516162124017011
0 0.4345492519762205 0.44716100054590596
0 0.4315586269063794 0.44385323624895967
0 0.46676987263819447 0.4381757125906322
0 0.47101590563745604 0.4391770045394483
0 0.4754747989708963 0.4410257054411847
0 0.4796166101713543 0.4437405936743902
0 0.48816760993846087 0.4045141119024028
0 0.6110831803601721 0.325255436822772
0 0.4790333372581264 0.43658824718516803
0 0.48298041652078216 0.4368873441024967
0 0.41543200101865374 0.3937182337369608
0 0.4476881203768046 0.38228161956952966
0 0.41761976885406865 0.39035648852586746
0 0.4456151876922535 0.3294351355213186
0 0.4828724701605413 0.3315248810078787
0 0.45134128889311914 0.3647431125459464
0 0.47149406681242195 0.17795874947763007
0 0.46564086907259794 0.20312198445848798
0 0.46187362350199535 0.2318453978261222
0 0.49928483253587846 0.4510279893875122
0 0.3743178527802229 0.2567749970956989
0 0.3650025598218907 0.21715530493985052
0 0.3589850528894559 0.1828803049157495
0 0.4914208660307138 0.28540323067294515
0 0.5465505719184875 0.2868988952882912
0 0.4070697013774644 0.29740643671349337
0 0.5122124886383181 0.2603957897619061
0 0.4027391241296478 0.3208856278139612
0 0.4307788421764322 0.36692727616299753
0 0.5737217420145221 0.2935197693498238
0 0.5361962911227475 0.2991805918838667
0 0.5124393902395082 0.3099117151097111
0 0.4732370297222034 0.3161220960319042
0 0.44269351645008376 0.31670345025865926
0 0.4194293124196322 0.31557586125057674
0 0.3681515941153402 0.3099718169997568
0 0.5842105025506538 0.3224994605002196
0 0.5280309977090877 0.25550065699802793
0 0.3948237718609364 0.393090958342604
0 0.42671481827678887 0.3401674774029981
0 0.5854382234746995 0.26242907547756383
0 0.40075396584427875 0.31279044331091904
0 0.4532038662582636 0.36472267236398614
0 0.5035875579747169 0.2705214764598919
0 0.4275767411226812 0.35743527665086416
0 0.6208646038304204 0.36029058727233304
0 0.40581953420263267 0.2928720260767833
0 0.40608051718901034 0.35451604199150333
0 0.5968608930706978 0.43951285500889237
0 0.6036204447078964 0.4567769982892534
0 0.6062990635957407 0.3229437020971723
0 0.6128316806710284 0.4152262628726337
0 0.5560837352405423 0.24102796954305275
0 0.5325439136637293 0.5057797587436178
0 0.3942738881577616 0.3960048475343248
0 0.4496627312315547 0.3460516740122567
0 0.5587864813759275 0.2675341217090254
0 0.469902723217788 0.2836578523983126
0 0.4535136640719745 0.28722683834316937
0 0.4913335201209006 0.4385278487335081
0 0.5953198804965486 0.3510503509770269
0 0.5033021181335916 0.5332489259864973
0 0.5594256227107152 0.5014381865444391
0 0.5813205065610616 0.482406438368818
0 0.4368127965084884 0.28922506000684656
0 0.42058458567961404 0.2907538914486118
0 0.41048021306810173 0.29243505486975546
0 0.5413733655991761 0.24899360262181447
0 0.42187964535601763 0.2806656922659148
0 0.4379316152113935 0.2738745941416077
0 0.4546841322241918 0.27015550580361614
0 0.4717871865014667 0.26891369550772337
0 0.4828623512192913 0.2698799511012824
0 0.5657477526237136 0.23138964824054553
0 0.4805345003209684 0.2798646476281726
0 0.46406636840623355 0.4012452891987303
0 0.43372882667766965 0.3770637230380722
0 0.4228343196699153 0.4059805426260699
0 0.5774375359001367 0.46447715827304387
0 0.5568253514559373 0.48538954167262366
0 0.4984355006852876 0.5227960717418919
0 0.6175257487465506 0.43052432653696643
0 0.41070780684442626 0.2882957795391912
0 0.3909739926457405 0.3286135953081691
0 0.534605837467572 0.5187090878253398
0 0.6153394641435664 0.35482671613926475
0 0.450533421629149 0.44043831332870154
0 0.4548453101483376 0.4425477788824102
0 0.4584313706373391 0.44588584339489107
0 0.4619344689923784 0.4505799671877985
0 0.48074699808721955 0.46413668245077133
0 0.48276630367921747 0.43489838699283806
0 0.4866176320482855 0.43332011689958366
0 0.48987368980179663 0.4316637420459934
0 0.5096929381884958 0.4110922222228154
0 0.5714068446794281 0.36340638557853905
0 0.3845209757109051 0.3146177761904571
0 0.38649469662619673 0.2887627739945184
0 0.400014525036449 0.28641096210998035
0 0.4786935451885928 0.4363588352242242
0 0.592767171561718 0.39639362644242204
0 0.36845031712690124 0.2941886729196362
0 0.5002879591091819 0.4772994949117951
0 0.3735045469973398 0.3249916393795739
0 0.4156316770645587 0.34676209497063054
0 0.4706220579860003 0.49138809805331024
0 0.5362612896639368 0.4408070952024149
0 0.4745662696659565 0.372358077408179
0 0.5211824521260418 0.4607756573544896
0 0.5197130631979393 0.36082045329005824
0 0.5000702865097834 0.38239030151263526
0 0.5493446522108887 0.3791669568289881
0 0.48696886148789653 0.5083548339164775
0 0.4322874543621488 0.3507785907258158
0 0.5607727932865205 0.44888858367567475
0 0.5410678856398748 0.471277784070243
0 0.545198720920345 0.4197474206271379
0 0.6030486091647459 0.3758626823192057
0 0.5733757862902206 0.4169359262222829
0 0.6196534951095996 0.3852005495649317
0 0.5260269858914873 0.39632696042890136
0 0.4081759950065095 0.33431859411623166
0 0.4268794900373272 0.37453312880319095
0 0.4425290754145902 0.37397423661921336
0 0.41332103166243306 0.3685026657970055
0 0.3975199588129054 0.27593424713805964
0 0.4272755460570688 0.2615051820226338
0 0.4559797851935677 0.25391485339597514
0 0.4812038336759028 0.25148130848031974
0 0.500174804955073 0.2534682852742465
0 0.5195130905055482 0.2706331911942233
0 0.5952664511683194 0.2929197336830523
0 0.5109984464133563 0.29111676007185294
0 0.49214099185622256 0.2990755936049897
0 0.4652017004302014 0.30431441501106904
0 0.4388130178432102 0.3063294901310102
0 0.41784742855183454 0.306481392811174
0 0.40284430178935116 0.30565731834782206
0 0.5989186308630134 0.2934038585618786
0 0.4442353530422501 0.37708457867088524
0 0.396628404279118 0.34162980901158374
0 0.4121888309069302 0.37942004948854446
0 0.40476485706217913 0.3880999533702498
0 0.41346549850119196 0.3811993977945784
0 0.4405270082795102 0.38205752537950227
0 0.40113614540061227 0.39052139481772546
0 0.4007051510169454 0.3933580932409867
0 0.3988408267336047 0.29528191799054976
0 0.3894438241486964 0.3015024359135524
0 0.3842497419403947 0.30619996640345326
0 0.4894688662303531 0.27093575020199234
0 0.50080765079221 0.2631622492943121
0 0.23967050712393678 0.32391196570318675
0 0.25990393992675387 0.3195719445205253
0 0.23456273256274668 0.3128545889225991
0 0.21948892153475597 0.3282933103973451
0 0.24484438441045905 0.3351406051736811
0 0.45553300262469315 0.27661490796700766
0 0.47618925555244734 0.2723641256275384
0 0.450493440274959 0.2656411060496517
0 0.43485954420074174 0.28075554043702455
0 0.4606290266889593 0.2876399765196054
