0 0.7238982122391462 0.5068670524284243
0 0.6857471631839871 0.4473260514438152
0 0.6934867948293686 0.4675044230185449
0 0.6258912915363908 0.39097652621567247
0 0.6743158472701907 0.4268121602013707
0 0.6570241885259748 0.3998618260025978
0 0.6105739226564765 0.3320975977927446
0 0.4534035114571452 0.4067649663425982
0 0.5683194447308779 0.26581893595866857
0 0.5500949666835367 0.23509136764332653
0 0.4916965667158365 0.14101763968355954
0 0.728443144634366 0.5147764812223613
0 0.732386183552444 0.5234772277995944
0 0.7341850388795137 0.5293104233220219
0 0.7447550339624286 0.5469615174457431
0 0.751059192046523 0.5559440216980874
0 0.7584448356181384 0.5676533914171159
0 0.765180809982121 0.5798250524327159
0 0.7692227762192487 0.5961646012961864
0 0.6903310647234321 0.45772557649761436
0 0.6711997468024492 0.4687953292392194
0 0.30929546933621166 0.37683661971241234
0 0.5209798604249954 0.39639601334929464
0 0.5027715644799173 0.408609377592802
0 0.4824768414720893 0.41844229530543087
0 0.4467433838173747 0.4198232557624578
0 0.5337667484767735 0.38263673093169925
0 0.45108635183423756 0.34193557864055035
0 0.47515959572046995 0.3314742524176836
0 0.432357825152576 0.35910841906443236
0 0.4235825206153095 0.3777689709328115
0 0.4354105365462601 0.4454194525256753
0 0.7049540342763067 0.6606047846376896
0 0.4408306968398392 0.40435839248821137
0 0.35677783042192457 0.4724783156067133
0 0.3975718094035983 0.44191669058054683
0 0.563362804427743 0.4929814235307276
0 0.698437637463212 0.5176940452307462
0 0.7113635044544935 0.536359737534076
0 0.6798787109553814 0.5428097079508006
0 0.6690650302916765 0.563236984796822
0 0.694378718547523 0.5512243680655956
0 0.682035443931818 0.5653218369930982
0 0.6554961724206805 0.6106470617465675
0 0.6693315396085382 0.45685502644628284
0 0.6553866038098931 0.4391884723678231
0 0.3795698260888457 0.372830868139863
0 0.5724313682876527 0.415645357593894
0 0.6180321838706732 0.48008762802928684
0 0.608344278484583 0.4705269987694919
0 0.49627173505723476 0.528576230071485
0 0.6396946981549263 0.41352881249040363
0 0.4171524100005627 0.3169316527433693
0 0.3924673101864755 0.3429652502760291
0 0.31029220977798105 0.32734002862125633
0 0.5185217036865651 0.2850118706934154
0 0.5006251975893974 0.33176976945251224
0 0.6298407519236207 0.5993945336900651
0 0.49363651089370253 0.6418831272982061
0 0.6403361845761537 0.4818707792088389
0 0.6592526951804757 0.4781421473249793
0 0.6589992122724653 0.5930350040085614
0 0.6639456149190665 0.5895219611935317
0 0.37031555334106087 0.3348138152156025
0 0.6220269981771708 0.4891799752600491
0 0.45653256494551897 0.2954631092958152
0 0.4431058233603835 0.27858584388159213
0 0.3719291034154594 0.22665566266514361
0 0.3402467488311231 0.33680496076121924
0 0.40885387202724816 0.25766522055491803
0 0.35745595591142776 0.3699591815471649
0 0.33524825889617205 0.37935663098469374
0 0.7051695754751564 0.528018860053271
0 0.6874409999698401 0.5474840639159083
0 0.6755407333374024 0.5645059378817677
0 0.6469421150162816 0.4827007082290947
0 0.6615657083690166 0.5912611674517393
0 0.6743793647736311 0.5916821420192718
0 0.6664818750694395 0.5877544632181525
0 0.6460773449391126 0.4698081108741462
0 0.6864042446017266 0.5654043931514025
0 0.6989914249628782 0.5528587944805622
0 0.7150271911174059 0.5407039461657405
0 0.7411834128201008 0.6118424640968442
0 0.7396046854555607 0.5933935976587236
0 0.7338398206979037 0.5804950868710875
0 0.7285180373117328 0.567582082375884
0 0.7251491511240602 0.5579337565228343
0 0.6921257369220257 0.5755608104169369
0 0.6906179759651423 0.5819618500769138
0 0.6894997229799629 0.5910265239886939
0 0.6895807802677154 0.6004531927406788
0 0.6321121906861663 0.5527358491905033
0 0.4033890183083713 0.5579485207796097
0 0.6917734000831842 0.46247982177883384
0 0.6802440008148551 0.5815091053023934
0 0.6773150036111474 0.5860608638264239
0 0.669433218985796 0.4820809572935104
0 0.6347529923543334 0.49697105810046194
0 0.664552572183311 0.4800978315994143
0 0.5571766179054976 0.4407855243422091
0 0.5311186813749373 0.47556632561609147
0 0.6099395915865898 0.4813694515265524
0 0.3284334839321673 0.27768501164391635
0 0.36195678198710085 0.2963061599526554
0 0.3987308478914201 0.3033697166480124
0 0.6801476053893566 0.6165503295138478
0 0.4959678894840181 0.2562621330376714
0 0.4625549489632249 0.22628624704666436
0 0.4252235729247332 0.18360345708206297
0 0.4623203268274665 0.4232667674310505
0 0.41973543679341674 0.4754964466206729
0 0.5407810476608574 0.37125959564000366
0 0.40670389076694846 0.4000659747049212
0 0.579642164427787 0.39340907279402015
0 0.625508975610137 0.46555913556367157
0 0.40470565799623726 0.5051490263082087
0 0.4473393145017326 0.4831383408978581
0 0.4820206969976425 0.47590497592464087
0 0.5201645907014608 0.449058146122843
0 0.5431389010511338 0.4235405245795846
0 0.5583491598255932 0.40159430718049405
0 0.5935514152050019 0.3489619348198175
0 0.43669796772301195 0.5466513907536864
0 0.38532023336738347 0.40573486955836413
0 0.6804766414687038 0.4631061818450689
0 0.5891866141930222 0.4349332357756793
0 0.34209040766581894 0.47202263344079254
0 0.5682970613241196 0.38086038213223217
0 0.606638846360147 0.48361926143988965
0 0.4292741255834699 0.4103819000534713
0 0.6148876821622252 0.4531273221597075
0 0.4432079981081188 0.6012190788984298
0 0.535072746872902 0.36416952512226997
0 0.6253547135740518 0.4313295976258814
0 0.5855831425637007 0.6644202241674065
0 0.5928260827437043 0.6819874480366707
0 0.4124486654996872 0.5584471429698169
0 0.5393703609704972 0.6537568749859929
0 0.3432299615815282 0.42394101470708845
0 0.7101219959557057 0.6785583914257586
0 0.683938180282712 0.4664022055454552
0 0.5790415919385851 0.4612628141418099
0 0.37730372631922365 0.4566126143559813
0 0.4789147241041064 0.40397428991273043
0 0.49654677575454115 0.3968616671860218
0 0.6721594445407391 0.5976900736801326
0 0.46723816310986876 0.5828283032402396
0 0.759238088876009 0.6823606513440609
0 0.680816612392664 0.6895208134315908
0 0.6425545269623398 0.6876502748578787
0 0.5227548462338746 0.1909462592098862
0 0.8021036705002189 0.6609767897985875
0 0.5110459577292203 0.38730787895619867
0 0.5233605742454529 0.3761873016133904
0 0.5313669170252979 0.3688018879853189
0 0.3627517965622246 0.40984756536781786
0 0.5081729557365179 0.3524919062852859
0 0.4870995470322669 0.3538752823602408
0 0.4696280688047409 0.3629824711475521
0 0.4551558386534452 0.37683163387700913
0 0.44773199651390316 0.38896522475406525
0 0.3192810923792422 0.4227661740966141
0 0.4648881989531219 0.40662458995357154
0 0.7031810116022825 0.48289272086694834
0 0.6447051320225 0.5301779586821794
0 0.6387024160474539 0.4785352939739823
0 0.6782866636291146 0.5007079997099936
0 0.5891417372971773 0.3001219280064106
0 0.6302207561209798 0.6724306451156735
0 0.6690438944846392 0.6752857895568013
0 0.7547741770744324 0.6727647733874619
0 0.5452526835724711 0.6687364116311073
0 0.5259680760093033 0.3590564736165106
0 0.601145114377141 0.39103481024503706
0 0.7985516440123319 0.6501993461512029
0 0.719454188644886 0.6895056240260601
0 0.4484615121036768 0.5976690094918012
0 0.7074860746040941 0.567290932778269
0 0.7078141933307052 0.5760106950998306
0 0.7099140137434006 0.587553599756211
0 0.7137746376916766 0.5999846015125513
0 0.7090390060096979 0.6181673248298466
0 0.6721604352816939 0.5781426615081727
0 0.6667967839166522 0.5793580458499491
0 0.6618128798902034 0.5797392496839165
0 0.627204573713243 0.5763699071481824
0 0.5074441373348236 0.5785187635570764
0 0.5859080689027906 0.3695898045785725
0 0.5407781671732664 0.3333070880267769
0 0.5288008796051145 0.3447964432649314
0 0.6764974955469369 0.5767336025834083
0 0.5354037277400494 0.6236094607971608
0 0.5618900863453746 0.31933184936642645
0 0.7052306711673737 0.6390297994017601
0 0.6416087729856372 0.3772856154479086
0 0.6105813348665834 0.3717072386294603
0 0.627052329853177 0.35602245749905703
0 0.606924987025559 0.4320845458656549
0 0.7902658572420478 0.6337359244003892
0 0.778915928862989 0.6135260918177664
0 0.7444102928042412 0.6322407148778438
0 0.6379588833078742 0.6283733299002051
0 0.5982345009222627 0.5101833673194051
0 0.6702237201854586 0.6374467773362994
0 0.5461810261942446 0.5362867278978228
0 0.5920957231894135 0.5411501591093838
0 0.5497580964118243 0.5767150119878351
0 0.7491741422563791 0.6553936203941703
0 0.6013335753232241 0.4508096816949546
0 0.6267762433737516 0.651135485060513
0 0.6656924746930599 0.6564216300845146
0 0.6075915722176433 0.6133345816284418
0 0.4958254062570632 0.6111059518530965
0 0.5795600063167512 0.6305375303141773
0 0.48872764632105825 0.6304100243374705
0 0.593840161152184 0.5746673023328185
0 0.5950697440654039 0.4125451342202723
0 0.6381552334874868 0.4703699642792344
0 0.6290388755500317 0.48247070275247095
0 0.6388703649863601 0.45203615855425594
0 0.5109983654692769 0.3169235749170184
0 0.469263971503824 0.31894455817528067
0 0.43898544181138277 0.3333768703974783
0 0.417419267911464 0.35332510122098026
0 0.4061077766120434 0.3754631573334336
0 0.4159608238376677 0.4249120931141078
0 0.3814497753977776 0.5172116559930146
0 0.4543413395062089 0.4486632602289319
0 0.4811881443485618 0.44323059348389504
0 0.5090111959725618 0.42746310159564016
0 0.5311495961621404 0.40824734410271046
0 0.5458760064095258 0.3906932225450873
0 0.5553379678167403 0.37618042193353174
0 0.37105046296492217 0.5148132372647524
0 0.6321542788296938 0.48752854289487
0 0.6144118696451187 0.40991025548428295
0 0.6534013057127595 0.462840193323791
0 0.6684379646554589 0.4661950035020709
0 0.6546975618228317 0.4660119962878525
0 0.6403938677161932 0.4903069673106074
0 0.6736182555556297 0.46568841943517325
0 0.6772507522255182 0.4690587282180786
0 0.5431264617480338 0.36008904399350283
0 0.5586675913073123 0.3574083264917135
0 0.5703916344791651 0.35620076875202356
0 0.44397507011890414 0.3972504077479243
0 0.42084750682115557 0.3946971962228417
0 0.6595574764534831 0.36952695986256
0 0.7428507931530476 0.22908237311057747
0 0.7049898110330105 0.44716480411589143
0 0.7482415614649653 0.10405371887609363
0 0.7015694063156843 0.285091933934018
0 0.7209092568606138 0.2740945531055331
0 0.7381383154541254 0.2611528317444026
0 0.7537617865949869 0.23066980126313866
0 0.683276291936636 0.2919322875328362
0 0.6831355333328247 0.200393837550655
0 0.6636477688327431 0.21940235435031355
0 0.7061371624469757 0.18962267450988293
0 0.7260554956272245 0.1896704844199121
0 0.7751300141215325 0.23449125085026026
0 0.8432614715769887 0.5689105949364602
0 0.7450180573388934 0.21697477428242565
0 0.8090970907360315 0.18928077761083842
0 0.78160035982728 0.20363088152371348
0 0.7627881705760956 0.3660218209493905
0 0.743152235262096 0.490004338696599
0 0.7507796930149198 0.5121872866526246
0 0.7679628105834126 0.4871737755835056
0 0.7851134905591607 0.49033440873026846
0 0.7668692160397768 0.5062489247880876
0 0.7799499321728944 0.5043747917748987
0 0.8255300706252455 0.5000353370793164
0 0.7003625737503171 0.4370360215194523
0 0.6926737267524004 0.4154345997609198
0 0.7314428146928549 0.15222315015271307
0 0.691971841827035 0.3397914761677384
0 0.7348816398531198 0.4051199885085225
0 0.7295144658535719 0.39301380040124057
0 0.8164801290258765 0.32482071304693816
0 0.675539705902338 0.39062334354966877
0 0.6732575891539454 0.15892351386137307
0 0.7034047722816468 0.14824729426763952
0 0.712887704372406 0.07794529516249896
0 0.6052558086812496 0.2350460120011121
0 0.65312679708004 0.24329505735076964
0 0.826878652535379 0.4715277602896094
0 0.8809300664812326 0.39317987896502016
0 0.7266772039234638 0.42633622549474237
0 0.716270974650979 0.4416574271395802
0 0.8063671957701445 0.5021574477665126
0 0.8010182954370976 0.5046928803436458
0 0.7017016151919961 0.12749611204490066
0 0.7392425879836082 0.41401247717440126
0 0.6403660535812378 0.18449872373603285
0 0.6303787976503372 0.1652846668381244
0 0.6146551148965955 0.07746008448302746
0 0.7142668891698122 0.10261795287951828
0 0.628026631847024 0.12102546393871308
0 0.7336159499362112 0.13477147012017668
0 0.7467558536678552 0.12173281484283507
0 0.7483179219067096 0.5015156277455389
0 0.7681711964309216 0.49714652858674524
0 0.7831204866990447 0.497220388520509
0 0.7242488611489535 0.43289000950753687
0 0.8036943234503269 0.503498753439635
0 0.8013103438541294 0.5127368107438087
0 0.7982858318835497 0.5060094114392996
0 0.7166840769350529 0.424598990380764
0 0.776150257140398 0.509391276538372
0 0.764413646236062 0.5122984823770821
0 0.7505231644958258 0.5189188601449132
0 0.7934171840548515 0.5779545911587775
0 0.7863323587924242 0.5637564392760396
0 0.7781633693724871 0.5524554442614317
0 0.7689700638875365 0.542243177909404
0 0.7610018279403448 0.5357159850187599
0 0.7824251333251595 0.5191346811130643
0 0.7894170857965946 0.5202810367569327
0 0.7980198362842202 0.5229715713299811
0 0.8060941182076931 0.5271273231133818
0 0.7894403498619795 0.45126544116064904
0 0.8463086605072021 0.2786496741697192
0 0.7890138909220695 0.5135812721215188
0 0.7950488977134228 0.5127918095327914
0 0.7160688634961844 0.45252886731177566
0 0.7396809358149767 0.42961504999548195
0 0.7160704046487808 0.44738387167453764
0 0.7187763750553131 0.33828700999729333
0 0.759622422978282 0.3305912184529006
0 0.7367674969136715 0.40025315610691903
0 0.6705149613320828 0.06656456543132663
0 0.6762542502954603 0.0998784875497222
0 0.6667863260954618 0.13767651156522334
0 0.8208467647433281 0.5245195765979588
0 0.5897841777652502 0.20202252445742488
0 0.579843009635806 0.15327338352799416
0 0.5574855272658169 0.10239154184237123
0 0.7506950030103325 0.2459226505830884
0 0.803664124198258 0.2358337353449315
0 0.6700789619237184 0.2948134819976985
0 0.7477147441357375 0.18782547409646214
0 0.6713688332587481 0.3350826251786202
0 0.7218322971835732 0.4039707727730274
0 0.8249454233795405 0.23990169391036034
0 0.8030564330518246 0.259536802675575
0 0.785909128934145 0.2840293132700026
0 0.7485554428771138 0.30602786261588333
0 0.7169727861881257 0.31626718388870356
0 0.691605781391263 0.32100732196122406
0 0.6315077286213636 0.32479721391573546
0 0.8473705880343914 0.2862255544401705
0 0.756502946652472 0.17502716314047576
0 0.6989765638485551 0.4512658276595175
0 0.7029713414609432 0.36255119638517497
0 0.8040042418986559 0.1833362510893494
0 0.6697358720004558 0.3208972470834851
0 0.737918958067894 0.3998906588181853
0 0.7520166881382465 0.21141398316249252
0 0.7140411470085383 0.38988489881157873
0 0.8659207079559564 0.33250504489988086
0 0.6651500623673201 0.28735146429389713
0 0.6943738015368581 0.38731518378481267
0 0.8826547630131245 0.47103219144046304
0 0.8853459089994431 0.4905176478438079
0 0.8561732847243547 0.27772485967725513
0 0.8881806023418903 0.4287986870855093
0 0.7772891689091921 0.15265904357656837
0 0.85321199670434 0.5832318853586912
0 0.6983657903969288 0.45727986600250004
0 0.728525816462934 0.3662383955903351
0 0.7979740420356393 0.19650306939147413
0 0.7293418567627669 0.2501605720259249
0 0.714058980345726 0.26222010971978305
0 0.807367330417037 0.5135001460090279
0 0.8635422324761748 0.3304788632318377
0 0.8358907992020249 0.6313471681438386
0 0.8650863572955132 0.5664234360679984
0 0.875034093670547 0.533490524534136
0 0.6976395405828952 0.27141549754887817
0 0.6813145147636532 0.2793956363108009
0 0.6709327971562743 0.28547746655531225
0 0.7634998161345721 0.16094584986567498
0 0.6718126118183136 0.25890532149933276
0 0.6826418140903115 0.23987645553424955
0 0.697545420192182 0.226329786144197
0 0.715576134994626 0.21747272009961308
0 0.7293705882504582 0.215679616574198
0 0.7774257443845272 0.13743829298764468
0 0.7381441131234169 0.23906397693790496
0 0.7661988880485296 0.45217931773513553
0 0.7253908552229404 0.42277467707172034
0 0.7297134947031736 0.4678105301223695
0 0.8737415436655283 0.5121834216639399
0 0.8630271205678582 0.546434139739722
0 0.8339642483741045 0.6201290384866297
0 0.8873568195849657 0.4468240667134523
0 0.6667097087949514 0.2775020237546414
0 0.6651414025574922 0.35027552852407096
0 0.8541954722255468 0.599384755268693
0 0.8731948748230934 0.327461002767086
0 0.7731785479933023 0.526337203476578
0 0.7812947345897555 0.5299861779436469
0 0.7907539989799262 0.5365076120011508
0 0.8000117393210531 0.5452674542553723
0 0.8111101295799017 0.5513306166045367
0 0.7907140757888556 0.5042940135113895
0 0.7948334299027919 0.4996879905462265
0 0.7977316774427891 0.49498302387073634
0 0.8103179771453142 0.45794008336961267
0 0.8500105090439319 0.3596121237147599
0 0.6503791054710746 0.32868933482095597
0 0.637114698626101 0.2781037638429552
0 0.6516749946400523 0.27392801074311135
0 0.7863457154482603 0.5080991335213184
0 0.8717933433130384 0.40705484049394725
0 0.6174965232610703 0.2890217384789139
0 0.8272302187979221 0.558476323634386
0 0.6468519942834974 0.34860647181048987
0 0.6972588391974568 0.374720577057451
0 0.8078097879886628 0.5904707772657275
0 0.8437503471970558 0.4939541638828814
0 0.7637006796896457 0.404329018574208
0 0.8384237935766577 0.5267398966476321
0 0.8059047032147646 0.37029953245073555
0 0.793410799279809 0.4120142393745482
0 0.8357866980135441 0.39295733291655777
0 0.8242244575172663 0.6058292374014854
0 0.7130265548825264 0.3796385046094656
0 0.8625829383730889 0.4963679652661085
0 0.8529519455507397 0.53258105404675
0 0.8441907132044435 0.4597192922607064
0 0.874240730330348 0.3690787757746875
0 0.8643221290782094 0.44581688931211827
0 0.8849029377102852 0.3769189053215086
0 0.8202188551425934 0.4287679604254663
0 0.6834534144029021 0.3563188055064529
0 0.7208724159747362 0.4172872047871351
0 0.7327119905501605 0.41584015302360056
0 0.7076973225921392 0.40800918349996207
0 0.6358234696090221 0.2444576072972268
0 0.655267714895308 0.20748408199287952
0 0.6802750807255507 0.18528865012340248
0 0.7057537090033292 0.17424382655881346
0 0.7283969834446907 0.1743254937697202
0 0.7642713464796543 0.20898874141275883
0 0.8353203892707824 0.2316293040290475
0 0.7726270355284214 0.25078492229804394
0 0.7581069562584162 0.2711836755275726
0 0.7337521217763424 0.288269785605371
0 0.7077394841238857 0.2997666195966303
0 0.6858891326934099 0.3062708158046007
0 0.6691979363560676 0.3086940864101052
0 0.8245542274788022 0.23049083296209574
0 0.73440146073699 0.4218265566974878
0 0.6782219719141722 0.36918270532041786
0 0.7104493441060186 0.4262762022204697
0 0.7051112685352564 0.4426507678814232
0 0.7109590619802475 0.43004445023834703
0 0.7326537569984793 0.43091847877949474
0 0.7035100109875202 0.4465564935468137
0 0.7028411874547601 0.45258807893842457
0 0.6587607372552157 0.29270696653984485
0 0.6512181529775262 0.3038683388382196
0 0.6469143375754356 0.3124634552747011
0 0.7381496906280518 0.21600802466273308
0 0.7415620226413011 0.19571660216897727
0 0.5020013367757201 0.36813187287189064
0 0.5205913798883557 0.3570208613760769
0 0.48803601739928126 0.34779063067398963
0 0.4823542097583413 0.3799848075956106
0 0.5156828822568059 0.38874132595956323
0 0.7086182346567511 0.24032502612099052
0 0.7272213775664568 0.22755860132165254
0 0.6948813911527395 0.22227127747610212
0 0.6898831030353904 0.2530378048773855
0 0.7221640486270189 0.25829202509485183
