0 0.7284009529277682 0.7275518288835883
0 0.706008757930249 0.646289992891252
0 0.7061831189319492 0.6692567165941
0 0.6574307712726295 0.5606189519166946
0 0.7000659374520183 0.6197684664279223
0 0.6899343360215425 0.5830294469371438
0 0.6617918743751943 0.48966917702928187
0 0.4643471149727702 0.5236206350848078
0 0.6407692385837436 0.4057402268052101
0 0.631918584741652 0.3681103212758899
0 0.5983911637216807 0.2543230475857854
0 0.7314256673678756 0.7367818664759398
0 0.7339394142851233 0.7472193665802479
0 0.735164999216795 0.7546898536384106
0 0.7404144141823054 0.773192853666842
0 0.7440183192491532 0.7825658820569515
0 0.7476244984194637 0.7948554074391723
0 0.7506421160884201 0.8080441921949386
0 0.7404962034896017 0.8202933231368661
0 0.707731665764004 0.6586774218827486
0 0.6791247772984207 0.6641809573397041
0 0.3210542482323945 0.435148414503783
0 0.5407684010453522 0.5350530438125134
0 0.5154157154262066 0.540465346723795
0 0.4898940796032548 0.5430170055478811
0 0.4533835249487311 0.5358182148076593
0 0.5613110245671123 0.5259357471950352
0 0.4869819528888911 0.4547718081623316
0 0.5174053599126637 0.4527040314860642
0 0.4597212160471827 0.46615121643990276
0 0.44327378235757353 0.483176782913506
0 0.43178526652045546 0.5566408356651664
0 0.647008515894413 0.8711784020066261
0 0.4530683655757457 0.5184104423969984
0 0.33857505875639615 0.5505705588497222
0 0.39432525406591595 0.5430389970541001
0 0.5507610469125211 0.6468787487596274
0 0.6974048051051795 0.733084855042398
0 0.7075182137079536 0.7554908413439989
0 0.6702047633007169 0.7543780619278551
0 0.6542723552323878 0.7723183002322912
0 0.6857847637496889 0.7665690856054426
0 0.6700583188794553 0.7774965638294816
0 0.60492501584813 0.8066194370388985
0 0.6832039307802915 0.6511608814820647
0 0.6732084618881344 0.6265096452087164
0 0.3967834030743688 0.46358455922454594
0 0.5892335647251457 0.5656440570950508
0 0.6129678728524596 0.6567792972549796
0 0.6058256392367184 0.6417808139696717
0 0.4659497109707445 0.6602454898878932
0 0.6648546604439616 0.5916507614776492
0 0.45514070116914807 0.415969290677458
0 0.41966900010593233 0.435050349868834
0 0.33780160872265697 0.38482543025165794
0 0.5771322564221919 0.41658180933445693
0 0.5454262746497989 0.462019619718194
0 0.5793379995506257 0.7889427747577429
0 0.4218699793796986 0.7805053975433112
0 0.6373086804524064 0.6670787753537297
0 0.660382361523807 0.6690111294388771
0 0.640044544544071 0.7982959739863873
0 0.6467617364600301 0.7958903424441814
0 0.39993097791448234 0.4211671073921025
0 0.613420615484938 0.66759083699435
0 0.5051257501356303 0.4068409292958677
0 0.49624731694348156 0.38513975236564874
0 0.43787864833138884 0.3027595470659435
0 0.36612713569775224 0.40451806494966147
0 0.46675243028439584 0.3459039147943258
0 0.37565129664726554 0.4555808471515775
0 0.34695544368587433 0.4468633772805333
0 0.7022150436416268 0.7450551815330982
0 0.6780489303171635 0.7608804626390337
0 0.6618614305742085 0.7750262459740043
0 0.6443396594375372 0.6699029816314578
0 0.6436071628704667 0.7970914099365473
0 0.6560370595194399 0.799879178404808
0 0.6502290384843945 0.794639403000474
0 0.650397714227438 0.6570997843518853
0 0.6758465787395835 0.778685899451375
0 0.6913715694099665 0.7697590041905642
0 0.7112347261048854 0.7615219889208674
0 0.7042511504143476 0.8281191248446703
0 0.718076523207128 0.8151401795446873
0 0.7167130805552006 0.8016540033742785
0 0.7159231432713569 0.7888487357646227
0 0.7161353014409542 0.7795082345604897
0 0.6786927368491888 0.7892490915954113
0 0.6744819598272442 0.7945705760270357
0 0.6696479608304798 0.8021115003153682
0 0.6658511098474265 0.8106272280216217
0 0.601628800900653 0.7402166821062565
0 0.3584389212075621 0.6571701755747199
0 0.7072398320771753 0.6638655310496688
0 0.6657791619189084 0.7921861078590154
0 0.6610633378848434 0.7955839335918427
0 0.670810576621443 0.6765850409865379
0 0.6249490849673748 0.6800638396292925
0 0.665795864816755 0.6728396758437156
0 0.5639175588265062 0.5874143600463867
0 0.5232627838850021 0.6156342932954431
0 0.6032983653247357 0.6537815513089299
0 0.3734603940043598 0.34017236698418857
0 0.40280785602517427 0.3700441705994308
0 0.44038557293824854 0.39659481970593335
0 0.6322351948358118 0.8179044842720031
0 0.5620330916251988 0.3800060008652508
0 0.536862353887409 0.3314680552110076
0 0.5108905239962042 0.27639398546889427
0 0.46766265979968014 0.5424642044119536
0 0.4041761605534703 0.5811748452484607
0 0.5744577931240201 0.5167042833752931
0 0.4173560016322881 0.5020628400146961
0 0.6051701093092561 0.5442899364978075
0 0.6283529473468661 0.6442994395270943
0 0.37569724922068415 0.6024173060432076
0 0.42884849715046586 0.5951846769079566
0 0.4671069943811744 0.596912482380867
0 0.5181488741189242 0.5829757563769817
0 0.5538220293819904 0.5659955991432071
0 0.5799363828264177 0.5483025122433901
0 0.6365643428638578 0.5017703483812511
0 0.39451908217743037 0.658293628692627
0 0.39295246014371515 0.5012328216806055
0 0.6935226360335947 0.661400043964386
0 0.6000836848281323 0.5937235299497843
0 0.32545654005371033 0.5443810310214758
0 0.5986143787391484 0.5295054563321173
0 0.5991831398569047 0.6543092094361782
0 0.4389346949290484 0.5216683828271925
0 0.6210365879815072 0.6255548549816012
0 0.383630812028423 0.7181463193148374
0 0.5730292640626431 0.5076095763593912
0 0.6416793504729867 0.6056818485260009
0 0.508364622388035 0.839333918876946
0 0.5124662424437701 0.8608806721866131
0 0.3648384836036712 0.6620580408722162
0 0.4629537953063846 0.81090382412076
0 0.34081726595759393 0.4953117236495018
0 0.6454620079137385 0.8934529453516007
0 0.6958900169469416 0.6657027419656515
0 0.5791270568501204 0.6185629822313785
0 0.368224153155461 0.5534832142293453
0 0.49068072335794566 0.5274418893270194
0 0.5125060000456869 0.5263537008315324
0 0.65125861922279 0.8049453221261501
0 0.4135453295893967 0.7082641277462244
0 0.702596308849752 0.9124113259837031
0 0.6092068978119641 0.8975484723225235
0 0.5656829688698053 0.8838596338406205
0 0.6159228546544909 0.31482108309865
0 0.7597865213640034 0.903300815448165
0 0.5335034638643265 0.5225177012383938
0 0.5527451433707029 0.5165427746251225
0 0.5658019476104528 0.5119026128202677
0 0.3688154788687825 0.5007573818787933
0 0.5464080600067973 0.4859206143766642
0 0.5224634169135243 0.47919480204582215
0 0.49933337336406114 0.4814541762694716
0 0.47759864912368355 0.49117575623095033
0 0.46511001787148415 0.502424411661923
0 0.3173887855373323 0.4854964267462492
0 0.47548804585821924 0.5260959677398205
0 0.710948032233864 0.6898791365325451
0 0.6238341469317674 0.7205202518031001
0 0.637111343163997 0.6633715042844415
0 0.6742607836611569 0.7007789183408022
0 0.6504004980437458 0.44831569083034994
0 0.5555449764244258 0.8628058031201362
0 0.5988554729148745 0.8783440444618463
0 0.6990953657776118 0.9004502009600401
0 0.46648845784366133 0.828637995570898
0 0.5643041172064841 0.49881131760776043
0 0.6296833762899041 0.5506060535088182
0 0.757045560143888 0.8902160992845893
0 0.6539783293381334 0.9085485961288213
0 0.3881741766817868 0.7171605201438069
0 0.6955719953402877 0.7847966857254505
0 0.6923108525574208 0.7925514981150628
0 0.6898519585840404 0.8032287884503603
0 0.6890098737552762 0.8153659835457802
0 0.665209106914699 0.826354467496276
0 0.6575906642712652 0.7871713083237409
0 0.6507880758494139 0.7871294876560568
0 0.6445205682888627 0.7864873632788658
0 0.5862882870715111 0.764213970117271
0 0.4584872992709279 0.7182511700317263
0 0.620787475630641 0.5210988810285926
0 0.5878200329840183 0.47554780058562757
0 0.5721568121109157 0.4849142499268055
0 0.6633666910231113 0.7866160918027163
0 0.4699438796378672 0.7772475721314549
0 0.6130208045709878 0.4650987986475229
0 0.6547637576237321 0.8479764427989721
0 0.6804619893431664 0.5513899494893849
0 0.6471569599583745 0.5331199766136706
0 0.6716003962792456 0.5220213971100748
0 0.6208555222954601 0.5980975853279233
0 0.7526675188913942 0.8683001831173897
0 0.7460944580845534 0.8423086151480674
0 0.7016708663664758 0.8514903910458088
0 0.5794785430654883 0.818928193487227
0 0.580146933440119 0.6794430166482925
0 0.6142303531523794 0.8370175875723362
0 0.516173658426851 0.687354714050889
0 0.5625082028098405 0.7105925589799881
0 0.5036758131347596 0.7325603254139423
0 0.6992458486929536 0.8784461347386241
0 0.606881587812677 0.6163613932207227
0 0.5592103803064674 0.8385402003303171
0 0.6023468490689993 0.8559410026296973
0 0.5502611362375319 0.7940441600978374
0 0.43279279237613083 0.749315644800663
0 0.5138684820849448 0.801222500577569
0 0.4182539980392903 0.7669902827590704
0 0.5509709701873362 0.7482583042234182
0 0.6150277792941778 0.5716343961656094
0 0.6411411721259356 0.6548872455954552
0 0.6246237117331475 0.663922488130629
0 0.6492370588704943 0.6347214944660664
0 0.5603109483607114 0.4484793389216065
0 0.5131791738793254 0.4359828495420516
0 0.4745366080198437 0.440262152813375
0 0.4437879845965654 0.45395805342122914
0 0.42411275510676205 0.4748034249059856
0 0.4197269309312105 0.5315161609090865
0 0.34771028920076785 0.6068306516855955
0 0.4497711704112589 0.5645520269870759
0 0.47918760050088166 0.5662159282714129
0 0.5149157263338566 0.5601177019998431
0 0.5473174661397934 0.5491092048585415
0 0.5715738182421773 0.5363293793052435
0 0.5879541070666164 0.5239214080385863
0 0.3407034039497375 0.5998408032581211
0 0.6256656039971858 0.6699890613555908
0 0.6375939236022532 0.5768491435796023
0 0.6618802899494767 0.6524094745516777
0 0.6774795810692013 0.6608353039249778
0 0.6619521986693144 0.6562828321009875
0 0.633920540753752 0.6753594055771828
0 0.6841257660649717 0.6620237654075026
0 0.6864642893895507 0.6664230788126588
0 0.5825360359624028 0.50549634443596
0 0.5988461216446013 0.5054864298552275
0 0.6098290415480733 0.5048987091518938
0 0.45846040211617944 0.5108264782465994
0 0.4343598653096706 0.5014292499981821
0 0.7038484380580485 0.549063565582037
0 0.8417827328667045 0.4206499619409442
0 0.730684740934521 0.6507241798564791
0 0.8913474451750517 0.29731287667527795
0 0.7779518637806178 0.46504027731716635
0 0.8022835161536932 0.4613400913774967
0 0.8253223799169064 0.45457802526652813
0 0.8524332219734788 0.42673470806330444
0 0.7566348100081086 0.46487382277846334
0 0.7899370555765927 0.3692820820957422
0 0.763002730999142 0.3821508398279548
0 0.8175912123173475 0.3662851872853935
0 0.8379461634904146 0.3734635507687926
0 0.874183845333755 0.4401506310328841
0 0.837642609886825 0.820156037248671
0 0.8480982318520546 0.40768859144300224
0 0.9322052818723023 0.4068003738299012
0 0.8935280751436949 0.40858999015763403
0 0.8205932249315083 0.5791612882167101
0 0.7551710715517401 0.716757127828896
0 0.7581930413842202 0.7411195300519466
0 0.7854835768230259 0.7211203254759312
0 0.8052407916635275 0.7286243058741093
0 0.7788306479342282 0.7396838251501322
0 0.794787875097245 0.7410830922424794
0 0.8401816856116057 0.7442418178543448
0 0.7272997771389782 0.6397137043997645
0 0.7255286034196615 0.6134052839130163
0 0.8574862798675895 0.33617338640615346
0 0.7509131656959653 0.52522208141163
0 0.7792027775198221 0.6139013350009919
0 0.7766079862602056 0.5982999715954065
0 0.8935401514172554 0.5528902256861329
0 0.7147429619915784 0.5791961157694459
0 0.7943069022148848 0.3227927050553262
0 0.8295717382803559 0.322075588721782
0 0.8622288442216813 0.25884658079594375
0 0.6952808316797018 0.382583262771368
0 0.7434832383878529 0.4036057164892554
0 0.8530809885822237 0.7166672755032778
0 0.9517546907067299 0.6461323717609048
0 0.7632418255321681 0.6340749993920326
0 0.7457019007764757 0.6475693648681045
0 0.826037350203842 0.7444259852170945
0 0.8189873158000409 0.7457463037222624
0 0.8353444322943687 0.29963532695546746
0 0.7812192015349865 0.6247332099825144
0 0.7509099505841732 0.3397097402252257
0 0.7473534096032382 0.3163551056757569
0 0.755780060775578 0.2277042156085372
0 0.8588735221885144 0.28459621919319034
0 0.7582916904240846 0.2763477941043675
0 0.8664438165724277 0.3187848450616002
0 0.8870764436200261 0.31490759989246725
0 0.7579094057902693 0.7293496575206518
0 0.782813896983862 0.7307722043246031
0 0.8006189508363605 0.7347142968326807
0 0.758172182366252 0.6403089933097362
0 0.8224153699353337 0.7451598942279816
0 0.8158750483766198 0.7533986577764153
0 0.8157353478483855 0.7462829332798719
0 0.7521098930388689 0.6301012998446822
0 0.7894975262694061 0.7451206039637327
0 0.774832617212087 0.7454552613198757
0 0.7567965850234032 0.7484791854396462
0 0.773594171833247 0.8097064832225442
0 0.77937992233783 0.7976516872644425
0 0.77460246225819 0.7850213855504989
0 0.7684236055240035 0.773654169216752
0 0.7620821503922344 0.7662714181467891
0 0.7926583340391516 0.7558394389227032
0 0.7998636740259826 0.7581106830388308
0 0.8081010648980737 0.7620617469772697
0 0.8152889570221304 0.7674537606537342
0 0.8190397770144046 0.683617078140378
0 0.946866936609149 0.5124545628204942
0 0.802675171662122 0.7519599163904787
0 0.8092895584180951 0.752351576834917
0 0.7398510246537626 0.6598712662234902
0 0.7760155823081731 0.6420103445649147
0 0.7427715616300702 0.653965856693685
0 0.7809184709563851 0.533082480635494
0 0.8282619331032037 0.5394734285771847
0 0.7822036138735712 0.6084594033658505
0 0.8208237327635288 0.2337834638543427
0 0.8189566154032946 0.26975584011524917
0 0.7953772207722067 0.2984024453908205
0 0.8246775539591908 0.7665740543976426
0 0.6908553871326149 0.34327993243932725
0 0.6928900823928416 0.2945277076214552
0 0.6840471134521067 0.23562872605398297
0 0.8442075937055051 0.4427417181432247
0 0.9040694857016206 0.45260667996481063
0 0.7421651209704578 0.4628782086074352
0 0.8617012130096555 0.3792999262921512
0 0.7295950140804053 0.5131164473481477
0 0.7646398894488812 0.6090672062709928
0 0.9332450568675995 0.46533187180757524
0 0.8935885741375387 0.47931971196085216
0 0.8657501365989446 0.5001966904848814
0 0.818462272360921 0.5085206596180797
0 0.7818745354190468 0.5061387218534946
0 0.7537301525473594 0.5012262426316738
0 0.6882158587686718 0.48884691093117
0 0.9433150222525001 0.5219951499253511
0 0.8764105847105383 0.3689681510441005
0 0.7208704553544522 0.654287631995976
0 0.7557181894779206 0.5544987801462412
0 0.9273121953941882 0.3985236082226038
0 0.7307802140712738 0.4932989487424493
0 0.7831198815256357 0.607969563268125
0 0.8570214217528701 0.40498704072088004
0 0.760067333932966 0.590276200324297
0 0.9536544296890497 0.5762233978137374
0 0.7405977931804955 0.45294205043464897
0 0.7379569317214191 0.5815243629738689
0 0.9237714555114508 0.730801372975111
0 0.923624187707901 0.7526903748512268
0 0.9580617206171155 0.515486101154238
0 0.9451036438345909 0.6867387678474188
0 0.9093268992379308 0.3573681375943124
0 0.8471235824748874 0.8397041399031877
0 0.7177701073698699 0.6601819997653365
0 0.7831061976961792 0.5673941301181913
0 0.9149045692756772 0.406453915592283
0 0.8201684772968292 0.4390265798196197
0 0.7996297942474484 0.4458663983270526
0 0.822242459654808 0.7553495068103075
0 0.9476830652914942 0.5740208426490426
0 0.810934597812593 0.8839010864496231
0 0.8719907862134277 0.8273003783077002
0 0.8959919878281652 0.7956448933109641
0 0.7790336704812943 0.44880451876670124
0 0.7593460902571678 0.4505173718556762
0 0.7467691218480468 0.45296949381008744
0 0.8901608336716891 0.3565625261515379
0 0.7578531805425882 0.42522184886038306
0 0.7760146412998438 0.40900081265717747
0 0.7966129607520998 0.4002594189718366
0 0.8184242791496217 0.39781031049787996
0 0.8330076733604074 0.4010247509926558
0 0.9122290473431349 0.34163461811840534
0 0.8333358500152827 0.43014819929376247
0 0.7942927870899439 0.6768426820635796
0 0.7628923585638404 0.6300491735339164
0 0.7471679525449872 0.6822208015248179
0 0.8985928956419229 0.7720959467813373
0 0.8734570340253413 0.8051252108067274
0 0.8096930157393217 0.8710449807345867
0 0.9412138290703297 0.7058056797832251
0 0.7457686339505016 0.44303710823878645
0 0.717287762183696 0.5286853525787591
0 0.8457932711578906 0.8575819462537766
0 0.9620360692963004 0.5738013416528702
0 0.7792842531576752 0.7604411846026778
0 0.7871016014367342 0.7651468608528376
0 0.7947873261757195 0.7729425737634301
0 0.8015120069496333 0.7830346047878265
0 0.8032718885689973 0.7894470151513815
0 0.8076481654308736 0.7432829789817333
0 0.8137213547714055 0.7398024780675769
0 0.8187759418040514 0.735972597450018
0 0.8392076243646442 0.6977314844727516
0 0.920787674933672 0.6007899345830083
0 0.7082136972807348 0.4993139707483351
0 0.7133261171169579 0.4358006834983826
0 0.730960495583713 0.4349679047241807
0 0.801789722032845 0.7457263365387916
0 0.9312852501869202 0.6582449529320001
0 0.6875606817193329 0.442509404104203
0 0.8207162225618958 0.8033642800524831
0 0.6969628056511283 0.5207335827872157
0 0.745247236918658 0.5668947204947472
0 0.7863259361125529 0.828656766563654
0 0.865614004060626 0.7435224931687117
0 0.8100752219557762 0.6215308234095573
0 0.8464458212256432 0.7751986814662815
0 0.8664598137140274 0.5983654860407114
0 0.8385242562741041 0.6402009680867196
0 0.8931748833507299 0.6324746802449226
0 0.8013134541921317 0.8511607484892011
0 0.7616018440574408 0.5772533180192113
0 0.888683607429266 0.7514416437596083
0 0.863320374675095 0.7863170441240073
0 0.8791104160249233 0.7081674203276634
0 0.9477324290201068 0.6185762323439121
0 0.9087484927847982 0.6981628952547908
0 0.9595578454434872 0.6301775339990854
0 0.8619773205369711 0.667784021794796
0 0.7359726196154952 0.5412025222554803
0 0.7592381879687309 0.6236124712973833
0 0.773443884961307 0.6250647388398647
0 0.7466205209493637 0.6097169218584895
0 0.7245935548096896 0.4004042040556669
0 0.7581314445473254 0.3678722563199699
0 0.7919389331713319 0.3530636913143098
0 0.8222450474277139 0.35042530866339805
0 0.8458004855550826 0.3583196152932942
0 0.871973573602736 0.40753400679677726
0 0.9486140754073858 0.45992734413594005
0 0.8652510493062436 0.4573249392211437
0 0.8423524742014706 0.47418809980154036
0 0.8101994350552559 0.48245216738432645
0 0.7786602470092475 0.483853504806757
0 0.7536787891760468 0.4821003952994943
0 0.7353868811391294 0.47879987508058547
0 0.9362445993348956 0.4546095862984657
0 0.7733264941722154 0.631802006997168
0 0.7255118613131344 0.5548508742824196
0 0.7440074976533652 0.6308632273226976
0 0.7323651857674122 0.6464528128504753
0 0.7437500926665962 0.6345944222062826
0 0.7679314581677318 0.6410504475235939
0 0.728421263024211 0.6504930390045047
0 0.7255684394389391 0.6562070120126009
0 0.7315954801626503 0.4567324107512832
0 0.7183063252829015 0.46761811431497335
0 0.7097818876616657 0.4764302672818303
0 0.8416424442082644 0.4044887352734804
0 0.8517996881157159 0.38511244701221586
0 0.533672453276813 0.5004401152953506
0 0.5621468556113541 0.4958012877032161
0 0.5268149334937334 0.4753431369550526
0 0.503824335616082 0.5055118719115853
0 0.5400346105918288 0.5252847894094884
0 0.8013355678878724 0.4210631768219173
0 0.8259011000394821 0.4148221897892654
0 0.7936285920441151 0.39772390872240065
0 0.776742511242628 0.42723858039826157
0 0.8089841620065272 0.4443269928917289
