0 0.5333633502216443 0.46369013535803644
0 0.5586021913863395 0.42327177740525507
0 0.5542979065490805 0.43411540164463763
0 0.5664217749448575 0.37883746839951776
0 0.5649501233078216 0.41103174591409986
0 0.5744699945511378 0.39462725969328394
0 0.5981098176182612 0.3546829957892929
0 0.48148614901077486 0.3224703030309815
0 0.6117766909301281 0.32888017422047217
0 0.6193925505099089 0.313785078300946
0 0.6513984169325103 0.25195683301358984
0 0.5309709185815376 0.46753116621487384
0 0.5290033016353846 0.4713292363761128
0 0.52819835184061 0.4739814007627791
0 0.5280853277477233 0.474191723526388
0 0.5257495328703005 0.47801785970079724
0 0.5229996488956006 0.48273944941119873
0 0.5202359370077434 0.4880403807197792
0 0.5168277851265409 0.5079171497752701
0 0.5559820434807435 0.4292122937630916
0 0.5389963307053499 0.42394312136415124
0 0.44280944473069644 0.26162150005499524
0 0.523829121021149 0.34314479927221936
0 0.5058175548101249 0.340140578755434
0 0.4893297716246351 0.33588604197122046
0 0.47186090813382814 0.3250136500683384
0 0.5402726143517572 0.3442334897708202
0 0.512495735336257 0.3085287941106852
0 0.5318835920289807 0.31439095951508783
0 0.4938111535233 0.30614570647046185
0 0.48067943759910436 0.3074399558962255
0 0.4522746123130555 0.3282250543867332
0 0.4389092716914804 0.5119585325752479
0 0.47700242868260195 0.31845321948977484
0 0.40651849977186194 0.31011872144712915
0 0.4366888081573922 0.31642431754996814
0 0.47922270514232956 0.3888084858224012
0 0.5137034250504297 0.4556433631890062
0 0.5106165110255065 0.465680926606275
0 0.49143381254828494 0.4540515278560528
0 0.475252831314245 0.45413067893705505
0 0.494296549131041 0.46177413757296576
0 0.4803277066220408 0.4591941077640091
0 0.4454399752633079 0.46533394205397455
0 0.5434389570323022 0.41901852082515106
0 0.5471252884877764 0.40672479461932526
0 0.4592980541612791 0.2946203366137933
0 0.5326140238701002 0.3673540498467459
0 0.5040216409479794 0.4033902568229731
0 0.5069582407241282 0.3964717383833899
0 0.42936098073487694 0.3746290928211765
0 0.5570163152626028 0.39172742505004443
0 0.5056654321758643 0.2955066317665404
0 0.4795575526583454 0.29191979528337286
0 0.467913950914922 0.24501182419666345
0 0.5759260722476504 0.3260803309039793
0 0.5472957132303197 0.3227208537468012
0 0.43686467364592396 0.4505221774612648
0 0.3616724884056527 0.42544219113778375
0 0.5140891256134795 0.41353747464608454
0 0.5269256070175249 0.420896604873132
0 0.4538427787306516 0.45493031411931134
0 0.45812188647687435 0.45589566187582153
0 0.4746877576184014 0.2821909457013227
0 0.5006987637961688 0.407942416443341
0 0.5378930908425347 0.30681104331776715
0 0.5399027527512416 0.2963090981694235
0 0.5474977067712209 0.23422110685403796
0 0.4713668135683174 0.2609357045612473
0 0.545135347334587 0.26089333472908405
0 0.452589505230603 0.2865742045468178
0 0.44714947636036767 0.2728666898565016
0 0.5112409184727332 0.4610660369845404
0 0.4925517689274705 0.45811275381972827
0 0.4775623734230581 0.4566268061382183
0 0.5172694988710724 0.4166705280110456
0 0.4560566478935273 0.45542663940484973
0 0.46434153215554747 0.45935447794803674
0 0.46030356326018984 0.4564258879509525
0 0.5247456139034551 0.41275694404823193
0 0.48266521634776954 0.46115198299504706
0 0.49610452928944776 0.464377432629682
0 0.5111881790925628 0.4687356905660767
0 0.4934309248852989 0.5012638551601465
0 0.5003117069440044 0.48160895532456
0 0.5033606136946575 0.4763226971246194
0 0.5069486687526755 0.4721085852470951
0 0.5110148858764897 0.4689091089842976
0 0.4824201801143911 0.461173377175262
0 0.47839996769376425 0.46212323938590893
0 0.47400425026274245 0.46369464069172955
0 0.469866383658803 0.46617855671523273
0 0.4675786513025346 0.4358402304891227
0 0.3783947225336147 0.3616443272086157
0 0.5552174549792772 0.43161257799120917
0 0.47199759713333583 0.4589564329472141
0 0.4682400682941079 0.4590545162774514
0 0.5304667375900823 0.427130829596865
0 0.5039046571144591 0.41655417715293774
0 0.5287477580587501 0.4240756963474163
0 0.5105736398178599 0.3696831965792006
0 0.47768306756473106 0.37088481585184735
0 0.5013579203058844 0.4007195787153382
0 0.501470913219711 0.23505256249420886
0 0.5030561969413058 0.25614094626212464
0 0.5053461897794319 0.2846154799495918
0 0.4567987251135966 0.4775395557500314
0 0.5778291641289125 0.310050796771395
0 0.5877317895140984 0.26972308711729187
0 0.5956448634843463 0.24000663234703784
0 0.4769475535368142 0.3307934761911199
0 0.42924393454323645 0.3314930215693902
0 0.5513645649847129 0.3442242698393006
0 0.4609192873391768 0.30804749891377875
0 0.5491049405511307 0.36287564967853436
0 0.5171840682463802 0.40256033988966455
0 0.40533910505473614 0.33515471306400024
0 0.43612046066023735 0.34246561406315235
0 0.4552806010874717 0.3520925273929817
0 0.48918011213612295 0.35829965856628143
0 0.5165239451858012 0.35949282110601233
0 0.5375992282010291 0.35877300172612286
0 0.5797223410690608 0.35340040360671887
0 0.39350372091259644 0.3604482965192933
0 0.4476003723381006 0.3037941069274709
0 0.546808072730251 0.426427086626274
0 0.5259015463778506 0.37949930930483167
0 0.40524609791843785 0.3079230359930923
0 0.5542992628381952 0.35655606980772986
0 0.5003191899184299 0.40076024981512537
0 0.46891730865868536 0.31759457182193146
0 0.5212075388787881 0.394294751295145
0 0.3674762989596828 0.3921366225982058
0 0.553682899588476 0.34044353167215985
0 0.5395301318039065 0.39177011493323505
0 0.3786665571691549 0.46337353103402734
0 0.3745717644367529 0.4777587168458579
0 0.3781996195649971 0.3600620072388995
0 0.36705131278089853 0.4413957008417102
0 0.42797973278262047 0.2895041609155959
0 0.42767495747007755 0.524137114269146
0 0.5478075798600912 0.42924331409343774
0 0.5052568773617563 0.3842744460140449
0 0.42154353294197633 0.3142207416071408
0 0.4955337186465445 0.3294872494711392
0 0.5095541780895513 0.33337649724621704
0 0.4605671666238619 0.46024532767309656
0 0.3828521589141177 0.3853977020236029
0 0.4518295156405024 0.5500262388284656
0 0.40776608309344103 0.5190318572348442
0 0.39147781471357396 0.5012871696465258
0 0.6361910797979521 0.2814250759024551
0 0.48894622241673263 0.5621373636135156
0 0.5245827656725178 0.3359177024036214
0 0.5395838377349402 0.33795444559359894
0 0.5490625058503255 0.3398198383873787
0 0.4374048820413325 0.29797292036422784
0 0.5412498284536211 0.32836043597131537
0 0.5276493041816613 0.3215695809626925
0 0.5127881949200578 0.31737398280613666
0 0.49721732553418563 0.3156638763089111
0 0.4872298619264494 0.31633518333884253
0 0.42345792723252723 0.2814219246308009
0 0.4868915223557016 0.32575035829474963
0 0.5490098132387452 0.444445565558862
0 0.48812780326799204 0.43326529687729437
0 0.5151278404114039 0.4118036843728328
0 0.5234072527483754 0.4384027313495028
0 0.605617517038532 0.3412505034087361
0 0.39332179109687393 0.4858466278815615
0 0.40922061742647836 0.5049543143182561
0 0.45537568163126707 0.5408684956854668
0 0.3648560263378465 0.45419727417006006
0 0.5500492139759919 0.3357938672753348
0 0.5573884685240362 0.3695717818927074
0 0.4933624556693046 0.5531183749005415
0 0.4266021795489866 0.5356139963951664
0 0.3685498095886863 0.38780069437579834
0 0.49582126752837846 0.4644199255583943
0 0.49115522764623165 0.4664556470470152
0 0.4871569496943899 0.46956996511721955
0 0.4832880648419909 0.4740280051162277
0 0.47206126477407373 0.48982257255609485
0 0.4685534334377102 0.4573311892108641
0 0.465384674380007 0.4557908328546994
0 0.46295640241030767 0.45427800088688947
0 0.44925814737444336 0.44157345225845557
0 0.4007573889406479 0.3972333859706271
0 0.5652188556268811 0.35737101820068085
0 0.5693909724283478 0.3368607327557992
0 0.558564059395829 0.3345738943072333
0 0.47206126477407373 0.4589041907718216
0 0.3826276540918195 0.42574934164683026
0 0.5827728379517794 0.3412777077460635
0 0.4553427565437944 0.5005309875460638
0 0.5827799311879537 0.3808401507743891
0 0.5726232432314883 0.36651571310948633
0 0.5903717984809823 0.3680432058762813
0 0.5338200922731472 0.38514894851739856
0 0.5002706597113739 0.5396025707756263
0 0.5090531617726969 0.5228919926760853
0 0.4799825232475996 0.5142983517785004
0 0.42574812273454404 0.46696462665779004
0 0.4810467269271612 0.4070574753526328
0 0.43798478138025687 0.4850902488266212
0 0.4434768013332201 0.3961228335249251
0 0.4587532156754447 0.4156061367712159
0 0.41763330465587584 0.4117821670960689
0 0.4651854401859252 0.5285595301268757
0 0.5194034561028947 0.38868216414382495
0 0.4059277812990805 0.4731104434400365
0 0.4215422546005119 0.4934382628703463
0 0.418883241996493 0.44807959725891333
0 0.3758089651313165 0.4071489607078442
0 0.3965128120034933 0.4445949555307195
0 0.3633189610327068 0.4145771727181863
0 0.43617175021411286 0.42781704361887946
0 0.542169174219927 0.3744348957054857
0 0.5200421903282404 0.4094108351762744
0 0.5075013799511868 0.40885963344919507
0 0.5313359318382066 0.40396036617997766
0 0.5599323836276713 0.3259064939574919
0 0.5343620155168616 0.3122452881889067
0 0.5096898070010154 0.3041181462830391
0 0.48790348552005447 0.3008174846569697
0 0.4713223989971954 0.30205183530199353
0 0.45441028439318354 0.317400817853817
0 0.39008892789159133 0.33413576907005865
0 0.4589726539004756 0.3354701110418292
0 0.47431607204286946 0.34286264967227326
0 0.4975468102518631 0.34832047984219977
0 0.5210771948180121 0.3508223679618559
0 0.5402989918366075 0.3514543456443842
0 0.5538570969972921 0.3510048709053924
0 0.39151491779510095 0.3343105661696282
0 0.5062744215778683 0.4117420376210973
0 0.5501418157845087 0.3807492316633031
0 0.5317744497290772 0.41379533729691437
0 0.5387074567134613 0.4219084585058516
0 0.531334294937551 0.4155285613260407
0 0.5097810681099477 0.4164264029350834
0 0.5415220995960028 0.42409979865170905
0 0.5422787997952622 0.4268346346806789
0 0.5590176991308513 0.3426642918932265
0 0.5658695314322477 0.3476283941147984
0 0.5689613561591377 0.3510605597841567
0 0.4814810356449174 0.3174164018769195
0 0.4711663945699516 0.31076273797214893
0 0.5978761305627616 0.38641273154728656
0 0.7275610036500122 0.38206006219421607
0 0.5756319134050737 0.43292503339656885
0 0.8208699532501076 0.3511359933493794
0 0.6732329256508661 0.3778706681037295
0 0.6901436060181131 0.3837415118148361
0 0.707293055627657 0.38810860808344855
0 0.7333274461005045 0.3879702968010004
0 0.6595438840272634 0.37125779839529505
0 0.7166350191540044 0.35556340692699817
0 0.6957531554381484 0.3510357927584994
0 0.7335558327157861 0.36248694770578027
0 0.742704797860073 0.36977402952270233
0 0.7455630446581737 0.39862472164458124
0 0.5765350772391843 0.546613780916601
0 0.7363344170153141 0.38094739248787146
0 0.8050208263423132 0.4060522935528686
0 0.7710024139479451 0.3960045131220334
0 0.6612658411588358 0.4332004003766654
0 0.5562751734143366 0.46739374122757843
0 0.5490511566724466 0.4764001494732456
0 0.5753036446707405 0.47776277903197467
0 0.5873967237446619 0.4858300837053769
0 0.5658655561020841 0.4819818640100783
0 0.5790265491637199 0.48708869668020716
0 0.6150604695405649 0.5077808572762255
0 0.5746648948558647 0.42667027616846387
0 0.5833584742377633 0.4155590400315713
0 0.7703916161604549 0.3685894468124362
0 0.6401647574713697 0.3932425712329754
0 0.6240299368358176 0.43318545645561773
0 0.6291227245136447 0.4266903409059497
0 0.7163672222067481 0.4444009553695071
0 0.5911615328944247 0.399966252454813
0 0.7316752365263908 0.3470714807078458
0 0.755729382533742 0.35686467285605444
0 0.8136698352577894 0.3264256782721782
0 0.6476473265691943 0.3372865483380746
0 0.6755488750565312 0.3507374805816706
0 0.6357247034168761 0.500254931225293
0 0.7330253210080706 0.517235927823661
0 0.6064100887464441 0.4365908978641897
0 0.5892417758055355 0.4365524178829746
0 0.6020505078460859 0.4968150474023128
0 0.5979389251898164 0.49544852799263556
0 0.7691001171327155 0.3518237337686013
0 0.6228029161043789 0.438485919997312
0 0.6964063879264437 0.33997118559436523
0 0.7038360461592674 0.3315062544484069
0 0.7531092502176762 0.28235701525556867
0 0.794257783614423 0.33642739597438037
0 0.7296934954660095 0.30349988155606866
0 0.7846130090563194 0.3654555440812871
0 0.8046620800767256 0.3572810838619868
0 0.5525875480278678 0.47252625183782715
0 0.5704052428431485 0.48013137820838153
0 0.5832480535963955 0.48652887819469837
0 0.6010062899440527 0.4376720302346824
0 0.5999144304381765 0.4961241803307464
0 0.5907126635555988 0.4949024963206139
0 0.5956325165765441 0.4946882344674373
0 0.597596890900446 0.4306784229002137
0 0.5759562691673636 0.4873312461203423
0 0.5625895566671438 0.4829441589721735
0 0.5466142636926278 0.4785653685314068
0 0.542186120039095 0.5134373898955359
0 0.5423387103592572 0.49334488182828046
0 0.5446372306703225 0.48773756320925726
0 0.546235313396091 0.4829459069431692
0 0.5468749362246498 0.4788386674894803
0 0.5761933079718248 0.4876502138980921
0 0.578439774842042 0.49019629367883655
0 0.5800809158498178 0.49340318035388336
0 0.5808882040741004 0.4971865774064824
0 0.6237239455399306 0.474811514650566
0 0.781540063250324 0.46001294600790826
0 0.5858368197779941 0.49114472796951514
0 0.5882387610314332 0.4928661839685578
0 0.5802546767517924 0.4397851302140001
0 0.6125512411412986 0.4439436270706896
0 0.5845969376842612 0.4381947720396346
0 0.6553906149676313 0.4046877436879752
0 0.6806221134636713 0.4200622072254402
0 0.6299209396314361 0.432708358851032
0 0.7929154938977697 0.3033898824798888
0 0.7709757246724938 0.3182848849590274
0 0.7420125603675842 0.33939694019331446
0 0.5942973356855952 0.511904148519903
0 0.6602468471164289 0.3239443842051686
0 0.685931034386158 0.29248121402401855
0 0.7073224263022775 0.2661315483459528
0 0.7226495845648258 0.3899729053179423
0 0.7622101060722185 0.4113196195035741
0 0.6510211503052193 0.3662148528340934
0 0.7574932131430377 0.37897038805312006
0 0.6313323221452858 0.38251507627791254
0 0.6134688097011783 0.42623444052710047
0 0.7777792450202548 0.42531490930612537
0 0.7444057403051335 0.4165117334628451
0 0.7184003463581853 0.4154651419839997
0 0.6847923127529414 0.40532100157461304
0 0.6622140275557404 0.3941592958526335
0 0.6463903115819329 0.38444870148879895
0 0.6144856523884379 0.36162399165872217
0 0.7620961154284684 0.4502811051797176
0 0.7728999403669782 0.38108119843662647
0 0.565912262334124 0.43111017173615057
0 0.6326905755407136 0.40545315802961157
0 0.810901384152796 0.40540495342102606
0 0.635034399026114 0.37527672838473664
0 0.631444005538588 0.4333970101847165
0 0.7435413320427355 0.38343012678450433
0 0.619102086385955 0.41832886009976483
0 0.7611138191398071 0.4888062382089919
0 0.6536551573030327 0.3623605644789295
0 0.605991603401692 0.40795418447342474
0 0.6754337619666172 0.5377199813939523
0 0.6680695174018974 0.5512638515320377
0 0.7793304656186829 0.4578944297804349
0 0.7076891855863126 0.5261489057886428
0 0.8061283377363629 0.3795729456604391
0 0.573960419582284 0.5612481633822123
0 0.5632589554981046 0.43301531240560004
0 0.6445746925538001 0.4183145562807719
0 0.7868211100930753 0.40154006645299384
0 0.7081640114926774 0.3807244153990262
0 0.6931855286593023 0.37702122805775073
0 0.5928159094132159 0.4973211219345314
0 0.7470196056301179 0.4745557200217593
0 0.5297732685247193 0.5698939479779506
0 0.5977458644496358 0.5668734294780786
0 0.6298054212137408 0.5612614578095035
0 0.6793874850415665 0.372003344953924
0 0.6662355650864218 0.36665977300077246
0 0.6574367407871329 0.36388340419617254
0 0.7881011664057556 0.3809441427389781
0 0.6754941558060439 0.35890020969985187
0 0.6928723350005306 0.35983005641163257
0 0.7082891642399456 0.36355079732079437
0 0.7219470891615619 0.3694206808788189
0 0.7293759679178828 0.3747091548166413
0 0.8196405317310406 0.375810450401859
0 0.719134363791217 0.38196554866389953
0 0.6091717116372741 0.4635947601518769
0 0.6068576641542756 0.43462615384571796
0 0.5752953822198121 0.45152684225552325
0 0.6406936790470196 0.5482768399128015
0 0.608365140531374 0.555439975814543
0 0.5352783525038672 0.561188929322837
0 0.7009596531481846 0.5377615387888922
0 0.6609425143055294 0.3606342215468918
0 0.6162347976604233 0.38367915110311646
0 0.5650107354006689 0.5705551980198293
0 0.7602993909107603 0.48398444790771045
0 0.5630616544057494 0.48326128030168836
0 0.5644214199855924 0.4868833716364874
0 0.5643336665209221 0.491066413945046
0 0.5632110956408407 0.4962990266689356
0 0.5702512962338717 0.5142156801361969
0 0.5891129127501146 0.49133806340936304
0 0.5927518052656365 0.4917188995126365
0 0.5961866620118204 0.49187498593675916
0 0.6334441422444322 0.4875859082608983
0 0.7188268759004448 0.4750922486401986
0 0.6230287772157918 0.37114290007646533
0 0.643581920100943 0.3520239872345026
0 0.654997197587205 0.35527638270371203
0 0.5854803495837942 0.4908744079479273
0 0.7074953765486893 0.5059879314208376
0 0.6265731504106004 0.34906880838283594
0 0.5742653819691875 0.530325522457344
0 0.6062121640728868 0.3745321912178095
0 0.6193593136318352 0.4060472465943599
0 0.5408567228637959 0.5295458289160244
0 0.630086593977783 0.5182043776132058
0 0.6411664471354174 0.44668006335479626
0 0.6030381981121458 0.5265101203020068
0 0.6832780393407397 0.4546661735444829
0 0.6514724360212035 0.4631211831085924
0 0.6897204749934052 0.47860951095387555
0 0.5390543081676182 0.5472207699996837
0 0.627966417890528 0.4153160720631696
0 0.6413514324990304 0.5321819415127022
0 0.60873801091119 0.5405849058558976
0 0.6533919748566721 0.5066492799399556
0 0.7322985371169837 0.4948824562024379
0 0.6763547914021689 0.514167155476584
0 0.7384052990085405 0.5072161887866863
0 0.6583002760358478 0.48282985151677893
0 0.6241883264611596 0.3942759175231491
0 0.6043254256086505 0.4301312095013218
0 0.6157289174101923 0.43578439389449963
0 0.5995395022403934 0.42064221354498377
0 0.6618153097350961 0.34666096602661023
0 0.6948060914874077 0.3474773669588393
0 0.7215395788459674 0.35280902316604834
0 0.741727271967608 0.360527275265127
0 0.7539565723551356 0.36925830422104267
0 0.754948814763971 0.3893288395543029
0 0.7948310729926047 0.4322421429813772
0 0.7323944439058718 0.4012310202570929
0 0.7123173740894898 0.39997949764348456
0 0.6884539192137511 0.39369893937871075
0 0.6676431749339985 0.3851142106712728
0 0.6522530037909746 0.3771376281544782
0 0.6419933158094469 0.37078099622242694
0 0.7971790121139392 0.4325066528458526
0 0.6143522995483616 0.43876360119252966
0 0.6096878186192202 0.3951234618822734
0 0.5896339304340275 0.4279693140499834
0 0.5771443940213193 0.43138123033703235
0 0.5891402100172379 0.42975034877873847
0 0.6075293546461541 0.4409846814646237
0 0.5725334631279111 0.4316848110461581
0 0.5700307979207971 0.4336379347504049
0 0.6467427908564392 0.3614905303803043
0 0.635582059216888 0.3625794916913129
0 0.6283199572530778 0.36406530396661896
0 0.7333270719517833 0.37825312908144965
0 0.7472502683167872 0.37681545986645465
0 0.5099433083492129 0.3241729252580283
0 0.5277277506968897 0.32821999511856964
0 0.5147759535390398 0.314552856096323
0 0.49210612662136555 0.3201396422109742
0 0.505030283542431 0.333888271148654
0 0.7034994370263555 0.3693494572155718
0 0.7202520707379216 0.37363447270531586
0 0.7083272962304561 0.35966141413951264
0 0.6867104485307051 0.3650013670541238
0 0.6986221901910461 0.37907630032387335
