0 0.6648912102631901 0.43063363756822504
0 0.7137953736211943 0.37697704492703726
0 0.6915642369700514 0.39050998311975726
0 0.6874996776814046 0.31669797262419824
0 0.7174696084921774 0.36043816254190775
0 0.7140622735023499 0.3363017229282338
0 0.6980134491687235 0.2714374938412853
0 0.5083147523843724 0.2371628867543262
0 0.6962177205992781 0.2174619089650071
0 0.700259987750779 0.19405948014362998
0 0.7027585244049197 0.11737503807829774
0 0.6646084393496099 0.43718911901764246
0 0.6633209472765094 0.4439805622981942
0 0.6617541977244875 0.44858095049858093
0 0.6608953446797703 0.46510468488154205
0 0.6616883814010931 0.47386980607457785
0 0.6618335528866105 0.4845877516528834
0 0.6611616690845593 0.4948697417326596
0 0.6610347311133924 0.49815629098726355
0 0.7068746342607166 0.3847299525919168
0 0.6754764316846495 0.38358264157305594
0 0.37834979067354096 0.17245742808217587
0 0.5859704419322636 0.2552779788232368
0 0.5627595264788555 0.258329550533191
0 0.5370754407637793 0.2592894800979158
0 0.49597011798101925 0.2429583989407705
0 0.6046557658068512 0.2510827663152114
0 0.5441084434480771 0.1981246000074822
0 0.5727940775939951 0.20045674171136774
0 0.5173771573311609 0.20179318588065065
0 0.4991315428329551 0.20962361861830173
0 0.47651126300511154 0.2590728703400363
0 0.5616636831799279 0.5144334866300874
0 0.4945485702027445 0.22825068980455399
0 0.37166922183140466 0.2488311525920163
0 0.4394983041059712 0.2425700562155765
0 0.5615384413496308 0.3506316662482593
0 0.6388257351582465 0.42751718636440195
0 0.6400918740293254 0.44365518054236536
0 0.6114453571322171 0.4346199978304946
0 0.5926485725718996 0.4424506140791852
0 0.6191080975467744 0.445690184507681
0 0.6021918788876223 0.449049337402634
0 0.5531891727739054 0.4645213199698407
0 0.6939226905612842 0.3768908948354099
0 0.6941367071931777 0.3607650123860525
0 0.46473267018471076 0.1991207813439162
0 0.610167617869118 0.30497255143911944
0 0.6211174490011256 0.3676001312940017
0 0.6170672160451827 0.35654662743858667
0 0.4835266985161149 0.344736991369206
0 0.6914998139052287 0.33777868650529697
0 0.5322140435809675 0.18202157302395158
0 0.49403812266562297 0.18706597452578339
0 0.41747879131656623 0.14614000981268677
0 0.6403855789938698 0.1999532041018424
0 0.5968672686620898 0.20918275837017142
0 0.5408775373969389 0.4484104520600775
0 0.3633965370447739 0.4034012332558632
0 0.6355981305241585 0.3775067578839219
0 0.6540939106565454 0.38307348185259366
0 0.5700818423343741 0.4572219514976377
0 0.5759216856373393 0.45688072106112604
0 0.4786596374343271 0.17517958079343257
0 0.6152842085322608 0.3738542208852975
0 0.5803044076361086 0.18471559849770172
0 0.5763208390739949 0.17068688020758008
0 0.5506438862370409 0.11812601530033609
0 0.44970622504858865 0.16770484249876894
0 0.56962173383521 0.15268269553780556
0 0.4451738943386337 0.1895560525033785
0 0.412959484545433 0.18861976249710374
0 0.6391873766222725 0.43619472274313803
0 0.6152680649057679 0.4405761989562408
0 0.5972534738804983 0.4458934480081434
0 0.6397638827886271 0.380562717176002
0 0.5731043653643649 0.45710433760414954
0 0.5828320361349894 0.46297892636579013
0 0.5787400054218976 0.4567169958482618
0 0.6563188234425109 0.37456631044978683
0 0.6058294952887556 0.45095184639744135
0 0.622031850659329 0.44872702528601105
0 0.6408397812882195 0.44796081664769544
0 0.628821260255316 0.49693614276854886
0 0.633537258790887 0.4928344708421956
0 0.6355689932470736 0.48281863850095996
0 0.6378968557261903 0.47206602601901343
0 0.6400422619088836 0.464167610782644
0 0.6051039407434671 0.46070649248102435
0 0.6005947199528632 0.46433677459540573
0 0.5950228971955569 0.46941399120766186
0 0.5902727638249812 0.47478092170279956
0 0.582008983777917 0.4184028269804042
0 0.3408602767664453 0.3140935839518257
0 0.6995924048773621 0.38773155925066577
0 0.5926799208897612 0.45890775063763495
0 0.588027345907429 0.460741326212883
0 0.660937142436919 0.3901575751926588
0 0.6187345528084299 0.38377209169709164
0 0.6576542012069536 0.38679825546948804
0 0.5833230386285678 0.3143880357560904
0 0.5439825655649537 0.3264925907487455
0 0.6092685723434323 0.3632183881557506
0 0.47346958266976086 0.12760007300454637
0 0.49975063425043353 0.15493954766703688
0 0.5225297001230976 0.16819972172379494
0 0.5723866706147142 0.4767289414353993
0 0.6348058812968109 0.17645683431107065
0 0.6352419409414997 0.15621856956378274
0 0.625133032222157 0.11574953065618225
0 0.5118007004746924 0.25395599866042967
0 0.4462652398354333 0.2742621458095053
0 0.616487741632306 0.2469073229509851
0 0.47205169976729416 0.21966677742159885
0 0.6306499121305735 0.29480483868847723
0 0.6427628415758195 0.36334194113378937
0 0.40594856198067253 0.29057711136081943
0 0.4728966656586398 0.29237835562747455
0 0.5128647108440814 0.3031578941837601
0 0.5622522137735201 0.29868269387794577
0 0.5943789694296278 0.2885974443153195
0 0.6166294299713944 0.28021357564822486
0 0.673542649363694 0.27479454470069514
0 0.4114900965081609 0.32866035660971765
0 0.44876915265036665 0.21816815954187643
0 0.6945510198888571 0.38453926793907
0 0.6157796936838523 0.32469855346109555
0 0.3415115948604501 0.23897384042325226
0 0.6350278940213763 0.27212908021781756
0 0.6017012398528017 0.36230393596317456
0 0.4839267757437799 0.22866722649854163
0 0.6383052016405956 0.34987483335577924
0 0.3469897966993892 0.3564393902602403
0 0.6128685101866722 0.2395040872304336
0 0.665481951897559 0.34206433659014496
0 0.4425558403296315 0.464447014681671
0 0.4231741294750701 0.47939105267110077
0 0.36802224636725756 0.32194975828347
0 0.4109756206364735 0.43425614548766095
0 0.39020654227098694 0.215957869168209
0 0.5488613330475662 0.5314096257738445
0 0.6898369597999946 0.3872271374515865
0 0.5910348156872003 0.3367151899830155
0 0.41065127912746824 0.24364244468186214
0 0.5408670879576517 0.24686773461492165
0 0.5631079774187959 0.24711238819619882
0 0.577947423024022 0.46551061130088306
0 0.41244971849348233 0.36181576323250064
0 0.58759714703521 0.5564607511395994
0 0.501629201128431 0.5279315243596616
0 0.46425994663782744 0.5084315745726876
0 0.702742835101874 0.15881988859694937
0 0.6401318544926851 0.5584612216638483
0 0.5813479431621407 0.24457823420348374
0 0.5983625985682011 0.24138736093173857
0 0.6088663446514503 0.2401644099989663
0 0.42395824631271156 0.21229056787231695
0 0.5912559197648711 0.22061798187053722
0 0.5689331006420695 0.21231155486210532
0 0.5459978232241195 0.21093515533467996
0 0.5232696567216645 0.21453000313561896
0 0.5093112957218419 0.22003713606492334
0 0.3550692425797815 0.2018114535704903
0 0.5227910572581965 0.2431405253060486
0 0.6878042561204537 0.4026618839605995
0 0.6076239517525487 0.4090989841067273
0 0.6384680311640968 0.37548129649265954
0 0.6564692347917868 0.404393560860468
0 0.6931771760725457 0.2434530112406482
0 0.47498787105407403 0.49137105371641077
0 0.5097799152135849 0.5117256978283757
0 0.5955327086798523 0.5449095653451007
0 0.3904340371651494 0.4454106805117234
0 0.6062220004589661 0.2327320794372455
0 0.6583325969784156 0.30464326590299606
0 0.6471927677807601 0.5471328182712846
0 0.5427093241039825 0.5449096320763879
0 0.37233595663438673 0.3594913790407388
0 0.6213511832706307 0.4625049340336219
0 0.6171321842981421 0.46849396695261414
0 0.6127557168188302 0.4765961461740991
0 0.6093982059670531 0.48538819344147394
0 0.5972406922475152 0.48849760449450946
0 0.5876143810379765 0.4529442758015964
0 0.582639463569807 0.4516188589775044
0 0.5783068080149267 0.44980787194293476
0 0.5593400913412157 0.4321049289858859
0 0.4575838150213594 0.3774998845613521
0 0.6524980541156686 0.28375865859181987
0 0.6339967615254547 0.22810296341776848
0 0.6167257465422153 0.22714268351378647
0 0.5918277615438337 0.4537045119897179
0 0.4389314295966988 0.4156492271501085
0 0.6589146761790566 0.23342319869476816
0 0.5780736340776734 0.4994776705684869
0 0.7085097140592077 0.3146495223045349
0 0.680438037475814 0.29718844689752744
0 0.7034781727453937 0.29420312267282733
0 0.6392400781421558 0.3322279113142387
0 0.6531912608315116 0.5303495992784915
0 0.6567847472818001 0.511959257333175
0 0.6176910627147426 0.5100828736372616
0 0.5237360954608606 0.46706278103849164
0 0.5782054938861857 0.37556444367636804
0 0.5461089810275513 0.4851918699948684
0 0.5228899937608967 0.37036390764557797
0 0.5553417269788359 0.39284641230883804
0 0.49592145993981673 0.3962084012834922
0 0.6061181724071503 0.5280382276877112
0 0.6191236656969008 0.3402255226088607
0 0.49389233027139434 0.47648610628169513
0 0.526171784038129 0.4966047885625259
0 0.5110465689845707 0.44541214860003925
0 0.41295427496990433 0.3899336249931999
0 0.4721927217653264 0.4421906957159872
0 0.3833393373567125 0.39588919217171875
0 0.5328866543005342 0.4154992819480274
0 0.6366279606261979 0.31429714774308
0 0.6504008365066155 0.3719014965969583
0 0.6287419353814229 0.37394407456335815
0 0.6682439961511156 0.3616893408091172
0 0.6158737083492072 0.20882357721743378
0 0.5765333564385123 0.1964950720253198
0 0.5406388661459737 0.19395706430077553
0 0.5098899372083985 0.19779916820318802
0 0.48672889132538566 0.2059040834074435
0 0.46521688811481 0.23640475260174793
0 0.3665414850996888 0.28519813586836273
0 0.4948707309592029 0.26943375348396925
0 0.5253759305114332 0.27809715951266495
0 0.5604039351253406 0.2764880679871725
0 0.5898046895213749 0.2699988173401874
0 0.6107060517305913 0.2641391763868539
0 0.6257752335589865 0.259745888735937
0 0.339304582418307 0.275732069235781
0 0.6255090605953465 0.37754672992488614
0 0.663720751910106 0.32293371111154556
0 0.6734317944425604 0.37436434820942255
0 0.6787503167338993 0.3818030182434165
0 0.6684033425281877 0.3764298817385798
0 0.629115207525699 0.3822562905109447
0 0.6856903799850008 0.3835354625530865
0 0.6813635246261306 0.3862114872621453
0 0.62303645066593 0.2414482365483823
0 0.6377396295252054 0.24995162095064702
0 0.6490642169247502 0.25783565559464955
0 0.5011058810936369 0.22452993674770647
0 0.4863800314943428 0.21834569813116736
0 0.7253944632475791 0.3160584199687709
0 0.8211438869652541 0.2510455969883048
0 0.7195349023070025 0.38130209983690927
0 0.8523898306100265 0.17984176216566045
0 0.7612103858719701 0.26759255385917163
0 0.7803580595747285 0.27005735736178316
0 0.7988765861677087 0.2695357689391012
0 0.8217866032019906 0.2550198455219683
0 0.7477341832026191 0.2629933167734872
0 0.8053097456045772 0.21118516410174576
0 0.7809064582638119 0.21406562010879102
0 0.8250247178518254 0.21421336317839829
0 0.8346120026772437 0.2218325413439585
0 0.8278045715845149 0.26633088209706807
0 0.719877825645001 0.5067699655242588
0 0.8270783506981705 0.24301283498821052
0 0.8447690091055372 0.24966095614692438
0 0.8402961039024851 0.24814155147127484
0 0.7765526463804038 0.3478797347001407
0 0.6878162199712318 0.42779281994570856
0 0.6821514123483844 0.4441320423198783
0 0.7070075693013875 0.43458563121764554
0 0.7176213828117951 0.4428260109346846
0 0.6966048647528109 0.4464247958815616
0 0.7063992604937243 0.4501818340757619
0 0.7417924200063166 0.45897221306095953
0 0.7299395453022874 0.37534359648175863
0 0.7364866187715012 0.35968937076952145
0 0.8566321818077046 0.20286280499852222
0 0.7430482003027978 0.3030278349052305
0 0.7565126208507497 0.36398976846881537
0 0.7550680540178133 0.3535614033108172
0 0.8214073036999806 0.3410910274023595
0 0.7320681415174318 0.3370405050075572
0 0.8340164452143337 0.18565659305971602
0 0.8515462428331375 0.19098381843903792
0 0.8556490864442743 0.1540325193301491
0 0.7520988382723021 0.20238410811061444
0 0.7595594653292842 0.22309102668710376
0 0.756148738057717 0.4431078171600466
0 0.7819920489969461 0.39648093185994937
0 0.7403278326534707 0.3739329638040584
0 0.7248214705158835 0.38100868236759433
0 0.7261857432515725 0.45891475742277893
0 0.7203489893480487 0.45855457530073496
0 0.8588334091979525 0.1781366276352302
0 0.750792628073174 0.3706699706937956
0 0.8035689598840215 0.187522132921478
0 0.8102157724940259 0.1726423738443333
0 0.8148041061409141 0.12362944464320721
0 0.8569138623450113 0.17120449811868046
0 0.809733977622312 0.15465271991232168
0 0.8615006512921789 0.1932235039446665
0 0.8562417665253514 0.19221063978646113
0 0.6858601152249004 0.436642389582551
0 0.7021984041708967 0.44103934745425766
0 0.7125783016824204 0.4466474114552788
0 0.7340517176882081 0.3774129670599233
0 0.723264140603335 0.45880822092294693
0 0.7181922856556333 0.46418542803629587
0 0.7174284770760847 0.4583512117033419
0 0.7408763827837032 0.3709466052444085
0 0.7008274074481882 0.452159449134184
0 0.6915407938801724 0.44955189072567486
0 0.6783635360391244 0.44845496182856354
0 0.6867186653873195 0.4946196328686631
0 0.6854100018415762 0.49273414035206253
0 0.6843065713410792 0.4826374964221664
0 0.6815416799939197 0.4720553823787233
0 0.6779633982349997 0.4643090477456217
0 0.7006167528098044 0.4616829046736593
0 0.7061033747766329 0.46515750269527023
0 0.7120492268839608 0.47007216189218604
0 0.7166847193046756 0.47533866180026013
0 0.7512739383332108 0.41480604397213977
0 0.8057860885949238 0.3128434400195661
0 0.707529677806989 0.4601700396641441
0 0.7129236480788045 0.4619817941085152
0 0.7161878711827423 0.3888135403394699
0 0.7399212434563948 0.38116673542105634
0 0.7205548281578914 0.3852476205514825
0 0.7590578619552695 0.3121940111336501
0 0.7880132885082908 0.3238124620655309
0 0.7527686321864957 0.3603276555304942
0 0.846110535380633 0.13490311169753905
0 0.8432563543319702 0.15801400820846143
0 0.8418996839419656 0.17102630889934042
0 0.728133821617002 0.47148319495760876
0 0.7644167584569558 0.17800618465179982
0 0.7634807007144326 0.15712509741601738
0 0.7683428399588751 0.1189686312623646
0 0.813652456778547 0.26464476598345715
0 0.8373989135674809 0.2779749912088332
0 0.7400370959354483 0.25869877474463504
0 0.842131994664669 0.22769865523213925
0 0.7334249330603558 0.29301580624735873
0 0.7539285502356031 0.3600797821646151
0 0.848953206901965 0.288196072306322
0 0.8317367107323979 0.2948295626303424
0 0.814319706481436 0.30450259634981985
0 0.7818041408191556 0.30183224380016327
0 0.7577604353427887 0.2938359504484612
0 0.7420973921923534 0.2862457503443179
0 0.7160425482560759 0.2740713443769061
0 0.8438284989932309 0.3253095451256503
0 0.8497447595000267 0.22329162093608276
0 0.7173500002726264 0.3833913897042689
0 0.7432746653971465 0.3228219695713209
0 0.8280419707298279 0.24207440958074902
0 0.7317995454954065 0.2782258507998093
0 0.7486885350359522 0.3596743895955708
0 0.8309095391760701 0.24191140172922093
0 0.7511474849737209 0.3474653667729834
0 0.7957291544779487 0.35225764078938443
0 0.7407261531638063 0.2518545803816422
0 0.7438260020445222 0.3405104318390722
0 0.7776166718939076 0.45424994016471115
0 0.7637364848152451 0.46817228878321854
0 0.8322469462519106 0.3193729296326637
0 0.7912111803889275 0.4258932804931765
0 0.8502662622410319 0.2185090896875962
0 0.7201025340220203 0.5223297998309135
0 0.70824317763681 0.3865293617481771
0 0.7554008005105931 0.334528105414432
0 0.84489664370599 0.2487182766199112
0 0.8023751190175181 0.2603402476271857
0 0.7844086559894292 0.2610690533790899
0 0.7227822245787019 0.46658355030028714
0 0.8303946392691653 0.3575614434869393
0 0.6834124325086242 0.5510717325884363
0 0.7313560349461825 0.5166104614086773
0 0.7473835060777871 0.49609302632186725
0 0.7674068125045818 0.25854520937022957
0 0.7529111080195593 0.2548298281819924
0 0.744345051438912 0.2530884919283183
0 0.8539213852389999 0.2175040497728016
0 0.7578708662287049 0.23772032656099484
0 0.7755896018251128 0.23111115979111713
0 0.7953915618683981 0.2292607846143453
0 0.8127707058320874 0.23151505090620206
0 0.8213757130762805 0.2362163034470185
0 0.8436751496856627 0.20743723472823267
0 0.8138927030174629 0.2564809771011705
0 0.741674265621797 0.40607745815878327
0 0.7438654070315154 0.371636640118516
0 0.7142901015670403 0.40283198201138043
0 0.7597662127860214 0.4798982771842376
0 0.7407293637161669 0.5008761915175811
0 0.6905469159069269 0.5394442062015119
0 0.7716950806586639 0.4361679968626603
0 0.7464099817949793 0.24655124480309693
0 0.7307847080671269 0.3034392332901125
0 0.7119409464623617 0.535986758120682
0 0.8196524339525596 0.35512715286534763
0 0.6911646443540636 0.46303394631199213
0 0.696333027890195 0.4688356311424919
0 0.7011434348381084 0.4766943078974019
0 0.7045160898047945 0.4855073421545651
0 0.7102195149206597 0.4843089149697967
0 0.7135038191209668 0.4543433306009873
0 0.7192247205454371 0.45282959808474
0 0.7241229330715926 0.45072669503481494
0 0.7561220238390176 0.4279175073556278
0 0.8171359060899072 0.373106396716574
0 0.7247643772026767 0.28249808789595315
0 0.7336828979137151 0.23769428467620973
0 0.7415226124550985 0.2395236061319061
0 0.7080797726369422 0.45518708099489624
0 0.8016059494212918 0.4089609504393909
0 0.7232434234541395 0.23922011223824127
0 0.7137570287222448 0.49360174718110456
0 0.7215264745704506 0.29645830651988153
0 0.7415352123587028 0.33061384830785834
0 0.6875061290743558 0.5068492756589599
0 0.7557727399727573 0.45930773797242536
0 0.7609326428045398 0.37246370769065357
0 0.7363447184148042 0.47780151341272437
0 0.797461520070615 0.36654841284389084
0 0.7721605501745058 0.38909928371076996
0 0.7991110776429591 0.3912583745044211
0 0.6916510733249395 0.5235380365148835
0 0.7453407769941766 0.3382123064087785
0 0.764765890882067 0.4663525265843972
0 0.7418443946086842 0.4872280083920645
0 0.7723637841965841 0.4387281760573387
0 0.8167271361402844 0.38445398535417474
0 0.7867948535991751 0.43407510350579803
0 0.8062665507845257 0.38970096636077634
0 0.7753322730245797 0.41099732239609177
0 0.7368485631178254 0.31274898188269656
0 0.7481841451447943 0.36798310215058533
0 0.751401330627825 0.3700240785660951
0 0.747734698102526 0.3590474491534026
0 0.7549870632912802 0.21761911119455876
0 0.7897235436931901 0.20481878243710683
0 0.8181537723411685 0.20273356317825938
0 0.8372289057335128 0.2065074176568052
0 0.8454121493774912 0.2143677460110706
0 0.8342935825171678 0.24511371941670126
0 0.8408339017111323 0.2840903965027436
0 0.8212902396917343 0.2764244897534018
0 0.8043017533162365 0.2839344454848248
0 0.7803563937220884 0.28395990347084793
0 0.758078280026498 0.27899446176446
0 0.7431785305557044 0.2733251050762508
0 0.7336693287867567 0.2684781948185485
0 0.8143000191320544 0.27658075774493424
0 0.7460113886905753 0.37408287564049597
0 0.7359054179295249 0.32180842141742294
0 0.7410927013210629 0.37111410077499307
0 0.7249285394082898 0.3790836181977521
0 0.7362833847494229 0.3729809752624968
0 0.7377870136305041 0.37944283271613327
0 0.7227180741079475 0.38160472622384195
0 0.7144642588884934 0.3845611891668776
0 0.7351929478995178 0.2530695902912513
0 0.7269760843204416 0.2588522400221099
0 0.7244136697896149 0.26444230325843976
0 0.8252421873419181 0.2399350211996099
0 0.8365936101130818 0.23006678178258563
0 0.5474178263026735 0.224912256974241
0 0.5742027074422525 0.2233697966389034
0 0.5453831538881945 0.2045046949516172
0 0.5192680969510389 0.22655082704580348
0 0.5486989124151676 0.24562232860404512
0 0.7841131034428659 0.2429881944604542
0 0.8093839365503063 0.24340373018513556
0 0.784397388767937 0.22520016911237137
0 0.7582387773563033 0.2426416255209757
0 0.7839994922928188 0.26094394889862643
