0 0.30572752943999476 0.6391933364228318
0 0.2343408323878007 0.5697888790037685
0 0.2696326696615425 0.5854622145620779
0 0.17094704583823253 0.49681420714710467
0 0.2180301328357175 0.5486474333289332
0 0.20449646835704502 0.5162027452510005
0 0.17702645749496898 0.4285064661464752
0 -0.012584580577534737 0.4549921115937705
0 0.138531445170478 0.3554965002468219
0 0.11632052256906633 0.32377285108017845
0 0.04836836199966266 0.21008111907841678
0 0.31286963455968625 0.6487321009079869
0 0.3231381694618747 0.6585193587758671
0 0.3332242176687117 0.6650218937914973
0 0.34094147330565416 0.676276926415416
0 0.3491042071966816 0.6910615875698126
0 0.36060962638409017 0.7088645845175551
0 0.374690300697903 0.7252633987714688
0 0.3859813779378109 0.7302330421944396
0 0.24779986777751567 0.5788271587115889
0 0.22607550882607055 0.5838205258305461
0 -0.16443442526481133 0.3765257404635128
0 0.0915251146975181 0.4563220736508171
0 0.0640019967401628 0.46640993630924166
0 0.03480176166664782 0.47281470637732803
0 -0.011083961819573272 0.4617252911622532
0 0.10849621977737482 0.44590656387920197
0 -0.019598589312258385 0.402574268964152
0 0.01854763614187995 0.39803319926650377
0 -0.04694824810508344 0.4124669604979384
0 -0.05579401263230139 0.42456878107576707
0 -0.015900070718724093 0.48102772435822044
0 0.30034331645039347 0.7724105447245101
0 -0.026839704607888093 0.4477571915513791
0 -0.09708530825676678 0.47393353202472477
0 -0.0532351466391584 0.46257826790642054
0 0.10779562935554723 0.5719158047685227
0 0.2690067758663095 0.6430297136878054
0 0.2953150718332195 0.6652413267677966
0 0.2472260455004603 0.6591466240608654
0 0.2395015183112604 0.6739502103564838
0 0.27641299817201903 0.6727053665886291
0 0.2654322788869734 0.6802713869097895
0 0.234138129426421 0.7146364835123665
0 0.20894695100166816 0.5753112083045058
0 0.18800251668305706 0.5569509511557631
0 -0.11985620791963536 0.4062151163340377
0 0.1284792783449022 0.49526700958276326
0 0.15766234760232967 0.5792783125520895
0 0.15038727213152878 0.5661584808232304
0 0.03008265932686895 0.5859497836032234
0 0.1767244179257386 0.525926007439915
0 -0.09282377340810762 0.3787648941095645
0 -0.11915570754799054 0.38960530020939277
0 -0.17630731673549405 0.3387436692516644
0 0.05241447429862811 0.3772939576889379
0 0.05695500712600543 0.4009061657582609
0 0.20067084393055318 0.6982503159168049
0 0.1039796628111558 0.6519575817897297
0 0.19013636832614597 0.5857195875134331
0 0.21680491004916405 0.5882920613304113
0 0.2435546094993893 0.6957906754062579
0 0.25087845840042444 0.6934302349250537
0 -0.14640007516463027 0.37288563305767963
0 0.16974529238055935 0.5877238586306953
0 -0.03925832269860686 0.37464676992580914
0 -0.06448029828586167 0.355381671279764
0 -0.11892184722337791 0.27188332036089974
0 -0.15603116733564748 0.3629080250430793
0 -0.08116159936506971 0.31589750336191524
0 -0.14166343555176 0.3945201862924777
0 -0.15167575517146709 0.39379156835543844
0 0.280738153474794 0.6555464522907147
0 0.2614582517593027 0.6670199761185022
0 0.25169753235021086 0.6777512038858554
0 0.2014069141243859 0.58828461684358
0 0.24726917953799954 0.6946913579020637
0 0.2590250057711018 0.6993464044869517
0 0.2545751985028493 0.6922033745259903
0 0.18796690183577777 0.57802109120372
0 0.2775589993102945 0.6812579159538585
0 0.2894270956087455 0.6757833928155442
0 0.3079721878329627 0.6704057825449556
0 0.34601994341225933 0.7363595857787818
0 0.3352223186612987 0.7309816167377435
0 0.32399578488987985 0.7142928711141641
0 0.3167804014339721 0.6956039802334941
0 0.31444206833839417 0.6812422645929903
0 0.2803252283617747 0.6866132376102594
0 0.2762025283823768 0.694947250925314
0 0.2727220663063818 0.7052801538008852
0 0.27236965491617326 0.7157101040831009
0 0.1936294149151809 0.653060711229952
0 -0.0008431173485817669 0.5490984974768215
0 0.25800129278100653 0.5820180630912415
0 0.2697600006199569 0.688522972714025
0 0.26398596038921274 0.6938661410214421
0 0.23241416370268347 0.5949041110258133
0 0.1923183743044627 0.597871187491158
0 0.2246613382435531 0.5917959480811232
0 0.10920439692709943 0.5156019841329739
0 0.0721795438862533 0.5449614705749974
0 0.15777766811761926 0.5756839259554403
0 -0.16429714376120258 0.304428015701687
0 -0.135012599204084 0.3368146950825335
0 -0.12101276744183877 0.3598193702415917
0 0.2657031948617894 0.7256481352324684
0 0.01215958874002635 0.34995466280288207
0 -0.008687996607032612 0.29598852387441993
0 -0.05039217231942595 0.24233435827512712
0 0.008545222042275848 0.4710615745748575
0 -0.02568947111102317 0.5020449906111525
0 0.11628713646381021 0.4378080609412239
0 -0.06812886154051308 0.434509637542426
0 0.13705752629170315 0.47676831188674174
0 0.159434974193573 0.5697190981513014
0 -0.0645523834571564 0.5278975407536418
0 -0.0004884772163500889 0.5218784489189855
0 0.036685318826771465 0.5288434390442821
0 0.08629099285002235 0.5121299831059795
0 0.11711332437803419 0.49164315896293226
0 0.13403614004738898 0.475195551927859
0 0.15123624274198957 0.44122469920319873
0 -0.027257762581324407 0.576718844163913
0 -0.08874855238756688 0.43163965333003207
0 0.2325719766479602 0.5820468544198302
0 0.14352936538860953 0.5209893260520106
0 -0.08708856731867619 0.4585022768273521
0 0.1427185760556365 0.46050322931795457
0 0.16136791262266448 0.5747887488371267
0 -0.03577495650421801 0.4481230925637693
0 0.15265964346823932 0.5531956560124224
0 0.04726578756202039 0.5988976745940626
0 0.1091952343210042 0.42924062260233176
0 0.16030556810416763 0.5377062351558917
0 0.1713685819999777 0.7247986565001856
0 0.19991514279688005 0.7347166861969823
0 -0.027718369266112073 0.5668784882694768
0 0.12361888726838201 0.6943041997405287
0 -0.1283288945397027 0.43105853489412665
0 0.3117457632538226 0.7908236756682777
0 0.24490497952742543 0.5845416095881416
0 0.13233344867932711 0.5436398050846002
0 -0.06287880081066982 0.46709420124943646
0 0.02273825647162019 0.460551797867583
0 0.05078434086532044 0.4553586404544477
0 0.2555770968361724 0.7050267273244767
0 0.016961244584845124 0.6158603414559898
0 0.3865495945909898 0.8122705695347283
0 0.2908736167194174 0.7834273089235202
0 0.2510471674178144 0.7631226953226157
0 0.08272534330114187 0.2692504161462997
0 0.45540624170852223 0.8056797769884713
0 0.07500299982887378 0.44622093648575367
0 0.09349412948107548 0.43682020893112156
0 0.1047637522649422 0.4317845965917118
0 -0.1060799257360774 0.42587416735700906
0 0.07185790714600103 0.4181822634543093
0 0.04127880116160825 0.417205578174454
0 0.011524194650512805 0.4221889669902789
0 -0.011686600155109982 0.430605699317143
0 -0.021579850920670326 0.43852441341351395
0 -0.13596618561435947 0.41478517818184324
0 0.0023984866176577782 0.4592281591397124
0 0.2850426422606269 0.6047517320218558
0 0.20492585014096268 0.6353262394381026
0 0.18408159665066562 0.5828216640522685
0 0.24608017943745894 0.6168406817098014
0 0.16170871879557053 0.3903825763886729
0 0.22040511635567644 0.7500930943618567
0 0.2641776772282964 0.7698488788673291
0 0.3700535717627985 0.8030177002516798
0 0.1553304530948186 0.698833273051265
0 0.0957708682516496 0.4245851724006878
0 0.15163606555341816 0.48566694019701534
0 0.4406993809363825 0.7965011731885112
0 0.33423309489119823 0.8021375914922537
0 0.018835751701601976 0.6109957729284756
0 0.29431180023460934 0.684416082529976
0 0.29275818694409705 0.6963800007162003
0 0.29393559308360806 0.7112496007745639
0 0.3001332293740279 0.7268541420991428
0 0.30282329848344375 0.7341527887426627
0 0.25806473313475686 0.687146774115273
0 0.2478507011056804 0.6872642714375505
0 0.23837647635302098 0.6861313192036967
0 0.19342927838400972 0.6752054136210737
0 0.05513603845946223 0.6304230582409392
0 0.14321927758429548 0.4575010830411515
0 0.10708995109839405 0.40923493205548855
0 0.09712997314741285 0.41414748613065044
0 0.2681510064670508 0.6863478820163983
0 0.10237213197371943 0.6745890011421789
0 0.12246896894715673 0.40805336642570006
0 0.3006270870887976 0.7519790609233296
0 0.195790214075459 0.48678011520982933
0 0.16121630188372496 0.47099591958256193
0 0.1872082403023466 0.4590958625363847
0 0.15428351841384558 0.5273488013508221
0 0.4225250928522014 0.7777237556993771
0 0.4035543109015595 0.7524133973990005
0 0.3517491611645376 0.758521464305183
0 0.2120336461410248 0.7232511450117007
0 0.14934178950975266 0.5990311372013518
0 0.254827991878386 0.7402352932543038
0 0.0867441703947328 0.6089723524384605
0 0.14245713786255543 0.6282060810933098
0 0.09873624328229068 0.6464232785252336
0 0.35786969198597424 0.7840305814346947
0 0.15227292295840147 0.5418185068966862
0 0.20413692048985324 0.7359975415487259
0 0.25218479388909376 0.7547603839883408
0 0.17161969819086062 0.701324575053998
0 0.058726857034422514 0.6475511631264854
0 0.14583275901327888 0.7017997665146288
0 0.06763678231685281 0.6526240875926642
0 0.15089085526603588 0.662066073749012
0 0.14749256398180405 0.5026248981967901
0 0.17472067754045664 0.5771114287284997
0 0.1709784395831952 0.5844048283541926
0 0.16938872742567132 0.562735586501539
0 0.05982612212784856 0.3936951039507747
0 -0.003683074987191948 0.3894743489952514
0 -0.04945096780927919 0.39562006437549957
0 -0.07692644921995753 0.40612188086342127
0 -0.08368908286952287 0.4183927047462128
0 -0.042484415520867 0.45463993355108145
0 -0.06634014973537528 0.5212859843676083
0 0.004566917530924296 0.49194107297510387
0 0.03706159351540984 0.4959757606061503
0 0.07442242378811184 0.48671602983825124
0 0.1048600609353978 0.4714939826593612
0 0.12283301932348621 0.45832652415330416
0 0.1328236818742409 0.4484110955422679
0 -0.04165140630529939 0.5019004509662287
0 0.18048758129421755 0.5892771552926817
0 0.15788827225458707 0.5106742720063121
0 0.18908615806977525 0.5758199896484899
0 0.2179945630135296 0.5811599290218598
0 0.197218657611943 0.5774081767367097
0 0.1958260090231038 0.5936598951062455
0 0.22332476840602408 0.5827266347294037
0 0.23485657229697962 0.5854944590562449
0 0.11866765807000854 0.42890658489050576
0 0.1345023523560531 0.4333959467970906
0 0.14157063883843182 0.43979046948420736
0 -0.02541745202146846 0.443891170877999
0 -0.053748972981953795 0.43525928839707906
0 0.23045903915981594 0.48077842374198354
0 0.45665447231676937 0.3258716357877841
0 0.2890498078555512 0.567674958667816
0 0.5711399522616709 0.16415989175200843
0 0.3678326190804406 0.381275883640725
0 0.40460762788923527 0.3731306956979794
0 0.4399072094786939 0.3612819428261096
0 0.4793585547440344 0.32828515187239116
0 0.334594668887502 0.3843916928806244
0 0.37436837129455675 0.29080245217766626
0 0.33445380788912876 0.30651132843364925
0 0.4170858366883916 0.28297551604695975
0 0.44939160990200455 0.28467875633376855
0 0.5231221331109246 0.33463220474438166
0 0.550687529629083 0.716433430156007
0 0.46624198019933355 0.3126967776412019
0 0.6477813926532114 0.2689248095400417
0 0.5574326034930113 0.297603506630602
0 0.4418443239850106 0.48478432004444133
0 0.34360601318825923 0.6246811614249842
0 0.3605604814968521 0.6488181161233031
0 0.39811032710315514 0.6245545154562393
0 0.437554558404058 0.6267461544408585
0 0.3988965552487819 0.6427011248021842
0 0.43123425125218123 0.6392985458572071
0 0.5283707080127524 0.6435032009888
0 0.26358987466036843 0.5615380107404325
0 0.25439057311565755 0.539503989033044
0 0.4878209306181764 0.2438325164036248
0 0.33340418295894597 0.4401043039350845
0 0.36333641345552403 0.5270230826287986
0 0.3631095770451662 0.5112785759825296
0 0.5586098295321568 0.4485320011838176
0 0.24051228658758478 0.5087989340194117
0 0.3735749391343096 0.24959477344260048
0 0.43485413352362545 0.23980538537517523
0 0.4943164304006014 0.14048433827515988
0 0.22336929822139603 0.3267056425444234
0 0.30697904687991245 0.32844157578846134
0 0.5375098110102922 0.6160698185523097
0 0.7565461645881049 0.4902290652354304
0 0.3441894708348693 0.547424384865898
0 0.32035032836653343 0.561761300499066
0 0.48981040930576464 0.631044089889374
0 0.48099629741778477 0.6334291061463828
0 0.44603044180561313 0.21289632352777182
0 0.3746051807626546 0.536068358360388
0 0.30353023744315555 0.27646194884000114
0 0.2936778469480199 0.25285817187624615
0 0.27944669877882483 0.1489008912167991
0 0.4695355206084766 0.17855616147144915
0 0.2808565019274787 0.2039195056826162
0 0.5063208401631966 0.22013792566978893
0 0.5400580961069614 0.19546669450240395
0 0.35251220138810524 0.6374181402377046
0 0.39844918594085915 0.6340749378021533
0 0.43431928046315693 0.6330513657091524
0 0.3395289011138806 0.5540230703620485
0 0.48525125860310286 0.6323571897352847
0 0.47261357093028883 0.6441260713357895
0 0.4763222426819287 0.6345747050385886
0 0.3140325426197738 0.5462675295508327
0 0.42915895474042826 0.6432556045321992
0 0.3990778712917575 0.6481619698171037
0 0.3665180214875036 0.6555066287707978
0 0.4345920424667194 0.7156927934089027
0 0.41794604105915095 0.7113806416813176
0 0.40168077182426726 0.6955940243535148
0 0.38587345279378 0.6784184272296894
0 0.3743581731113598 0.6660310702202038
0 0.43296533094035633 0.6478526199968478
0 0.4437285790340506 0.6520709532518356
0 0.4579190470331864 0.6583292104375248
0 0.4717168061853313 0.6653378360187665
0 0.4559194827251297 0.5883582544783814
0 0.7316002378360831 0.354868068957862
0 0.45383671204820814 0.6414799150377036
0 0.46238918313019567 0.6426351110394389
0 0.3155072944627391 0.5736382616975437
0 0.3742208690952054 0.5526799234909753
0 0.3176669905082785 0.5679941746754388
0 0.3805155569700886 0.44314856089342136
0 0.4516290867928978 0.44464535120957954
0 0.3781874445702532 0.5192559714705799
0 0.3994300575565091 0.13363733878150916
0 0.38548898353851097 0.17887761979438246
0 0.37302804186189775 0.2227853376644488
0 0.5071623591210345 0.6681313124327614
0 0.20881165060207998 0.2889519366212546
0 0.18483879486862703 0.23618716296677392
0 0.16613179241581785 0.17499419875419178
0 0.467920920831694 0.3456391700254843
0 0.5762643929865721 0.339543592815582
0 0.3116673745697351 0.38483872086095355
0 0.49502584574033887 0.2817246628740725
0 0.2961486438624293 0.4333583431693312
0 0.33008831010447987 0.5259203568053322
0 0.6340831389530099 0.3404914867668487
0 0.5591826387446561 0.3711088224055287
0 0.513876410697004 0.3993199519075144
0 0.43783533487388554 0.41710272317115493
0 0.3791701171895583 0.42138493998934284
0 0.3339782978990953 0.4214601696680148
0 0.21709797836893754 0.42260202389365187
0 0.6543498781087588 0.3986530424878239
0 0.5247641981934472 0.2663093505385585
0 0.2655046792339078 0.573729793008524
0 0.340192638498416 0.4687131529037183
0 0.6747959071783711 0.24710981719219646
0 0.29605773820293896 0.41799877479243963
0 0.38748481076398344 0.5167547135878676
0 0.4848416203217541 0.3065618253744448
0 0.3282573872761761 0.5074318392208209
0 0.7500821373445524 0.41809727970403604
0 0.3084508720919383 0.3750862637266945
0 0.28322223279115966 0.5053015499831007
0 0.6871993293007501 0.6038119328288606
0 0.7128252700078401 0.61492888367595
0 0.7075304093120767 0.37378428576472467
0 0.7155905760449471 0.5511083743823603
0 0.5944347638878034 0.22803296091647957
0 0.575803381075962 0.7332682401989215
0 0.2712138383079776 0.5774913666347345
0 0.3851518806793707 0.47709098105994274
0 0.5960197821795512 0.2871969661202294
0 0.4258058461353933 0.34819975957131616
0 0.39612476559851667 0.35918156607463336
0 0.48305488962063686 0.6459463380586606
0 0.672438348368775 0.44835638304868825
0 0.5308979213666573 0.7818067428022147
0 0.6311170210083612 0.70874125717547
0 0.670858552987627 0.6688884974668582
0 0.36592119138875456 0.36551121857981334
0 0.33636282673842616 0.3698194686787578
0 0.3176992509862502 0.37393662866692956
0 0.5519881244186017 0.24636814898004927
0 0.3298855846305545 0.34570830060651125
0 0.35647875435060733 0.3284220900684119
0 0.38705076888310824 0.3181332038423886
0 0.419525116038837 0.3123576498736208
0 0.44128191556861934 0.3117932591099328
0 0.6272834496532412 0.19855721042559932
0 0.4444366436210468 0.33668378871469834
0 0.4110505833900232 0.584283922712643
0 0.3390515000700093 0.5441125748446956
0 0.3342753734520013 0.5949700350959461
0 0.6552508752123057 0.6515500634051741
0 0.6188341310555986 0.6914044824271156
0 0.5179447879036554 0.7711204958799929
0 0.7424502042557696 0.5572490893994657
0 0.31421741564496813 0.3645925419970442
0 0.26396274995460783 0.4551767886827548
0 0.5860988184702483 0.7478159783175959
0 0.7247956408013543 0.4306351857634779
0 0.405365310126929 0.6562037197545695
0 0.4182756247280313 0.6647059964105344
0 0.43425421920611706 0.6765067637347566
0 0.45059179873775235 0.689901054857638
0 0.4766597057418 0.6927157884207777
0 0.45803908392679776 0.6361706953840895
0 0.4633483526518019 0.6323670559226514
0 0.46818031038311747 0.628378739372229
0 0.4987378043236492 0.6001437740584913
0 0.6189594809099924 0.48738141448353045
0 0.2555343905370012 0.4263975685968186
0 0.26302397679939543 0.36469497096043424
0 0.2912196345466504 0.359573702176158
0 0.4531382828307666 0.6393244221758919
0 0.6655919230241569 0.5357521919015878
0 0.22134686116691973 0.3785542958555892
0 0.5167366746518252 0.7025086072306282
0 0.22533347280763036 0.45339769086898707
0 0.3130032690308934 0.48561325916847864
0 0.46434183129303747 0.7328789742609945
0 0.5753550212160289 0.6371696020086733
0 0.4325473179920114 0.5265382043660258
0 0.5539813852138656 0.6708663989560673
0 0.5168767477110993 0.49865344385750376
0 0.4808867063453729 0.5424577909917496
0 0.5745623995074265 0.5267313125605781
0 0.4947138218570956 0.7537152408220517
0 0.34725351835326324 0.49062209826307934
0 0.6230826986779412 0.6389282050605019
0 0.5901423418264595 0.6783359100262578
0 0.5814825759517203 0.6018294570164178
0 0.6868927984786548 0.4899355461612677
0 0.6349144822401966 0.5837684144227269
0 0.7320984404721707 0.4873833877210038
0 0.530227812931692 0.5673876732302169
0 0.3024634804657037 0.46120462554712266
0 0.3220320605545593 0.5401442149005378
0 0.3543687660059483 0.5384193362709814
0 0.29233387048295933 0.5312268856805734
0 0.2750080577332339 0.3323404912274486
0 0.3222640973629711 0.29733108774351236
0 0.3737269888678901 0.2770464755951787
0 0.4231552640311152 0.2676667361118542
0 0.4642892870114004 0.2683995920248306
0 0.5162769234437736 0.30359109393514383
0 0.6836570252617487 0.31943989066651074
0 0.5078867227911091 0.3550557507493625
0 0.4725413957088114 0.3769016197790353
0 0.42154323068454114 0.39213117871421593
0 0.372009349169491 0.39942291902657895
0 0.33256779686152504 0.4017498817401953
0 0.3031609191311349 0.4015991757281672
0 0.7059121174778012 0.2987401586847183
0 0.36070262571032957 0.5441775571423978
0 0.2706822945917253 0.48064958030423416
0 0.2909409517435719 0.5506404928696422
0 0.28496533417873243 0.5648116565550478
0 0.29758780337066104 0.5527366092220282
0 0.3574361003560128 0.553397060773624
0 0.27699562285443863 0.5693440036461376
0 0.28235736832344277 0.5732382326461256
0 0.294650974247953 0.38062260749812327
0 0.2749103307723999 0.39377304683097253
0 0.26080007497355234 0.40541135841093884
0 0.45477188319611034 0.31228403466197246
0 0.4738458626561885 0.29074742575994317
0 0.03338903188705444 0.43309603712429257
0 0.06720093943232255 0.42190401356060286
0 0.016008986414765284 0.41045815990374873
0 0.00016191022859202872 0.44418114709397094
0 0.05075430912937192 0.4553068878170781
0 0.39227651606360786 0.3353146534091748
0 0.43037391180614776 0.32471197757858056
0 0.37617774961663664 0.3132155372883184
0 0.3545702082647694 0.34562970745487337
0 0.40859014224663054 0.3572515604404596
