0 0.5405911503078269 0.8181122926096566
0 0.6456546105926843 0.7764304362166042
0 0.6136479107596033 0.7753364879864092
0 0.6929038835944031 0.6979463747895944
0 0.6688062480027727 0.7630746829243132
0 0.6967975797413064 0.7366435097429318
0 0.7684388074943488 0.6588885026237074
0 0.574686648819944 0.49124211815599433
0 0.8328646125553323 0.6053883050577328
0 0.8654693026336835 0.5853033275269091
0 0.977529650969471 0.5026312586598503
0 0.5322109040596502 0.8247576898660142
0 0.5209750738932932 0.8314633594153408
0 0.5106990032916446 0.8358719577423681
0 0.5074355203470737 0.8387845480403961
0 0.4999171049474812 0.8481137127921985
0 0.4896765280541756 0.8581698534968561
0 0.4785461614457823 0.8665633917616579
0 0.4811367175990729 0.8443064110728499
0 0.6315765217911425 0.7789750354358563
0 0.5992626620711182 0.7567302396122259
0 0.534160053772892 0.3335933748144692
0 0.6411540568303719 0.5607400248987606
0 0.6097079395390242 0.5461124202694756
0 0.5796802138253082 0.5286615742281222
0 0.5545798385743614 0.4884866677914945
0 0.6696939541281556 0.5710920255405073
0 0.6653780645603756 0.4782237918993916
0 0.6971586222271268 0.5017999981919797
0 0.6285485329387857 0.46184081277146505
0 0.597271574058121 0.4564225414690499
0 0.5122984733512933 0.48644020134648575
0 0.34669069334757413 0.7937553991524937
0 0.5701376879386765 0.4755898234181511
0 0.4293711185455322 0.4039593207569549
0 0.4968308240389652 0.4459088162873119
0 0.5148632511389342 0.6431701895527946
0 0.5108813900741742 0.7950690417244031
0 0.49084488886723415 0.8141499293117097
0 0.465709892108286 0.780701863118254
0 0.4311732055900766 0.7723146414223571
0 0.4602042970468672 0.7987888895284635
0 0.433466777527075 0.7868149162481387
0 0.38870363891553533 0.7462328763815541
0 0.6228172560389951 0.7626176078479511
0 0.6405393978674635 0.7469486455186106
0 0.582405646070302 0.41759481654761316
0 0.6290468016116739 0.6306866932981692
0 0.5549712142498373 0.7024832198414178
0 0.5648157879602995 0.6884143055437472
0 0.4321928320171164 0.5819002658414384
0 0.66802102541752 0.7222230274456377
0 0.6795218591209796 0.44434348900858966
0 0.6298079417763854 0.424127371356891
0 0.6091411062281766 0.33481188170826093
0 0.7856816752351445 0.5430954843283461
0 0.7148468451534243 0.5279802609556399
0 0.38792779248395415 0.7236028106067889
0 0.2410343306527721 0.5504378232712182
0 0.5620623483932276 0.7229079472752044
0 0.5770583795986587 0.741068205132652
0 0.38264955097822834 0.7634247023457537
0 0.38968280493784296 0.7675622994907367
0 0.6311908638734611 0.4022887716658961
0 0.5433517612999291 0.7045145876491412
0 0.7318077983616067 0.48065302204400207
0 0.7472834912993067 0.46446781265088166
0 0.7938383474624414 0.3987085200346316
0 0.6144700564926476 0.37594493014363056
0 0.7680375953372434 0.446087758571576
0 0.5763578089021093 0.39537371804539007
0 0.5482467918944873 0.3714599217088839
0 0.5003026659540135 0.80505007638718
0 0.4631619768605815 0.7900254448381857
0 0.432450155345656 0.7795447899510686
0 0.5635557249724437 0.7285387813092802
0 0.3862036704588279 0.7656735231320317
0 0.39464189380192927 0.7766365601231877
0 0.3931618667334961 0.7695703163695412
0 0.5864801299657753 0.7342662384715705
0 0.4334625618920909 0.7913809805251539
0 0.4579971213992551 0.8045465032132669
0 0.48423726867428785 0.8197955155905824
0 0.44356368364190024 0.8226473445709521
0 0.4412012563334952 0.8429622452099103
0 0.45379151671910456 0.8354378668264079
0 0.4676501502236016 0.8272691984146167
0 0.4790784459319904 0.8209408929172796
0 0.42974463834179394 0.7899637869752634
0 0.41905100182663624 0.7900871027011079
0 0.4063188392910168 0.7906210361578213
0 0.39493073748170043 0.7918735098914979
0 0.46114222737525007 0.7252380684160957
0 0.3230275831205382 0.4460682994641435
0 0.622784403159464 0.7773575455235978
0 0.4117063723450942 0.7794186215812025
0 0.40361819207239497 0.7783146075928173
0 0.5783807564553597 0.7531778827642861
0 0.5384544532933682 0.7165259713182053
0 0.5776659155921112 0.7473776424273896
0 0.5879392242260116 0.621808450062054
0 0.52661762863612 0.6066337083094417
0 0.5499838273302257 0.6894897930919172
0 0.6941780229266599 0.3550183818744013
0 0.6865883293769343 0.3979916913440814
0 0.6883172727317262 0.42443637383250765
0 0.39893607527232 0.7693094216977445
0 0.8115218701980097 0.5157208602649336
0 0.8408433559129564 0.49641196491619266
0 0.8847082493116529 0.4475608231922308
0 0.5585551339087726 0.5071893355336052
0 0.4612497745229186 0.47868805971389383
0 0.6900682149173545 0.5764900430703697
0 0.5591499503139111 0.4462152921353666
0 0.663606238022125 0.6345948156076499
0 0.581978946280994 0.7131530865312765
0 0.4105559643223989 0.4713980260367592
0 0.4639412636379544 0.5107057490668738
0 0.4935508904268416 0.5465677226313387
0 0.5571889289849096 0.5788818628262407
0 0.6089852731004893 0.5946818226442551
0 0.6476345053679652 0.6047370871796776
0 0.7352999431623829 0.6451245767239946
0 0.36872407300866766 0.5135946012914371
0 0.5392132918182895 0.4272773831416243
0 0.6175562889455891 0.7705335319994356
0 0.6084644725854448 0.6546823605180929
0 0.4164190888404846 0.3723090927060039
0 0.6810200085742868 0.6113287936003444
0 0.5454800754999943 0.6829453386818639
0 0.5583466537993589 0.4676467583964046
0 0.5947167538910461 0.6964090441743406
0 0.2778086713749728 0.49258392039960186
0 0.6965653321725859 0.5682042532454664
0 0.6334593600506405 0.7080114401948338
0 0.26052073994986447 0.6682896355089669
0 0.23097185222365016 0.66653354784932
0 0.33204223397824406 0.4753732873608891
0 0.2529045412008711 0.6171752263943608
0 0.490442780282 0.3838139283009611
0 0.3181470891983389 0.7984039455937882
0 0.611905012199347 0.7702421547886663
0 0.5666937806623445 0.6498929749662503
0 0.4673641169671532 0.42866845462268915
0 0.5981844770822594 0.5198032179960428
0 0.6236597046577673 0.5360948717632232
0 0.3857899083079194 0.7750321923734281
0 0.33071600490336794 0.547501230011352
0 0.34237603939694466 0.8404818712331997
0 0.2753849477647877 0.763044974674432
0 0.2518710807073031 0.7215904332578372
0 0.9209919773417411 0.5461497287780713
0 0.39925355619663816 0.874875507415674
0 0.6494544482917237 0.5476673965256054
0 0.6750441763898452 0.5579191267299957
0 0.6901649322441156 0.565365668683768
0 0.5238798886751957 0.40547281141860037
0 0.6891609327398616 0.5380061228816121
0 0.670034693728248 0.5156708574904421
0 0.643586478216185 0.49886059304014946
0 0.6139126235632588 0.48596454333192624
0 0.5927923407486017 0.48028331937881324
0 0.4743451115896376 0.34594776855109216
0 0.5830444601371134 0.504874985438947
0 0.5959030432666806 0.7859664176599667
0 0.49841154179127095 0.7349572303576972
0 0.5670065613959333 0.7230092161379683
0 0.5575668582384535 0.7655039945730386
0 0.7992666316546982 0.6277087366999909
0 0.2729220235948082 0.7157855879384488
0 0.2928196026695718 0.7563940351382612
0 0.3565492707190754 0.8402691862453668
0 0.22597802071262607 0.6104799078676266
0 0.69541935783496 0.5582260508506823
0 0.6782420989420774 0.6645525088325476
0 0.4154088627949035 0.874929626147968
0 0.3042361963567116 0.8032731236741185
0 0.29249160688558073 0.5164902794856233
0 0.45281801999901694 0.8040944813920287
0 0.440421751506037 0.8069907301150191
0 0.42637096742074265 0.8112816365001301
0 0.41353210571000903 0.8168574145045905
0 0.41584750688333305 0.7951597150522299
0 0.41019562444240926 0.776533416665781
0 0.4062372885590835 0.7713635699055827
0 0.40298560454691057 0.7659816494384132
0 0.42322721820083453 0.7217366923920263
0 0.3626115961040524 0.5950339611726828
0 0.7009874848153094 0.6391298268168879
0 0.736980140209198 0.5715216948582341
0 0.7166540927166561 0.5590912781584377
0 0.41351742367092653 0.7807052047869649
0 0.30252254073568385 0.6194068090603374
0 0.7628238724290038 0.5936010577046452
0 0.3806359795786494 0.7924595244776327
0 0.7205619863468966 0.7105921864890443
0 0.7120510554142135 0.6728265620649051
0 0.7433950768100271 0.6859921662571331
0 0.6214462540132536 0.6791847795724107
0 0.43759451409895644 0.8664580884452064
0 0.46117047697520086 0.853639080501593
0 0.41556111021007563 0.8270436357766294
0 0.3495750114214506 0.7288312588256007
0 0.5040194992538837 0.6796975627113074
0 0.3584842956323418 0.7596865568678981
0 0.4455798716425038 0.6350463891562562
0 0.45835433589468755 0.6804943876906325
0 0.385368562859597 0.6408984661102295
0 0.3829551602867867 0.8344829646162332
0 0.5908693812733932 0.6730760054085583
0 0.3069153050724551 0.716176766937914
0 0.32440374566496705 0.7551369156700354
0 0.35492579092224724 0.7000750177584517
0 0.3004066553904856 0.5761201366448936
0 0.31386279266515227 0.6685845581487345
0 0.26277358497647074 0.5604746475006445
0 0.4090673363894867 0.6866340926660898
0 0.6433217654125296 0.6588856499796858
0 0.581689569589903 0.7274349710811823
0 0.5565784856569853 0.7143472440707417
0 0.6109696257886269 0.7294361823663925
0 0.7400285288584318 0.5381894663880809
0 0.7088973728015269 0.4965538635802345
0 0.6691311910855684 0.467631313366631
0 0.6280841831680682 0.4490428736415534
0 0.5919023572112159 0.44121849898713084
0 0.530528768789854 0.4596710713526692
0 0.3763845601527811 0.43724827054209603
0 0.5179019729010492 0.5073918121310469
0 0.5417966280909751 0.5354795360717529
0 0.5843538751276277 0.5595144882750588
0 0.6274549875328009 0.576108094411917
0 0.6611402853787374 0.5870416472895077
0 0.685853112944596 0.5945620727234374
0 0.3694892592138524 0.40650770991754986
0 0.5503060569008478 0.7154993862389757
0 0.6586097414545018 0.6872149724929858
0 0.6032702772737407 0.7459207563735426
0 0.6037697088804176 0.7570798515130918
0 0.5974802237620457 0.7445963145064088
0 0.5501680554245874 0.7225128968302815
0 0.6090231653597715 0.7637393897333846
0 0.6034818827677116 0.7635542938884455
0 0.7057906436405593 0.5766155797833452
0 0.7136448077160678 0.5947248771929512
0 0.7171137907522188 0.6091335617696134
0 0.5799175007737798 0.4776500436825493
0 0.5735982881604339 0.4568282893290535
0 0.7401356156781423 0.7235212249877735
0 0.9581413157552267 0.7223177352271521
0 0.6552676635680439 0.7858459545781438
0 1.120076841587643 0.6686612942729133
0 0.8634107160053665 0.6953208827363035
0 0.8853295466882719 0.7103991439929024
0 0.9097620102999021 0.7238148843137601
0 0.9589577921860509 0.7283910143489655
0 0.849277387848861 0.6832069261386372
0 0.9770936477098534 0.6762398321407671
0 0.9429162835045685 0.6629326960530144
0 1.0007071152007838 0.6920165021579486
0 1.0074624037571092 0.7058689822785009
0 0.9599190538735698 0.7448339397534014
0 0.5434052804819971 0.8927308583792787
0 0.9757233240621553 0.7202225496974616
0 1.0223394280714955 0.7356640340421147
0 1.0047487946723004 0.7376916934126101
0 0.7820407718205623 0.7879838482640422
0 0.5734104501257697 0.8301735160449824
0 0.5443785349242121 0.8439343040362715
0 0.588391024002926 0.8477618187761155
0 0.5915994129592567 0.8602110833024826
0 0.5592491873305478 0.8530491944700004
0 0.567937247615924 0.860152644852099
0 0.6275807297487053 0.871848077819751
0 0.6676429265694652 0.7859507688699058
0 0.6941876655859913 0.7755635992025796
0 1.0668241651795751 0.7043243977970208
0 0.7924963703258432 0.7196116763562821
0 0.7269243971049357 0.794030557044398
0 0.7398919325938328 0.7821985639322299
0 0.8542038176557143 0.8107242298583253
0 0.71925383120132 0.7497275283161443
0 1.0406800568532601 0.6705668604792878
0 1.0653204917907715 0.6880955429503712
0 1.1466468744140734 0.6454385305745914
0 0.904137820219822 0.6310955179385103
0 0.9058515485242117 0.6566273747160792
0 0.6633392962620412 0.8692488300914581
0 0.7750914186882458 0.8335610715725932
0 0.6948106104521443 0.7928035940986853
0 0.6679477121332567 0.789297164819492
0 0.5868456788200269 0.8766624851348682
0 0.5805035224921412 0.8729361985057307
0 1.094999046634427 0.6801137227219896
0 0.7158643637629721 0.796501843312297
0 0.9916265405339303 0.651647962320346
0 1.0174797215907694 0.6406193145166952
0 1.1155822963165722 0.587335551127839
0 1.1170687195208433 0.6664198496090338
0 1.0622752527538821 0.6180679817169238
0 1.0923048197794303 0.6978724913094372
0 1.0997178443044209 0.6872230006483036
0 0.5596428161902394 0.8382658151011116
0 0.5743876052417344 0.8510755723276839
0 0.5806619479930658 0.8606034848636712
0 0.6845310995047041 0.7922730023106828
0 0.5835215294961449 0.8749176450430776
0 0.5763759070591961 0.8769085460577529
0 0.5771881920828236 0.8708684391107041
0 0.6923260024125627 0.7897542806479115
0 0.55792545371776 0.8589890513557215
0 0.54754239320755 0.8535969428741894
0 0.5319672209753407 0.8462303564571344
0 0.514796552040594 0.8594378945164787
0 0.5131280812428152 0.8823515538590404
0 0.5218056993518801 0.8727140182885118
0 0.5286825871724876 0.8610174442632511
0 0.5318258276088632 0.8501044915507014
0 0.5605394139135484 0.8612242202027537
0 0.5643709173305429 0.869835292950225
0 0.5672326066511141 0.8790989691457047
0 0.5682311549032335 0.887301502517237
0 0.6762171889380585 0.8399500976355312
0 0.9095207984498936 0.7680297663417487
0 0.5674262108991472 0.8644412691219927
0 0.5720857716292786 0.8709247584541004
0 0.6488767609321814 0.7907533173363048
0 0.6931443201552192 0.7990917180673763
0 0.6581230536639262 0.7903103424718205
0 0.8025678614918277 0.7386674199241419
0 0.8263519410606769 0.7699023233815885
0 0.7318757815326719 0.7869509466159077
0 1.148794716210674 0.6197632673068549
0 1.1078096345174226 0.6437296745495293
0 1.0706116467071094 0.6609023877987846
0 0.5943598785846353 0.8711481612330427
0 0.9456891053014522 0.6155596314527737
0 0.9985399880855204 0.5881047054601554
0 1.059631225874098 0.5503321124341922
0 0.9360919942101129 0.7304968361656505
0 0.966830950846775 0.7638665769046868
0 0.8420439881386517 0.6750422106764187
0 1.0181312552458948 0.71808726414324
0 0.7909637689590454 0.7038426677259012
0 0.7233936816668339 0.7882510595047436
0 0.9665826644828851 0.777257010197868
0 0.9326661366352932 0.7742044773345558
0 0.8921861558509387 0.7699674859214515
0 0.8488158969570407 0.7441063117676269
0 0.8253236168580089 0.719774847594313
0 0.8115225485760531 0.702612566871765
0 0.7879872399268391 0.6740986375382152
0 0.9146615472628916 0.8105940677868292
0 1.0394800060944591 0.7195190061776402
0 0.6454774570122039 0.7850071142275874
0 0.7668073082999359 0.7406577911620704
0 1.0223246975768385 0.7120905581373758
0 0.8044356785232215 0.6883737572465842
0 0.7311095050770602 0.7825790251405856
0 0.9865151557990973 0.7231793152257657
0 0.7380689854244534 0.7733486026239852
0 0.8478661192406853 0.8003412984049739
0 0.851249432821068 0.6695279275266507
0 0.7326918703188999 0.7611913673413067
0 0.6820966914403352 0.8870913849090235
0 0.6528525408223379 0.8847097939195724
0 0.9222912166616042 0.7979607669690165
0 0.7379724619199903 0.8727552186185941
0 1.065141303076161 0.708981420666265
0 0.5277100111083161 0.9029680197231305
0 0.6347270547914848 0.7824308506596964
0 0.7696995246324608 0.7600822185936827
0 1.0204732100740612 0.7428988283053755
0 0.9228207876356386 0.7158830668598699
0 0.9000270915546006 0.7035510460027872
0 0.5797868645448478 0.882210877756722
0 0.8614766117480162 0.8341450485558556
0 0.4551741965383077 0.8964407626813212
0 0.5495646139271826 0.9012089164112322
0 0.5945635858199579 0.8957267866347925
0 0.8817622957469748 0.6900562059384184
0 0.8660930712446034 0.6782334635432917
0 0.8554197133873864 0.6721757924594818
0 1.0613287215610203 0.7170712745989474
0 0.8897367750140402 0.6680956557155037
0 0.9202051072669544 0.6748891051965781
0 0.9460513591766357 0.6869237175383888
0 0.9648422371569297 0.7002513111589815
0 0.9720874115717497 0.7099001758014813
0 1.0806291583630678 0.6893994865326074
0 0.9418469658858485 0.7212244797819338
0 0.6682691664146863 0.8254757003662304
0 0.6993266699983062 0.7927719705021039
0 0.6310215600960546 0.8045659826967282
0 0.6263486983107148 0.8955755149975372
0 0.5782097082772701 0.9001212439978846
0 0.4722893111568561 0.8974219907206088
0 0.708813302379718 0.8633379479185842
0 0.8644732982992268 0.6683108673308985
0 0.7685388682557525 0.713645126872931
0 0.5040483303207288 0.9032528766047079
0 0.8635180451029496 0.8248454697977621
0 0.5492800827935446 0.8570598897080832
0 0.5506482017126014 0.867649923117397
0 0.5491361697371915 0.8786180948677916
0 0.5449792871372305 0.8890134964507228
0 0.5563785579564761 0.8680714623996625
0 0.5733600563282589 0.8658950580194735
0 0.5826417216294103 0.8684039176843418
0 0.5909644026550458 0.8695859718627442
0 0.6744703654762653 0.8555285088932172
0 0.8191939866800102 0.8409276579896482
0 0.7905160879059662 0.6881126180624428
0 0.852991556092132 0.6514588320217194
0 0.8647152369828532 0.6591072596681004
0 0.5650308580278492 0.863197557080668
0 0.7637377445646327 0.8646522017713553
0 0.8312131012086388 0.644650997064365
0 0.5507515332252859 0.8791287181476435
0 0.7632666594690556 0.7006572424032437
0 0.7493044279462142 0.7485239162993508
0 0.5027244997967919 0.8711733867566045
0 0.643154835958275 0.8805790023681835
0 0.7342340174338801 0.8031144759144646
0 0.5972769526268938 0.8818616326243732
0 0.7910744899468456 0.8214418172074583
0 0.7325390414368335 0.8273954890406551
0 0.7712782072506362 0.8474247177568869
0 0.48892980342288667 0.8873794612031394
0 0.7488633853068455 0.7585177063561095
0 0.6463826555999921 0.8899243456867937
0 0.5945075711758017 0.8918666702489884
0 0.6874290820505979 0.874514118170205
0 0.8136639457812412 0.8511890260556254
0 0.7127081614604099 0.8777664583711959
0 0.803948554632475 0.8493147574293728
0 0.7182034597122412 0.8515037949473713
0 0.7680151119506616 0.7267416563277809
0 0.7050750032603312 0.7920681824699377
0 0.7119936840139705 0.796503840163112
0 0.7121261615547345 0.7826849397378989
0 0.9010572570691006 0.647833202974484
0 0.9605491701647532 0.6596268484005913
0 1.0016944459873995 0.6763896367039544
0 1.026040561765218 0.692814794211342
0 1.0322668123588288 0.7067000389860841
0 0.9933713288615933 0.7302503269701339
0 0.9752591196581614 0.7682264765230612
0 0.9359747317197512 0.7488037199258043
0 0.9021663567145094 0.7426942529769751
0 0.8694445495125201 0.7250757937233288
0 0.8453530193232804 0.70516910644385
0 0.8306020764138201 0.690681831524395
0 0.8215625920741678 0.6804839959159826
0 0.9645318792020674 0.7372465994411384
0 0.7038239772371251 0.7967280579832035
0 0.7490773166683938 0.7361470274270152
0 0.6884753348158418 0.789859298699961
0 0.6616099168070786 0.7868165055783792
0 0.6822043597269402 0.7884092589917655
0 0.6895654398760349 0.7965004984944012
0 0.6545627803253613 0.7873241539580372
0 0.645011508207527 0.785182837099313
0 0.8414258888299516 0.667291087845263
0 0.8218415023611604 0.6670335755942348
0 0.808047799326533 0.6703990027546501
0 0.9747362840089867 0.7159415053102536
0 1.004388479020098 0.7155585582263935
0 0.6258637549208222 0.5076297430184703
0 0.6567586415963207 0.5253181124266725
0 0.6501976598938592 0.4906144142150879
0 0.5948575173350547 0.48974064935129674
0 0.6013578326582051 0.5245120978583924
0 0.9102598913281942 0.6828633862943314
0 0.9392775605908401 0.7010540859386943
0 0.9352418411549904 0.6666739386872361
0 0.8810445233214673 0.6648462496626492
0 0.8853748041948826 0.699337324014487
