0 0.3567245379090309 0.6784163311123848
0 0.38089780043810606 0.5927795465104282
0 0.37523385845124724 0.6168943914584816
0 0.41024720910936596 0.5086927192751318
0 0.3928299779072404 0.5702702006325125
0 0.412298546358943 0.5410614663735032
0 0.4648215061053634 0.46722540580667554
0 0.3258805667050183 0.3650781168136746
0 0.511098786816001 0.39222828526981174
0 0.5299859836697578 0.35861791847273705
0 0.5859545573592186 0.26518854638561606
0 0.35258976463228464 0.6868613701313734
0 0.34756004251539707 0.6964493067935109
0 0.3440028645098209 0.7033264370635152
0 0.33491604775190353 0.7210412239655852
0 0.3301164176315069 0.7306318185292184
0 0.32362293237820267 0.7431546268984676
0 0.31698156129568816 0.7558777904137969
0 0.30752479648217557 0.751563299074769
0 0.37681248486042024 0.6046129880473018
0 0.36059523224830625 0.5942459909245372
0 0.3156268345192075 0.2333386385347694
0 0.37072961423546075 0.4254434052389115
0 0.34947317838668823 0.4139918366447091
0 0.3306236229836941 0.40038736783899365
0 0.31432640766724945 0.3675416328944266
0 0.3905776020139456 0.43286141846328974
0 0.3874974390491843 0.3320352541748434
0 0.40892212446779014 0.35164170754142104
0 0.36257841289043424 0.3222480803728104
0 0.3413757998496294 0.32379795336164535
0 0.29085539979860187 0.3736128072720021
0 0.22231284566223622 0.7289935386739671
0 0.3237250962294638 0.3521482276264578
0 0.2521108454093337 0.32463540327735246
0 0.2824458652175963 0.34242290277034043
0 0.3026349101215601 0.5114090735092759
0 0.3342565305531025 0.6615687794983387
0 0.3262073407880962 0.6842196691781283
0 0.3051507152616978 0.6581333363428712
0 0.2846256889402866 0.6602094105444849
0 0.30661622444167735 0.6773885248228908
0 0.2907452264800668 0.6748891692608595
0 0.2387282945215702 0.6600127258338034
0 0.3642516301944852 0.582078792899847
0 0.372389411367476 0.5586802734993398
0 0.3320051088929176 0.2883355987723917
0 0.378752014413476 0.4802285138517618
0 0.328849368635565 0.5513338337652385
0 0.335129227489233 0.5383039990440011
0 0.24549997933208942 0.47017419985495507
0 0.39156076665967704 0.5317181410267949
0 0.39333342723548415 0.2898578591179103
0 0.3614151621237397 0.28186036008410154
0 0.3512253534048796 0.20407280158251523
0 0.4676736479625106 0.3657903289422393
0 0.42111630998551847 0.37755711199715736
0 0.23444792963564395 0.6321979554370045
0 0.17214919682592153 0.5459640711545944
0 0.338342922180891 0.5737813306972385
0 0.3497757311910391 0.5895394802093505
0 0.2603450853377581 0.6715681002475321
0 0.26588855031877756 0.6742579387500882
0 0.3618774373084307 0.26143318470567467
0 0.32481472892686725 0.561380701418966
0 0.4289438841864467 0.31399837601929903
0 0.43831353969872 0.2931989467702806
0 0.45343029759824277 0.2008891840465367
0 0.34841302540153263 0.22748897704295815
0 0.438679295219481 0.24337426284328104
0 0.3292254379950464 0.2705551237333566
0 0.3163953170180321 0.24982117167674006
0 0.32950908886268737 0.6729730754159391
0 0.30564793162047865 0.6679201937280596
0 0.2873878486454487 0.6673679408617318
0 0.3411499511450529 0.5807337681762874
0 0.263226849026978 0.6730679582804442
0 0.26735368389636277 0.6835756554268301
0 0.2686074649915099 0.6755740640684962
0 0.3476142713800073 0.570661798119545
0 0.2936872489750385 0.6798910867422819
0 0.30815207278355955 0.6837803138419986
0 0.3250994456931949 0.6914934174157679
0 0.28155460134148597 0.7340346918441355
0 0.2921458072029054 0.7379154389724135
0 0.30004984186962247 0.7263477032072843
0 0.3088588143698871 0.7152589803561569
0 0.31595804477110506 0.7084129011258483
0 0.2879308174364269 0.6906198116019369
0 0.2813372696749866 0.6919680426828563
0 0.27283260617405175 0.6945410600863398
0 0.2650153458118439 0.698410838097334
0 0.27417531367391346 0.6071786223910749
0 0.21361803598701953 0.42231115270406006
0 0.3761711589992046 0.61048922855407
0 0.2787893759086728 0.6843137082643806
0 0.27341001871973275 0.6837423860095442
0 0.3506394136697054 0.6012722168117761
0 0.32539598885923626 0.578578294441104
0 0.3502293979749084 0.5955578129738569
0 0.3499817237257957 0.47997879767790436
0 0.30652436427772045 0.4736381205264479
0 0.3281636506319046 0.5467683605849742
0 0.3949177384376526 0.1907743500545621
0 0.3873326612636447 0.2225030491594225
0 0.3987867679446936 0.26799071286804976
0 0.2465427327901125 0.6831919472664595
0 0.4825031004846096 0.32948959628120067
0 0.4915217809379101 0.2772481415886432
0 0.5144694223999977 0.2261712696403265
0 0.31725413696840404 0.38389629144221543
0 0.26060912366956474 0.3763473449274898
0 0.4047437204048038 0.4355297828093171
0 0.3175769723020494 0.32434843429364263
0 0.40076383743435146 0.4742451556958258
0 0.3419133985415101 0.5487491722218693
0 0.2352294871583581 0.3792491616215557
0 0.2617714202031493 0.40108359036967156
0 0.28015378713607786 0.42664465014822783
0 0.32007648441940545 0.4484431339427829
0 0.3539833307266235 0.4583622324746102
0 0.3812911881133914 0.46256043007597325
0 0.4422471525147557 0.46050211740657687
0 0.211905756033957 0.4302710614167154
0 0.30733303623273966 0.3118408139329404
0 0.3669673167169094 0.5978431441821158
0 0.3659398309886456 0.5048842206597328
0 0.2593761529773474 0.319402543688193
0 0.40446898248046637 0.46141862934455274
0 0.3277603551745415 0.5467355797998608
0 0.31595289800316095 0.34758707880973816
0 0.35102532990276814 0.5335374535061419
0 0.1906772568821907 0.4805125507060438
0 0.4093611935153604 0.42750486098229884
0 0.37164642922580243 0.5292996194213628
0 0.16992230098694563 0.6283118081279099
0 0.16530720330774784 0.6496302453801036
0 0.20244963075965644 0.4215869589243084
0 0.164349153265357 0.583787823561579
0 0.2853515456430614 0.28404097841121256
0 0.20898052398115396 0.7447972100228071
0 0.36836449671536686 0.6048980163410306
0 0.3386920902878046 0.5101296947337687
0 0.26632881723344326 0.33621121821925043
0 0.3401958398520947 0.3881038760766387
0 0.3570043109357357 0.40119108771905304
0 0.26146846134215596 0.6840010462328792
0 0.19420590940862895 0.4783318901900202
0 0.23042530920356513 0.7956694446504116
0 0.19151688050478696 0.7289395368658006
0 0.1780968302860856 0.6947135705500841
0 0.55492651052773 0.3159143011085689
0 0.27070204727351665 0.8273974898271262
0 0.37486304752528665 0.4110962850041687
0 0.39235016107559206 0.41964097423478963
0 0.4034779606387019 0.42565295756794513
0 0.2991195356473327 0.2981816050130874
0 0.4027668133378029 0.3956259271595627
0 0.3907614441588521 0.3744307659100741
0 0.37441474068909886 0.35965481647290287
0 0.35481988862156866 0.350792676769197
0 0.34004352800548077 0.3495628277771175
0 0.2862638432532549 0.2697645878884941
0 0.33073488250374794 0.375968045508489
0 0.3666810061782598 0.6347627038136124
0 0.29828332290053367 0.6058715676888824
0 0.33928793780505656 0.5697461299598217
0 0.33791477605700493 0.6199311493895948
0 0.48850983548909427 0.4317228662781417
0 0.18082508426159621 0.6712632009759545
0 0.1942704927176237 0.70700020538643
0 0.23369388245046138 0.7828394588083029
0 0.16352861430495977 0.6034592900425195
0 0.4078589057549834 0.4162824836559594
0 0.40573110803961754 0.4892088457942009
0 0.27516556400805714 0.8144313603639602
0 0.20694086086004973 0.7626361167058349
0 0.1832656268030405 0.4754214458633214
0 0.30039958860725163 0.6983437155373394
0 0.2925473160110414 0.7021826956421137
0 0.28329144772142173 0.7090009301900864
0 0.2749487906694412 0.7178624159656465
0 0.25990664567798377 0.708744927868247
0 0.2775207534432411 0.6741031054407358
0 0.27324144430458547 0.6692551353015006
0 0.2698680069297552 0.6644593106582761
0 0.25206991489976643 0.6167063132859767
0 0.20914572812616825 0.5088648922275751
0 0.42262424193322656 0.46591854095458984
0 0.43814991917461155 0.41517378012649714
0 0.42338040061295035 0.4116259668022394
0 0.2815726099535823 0.6778049293905497
0 0.18361331280320883 0.5603291427716612
0 0.457605635933578 0.42430732110515235
0 0.24104880671948195 0.717665393743664
0 0.43000836167484524 0.5163300937507301
0 0.42476578466594217 0.4860483477823436
0 0.4465507235378027 0.49320683591067793
0 0.370935383439064 0.5168702594935894
0 0.2845740182325244 0.7945528306998313
0 0.2969208708964288 0.7715170515701175
0 0.26515285689383744 0.7489619307219982
0 0.21651043836027384 0.6525829629972577
0 0.3005060160532594 0.552737501077354
0 0.22502707038074732 0.6858196415007114
0 0.25685510970652103 0.5181505242362618
0 0.2700660204514861 0.5630618452094496
0 0.2241965627297759 0.5441168296150863
0 0.24631919860839843 0.766197957843542
0 0.3541814457625151 0.5234369848389179
0 0.19449083935469388 0.6545448740012944
0 0.20732438135892153 0.6920170661993325
0 0.21429982539266348 0.6173066615127027
0 0.1816034745424986 0.5199801308102906
0 0.19126356206834316 0.6014694499783217
0 0.16908840276300907 0.5283811035100371
0 0.24131692592054604 0.5837192243896425
0 0.3865326687693596 0.4969031331129372
0 0.3427874557673931 0.5629332955926657
0 0.33121731840074065 0.5626737494021654
0 0.356173275411129 0.5516830735839904
0 0.4381343672052026 0.37800522153265775
0 0.41622401773929596 0.33841231926344334
0 0.3887416169047356 0.3161320591811091
0 0.3612155243754387 0.306542477151379
0 0.337162759155035 0.3088847212027758
0 0.30125008439645173 0.3469616492744535
0 0.22468904852867128 0.3711686980910599
0 0.29407375399023294 0.3905485548079014
0 0.30961378533393147 0.41188350901938975
0 0.335869387537241 0.4293534103780985
0 0.36408502515405416 0.44103843132033943
0 0.38781507685780525 0.447542358469218
0 0.40548312924802304 0.44974194071255624
0 0.23724748715758323 0.3700497848447412
0 0.3298517905175686 0.5693587091751396
0 0.3904220823198557 0.5095095177181065
0 0.35323781073093413 0.5712504600174725
0 0.3600814690813422 0.5889543199911713
0 0.3535674881190062 0.575848629605025
0 0.3324480963870883 0.5793997969478368
0 0.3618542514741421 0.5930214577354491
0 0.36305309310555456 0.5999311156570911
0 0.41641315892338754 0.43280733227729795
0 0.4241397062316537 0.4436803010292351
0 0.4279862605035305 0.4510989681817591
0 0.3308372899889946 0.3505133228842169
0 0.3255249930545688 0.331170866638422
0 0.44846339244395494 0.5310218130238354
0 0.6441008940339088 0.5567856538109481
0 0.4005568500608206 0.6175665874034166
0 0.8020656581968069 0.5140406491234899
0 0.5664763856679201 0.5456000652164221
0 0.5868986390531064 0.5583455888554454
0 0.6100580390542746 0.567864968534559
0 0.6508913386613131 0.5689307026565075
0 0.5524288967251778 0.5304555956274271
0 0.6427148196846246 0.4841174878180027
0 0.6155172675848007 0.47374139898456635
0 0.6652461312711239 0.5023400182835758
0 0.6758200898766518 0.5219448684714735
0 0.6637931793928147 0.5942303810268641
0 0.3795129442587495 0.8250498034060001
0 0.6579442176967859 0.5532747768796981
0 0.7584299586713315 0.6210762830451131
0 0.7060599401593208 0.5901838314719499
0 0.5249026823788882 0.6426368002779782
0 0.3820567063987255 0.6902431911788881
0 0.3686932198703289 0.7099669719114899
0 0.400985848903656 0.7156708285212516
0 0.41033477522432804 0.7359148407354951
0 0.38442933596670625 0.7246888351626695
0 0.39501269478350876 0.7382541315630078
0 0.4302890686318278 0.7734665590338409
0 0.399959784373641 0.6030642330646515
0 0.4150300284847617 0.583715638332069
0 0.7252626836299896 0.5173700504470616
0 0.5123680792748928 0.5584201788529753
0 0.4618807626888156 0.6300126541405916
0 0.4726591302081943 0.6193994425237179
0 0.6013472307473421 0.6803471910767257
0 0.4324593601748347 0.5555647066794336
0 0.6809395302087069 0.45741192721761764
0 0.7102681487798691 0.4849690921138972
0 0.7978467296808958 0.4602706057485193
0 0.5675238899886608 0.4220278963446617
0 0.5875612016767263 0.47485406827181575
0 0.45689714830368755 0.7636824439279735
0 0.6184316985309124 0.8123170208185911
0 0.43738659359514714 0.6325057657435537
0 0.4159454019740224 0.6286963178776205
0 0.4140776632353663 0.7650708810426294
0 0.4091219652444124 0.7614550380967557
0 0.7352675944566727 0.47678988543339074
0 0.4581244748085737 0.6406459054909647
0 0.6365397132933139 0.43415801031515
0 0.6513984628021717 0.41600502827204766
0 0.7232562765479088 0.3542910868767649
0 0.7679987646639347 0.46903364369645717
0 0.6871975127607584 0.3852297774981707
0 0.7506024859845638 0.5149276288226247
0 0.7753600031137466 0.515743667865172
0 0.3759929407387972 0.7008863991126418
0 0.3928042948246002 0.7206998734734953
0 0.40314962323755027 0.7372750956565142
0 0.4301146063953638 0.6336341925896705
0 0.4114708201959729 0.7632653221487999
0 0.4010180694982409 0.7656376047059894
0 0.4067310834303498 0.7596332786604763
0 0.42885371930897237 0.6181141151115298
0 0.3892300421372056 0.7379403304308653
0 0.3781830884516239 0.7264741011895239
0 0.3631985019892454 0.7147555822506547
0 0.33784087374806404 0.7678943740203976
0 0.34344210028648375 0.7700717438012361
0 0.3487097918987274 0.7564465813338757
0 0.352964392490685 0.742571322992444
0 0.35450452473014593 0.7323749800212681
0 0.3836468648165464 0.749794402346015
0 0.3862968310713768 0.7571031673811376
0 0.3888190519064665 0.7665325581096113
0 0.3898975383490324 0.7759560002014041
0 0.4501761393621564 0.7111521006561816
0 0.7126809779554606 0.7168712296523154
0 0.39366113524883983 0.7547333317808806
0 0.39743697475641965 0.7599214289337397
0 0.40425708182156084 0.6332373214885593
0 0.444458232447505 0.6499997780658304
0 0.40983967036008834 0.6310286897234618
0 0.5298047605901957 0.5854563106782734
0 0.5599655110388995 0.6229136523790657
0 0.47155768126249314 0.6317677972838283
0 0.7752523981034756 0.40773574826307596
0 0.7422602958977222 0.425770727917552
0 0.7019639655947685 0.4426704672165215
0 0.40389902107417586 0.7770022852346301
0 0.5927197858691216 0.39193737162277104
0 0.6242078542709351 0.3531412069685757
0 0.6611853212118148 0.3094805552158505
0 0.6329398587346077 0.5728604311123491
0 0.6814113680273295 0.6247481528669596
0 0.5440974671393632 0.5183502465486527
0 0.6952868513762951 0.546171345282346
0 0.5036121580749751 0.5341461129486561
0 0.4516169704496861 0.6132569056004286
0 0.7051789596676826 0.6559212450869382
0 0.6506822600960731 0.6325518782250583
0 0.6114871148020029 0.6235987581312656
0 0.5674498658627272 0.5950058976188302
0 0.541555430740118 0.5685702827759087
0 0.5244911845773459 0.5452834374271334
0 0.48499839976429937 0.4852606175001711
0 0.6708423227071763 0.7016915323212742
0 0.7194722346961498 0.5524878270924092
0 0.38851416427642105 0.6105632700957357
0 0.49352278746664524 0.579722542129457
0 0.7747881941497325 0.6203007664531469
0 0.5137088783085346 0.523214227380231
0 0.4755061151459813 0.6343197624199093
0 0.6707598932087422 0.5587301829829812
0 0.46338229924440383 0.5996559595689177
0 0.6713709272444248 0.7660913464613259
0 0.5491940058767796 0.5101610410958528
0 0.4499850694090128 0.5753381859511137
0 0.5169179439544678 0.837241555377841
0 0.5106507033109665 0.8579509534873069
0 0.7010671082884073 0.7163495215587318
0 0.5676366113126278 0.8248699098825455
0 0.7695226952433586 0.5660760320723057
0 0.3755081700161099 0.8473202334716916
0 0.38534174524247644 0.6148026229813695
0 0.5058765329420567 0.6085776911117137
0 0.7291473057121038 0.6062453614547849
0 0.6146067667752504 0.5551440410315991
0 0.5939939916133881 0.5474929129704833
0 0.4037862794473767 0.771322307549417
0 0.6391024179756641 0.742219256516546
0 0.31976291732862594 0.8511984914541244
0 0.40995030049234626 0.8628671009093523
0 0.4544135434553027 0.8630138339474798
0 0.577348917722702 0.5369804906658828
0 0.5635167606174946 0.5246212908998131
0 0.5539927832782269 0.5162664939649403
0 0.7450907543301583 0.5567939650267363
0 0.5787402302026748 0.4967214887496084
0 0.601901376247406 0.497404632717371
0 0.6220953851938248 0.5067396257538348
0 0.6399122573435306 0.5215037412010133
0 0.6490906804800034 0.5346376981586218
0 0.7949410289525985 0.5648706526495516
0 0.6309097379446029 0.5572809516452253
0 0.4350659392774105 0.686674262303859
0 0.43871624637395146 0.6284213727340102
0 0.39591998774558307 0.6542548674158752
0 0.4667414028197527 0.8449664718471468
0 0.42247473187744616 0.8466246226802469
0 0.3249334700405598 0.8393312144093216
0 0.5632277701050044 0.8427373362705112
0 0.5590908244252205 0.5043025832157582
0 0.47786217760294675 0.5312473127618432
0 0.36531649343669415 0.860538019798696
0 0.6634720697999 0.7605840058065951
0 0.37065837159752846 0.7419949380680919
0 0.37191775627434254 0.7515959532931447
0 0.3713826142251492 0.7638209079392254
0 0.3689706986770034 0.7767769964411855
0 0.3726867463439703 0.7761142930015922
0 0.4031200623139739 0.7503938646055758
0 0.4092906411737204 0.7517097789794207
0 0.4151547893881798 0.7520956387743354
0 0.45725669115781786 0.7378659091889859
0 0.5930688727647067 0.7364839691668749
0 0.49496526308357713 0.5080081408843398
0 0.5444176834076643 0.4757089000195265
0 0.5567023992538452 0.48914075288921594
0 0.3979027014225721 0.7484287472441793
0 0.5673665430396795 0.7886519096791744
0 0.5203883070498705 0.4586939849890769
0 0.37793839871883395 0.8005154319107533
0 0.4659907665103674 0.509998339554295
0 0.47221025489270685 0.5764980857260525
0 0.33465822208672763 0.791273950599134
0 0.4521220846101642 0.7938663749024272
0 0.4866741752251983 0.663022862561047
0 0.4168527964502573 0.8013846078887582
0 0.546596136689186 0.6895823440514505
0 0.4956783188506961 0.6967685081064701
0 0.5458506572991609 0.735050811804831
0 0.33023839704692365 0.8178349087014795
0 0.47987437099218366 0.5973219423554837
0 0.4675391213968396 0.819351473543793
0 0.42398483622819183 0.8235149707645177
0 0.48440218679606917 0.7784712187945843
0 0.6103270515799523 0.7747339561581612
0 0.5184684306383133 0.7971334842965007
0 0.621762215718627 0.7980021118186414
0 0.4958911737427115 0.7347746009938418
0 0.4857963213697076 0.5550489050336183
0 0.4375758159905672 0.6185286211781204
0 0.44962479565292596 0.632746031600982
0 0.43490229845046996 0.5979630450718105
0 0.57665492631495 0.45763759571127594
0 0.6220933549106121 0.45944292256608604
0 0.6565767407417298 0.47446188014000656
0 0.6820664592087269 0.49560099341906605
0 0.6953815843909978 0.5197720339987427
0 0.685494876652956 0.5720360175706446
0 0.7335400670766831 0.6705766608007252
0 0.6421874739229679 0.5975693803280592
0 0.611959521099925 0.5914495410397649
0 0.5801431559026241 0.5754739920608699
0 0.5551921933889389 0.5555040390230715
0 0.538825511932373 0.5367563409730792
0 0.52858841791749 0.5207945244852453
0 0.7460162386298179 0.6684729950502515
0 0.44662823975086213 0.6387633940204978
0 0.46246126126497983 0.5516861111856997
0 0.4189757417887449 0.6099525433965027
0 0.40290611106902363 0.6143676552921533
0 0.418297809921205 0.6139198621734977
0 0.43763221725821494 0.6421928463503719
0 0.39656048119068144 0.6135623111389578
0 0.3933294275775552 0.6176732409745455
0 0.5408750422298908 0.5058166378177702
0 0.5247675061225892 0.5008536185137927
0 0.511306444182992 0.4973497027531266
0 0.6540906183421612 0.5442769365385175
0 0.6797084882855415 0.5409236351959408
0 0.3618587993085384 0.3786250821314752
0 0.3832963973283768 0.3923110810108483
0 0.37731106150895355 0.35694671017117796
0 0.34024273939430716 0.36495420797728
0 0.3463694844394922 0.400225889775902
0 0.5905730456113816 0.5174847410060466
0 0.6122538715600967 0.5292023317888379
0 0.603175500780344 0.4955815654247999
0 0.5702437791973353 0.5062897864729166
0 0.5782201122492552 0.5393586374819279
