0 0.29908012814944884 0.4707198556238851
0 0.27331273339921053 0.4108088258356332
0 0.29172090946627466 0.4262837364841193
0 0.25492106738993875 0.3398858269753928
0 0.26932290246446644 0.39076448267641156
0 0.271717977466629 0.3619393846287895
0 0.2845301811071894 0.2874099905498492
0 0.11721199136272037 0.2746845621841784
0 0.28400796080093016 0.22912642083609827
0 0.2797273295245868 0.2002991966355723
0 0.2732024470107447 0.08577107450070853
0 0.30042645556749487 0.4778461336327818
0 0.30373133844037137 0.4852832332015418
0 0.30816299287821175 0.4903949813340038
0 0.30987794522187123 0.49876190622012834
0 0.3097906492882781 0.5104701170525231
0 0.3109746477443823 0.5248979707114613
0 0.31448425134594776 0.538739959271952
0 0.3241680383110504 0.5458656507559096
0 0.27948368653404915 0.4195805262452878
0 0.2604771006307442 0.41781241015885207
0 0.043420886250136854 0.17920799810475055
0 0.19056322706117332 0.2953471759447274
0 0.1648452229065289 0.2966525238542892
0 0.14012715399122352 0.2952491896221051
0 0.1111964481197101 0.2807848247857139
0 0.21025228850561367 0.291170311907229
0 0.1408489505878741 0.2328692930765426
0 0.17252467290388881 0.236158781539137
0 0.11380427954294127 0.2361505518610866
0 0.09937712107059195 0.24444857839578257
0 0.09495116938218225 0.29379730212231414
0 0.2479482598299031 0.5657356493770124
0 0.11013144969368438 0.2674825858003415
0 0.05546764532725016 0.2696352972866247
0 0.07377861543810911 0.27606155778082037
0 0.17675728942278765 0.38331198682800266
0 0.2708800720939819 0.46634998822364565
0 0.28078830013458106 0.48473956124089396
0 0.2492953848352821 0.47273753807186697
0 0.2377804769314736 0.4812126768092378
0 0.2641769487509053 0.48627896925892694
0 0.2531695257273795 0.489554637727646
0 0.22170129575603587 0.5085905245698679
0 0.25244045114631564 0.41013329573713553
0 0.24502424484820104 0.39115602473100536
0 0.0659268666371453 0.22405822218035737
0 0.22223601824373937 0.32940125379699486
0 0.21247039881827448 0.3998617777428307
0 0.21300011644546363 0.38779017805291444
0 0.10839346701578556 0.37908614795809736
0 0.24833175975927632 0.36408547938060454
0 0.10702807726048165 0.20480823540649476
0 0.07900550432628294 0.21024579814257333
0 0.048453542683050216 0.14596669718670768
0 0.21871786051802783 0.2245942326589895
0 0.19995563543386025 0.2460638497488948
0 0.2018177027610852 0.4912097744477062
0 0.14240223197914142 0.4424012585189015
0 0.23346959715552754 0.4112286310607252
0 0.25274532890434176 0.4177787949482854
0 0.23159648324374102 0.49742950484775506
0 0.23765382006299868 0.4970079767056547
0 0.06780644100632885 0.1956868195019591
0 0.2179865526924316 0.4073006002285991
0 0.15092433299377953 0.207850503607299
0 0.14375844948011623 0.1906173744807228
0 0.1193834428164027 0.10168278126861341
0 0.0554389321832634 0.1719561121143853
0 0.13377321438251924 0.14749899358985524
0 0.05540611146451186 0.21322838743083394
0 0.0456784173167295 0.19795333515531338
0 0.2744777891561568 0.4764870820334925
0 0.25616097671808385 0.4802672352653723
0 0.24471801119170886 0.4857437652520859
0 0.24082032153360564 0.41454572285326147
0 0.23459762492054087 0.49728452321439504
0 0.24086139728125336 0.5028162232031838
0 0.2407925256150518 0.49674000812414737
0 0.23500854191448478 0.4070571190632951
0 0.2609715250184496 0.4920761450982322
0 0.2717739880370865 0.49013771683263324
0 0.28748029713436285 0.4896999859390929
0 0.2938807161448957 0.5437645717931632
0 0.283902140901529 0.5366955899392454
0 0.2826133394698731 0.5228070093039126
0 0.2847322897373629 0.5083678283820898
0 0.28869785407750154 0.4978094630348035
0 0.26137127578973196 0.4966815022614817
0 0.25503992784223395 0.5021292192105669
0 0.24839167850766536 0.5092603360502103
0 0.24392728310980671 0.5169823034502827
0 0.21223008575485192 0.4585821985627135
0 0.09954250080408238 0.34553171603824384
0 0.2852114602673254 0.42290879866947384
0 0.25289152666247433 0.4965482511269018
0 0.2466370661338742 0.4995364857177003
0 0.26194430240910116 0.4254695665531646
0 0.2311651679537565 0.4182296859951446
0 0.25739982924301275 0.4218321221705062
0 0.19864846955386284 0.3411941441674583
0 0.1582855257056028 0.35617483423921625
0 0.21438448877929212 0.3956084821742183
0 0.07054892511104795 0.11976496023111069
0 0.0825329539444235 0.15425676897691842
0 0.09707739763408542 0.1876525825585801
0 0.24044194610284672 0.521781397132447
0 0.20489650950443258 0.1967970745536847
0 0.19665125105306686 0.14538024556332121
0 0.18484305034724358 0.09115414540417278
0 0.12106804696204279 0.2900692946232927
0 0.07476927872470243 0.30739260195924073
0 0.22241551527302328 0.28667144567821734
0 0.08291920555009545 0.251843374853317
0 0.23648567365513717 0.31677212549474676
0 0.2181550430165206 0.39454690869243
0 0.05907790445023589 0.31704632590373105
0 0.08545355924027716 0.32435167730806735
0 0.11228686964197411 0.3339611919352803
0 0.1592420522543452 0.3313348432318471
0 0.19415432414848455 0.3231574758744468
0 0.21823346579103448 0.3143892946144262
0 0.2609929003589731 0.2923459095029404
0 0.0681084474499563 0.361640440198941
0 0.06779499562810079 0.24771629212001642
0 0.26654913299661176 0.41903828393917875
0 0.22439082006184602 0.35199599068004866
0 0.06858211462732128 0.25928725611668424
0 0.23508756287949834 0.3045644520189815
0 0.2172251558846993 0.39500421485580955
0 0.10050504913718866 0.2671390654751287
0 0.22015599023809823 0.3797372272982003
0 0.11835276058537783 0.3923728806903949
0 0.22292509382005504 0.2792336129532835
0 0.23201535617133123 0.3698746638176159
0 0.16646488350358227 0.5085344381225757
0 0.18479001078960136 0.5205919245561472
0 0.07248337348873952 0.35455111326120153
0 0.14090709470444732 0.4776895314740678
0 0.04872029576656058 0.2308906695237175
0 0.25001367204766767 0.5814852369859957
0 0.27428407513266273 0.4222192652880574
0 0.20637106902593616 0.36655313643022847
0 0.06113619820105372 0.2779456041872311
0 0.13943197687181066 0.28388246460654104
0 0.16199590197855906 0.2857427200951134
0 0.2361422724289288 0.5064139671790333
0 0.08685055339364983 0.4001483684911515
0 0.2974451538756025 0.6085985619991351
0 0.23681190681400344 0.5726718933056718
0 0.2136229324540932 0.5508111557259727
0 0.2754596191630375 0.14275560144799204
0 0.3482712670910559 0.6154470104759875
0 0.18425973485127914 0.28464428718668966
0 0.20401617248567175 0.282054687936466
0 0.2166918491145118 0.2806746680706073
0 0.056786954474391985 0.2418626999131407
0 0.20047723760993647 0.2625416997141731
0 0.177333526331172 0.255436133367185
0 0.15235514485006996 0.25362298316277637
0 0.1300900956566671 0.25608424342478425
0 0.11855171874558611 0.26058215655077
0 0.04967018240075603 0.2152607146733866
0 0.12554837416687745 0.27966060310887836
0 0.29615314215493144 0.44158122333855676
0 0.22817896109976643 0.4479435892722096
0 0.2299586177158127 0.40866100816680984
0 0.26394407318936264 0.4428716515199826
0 0.28751814265331205 0.25648619629704533
0 0.1954307829161628 0.5360101988902107
0 0.2222730661753556 0.5581457600616418
0 0.2881334414013284 0.5996001330427468
0 0.16410121350265522 0.48607203592888465
0 0.21573731653410183 0.27258696571325725
0 0.24458461471027035 0.32683110151428
0 0.3405944092525281 0.6065849485679176
0 0.2627871727628959 0.5932454285911097
0 0.09259011147977066 0.3969222613797782
0 0.2727305943445622 0.49698246287080805
0 0.2667850393900197 0.5054365966838008
0 0.26180905153711354 0.5164968807476397
0 0.2599073839988068 0.5289843632771184
0 0.2640047097663514 0.5344067496804003
0 0.24516416160608653 0.49329428408092585
0 0.23800685215625259 0.49169582033309694
0 0.23200781897103473 0.4894154846858674
0 0.20309517845261296 0.4739207421628812
0 0.10957620927184034 0.4179952593085865
0 0.24879134952021445 0.3031317182242299
0 0.23483179656149958 0.2619421795819895
0 0.22279674207849753 0.2645628279961717
0 0.25252100746694517 0.4944121272990498
0 0.13014578719219144 0.4593204501718759
0 0.2516161446376956 0.26119326055049896
0 0.25553415283310615 0.5492869973563539
0 0.27648128865719984 0.33689033413847413
0 0.2574985506151506 0.31755187374334365
0 0.28062359835032363 0.31326353330962575
0 0.23049228340030004 0.3596043921888065
0 0.3341007522827716 0.5895393241327792
0 0.3290923026254137 0.5666259942344203
0 0.29011038124418376 0.5626054024353576
0 0.2009667368958608 0.5127694414446529
0 0.19926530365749515 0.4107855114693078
0 0.22702341657176578 0.5328161307036305
0 0.14441482397578032 0.4072377320866996
0 0.1815741984821338 0.4313265679362483
0 0.1375383649655669 0.4374553136551342
0 0.2856393060524115 0.5835648344728512
0 0.22343574910998631 0.3696703698497992
0 0.18880251314428498 0.5218381434202956
0 0.2193537170795514 0.5442231609798468
0 0.17736692530073994 0.48977997327764955
0 0.10721676648377801 0.4316745971719297
0 0.15554740839153172 0.4863241683370389
0 0.11485402411122402 0.4370020031929016
0 0.1736526807292188 0.4575135501238485
0 0.234779594470557 0.33884463523523495
0 0.22577248059874244 0.40381015365877854
0 0.21970443616953972 0.40691173419403953
0 0.22882712044590098 0.39201839968038443
0 0.20933887155221806 0.2406017079520911
0 0.1638332640381454 0.22610834678902794
0 0.12556771565970185 0.22316567785442828
0 0.0976696660478624 0.2269703734892245
0 0.08324332510252937 0.23626094685194973
0 0.08894996277148204 0.27165944983784
0 0.060003963162859 0.31204689729708834
0 0.10554025784956751 0.3040993377423515
0 0.12906116811777477 0.3116328473479603
0 0.16227457899269726 0.31213384961929563
0 0.19362305122599613 0.30776828951157703
0 0.216255349506863 0.3017900424262586
0 0.23110953623728214 0.2959197525875256
0 0.0859262094937926 0.3017312799589322
0 0.22503654676661503 0.4112478397524776
0 0.23975245179318125 0.3479032563134885
0 0.237376897740993 0.4064831310948625
0 0.25563981321504076 0.41513089145334386
0 0.24181331776314788 0.40872435286022224
0 0.23481401036397445 0.4165716533081981
0 0.2592329042706844 0.417561304169341
0 0.2663841321171045 0.42084019852522464
0 0.23031127095508347 0.28025689735389747
0 0.24194767134938594 0.28485043237384516
0 0.24687373023524845 0.28889824259585845
0 0.1133767129134217 0.26421963759123707
0 0.09422327124243446 0.2538370830944171
0 0.30362946659826834 0.338892876911468
0 0.530297665144328 0.26312598852684704
0 0.3139652213890204 0.4172778293347587
0 0.6735509701198239 0.1565402022089821
0 0.4438352900729191 0.2856857538604127
0 0.47386313713997674 0.28649416851540344
0 0.5042837162097867 0.28471758447516077
0 0.5469733419464075 0.2692189928822624
0 0.41793842695885713 0.2821508780264626
0 0.4794055715167551 0.22252053707933273
0 0.4443996628697256 0.2265517046562018
0 0.5139459683168992 0.22449956386805342
0 0.5381326047922496 0.23160107952718156
0 0.5769650184279151 0.28163403958177413
0 0.4446467554254783 0.5700726713806676
0 0.5430236097148282 0.25584616928626175
0 0.6913745346115076 0.25370955057799244
0 0.6155729112293509 0.26191032394623986
0 0.4558241044302924 0.3787943151431343
0 0.3326619844928348 0.4660200312876473
0 0.3353740805201679 0.4841600379433495
0 0.3723385047426613 0.4736542398937213
0 0.4007781759726344 0.4809982652862232
0 0.3662658542466106 0.48565490672382683
0 0.3918665333045758 0.48827579341376554
0 0.4544708778818162 0.5087414081104267
0 0.29771294382264574 0.40970058696338546
0 0.2988120989262057 0.3902370134672037
0 0.5785022483741065 0.21016146685368717
0 0.39313437812905805 0.3256430219347104
0 0.38136324529453436 0.39822537316301
0 0.3861408532380486 0.38556655203572476
0 0.5571825395671012 0.37210844404781207
0 0.30014518639452453 0.3630203134335649
0 0.48907815237982954 0.19314373901096016
0 0.5390946147539061 0.1973951650313295
0 0.6273704641442791 0.12261066926173128
0 0.3520690389960218 0.21996611099654492
0 0.41647752612043054 0.23718259747797688
0 0.472734590943197 0.4903620626218022
0 0.6812790729444947 0.4420842784471786
0 0.36008269802557763 0.4105585996335307
0 0.33713792496733813 0.4169478357409517
0 0.4389576048588009 0.4925815463066101
0 0.4317376848033292 0.4927908623942171
0 0.5564353597535789 0.1806500246540045
0 0.38594911324320363 0.4058331148312115
0 0.427610050717132 0.19899780776934883
0 0.428232527751145 0.18055625397938127
0 0.467547800758188 0.08517538510953275
0 0.5944354910072949 0.15138662751680745
0 0.44544254818694484 0.13312165439128876
0 0.6007969279369291 0.1970694420722346
0 0.6402307623010174 0.1781317248416785
0 0.33403788246125055 0.47584076820851895
0 0.36906823716003545 0.480075441610318
0 0.39624333367359155 0.4846934457175648
0 0.3543504976826034 0.41397760013421886
0 0.43522027013399045 0.4927549377417031
0 0.42108235670794114 0.499430398019358
0 0.42780338588664285 0.4928443094792838
0 0.3401639114895599 0.40625497289358997
0 0.3889653093809132 0.4904790010315161
0 0.3643813946550127 0.48905191253930236
0 0.3368648908835807 0.4890927126803718
0 0.36201451436507043 0.5442667837721852
0 0.35128251818730105 0.536757504978119
0 0.3459581441873555 0.5227608937805834
0 0.3416726077489144 0.508031602960806
0 0.3386160935715234 0.49735600594133617
0 0.3901384407096058 0.4950118490491812
0 0.3960251935380254 0.5000403106403046
0 0.40371409494528093 0.5071979677334381
0 0.41080289164321315 0.5147505393995645
0 0.42585503954967435 0.4572455815423411
0 0.7166294196812655 0.33538791384940714
0 0.40861766186835385 0.49401853240716953
0 0.41423654499099694 0.4964617753562074
0 0.3284121799669106 0.4249653750524734
0 0.37961742632108914 0.4172496028220692
0 0.3324800149428187 0.42118107948821193
0 0.42699750364541433 0.33650432741299224
0 0.47933167505035584 0.3502239155502746
0 0.39418424233544075 0.3935458205949765
0 0.5611681632286639 0.09798191887692521
0 0.5320337336126277 0.13501088787762883
0 0.49754637637012583 0.17426648883583445
0 0.43040216469364484 0.5227854545124042
0 0.3537663646596227 0.19021802431287857
0 0.36319992853869065 0.13766267710029126
0 0.3745014020721975 0.08193089410710258
0 0.5314369787701028 0.2790650603489373
0 0.6154652768187672 0.29499412458925584
0 0.4003295330978412 0.2785096578895094
0 0.5732972333185392 0.23843576299687164
0 0.3685943705858372 0.3136228164925743
0 0.358611887164539 0.39285177830309154
0 0.6519084777191675 0.3053200061138446
0 0.5907630400120212 0.3139597017544146
0 0.5462076581067604 0.32561413558146446
0 0.4830903851156898 0.32484912377195996
0 0.43830796997610044 0.31742573422364917
0 0.404572298915552 0.30938849133995777
0 0.3160226577334553 0.29070609574691175
0 0.6448894699128698 0.3529328542966812
0 0.6004092606137411 0.23319569420509825
0 0.29453571480241036 0.41878028628163444
0 0.3861525777718432 0.34875437731560044
0 0.7181511365538307 0.24138488370580033
0 0.37741273541530546 0.2999701655139557
0 0.40119411776677594 0.392784804486619
0 0.558817115047281 0.2548665260068906
0 0.3630641392952533 0.37750077104797
0 0.7053136493948152 0.3869815067932629
0 0.4013143939365872 0.2710071607900504
0 0.33189151512918996 0.36813169498793996
0 0.5882341298553869 0.5135304575530104
0 0.6010468120483472 0.5272978841306303
0 0.6930493084932688 0.34513335563123415
0 0.6302645895406782 0.4797165983210737
0 0.6680060233429468 0.21248438054570756
0 0.4568608084456812 0.5875112675249387
0 0.2968270037528708 0.42184264296159957
0 0.41613312791005597 0.3628178890139912
0 0.6485328089704903 0.26213831718737324
0 0.4980882572041427 0.27243234307621234
0 0.47189947712621527 0.2745021895859569
0 0.4278419891135584 0.5026202139001303
0 0.6400962093179461 0.3942230002948651
0 0.40823717283116256 0.6123967142150806
0 0.5050389516553718 0.5805206967238039
0 0.5491236373960829 0.5593325199600988
0 0.4474857675371696 0.2736332895466314
0 0.42417555990264855 0.2717227762023481
0 0.40878750809090886 0.27165983474483124
0 0.6277774729602914 0.2245003520109402
0 0.4274714699180292 0.2540970969314392
0 0.4531085987171109 0.24655937167783135
0 0.4791939715973193 0.24462823831616118
0 0.5059117913532029 0.24635773540114442
0 0.5232420082000806 0.2500744156372814
0 0.7014853099553133 0.1940770834779587
0 0.5165894917732806 0.2681237308742901
0 0.39383374258196896 0.4467450255593553
0 0.3581703428170092 0.40789405349344493
0 0.3348240443556715 0.4424997213930368
0 0.5450320542573357 0.5431188444931286
0 0.5033071901586702 0.5657010810634199
0 0.40234647194544476 0.6030876103300638
0 0.6447688747081254 0.48955812021947137
0 0.4091597819785706 0.2647143713772868
0 0.337120876538096 0.3246753291009714
0 0.45848772708746455 0.5994837078423546
0 0.6833696689822977 0.3914592214666616
0 0.3658894329048175 0.4959828044278934
0 0.3715067009131114 0.5043660053810753
0 0.37812388422106097 0.5156501953403789
0 0.3843851242419913 0.5280868334892078
0 0.3996520624172202 0.5351874876898318
0 0.41349271504427315 0.4905171251525513
0 0.4186202444904428 0.488805535407112
0 0.42329805431891976 0.4868676570086434
0 0.45286976119025435 0.47251311896708065
0 0.5877288582799531 0.4130136830547747
0 0.3420246229183188 0.30066246655992807
0 0.37054708371345374 0.2552583063372408
0 0.39373013598741674 0.25661596493979993
0 0.4086980187921501 0.491890216692568
0 0.6017108035030411 0.4581864408601206
0 0.33458145816834994 0.2577123083531285
0 0.42484349941464067 0.5521546277565698
0 0.3101969003963242 0.31624282339510446
0 0.36033264195604575 0.35735774506776097
0 0.3773973419797792 0.5641249785788904
0 0.49082730128038987 0.5148777419957109
0 0.43088382768402284 0.4078749181173099
0 0.462369744154475 0.5359794796465304
0 0.507775593432877 0.4024110350745935
0 0.4623831037423022 0.4282141366896157
0 0.5396999037808937 0.43382820677452577
0 0.39179909729557355 0.5860732550057359
0 0.38225849719642163 0.36694159922889247
0 0.525700810430147 0.5262864218733181
0 0.4865421436959319 0.549578353619804
0 0.510597058623243 0.49001450993763374
0 0.6347898607917255 0.42844636390765256
0 0.5581538015418201 0.48746866178207887
0 0.666729963368935 0.435391295736971
0 0.48992239857177367 0.4549453407049941
0 0.3619276371648272 0.336242334054301
0 0.3481989259199559 0.4029006001096183
0 0.3713029771685886 0.40584612835329564
0 0.3294677668624073 0.39079696149490895
0 0.3899356940095659 0.23398673305877102
0 0.43682230405098527 0.217822582291338
0 0.4817787527466278 0.21253377694291428
0 0.522205064908492 0.21456377641461527
0 0.5537120775639011 0.22271716956513377
0 0.5831601982779926 0.2587145511715557
0 0.697078879216878 0.2991884377436897
0 0.5580760766562226 0.29320566341899834
0 0.5232804519095295 0.3020500929210894
0 0.4799521979954031 0.30361796572756844
0 0.440760870059903 0.29997505933141555
0 0.41058096296781543 0.29471633171502015
0 0.38849808272126196 0.2894176287582507
0 0.7203553489072145 0.28735630518902605
0 0.37320566163074487 0.41020862753398885
0 0.3323540759029434 0.34612795529654994
0 0.32210216748056936 0.4060165505058849
0 0.3126726513572162 0.41507080930490464
0 0.32646193936002627 0.40845513791321947
0 0.36761421551235574 0.41568882330157125
0 0.30488750109855506 0.4172961582391026
0 0.3066902279282074 0.4204192569080633
0 0.38895737338695024 0.27244872911669576
0 0.3698753756013134 0.2785644979713062
0 0.35515731708894815 0.2843698118441402
0 0.5339798467050639 0.25314758637080936
0 0.5551166687366202 0.2408933758069151
0 0.18045137497446806 0.26841402406128834
0 0.21297323775234267 0.2671713060178696
0 0.17744427133235427 0.24894726133575074
0 0.1476554412493031 0.2695771763309503
0 0.18314889509329121 0.28758840410473246
0 0.4807800537676548 0.2565166955938735
0 0.5130335682873531 0.25602628742924893
0 0.47796301518698675 0.23756862253236313
0 0.44885243343220627 0.25690829263518034
0 0.4836363336451048 0.27545323977455166
