0 0.5243328253931134 0.32943810718734057
0 0.5081509535322712 0.2859099774467511
0 0.5181711145091158 0.29906819113830224
0 0.46777718680820385 0.2548356680642991
0 0.49993657185558527 0.27473432593652847
0 0.4907089617684924 0.2608415540359935
0 0.469228671950127 0.22612439158583889
0 0.3273608298492834 0.26793045106054353
0 0.44853068102261184 0.19128317876356324
0 0.4375874508282303 0.17528855917500516
0 0.40502645345679816 0.1308623279343132
0 0.5265927747332094 0.33465190361193914
0 0.5296801187821079 0.33992156745338975
0 0.5325370524000015 0.3433765234733496
0 0.5327394320492 0.34509653904858756
0 0.5346874091695633 0.3505341328826605
0 0.5374043510935981 0.3569314059089212
0 0.5406871319823124 0.3630239544462423
0 0.5660144357238641 0.3627412390976059
0 0.5134554221157284 0.29227243418119203
0 0.4975266870315568 0.2976329834187398
0 0.2496020785112421 0.22835936558012868
0 0.38663654111105683 0.26517890514779824
0 0.3682395561837949 0.270523546289663
0 0.3497946528945794 0.27349689794855625
0 0.32336561614451026 0.2725288235172838
0 0.40088458101457686 0.2583537774593556
0 0.3413223328721171 0.2318513312426602
0 0.36411152069578695 0.2290557544438445
0 0.3217357591989171 0.23846002311265768
0 0.31085801526966983 0.24716548266864957
0 0.315156295581206 0.28049948536047414
0 0.5090666581809772 0.3933023044041225
0 0.31946103205660725 0.2658203972153971
0 0.27304849732777237 0.27706762255072925
0 0.2957769842338964 0.27484195138893874
0 0.4092119293373848 0.30273935607835356
0 0.5014060953246893 0.33281342188517254
0 0.5117483994125817 0.34435498480703314
0 0.4840554307030223 0.34202113355241237
0 0.47513774892448873 0.3496060429834852
0 0.4979979221076402 0.3484802741964324
0 0.48820846354911096 0.35220445771845116
0 0.4679996486957566 0.3698169382012525
0 0.4927792977934648 0.28962992553283523
0 0.4815432205481871 0.27972921587172006
0 0.2830601420080611 0.2371673957974303
0 0.428536493063979 0.26576541218103145
0 0.4502033465522251 0.30034683899385256
0 0.4444781729189152 0.29497872647785006
0 0.35399115940689535 0.3153087937531351
0 0.47381389468028073 0.2663964669243628
0 0.3169725377599901 0.21224701095695922
0 0.2940706103914398 0.22296428997643522
0 0.24936384930892333 0.20484451519674948
0 0.4046779828232552 0.2042784542262721
0 0.3858279633622632 0.23095620463208325
0 0.4473307753917034 0.3648847226335221
0 0.3659908645766697 0.37559182904347654
0 0.469937665804529 0.30311893181306643
0 0.48693492845140934 0.3024158746588464
0 0.46864721166433665 0.36029290501810923
0 0.4743067205958226 0.3587327015166189
0 0.2825131200033904 0.21631348325090916
0 0.45420063661120613 0.3057931053872202
0 0.35173735802183675 0.20497218333706468
0 0.3440352680813914 0.19433206236329065
0 0.2991305071593337 0.1625146860835933
0 0.2631240757457315 0.2088498762007855
0 0.31880419038016083 0.1768884950993108
0 0.27300069251643955 0.23333167912913302
0 0.26016424904392743 0.2293467389769247
0 0.5059457680344078 0.3392421077279484
0 0.4908798230096761 0.34565344845213475
0 0.4813801618568002 0.351062453093649
0 0.4759430012622463 0.30420769095754757
0 0.47147744466483843 0.35959161262886197
0 0.47800654047149144 0.36042185891576173
0 0.4768816269148251 0.358007811698593
0 0.4746897106180714 0.29616119464238483
0 0.49337918572285006 0.35269380183446974
0 0.5033995089148671 0.35010332854188125
0 0.516570861832502 0.34705537774649653
0 0.5412472609729203 0.36822554878160063
0 0.5191252317106674 0.36719931273901163
0 0.5170824560435009 0.3608518060849828
0 0.5163718562588913 0.3541325390839777
0 0.516935229552949 0.348653901858824
0 0.4934592226889566 0.35357389012638596
0 0.49007497620984974 0.357108663944971
0 0.4863969580533635 0.361416732563692
0 0.48370217472189087 0.36575921409938184
0 0.4533389820579738 0.33973770415415616
0 0.31127750370572893 0.3249137288048154
0 0.5161034550344894 0.29558668801096644
0 0.48618972817050754 0.3552740647011444
0 0.482055658278083 0.35781454472314744
0 0.4948360239654654 0.3049376985939945
0 0.46521188362741267 0.3110171374486608
0 0.49105055447872176 0.3036397643783847
0 0.41319726413815333 0.2772737975214042
0 0.38729811947054 0.29200217303107767
0 0.4459733263852727 0.3008715540421109
0 0.26364264520914743 0.18304820554930956
0 0.2805480778468812 0.19132843237965047
0 0.3068548043568929 0.20292369457853943
0 0.4883692674496003 0.3710549208296447
0 0.39088060911194683 0.18709887059128918
0 0.3655751233110951 0.1664342795099531
0 0.34528912647867 0.14627665498343503
0 0.33376068882801363 0.27481376557123094
0 0.30247635730711214 0.2914437005499832
0 0.40954690366857666 0.25272344607932895
0 0.299235087281038 0.25599789185350347
0 0.4369137225523277 0.25491212020401194
0 0.45680287618677323 0.2925569142948012
0 0.2947726127719074 0.29670469183213904
0 0.313475827501796 0.29681380472931207
0 0.3352064964388996 0.2954905083199509
0 0.36992555580058684 0.2868677153974688
0 0.3954839837199022 0.2770000572632007
0 0.41354949816369807 0.2669154590919238
0 0.4523626900423428 0.2333053463146466
0 0.31269219844653134 0.32029095216959463
0 0.2879034004130947 0.25540910323126975
0 0.5038115516745089 0.29433710835561033
0 0.4379951948858012 0.276240628473565
0 0.27424804608530134 0.2770212092319456
0 0.42546579229177806 0.25672010931314204
0 0.44529139002164203 0.3022391712632166
0 0.31274506437124583 0.26681343046557
0 0.45098045455755564 0.28585085782016356
0 0.3348415285223144 0.3503956744650833
0 0.4082482901052081 0.24875668300634005
0 0.46064672691409597 0.2747535870856598
0 0.41432929894089193 0.39345654486274184
0 0.4275772174199422 0.40398939333710016
0 0.3038877753014303 0.324938435514434
0 0.38303750552205595 0.38471987417766024
0 0.2655604989719793 0.25204812094610946
0 0.5133998471976332 0.4037922690896427
0 0.508599154053861 0.2971371853051065
0 0.4271502508644313 0.28877156906101215
0 0.2868667967963319 0.2798047982344106
0 0.34747727938342193 0.2678266324582888
0 0.364333025513822 0.26467445968579845
0 0.47445926774403213 0.36310599080654754
0 0.33256451414607247 0.34149220827914756
0 0.561228666375961 0.4094451642503925
0 0.4945362827697384 0.41099951881654456
0 0.46394861675012966 0.4093461861463488
0 0.42096467812856037 0.15415813316818044
0 0.6023295463891974 0.40208417828343496
0 0.38007623510521676 0.26002198457717896
0 0.3941682888988704 0.2547215003760255
0 0.403514186289743 0.2512020800127035
0 0.27892706162818875 0.2550203129023063
0 0.38714719447405527 0.24407897175861007
0 0.36932386728278693 0.2438560315206939
0 0.3526274975593583 0.24611332979188913
0 0.3367499738051419 0.25138197259074835
0 0.3273887146374344 0.25728242646078436
0 0.2576424844154326 0.2511905586185242
0 0.33569286619057637 0.26854284971701997
0 0.5235625628680619 0.30774286815098356
0 0.4658704285631703 0.3287855727331979
0 0.4680640805622696 0.3010820652924332
0 0.49830403835964604 0.31520414319025036
0 0.45982213852777765 0.20959269098874903
0 0.44832982619603473 0.39946564522777955
0 0.47963153096190986 0.40187523011066
0 0.5514128640734194 0.4027089302947207
0 0.3975830480519226 0.39360932308752666
0 0.40103085043561104 0.24654666783095075
0 0.4509613780532708 0.25419283981750657
0 0.592990234934328 0.394834876728325
0 0.5262140671915143 0.4114099023054962
0 0.32635256522315464 0.34815351535626154
0 0.5035828769458497 0.3514062797321993
0 0.5011956373599008 0.35618120431900024
0 0.49961814347198746 0.3618440577963821
0 0.4994393823519035 0.36787985653436484
0 0.5128313803471594 0.37095410232784365
0 0.4810862279642483 0.355397774725735
0 0.47526314125282354 0.3557494167520219
0 0.470111868678266 0.35544370903688316
0 0.4471135692757393 0.35254392286642594
0 0.3586412682060451 0.3419454755569373
0 0.4443998716551543 0.24315269704626388
0 0.41739578211860817 0.23193186755273856
0 0.40689715126898723 0.23831511069746578
0 0.48635296529858424 0.35482962124821854
0 0.3775053030579402 0.3682356079419454
0 0.4334506070563562 0.22479291423028255
0 0.5096000541111588 0.3824437055267206
0 0.4833292420403364 0.2491936262081317
0 0.4601239560777125 0.24492157140031917
0 0.4765696546950924 0.23832741363041876
0 0.4496910710375017 0.2750774466690897
0 0.5839547524975321 0.3846252575641921
0 0.5742638883208424 0.37323796031187895
0 0.5431554953760236 0.3799329491890445
0 0.45285882514740344 0.3773556864228235
0 0.4343293266457344 0.3145281625728981
0 0.47985348998242794 0.381740572739716
0 0.38943238449499074 0.32275562293055343
0 0.4240324103631048 0.32951938721980034
0 0.3880744001784908 0.344252073798193
0 0.5460286829542007 0.39226542934984054
0 0.4441952696580927 0.2847825447384383
0 0.4439790854977153 0.3876707376886149
0 0.4759841065869553 0.3912149908161965
0 0.4284815994496084 0.36903378592819724
0 0.3515460901119538 0.3588602688132214
0 0.4072385330994924 0.3750847364340176
0 0.35119320722571906 0.36859476282483056
0 0.4213347233800445 0.34787901877021254
0 0.44450068838485685 0.26500167232267663
0 0.4670606823913156 0.29575406336316873
0 0.45908362151198245 0.30229781188216864
0 0.4677871468197947 0.2856505065738988
0 0.3955421054162054 0.222119875147897
0 0.35988897864828634 0.21993991139890098
0 0.33153955757869447 0.22417625492694332
0 0.310450011667823 0.2320271774667318
0 0.2987272240190063 0.24281105115300133
0 0.3058604902355983 0.2699803264201188
0 0.285743732492632 0.30143466533399094
0 0.32478251701165856 0.2836385988721661
0 0.34416364516889997 0.28251756973961156
0 0.36881778838765267 0.2779438283597054
0 0.3917641951564998 0.27051568048007013
0 0.4084926672625642 0.2622820938668665
0 0.41925226988168707 0.25492705767895996
0 0.2928538506041096 0.30066792537518244
0 0.4623577238889686 0.3055231719791722
0 0.4568776249382566 0.2638085651464489
0 0.47931418941996773 0.29213972385524034
0 0.49421845458227875 0.29549441601381915
0 0.48206365548608676 0.2944374226388477
0 0.47000096216483456 0.3077631377372421
0 0.49788607474620833 0.29536178132065205
0 0.5024226653676496 0.29809308285806696
0 0.4148004529093891 0.2467038831790956
0 0.42607010869537226 0.24520099672282777
0 0.4323667501598471 0.24408606863489338
0 0.3225018527940356 0.2617771063699108
0 0.30695393404880156 0.25660144147418795
0 0.5014369324289797 0.24691405408188744
0 0.6009494197016527 0.18606827305812462
0 0.5327082542930475 0.28896470998181684
0 0.6554454771275259 0.1299734410284614
0 0.5504720160729775 0.21042044139375873
0 0.5693869864890344 0.20776233978632117
0 0.5878888921898628 0.20341006380503251
0 0.6105068132344178 0.1879965813220048
0 0.5343113943997315 0.2106031702012241
0 0.5601299830126863 0.16055846932221526
0 0.539226968328661 0.16727951369365723
0 0.5819147020452636 0.1588749339600571
0 0.5983258163878686 0.16230485552833193
0 0.6299924241842599 0.1936858684575858
0 0.6478203258433926 0.3607195999775948
0 0.6065359155840009 0.17897916174068504
0 0.6935654586880519 0.17744554316296296
0 0.6492890220151168 0.17670846386116093
0 0.6043727113727779 0.25663267781420585
0 0.5468402779052026 0.32151264853838113
0 0.5498521270128242 0.33495498939054685
0 0.5726295704580058 0.32053963276518493
0 0.5888000223707046 0.32196420147305443
0 0.5679326301385582 0.3314616875488217
0 0.5814526159049086 0.32958022118950425
0 0.6377965312466842 0.3282023431206284
0 0.5239685225587354 0.282090320139706
0 0.5188007689226529 0.270840498078771
0 0.6192324646917576 0.14252276038255343
0 0.5480913137584799 0.23768592156281992
0 0.5685759106265844 0.2713658938220903
0 0.5667196824077816 0.2652679501461382
0 0.6615955734051733 0.2423820493935871
0 0.5097129558712118 0.25785824406046826
0 0.5653084104071187 0.13674737792722985
0 0.5947942623106236 0.13616210622947758
0 0.6218089607194506 0.11463789812990931
0 0.4878376558863161 0.1690866078148369
0 0.524169150284071 0.178457257710919
0 0.644444173901393 0.31628256585417674
0 0.7457228924151714 0.28377751108645055
0 0.558458225888039 0.2811997945235223
0 0.5462546811325137 0.2881062778772092
0 0.6085961456037272 0.3259377210747962
0 0.6028364363601942 0.3273660462109649
0 0.6026356788627206 0.12469935266911483
0 0.5726847885027213 0.2768777590505883
0 0.5304763681777922 0.14595425763383968
0 0.5288373460749534 0.13486819315691287
0 0.523699310258471 0.10840473564065137
0 0.6138664841148924 0.12588811096023111
0 0.5260279415025992 0.1284475748111554
0 0.6304126588101125 0.1333017751616256
0 0.644370560656117 0.1379880329140094
0 0.5487575963579653 0.32859270913260324
0 0.5702661278378611 0.3262722448808472
0 0.5851910916561819 0.3258031703510872
0 0.5555243698353506 0.28459137027003184
0 0.6056259209093665 0.326759118325904
0 0.5984100385054254 0.33085634795223634
0 0.6000457514187455 0.3279622342406201
0 0.5468867363306037 0.2783223200245064
0 0.5786583622296652 0.33196610779989333
0 0.5659141218611963 0.334755318839343
0 0.550348472997609 0.33867034908770177
0 0.589572296363895 0.35653362788406073
0 0.5633571240972366 0.35616406088783625
0 0.5586768270544865 0.35037603515202925
0 0.553896897452793 0.34462262402061655
0 0.5501437574499267 0.34028972263763596
0 0.5782078582526259 0.33287254151176005
0 0.5835984306496407 0.3340399839630982
0 0.5899321545025468 0.33579174009691765
0 0.595768623965702 0.337973821563881
0 0.6100641604717271 0.3015473077611095
0 0.7306036597062767 0.22444512947600762
0 0.5880391683256576 0.33056117840507787
0 0.5929110414871184 0.3306907121540785
0 0.5432896797667073 0.2935775787222619
0 0.5716197810092556 0.2852906205740963
0 0.5447829677585811 0.2909253134446986
0 0.5730815992576663 0.23976351633793166
0 0.6091547497717137 0.23990217644293435
0 0.5731337352141046 0.2701003052273384
0 0.5800367694363815 0.10652147930543296
0 0.57614049076531 0.1218575264225487
0 0.5685119978486234 0.12493377648481802
0 0.6267665808210896 0.33756401792627755
0 0.4849679072697957 0.15009394246323102
0 0.4765380389579741 0.14062375982268518
0 0.4674127704232051 0.11694072733740178
0 0.6033635707847177 0.19654419525664726
0 0.6552830024107599 0.19832348172404185
0 0.5233990175311576 0.2097162623532346
0 0.6204288989179748 0.16414825338609412
0 0.5289011939668454 0.23333089759035938
0 0.5543239775589247 0.26877317675689355
0 0.6925154398765242 0.20298030571777279
0 0.6437415875463043 0.2127271026623349
0 0.6190632093807816 0.22458590729897762
0 0.5809534798191569 0.23024380682897166
0 0.5529764885640849 0.22988463934062242
0 0.5319236843897823 0.22816791379151224
0 0.4903183962976882 0.224412405691227
0 0.7043582829745006 0.22738957680573985
0 0.6355728856621915 0.1580647177555982
0 0.5227234237807713 0.2897869644044828
0 0.5519337694353192 0.24913690161972152
0 0.7022389093028845 0.17386308287372107
0 0.5146547113289813 0.22498008016110801
0 0.5764599248829774 0.27061180974922927
0 0.6146948521147297 0.17683398907258063
0 0.5511390773052908 0.2616114957826812
0 0.7412725191579086 0.25266167930528227
0 0.5229614258818486 0.20481230823599658
0 0.5299839478001815 0.25820615486938414
0 0.7177329563893347 0.3206455186635506
0 0.7292106206910016 0.3313220442176199
0 0.7248605288533722 0.22473379460369505
0 0.7316566957200127 0.3005663757564641
0 0.6689899249418878 0.15623566491597174
0 0.6612114478767169 0.36933730029258405
0 0.5235576964128873 0.293466549794547
0 0.5751073747747558 0.25368915068335224
0 0.669286421834165 0.17405667759123303
0 0.5829642666543083 0.1966806872218263
0 0.5667753546549801 0.20106093472793324
0 0.6037490589206229 0.33119374580410016
0 0.714462471410695 0.2500194227662073
0 0.6408393634522515 0.39079452295597195
0 0.6899500393666296 0.3649417245421423
0 0.7088914184127679 0.35095828153839964
0 0.5511089377262421 0.20312699550340155
0 0.5363848936205675 0.20405039616993495
0 0.5272848819881552 0.20494072009869316
0 0.6505984553304905 0.15081539098956004
0 0.534027452961805 0.18904476347757654
0 0.5476815582327702 0.17999193514762474
0 0.563959753463037 0.1753354893178165
0 0.5811886269331984 0.1739977344411428
0 0.5929834867831524 0.17556112712504818
0 0.6808333195714508 0.14876383910326063
0 0.5937146878946683 0.19152243047201334
0 0.5892041328084117 0.298940926372838
0 0.5571313057770709 0.2789163147034097
0 0.5501496296391708 0.30265530284379377
0 0.7008169311008373 0.3394650731767927
0 0.6820234598489753 0.35424076959866435
0 0.6319472792279368 0.3839855554724942
0 0.7413603748953292 0.3103796034967866
0 0.5260853656736607 0.19925653817606906
0 0.5151302937716874 0.23901699554352535
0 0.668112275972648 0.3782433632041226
0 0.73447009078561 0.25038736365756403
0 0.5654111574973738 0.33605950536514195
0 0.5707634146706464 0.3387320402289639
0 0.5765987486275943 0.34252804968537404
0 0.5821683416889689 0.34722837513568355
0 0.6111948002239823 0.34728547788801645
0 0.5922092013218232 0.3283056575043195
0 0.5964947964068706 0.32606773383143234
0 0.6003498724241297 0.32356161630454183
0 0.6289363385252812 0.3078198875365805
0 0.6905378098226298 0.2623183219706645
0 0.508933090207949 0.22809248269439078
0 0.5020484511862324 0.19602295931647806
0 0.5151352899990002 0.19513903896347815
0 0.5882975770954342 0.33012230656728025
0 0.7106890869543019 0.28763715292559283
0 0.4825168035704375 0.20027389997193792
0 0.6300620469362926 0.35379788922328576
0 0.4965220560252918 0.23634993145111896
0 0.5405151514564386 0.2534647734225297
0 0.6038816211595817 0.3655001718123086
0 0.6609857416857144 0.32739829098811
0 0.5991946732947595 0.27522853576168627
0 0.6491504253717414 0.3413952974712147
0 0.6417000771574833 0.26271224272351307
0 0.6228842850978867 0.2820408058767559
0 0.6690111426864496 0.2769036002519752
0 0.6196637948354086 0.3749936241395667
0 0.5565836024686757 0.25773705512869594
0 0.6849879096831953 0.33020469588058
0 0.6672943221868844 0.3459216675170663
0 0.6667749092045716 0.3115279612754907
0 0.7212281418249074 0.26969630010321693
0 0.6941050836808571 0.30598970020518584
0 0.7386527116791608 0.2752174933751424
0 0.6453243209842892 0.2938672522870766
0 0.533525234787776 0.24392165556675247
0 0.5512424083701669 0.2750136882317166
0 0.5646480648829464 0.27627864655326395
0 0.5372691609688449 0.268884835957813
0 0.5098526231347257 0.17723953206332124
0 0.5355573042535581 0.16019543195639005
0 0.5621949172724149 0.152558777095223
0 0.586670461586256 0.15106888687243314
0 0.6062788694216732 0.15452196467824342
0 0.6297499125013875 0.17746015289584463
0 0.7118720248781679 0.20042525377928042
0 0.6207476841749521 0.20285567549430356
0 0.6015774844064994 0.21225325066168435
0 0.575582178584634 0.21752091023434444
0 0.5511182813201776 0.21912384625910378
0 0.5323725337720622 0.21874807737454646
0 0.5186663249876932 0.21760179949741737
0 0.7166820616158756 0.19887255052892433
0 0.5663404233345 0.2799664002840592
0 0.5210053380028608 0.24865910410881042
0 0.5373081574963114 0.27800491443869113
0 0.5320202997465174 0.2863265124021792
0 0.5393141103193226 0.28039072541629567
0 0.5639091423292201 0.28480094871601136
0 0.5285310189432233 0.28795647454194995
0 0.5293167243526957 0.2915128289150591
0 0.5156354318188212 0.20676021799653851
0 0.505831568552975 0.21230642050922083
0 0.49892016402779754 0.2171056106143973
0 0.6004106706707789 0.17735093915495886
0 0.6100405743856471 0.1676155627608633
0 0.3589022886400987 0.2537285553641012
0 0.3814464991102742 0.24849133798722126
0 0.3528276224176592 0.24237477604080648
0 0.336593565935827 0.2587426560265677
0 0.3647366168629771 0.2647020656521581
0 0.5652520568561956 0.18758676507893732
0 0.5856434448861875 0.18335572845127737
0 0.5598231367924043 0.17516666433724368
0 0.544955597145145 0.19166546467305565
0 0.570819606006397 0.20003158513571367
