0 0.49208605056825067 0.39102533885410856
0 0.5227274096213312 0.34728375502995085
0 0.5099944411953793 0.3596831900732858
0 0.5379101818875421 0.305845811420462
0 0.5327339461584132 0.3357087311958398
0 0.5443876912573722 0.32109605180783096
0 0.57137726605693 0.2857261360192499
0 0.45609403253859104 0.2404522404951208
0 0.5983819410770754 0.2519624802578731
0 0.6119342035130609 0.2355923306207363
0 0.6510122613313329 0.18577467017814892
0 0.48803284022375504 0.39597736152948115
0 0.48305990084817135 0.40115251961876364
0 0.47912498032241935 0.40468465129868325
0 0.47967676636035933 0.40438398059342756
0 0.47599666562512954 0.4093674548199865
0 0.4708882667092834 0.41529421312134474
0 0.4646605532380599 0.421705758371273
0 0.4463913701003111 0.43225108291588576
0 0.5168054113911174 0.3534656033462503
0 0.5014038571954277 0.3485062317687924
0 0.42432359659470587 0.1747740745878353
0 0.4921135392495852 0.26535456387602646
0 0.47566752934254675 0.2606860425959782
0 0.46055967301004547 0.25516690777129486
0 0.444175005965092 0.24245084659392094
0 0.5078931127670948 0.26824119511772604
0 0.4997580616031518 0.22239638176284918
0 0.5170350974496407 0.23041822237460888
0 0.47997947012070363 0.2187908485490067
0 0.4635577233280311 0.2203156801164985
0 0.42231625205353845 0.24531158170446293
0 0.37120540220023207 0.42639007104211163
0 0.45217732362103363 0.23566354498141953
0 0.37540833023278525 0.22164718744133702
0 0.4094712594013174 0.2308341133661297
0 0.4408733669967088 0.3101585671013477
0 0.47415431026164995 0.38173895122624246
0 0.4650802765717486 0.3946156712139354
0 0.44895362633944563 0.37974702694168944
0 0.43039421353662066 0.38013540329385537
0 0.44802145175793 0.39015049142997804
0 0.43339563214577703 0.3873883978325446
0 0.38847266143887355 0.3868249163908117
0 0.5095719204673285 0.3422671670005435
0 0.5167263707279656 0.33045194780125337
0 0.4487045440618499 0.2031314099202303
0 0.49788756102700776 0.2934512975169163
0 0.471676389753567 0.32762577002789794
0 0.47428593052087453 0.3213074202297114
0 0.39022373040265673 0.2913315329565054
0 0.5281431651065118 0.3170360896099849
0 0.501534264298934 0.20238267490509845
0 0.474097877112119 0.1991092639476979
0 0.4587841982076943 0.1593967156917775
0 0.5635470452439433 0.2368912600001701
0 0.5279172469669253 0.2417855850454806
0 0.3859962680797537 0.37174440064684017
0 0.30368704942962793 0.33546717978325213
0 0.4790421574679105 0.3382973819553685
0 0.48911905703665337 0.3464861804363774
0 0.4071558446698048 0.38268330701592923
0 0.4110778058380014 0.38392822415220973
0 0.4707429877439129 0.1892227050470037
0 0.46607620605436556 0.33302771611040044
0 0.5313103864213082 0.21349663168442348
0 0.5365227599184221 0.2035977918059886
0 0.5498389565240481 0.15599951072901236
0 0.4636509507768768 0.17204391371970082
0 0.5437250513316206 0.17852155534493155
0 0.4417419722185859 0.19473138518360147
0 0.432031488494028 0.18344390901530824
0 0.4689991120799181 0.3884607907436809
0 0.44836084991064756 0.38512040854168206
0 0.43186076180341376 0.38368925360404477
0 0.4809359934511064 0.34204352853678854
0 0.40918474056549714 0.38334588927715096
0 0.41613625128309434 0.3879566910554047
0 0.41328259504042597 0.3845985052632351
0 0.49071288674692565 0.33611742638740216
0 0.43442221878701626 0.3898676899300904
0 0.4479738960537729 0.39352890857461453
0 0.46288806137153365 0.39853060195425977
0 0.4253409347076456 0.4239522477491897
0 0.4450861287267902 0.41370831567700167
0 0.45184506167842364 0.40754921396239463
0 0.45808002553911653 0.4022055341749966
0 0.46344178845862294 0.39829034097388344
0 0.43462818408314186 0.3899845505962853
0 0.4299814123267363 0.39110556436853916
0 0.42430334403042047 0.3928112751629506
0 0.41848406440849545 0.39538938374746413
0 0.4228416341140803 0.35715868910487625
0 0.33101039904833846 0.2719120701321033
0 0.5135291773307172 0.3564139128733082
0 0.4240098031638544 0.3875035087601477
0 0.4203366388248492 0.3876669780880797
0 0.48983653160087165 0.35259438662969766
0 0.4653533079704655 0.34202240044329346
0 0.4895591899312498 0.3496597906788524
0 0.47389015630830694 0.29375300712946084
0 0.44005271710675475 0.29154575563946356
0 0.46676858970384555 0.32583847767164725
0 0.4994384164800121 0.15199457780987607
0 0.499757676247806 0.1691584744874169
0 0.5030950819012485 0.19189239057506166
0 0.3957060810005614 0.39886963567813905
0 0.5718735181078126 0.2196139693260193
0 0.5850494453675636 0.19374319844219198
0 0.5983416643072281 0.16762867803667106
0 0.4487692694875258 0.24876517199334644
0 0.39592536246474785 0.24786671403409385
0 0.5196501045538906 0.2692080569200489
0 0.44145601000715406 0.22139165999174787
0 0.5166612884917843 0.2901173018607773
0 0.4858332461822888 0.32587421608238326
0 0.3712552843088842 0.247933564984164
0 0.4016039302957712 0.2595211431926706
0 0.4208609932711356 0.27081129864818243
0 0.45501095565814004 0.27975809482299313
0 0.48226141602681155 0.28317106930481617
0 0.5042226030982496 0.28401928789475384
0 0.5531539830225932 0.28283194809400736
0 0.3543823577683686 0.2733923380448371
0 0.4287844843502286 0.21549311622518116
0 0.50929215248627 0.3502526458571939
0 0.49130484964777144 0.3052647888493471
0 0.36932923547326263 0.21957871209339602
0 0.5228396336614834 0.28231556742799047
0 0.4634828359391619 0.3262155463381642
0 0.44350303187651974 0.23336652096580057
0 0.48995901751115856 0.318608754656228
0 0.3148762700678427 0.3019789438120791
0 0.5234264870358922 0.2653635094145767
0 0.5099000434080759 0.316317406355166
0 0.31966596584028334 0.3761915799950351
0 0.3083659769487783 0.3887518160149497
0 0.33574112118044985 0.27055208581168444
0 0.3115443450237628 0.353255569100046
0 0.4042420016310889 0.20095238390089082
0 0.3580579484188104 0.4359430532161595
0 0.5077866690571298 0.35383737905352725
0 0.46864458516177243 0.3085044735953921
0 0.39165522560540134 0.2287279967667342
0 0.469155951705663 0.24849407187029093
0 0.48174435478725514 0.2536359958621968
0 0.4116020603773463 0.38868051416733684
0 0.3395358151775875 0.297918259847064
0 0.3747989264344364 0.46142843323929306
0 0.3359789425184958 0.4293399115904373
0 0.3219676362311287 0.41212760183323666
0 0.6309922804057849 0.21153216735989439
0 0.4077970474203931 0.47582423252885747
0 0.4951147009551777 0.25779198590113
0 0.5087100661002131 0.2614709097130292
0 0.5179784473361848 0.2644075834784521
0 0.41701160735973325 0.2091606044802679
0 0.5159032088920537 0.2507845343661909
0 0.5053106895981961 0.24167309872576503
0 0.4922253065722904 0.2360192121577864
0 0.4767153533450662 0.23329014487627173
0 0.46525111744172465 0.23365322656992102
0 0.3961429883281893 0.19397383586031383
0 0.46123591455226204 0.24417965393774316
0 0.5021259417513755 0.36867360941836147
0 0.44471875663045085 0.35578630351218854
0 0.4809327393392973 0.335981078007642
0 0.4797236369883461 0.3618440953623347
0 0.5837589331317049 0.2697304413766086
0 0.3300956653643258 0.39855127074137453
0 0.34291165645866956 0.4170178806080538
0 0.38152920036627774 0.45412288092765485
0 0.3021512656523709 0.36483026485817105
0 0.5215027075150848 0.2602083967680357
0 0.5276378643412127 0.2967983943407609
0 0.4153420767326395 0.4685820207542398
0 0.3526440483482578 0.4458567440008917
0 0.3207686672985302 0.2980174481534824
0 0.4483265104676098 0.39345108895074754
0 0.4425024210400722 0.3959045724040654
0 0.43629859960028894 0.39954671889793975
0 0.42963603402994854 0.40454804045813425
0 0.4074181432085198 0.41161013851646616
0 0.42151542655526336 0.38545994531540645
0 0.4189056288843919 0.383227257000632
0 0.41682799267366466 0.38105731868610326
0 0.40256977351657447 0.36265138100509214
0 0.35802870422978944 0.3120943247771063
0 0.5358390253555926 0.2856638671971169
0 0.5438549018107386 0.25919478413771513
0 0.532461228752941 0.2574390745630451
0 0.4241469753945427 0.3873884853194742
0 0.3336535799100932 0.3396160287015578
0 0.5601745865264522 0.26333175670532954
0 0.38867995407007916 0.4185519639183493
0 0.5535812992838365 0.3091045464454245
0 0.544831363712182 0.29496826619661154
0 0.562038307702994 0.29798220185672536
0 0.5011646228877804 0.3105690120315017
0 0.42516188719604586 0.45768300842504206
0 0.4364397395637971 0.4443129715131444
0 0.40996589866871574 0.43364665254491386
0 0.3685021201769511 0.38523987194403214
0 0.44133430907997906 0.3303245012165785
0 0.37510939439137775 0.40279775507309856
0 0.40357527979315583 0.31462379062876983
0 0.4165164685576274 0.3363025706021392
0 0.37464445603044727 0.32881644526783493
0 0.3936681934801335 0.4444281261842124
0 0.48501961832308066 0.31406859857361524
0 0.3465363944758846 0.38829460932093174
0 0.35769037650858804 0.4079202679025025
0 0.36779532138305376 0.36642285505262745
0 0.3286804835378872 0.31947699681717473
0 0.3446021960883201 0.3601934794618302
0 0.31125648458044236 0.32509739776285423
0 0.39159807883485964 0.3474018405131599
0 0.5098521166209933 0.3009040465875834
0 0.4873812756960905 0.33248499094271194
0 0.4743285479676371 0.33291542663627643
0 0.5010459477136909 0.32720913539747565
0 0.5414671829984158 0.2422320745906242
0 0.522408720750346 0.22450121886589947
0 0.5002151644053842 0.21489625851981112
0 0.4776905021838498 0.21113929636672096
0 0.45770346200415857 0.21309353565635467
0 0.42859969932570235 0.23276412971213417
0 0.35325368050533007 0.2450311204799417
0 0.4279774503491599 0.2530280491885017
0 0.4428163857399663 0.2619896197185463
0 0.4651695362877745 0.269219977014205
0 0.4877586527590007 0.2738246218997891
0 0.5068626440275571 0.2761215146850137
0 0.5212762470235301 0.27643000453460115
0 0.34929000105284436 0.2451990297695502
0 0.4715226329705886 0.3366053628654373
0 0.5200837434972891 0.30667310969836237
0 0.49912151166155366 0.33681209448004973
0 0.5024633988549437 0.34580389174426635
0 0.4971724699569654 0.3388965143209078
0 0.47272738223337424 0.34189506321728064
0 0.5048345045701361 0.34781694412231445
0 0.5034115442746803 0.35142534253310087
0 0.5291746757327253 0.2675832934072372
0 0.5356653300015736 0.2728569289716352
0 0.5404181315677579 0.2764003136578728
0 0.4580887602602882 0.23458476552442342
0 0.45056231363916194 0.22464836094559743
0 0.565724988023943 0.3158852646664745
0 0.6885136448884313 0.32421279554607485
0 0.5293121905014988 0.3586685604074088
0 0.7662955947566134 0.299005142780913
0 0.6349690048503474 0.3179855196415877
0 0.6497615691478745 0.3246611441884722
0 0.6648744065550309 0.3298453571749668
0 0.6905012221276006 0.3305775571604069
0 0.6236987882274113 0.31055125218479573
0 0.6880972327562324 0.2909530863708475
0 0.6677539529679697 0.28550695938890386
0 0.7037161130945391 0.2995767167636326
0 0.7102485427373573 0.3087700401701513
0 0.6953334354398623 0.34242512465191155
0 0.4930219359790223 0.4691626277624392
0 0.6969673706509393 0.32276792703222495
0 0.7364612982494418 0.3526033102965155
0 0.7185947686308044 0.33915317910058157
0 0.6047794678040195 0.3694853568945278
0 0.5124829946565226 0.39537074903146224
0 0.49940068020096307 0.4070363874528922
0 0.5262262363474077 0.4068687406240725
0 0.533095309565842 0.4166578937645386
0 0.512221980635627 0.4131319080414224
0 0.5213832616303038 0.41894020904012086
0 0.533106927315897 0.4389232079855868
0 0.5357324960111063 0.3517770837335026
0 0.5476571031009094 0.34169080310842903
0 0.7369849533471378 0.3054647183551842
0 0.596244474880806 0.32901738087336224
0 0.5703777399244188 0.3635290717544342
0 0.576485193982909 0.3583602127240819
0 0.6525606762004804 0.3862192881207506
0 0.5578351941289781 0.3277599093626861
0 0.7129842231545267 0.2798473642987697
0 0.7307207881146845 0.2917088422120786
0 0.7714784243438817 0.2734038425760777
0 0.6363866272606428 0.2633851893475744
0 0.6468889305863199 0.2853956650786039
0 0.553520784222124 0.43247846144588054
0 0.6297008547350325 0.452682977297059
0 0.5522083780936551 0.36504333927517846
0 0.5367226594359563 0.3639107772282192
0 0.5376956674117076 0.4308490829975331
0 0.5343822108793862 0.4292191358841434
0 0.7434259253212169 0.2869639229707691
0 0.5651637393714003 0.36905704275900575
0 0.6838419677587501 0.2694913177263169
0 0.694036786063311 0.2610251091274561
0 0.7370464389334248 0.22491522888843418
0 0.7589436712898786 0.2791408198554309
0 0.7156779141114231 0.2415368378329344
0 0.7485097614018726 0.3030101741228451
0 0.7575573340246949 0.30128641914920645
0 0.5062337441031943 0.4018888971050914
0 0.5191411928662771 0.4103812533600324
0 0.5274948404182361 0.4179244420441593
0 0.5460784307009057 0.3658361020876246
0 0.5359260871189053 0.43002447494271756
0 0.5278486108981104 0.42889843067201244
0 0.5325437518866253 0.42829936392167034
0 0.5507415443784577 0.3580809544448425
0 0.5167680319225738 0.41934630149552804
0 0.506911056076927 0.41464750973784287
0 0.4943246939514257 0.4098496390324013
0 0.46825500517957824 0.4393081067323017
0 0.48394974343132874 0.42786492570107726
0 0.4893667263446478 0.42110056753585984
0 0.49309192792775763 0.41485489750442717
0 0.49475592085580783 0.4096211231723219
0 0.5167032922244776 0.41951891320760176
0 0.518100890429211 0.4231185410536972
0 0.5188616675163623 0.42733659213330566
0 0.5182301985563608 0.431919026274641
0 0.5552331606547037 0.4051543904953644
0 0.6915280085827228 0.40233715826055916
0 0.5239424064818314 0.4237096683651793
0 0.5260666135997208 0.426266167678085
0 0.5289357126010621 0.36688220517642023
0 0.5530918123601358 0.37395372995141507
0 0.5326179256544837 0.3654316718838796
0 0.6075049006234744 0.34208889050977903
0 0.6276456833137238 0.35945882984236177
0 0.5736974763216348 0.36465614399656193
0 0.7641611543134295 0.24898893075162956
0 0.7473448464639076 0.2593598063586473
0 0.725129881488623 0.272571010749881
0 0.5149813247255132 0.44145291442630674
0 0.6544839133693197 0.24939653235657208
0 0.6766611706103957 0.22742492269401124
0 0.6999510486417682 0.20509406982683667
0 0.6794076124324074 0.3324053340933236
0 0.7041941820820675 0.3565069333511908
0 0.6170126160740349 0.30448705191705744
0 0.7185117031451519 0.31931153716159466
0 0.5916451874664564 0.31719730614948005
0 0.5665912097516442 0.3553194732559161
0 0.7114518790305415 0.3711400190655257
0 0.6879351551522686 0.3619309261399491
0 0.6650405375263359 0.35946208873048885
0 0.6362961686613188 0.3463780684631412
0 0.6178646510160422 0.3332335947274494
0 0.6056560513087969 0.32173284729655716
0 0.584173375669914 0.29408923033572715
0 0.6895319249811052 0.3946847421448438
0 0.7299363758996569 0.32146434990965683
0 0.524796254021206 0.35585718979688585
0 0.5855677340352585 0.33935682680092605
0 0.7359335612395644 0.3524677930425863
0 0.5985425914390178 0.31081660004223094
0 0.5735134762802204 0.3661352636433449
0 0.703036060816125 0.325532754596208
0 0.5728780395873991 0.34873378527264637
0 0.6636562840345037 0.4278709841709511
0 0.620195594140749 0.29988221018588174
0 0.5671159495532764 0.33706757818617405
0 0.5787620160901596 0.4682417840850787
0 0.5658269787388008 0.4799388521859626
0 0.6975327012156636 0.4012012060950784
0 0.6099634391849051 0.4600247491975458
0 0.7480773070693519 0.32565740159913603
0 0.48666257370373367 0.4808147057097833
0 0.5197353965370967 0.3581864199384588
0 0.5924432726600503 0.3533050648304595
0 0.7284272101861012 0.3452206163847146
0 0.6702002172480153 0.32248648157974585
0 0.6563532578794262 0.31818433368907256
0 0.5290015227306745 0.4317955166017976
0 0.6664210230992313 0.41602862215175684
0 0.4436430157739905 0.4854888261533251
0 0.503163889239106 0.4873280638740176
0 0.5311435846462531 0.4852746144062331
0 0.6436799196251334 0.31259779018514294
0 0.6320511227167105 0.30649013078513265
0 0.6238246995185498 0.3026280530861446
0 0.7407294084251178 0.3221434672005704
0 0.6420107029912844 0.2962319383434221
0 0.6592128229040637 0.297356648438451
0 0.6743857757451666 0.30174269629459755
0 0.6870186659605694 0.3087605259665588
0 0.6928638214803446 0.3151140017669742
0 0.7548164584465671 0.32417721023746565
0 0.6806261060358603 0.32412176539584037
0 0.5466964264962241 0.39276129825442446
0 0.5547238636117444 0.3629768542548856
0 0.5223132668039466 0.377464536692248
0 0.5462026863912993 0.4747318925977755
0 0.5173632203903882 0.4779794511674833
0 0.45212246043772636 0.4788896870546314
0 0.5964620436545666 0.4700208089264835
0 0.6275988412305775 0.2980609072857544
0 0.5801357650807135 0.31574823826300996
0 0.47467796535934575 0.4881487131452694
0 0.671157668285732 0.4243121471057753
0 0.5071679025511199 0.4146199732267556
0 0.5074422470124965 0.41941594109147873
0 0.505922748066705 0.4248137752882907
0 0.5024259622967193 0.4311722597154249
0 0.49320199683245725 0.44203962364784477
0 0.5284278713449647 0.4241772203886208
0 0.5328188099690128 0.4245720270301114
0 0.5369815611386601 0.42451260153318987
0 0.5575738946596781 0.4188966624209193
0 0.6420178106565516 0.414652037186449
0 0.5883233672958889 0.3046842365204787
0 0.6169001494027391 0.2857237191928201
0 0.6248911347570298 0.29098068849713193
0 0.5239817698167849 0.42345420653078736
0 0.6182557724196197 0.4419050250066763
0 0.6036244579256839 0.2795828256954332
0 0.49426826080189473 0.45569952662919416
0 0.5746447083064775 0.3057113877531527
0 0.5759023654310009 0.3377205806286061
0 0.46439754107833414 0.45284307837820187
0 0.5455177244003312 0.44857231642351764
0 0.5792048892894375 0.38015876230405493
0 0.5204751360768507 0.4543075220925467
0 0.6181060832764026 0.3921270617583887
0 0.5845154855824723 0.39699831212602077
0 0.6140379582527821 0.4151470601057806
0 0.4592763968912358 0.46757159046098296
0 0.5784682896821308 0.3479300647222695
0 0.5522671804649417 0.4613079418655203
0 0.5225561833960094 0.465984096380175
0 0.5697509237734074 0.43924970920680284
0 0.6446791888540807 0.4334055823104388
0 0.5884091445413823 0.4475665448092613
0 0.6432437544633568 0.4444773594538371
0 0.5826217923234787 0.41646798151213915
0 0.5826254746078942 0.3272595716123821
0 0.557393890895924 0.3580326835314433
0 0.5622223077444085 0.36497813964090425
0 0.558566969658252 0.348137518104051
0 0.6400607478518023 0.27825427105446826
0 0.6732667038209328 0.2798747258359979
0 0.6980034912688823 0.2872834908528154
0 0.7146640870138563 0.2969432726961558
0 0.7218628103220011 0.3075247293426877
0 0.7090689272065706 0.3315707744002676
0 0.7195374048963378 0.37758375950554174
0 0.6834830163903377 0.3448829605799763
0 0.6646098815187623 0.342608256667268
0 0.6439344825120917 0.3347796200036335
0 0.6263484915852043 0.32474968096121354
0 0.6140039613478294 0.31543525377241505
0 0.6065046037802716 0.30766090274858876
0 0.7143996190672686 0.37737033514081597
0 0.5581087678796631 0.36814212632112475
0 0.5727894078578627 0.32573541806859463
0 0.5472068367879602 0.3543181197316039
0 0.533005721584151 0.3569340445414311
0 0.5445410912298452 0.3562353301782902
0 0.5501519506993676 0.37007834330326367
0 0.5298762793656643 0.35689216017389164
0 0.5247390787058239 0.35913928383204785
0 0.6143467563365582 0.2983323464206621
0 0.6037084653910705 0.2978376734490488
0 0.5969767356723673 0.29790555237054156
0 0.6954162440219509 0.31933281835721655
0 0.7109326198382719 0.3173715801132159
0 0.48748694869536385 0.24473537091447525
0 0.5043563356756661 0.25060557985172216
0 0.4959798522513627 0.23410540276548775
0 0.47036307019020435 0.23887473086015182
0 0.4788989194586307 0.2553739455901608
0 0.6608704217878575 0.30662814141655503
0 0.6784314930690492 0.3133439005923872
0 0.669381608314152 0.2965853964748169
0 0.6432671041428288 0.2998058887756839
0 0.6525706668946311 0.3166456354432413
