0 0.5285006521836572 0.46644518697175424
0 0.5347140748863635 0.4249978865078394
0 0.5328869197679602 0.4351654368034307
0 0.5196175889476485 0.3815037079047466
0 0.5353820800133373 0.412126166611046
0 0.5355475778165071 0.3946456442168657
0 0.5352583213344865 0.3523861963193918
0 0.4022955769753974 0.34447954084886157
0 0.5356458733263223 0.3286006517600322
0 0.5363882462615552 0.3132710430663133
0 0.5386726380042408 0.24200021896673285
0 0.5284805887419245 0.4706273717076882
0 0.5283738225698471 0.4746239935250386
0 0.5284534877409106 0.47719478904121165
0 0.5282397762588833 0.47717820280703943
0 0.5283149373920067 0.4818758348515932
0 0.5282403904458751 0.487596386908621
0 0.5281303486098414 0.4937776257486447
0 0.5296892831506936 0.5094657967379992
0 0.5339244095527608 0.4310196332525516
0 0.5144569723178511 0.4293744109463001
0 0.3311027188016021 0.2929424424858197
0 0.4534049427703671 0.35513206744107645
0 0.4350518070809219 0.35624980975104414
0 0.41727192537940067 0.35561814083569293
0 0.3943257842050946 0.3486959243706171
0 0.4692146917400153 0.35240581431898516
0 0.4272097140226675 0.32280942535810714
0 0.44855539905636205 0.3242067153147165
0 0.40782206991444464 0.3247886963080669
0 0.3952402958403463 0.3291251117876474
0 0.3781674969131532 0.35580535529964213
0 0.45685733903361403 0.532206137219201
0 0.39571182510775066 0.3411486805619105
0 0.3218752758010574 0.3486808953077897
0 0.3561015368803688 0.3473789820960466
0 0.43870843331451004 0.40862927882783656
0 0.5057824383611265 0.46404395797762316
0 0.5079359954789929 0.47422453188809793
0 0.48375697628311487 0.4678154033811196
0 0.4684933547092521 0.4717395223569179
0 0.4903267298055732 0.47473615704887157
0 0.4757978294206702 0.47575079574101214
0 0.44268782760785974 0.4871707836678926
0 0.5188377378103526 0.42428069113605266
0 0.5173541179493718 0.411839363961548
0 0.36875092270581616 0.32087902835421805
0 0.4779483156035776 0.3772833724708661
0 0.472991685828437 0.41770468576662784
0 0.47211843988169794 0.4104536466192508
0 0.3822028717916945 0.4055784498543843
0 0.5185331394490988 0.3956012755524421
0 0.41544543563023856 0.3101042402179345
0 0.3880971475787785 0.3134266422332629
0 0.3510344302200753 0.2716952995599612
0 0.4985909612606401 0.3231362897794748
0 0.46685886237284413 0.32922244679344737
0 0.4277088689091413 0.4752163556606873
0 0.3276706802780214 0.470535970468452
0 0.48616684131000354 0.4250995037348374
0 0.5013857807802118 0.42885518867684447
0 0.4490736065351445 0.47794857793960016
0 0.45332641640435095 0.4778660950453385
0 0.37776058523551276 0.3057425207040016
0 0.471105747896692 0.4225306428860927
0 0.45229747405518655 0.31271588788840216
0 0.4495352960151175 0.30335314744624536
0 0.43088284653166065 0.24548081543458544
0 0.36624419527209323 0.2882635436844135
0 0.44315467369945155 0.27356449501130026
0 0.35738571231131966 0.3153173667581185
0 0.34512084592943604 0.30450045241825824
0 0.506469304146974 0.4697476170849109
0 0.48705659353214764 0.47159824444763904
0 0.4720497533031132 0.4738380230855251
0 0.4903279069973075 0.4271393510094587
0 0.45123742569399916 0.47791417860898416
0 0.4604448948217475 0.4799025920422181
0 0.4557633184544418 0.4778412982713485
0 0.4967003145619579 0.42236202010425966
0 0.47881754374374513 0.47708463096532266
0 0.49298099007295526 0.4767130096645459
0 0.5095955927086913 0.4768081622711126
0 0.5045536549194999 0.5087673817963704
0 0.5052930464887101 0.4929633666963681
0 0.5060789883136749 0.4867460297933523
0 0.5074581324082353 0.4811673926702444
0 0.5093556759150132 0.4768421133251294
0 0.47828009173921915 0.47711700125448947
0 0.47488385519903636 0.4791202785960142
0 0.4712759800579237 0.4819723794749681
0 0.4684374892841215 0.4854254777124826
0 0.4512630424097828 0.455029658217361
0 0.3132774512404981 0.4049593090903068
0 0.5333014703963114 0.4331239851704542
0 0.4676148369908333 0.4774548130622808
0 0.46401843946913013 0.4785389582208101
0 0.5077657633177612 0.433770164091518
0 0.47724027316207474 0.4295918722839459
0 0.5046610096874444 0.4313439731688603
0 0.4580569230020046 0.38397302775495296
0 0.4274287868453109 0.391821525235107
0 0.46809459380481555 0.41552046983354335
0 0.3831168588088906 0.25538818835132365
0 0.39782093044208444 0.27734416275136714
0 0.40939571935197583 0.30088450001093786
0 0.4589825795720453 0.49574468705965125
0 0.49384933531932207 0.30800224765055423
0 0.4879644770661126 0.2733035036565169
0 0.48094993700151856 0.24150907296849333
0 0.40252990210833756 0.3532456723244294
0 0.3579378152347129 0.3635139904808307
0 0.4796726839697879 0.34980713127963786
0 0.37646820784910867 0.3341017606249754
0 0.49173593067604565 0.36969088811589323
0 0.48569222831207776 0.41420364552649896
0 0.3370958914899308 0.3731844728083714
0 0.3711784200175949 0.37251838096889894
0 0.39544348937013873 0.37778114824407344
0 0.43048644001069275 0.376589251547188
0 0.4561346712643686 0.37189100607149844
0 0.4753941806114238 0.36678171454780345
0 0.5174272701792095 0.3548869899055664
0 0.3380206267794837 0.400102232137452
0 0.36109735946292465 0.33257701855314814
0 0.5240731317064037 0.43033483176343684
0 0.4787799887683081 0.39023450810624205
0 0.31419348554766696 0.34649288082036417
0 0.49048256695918413 0.3610961752525274
0 0.4660695425194243 0.41565273502382677
0 0.38744825902192487 0.34178526872310083
0 0.4851163256427516 0.40548412302050035
0 0.31725614177791966 0.4369604542743469
0 0.4795696029196615 0.34568089854134165
0 0.5017446707124296 0.3992910874278649
0 0.37014503760830214 0.5022203256578549
0 0.36866636962994287 0.5177179790925288
0 0.31866599522207095 0.4033491703263227
0 0.34649350267389545 0.4840909582765206
0 0.3332204483449459 0.3241592451822067
0 0.4513514213587927 0.5462144270431304
0 0.5254087069112322 0.43247016195369803
0 0.46135000171868695 0.3989197964361612
0 0.3399440429132918 0.3486648753177429
0 0.4198082617443541 0.3486908045799836
0 0.43538455567930057 0.3495291172108356
0 0.4572875642258188 0.48165528276476305
0 0.3385321933614171 0.42646731360666995
0 0.48599105587472086 0.563775804379712
0 0.425495901995379 0.5475011460375094
0 0.39888404973823094 0.5355697216978972
0 0.5376671115341394 0.2748994981141194
0 0.526305829377278 0.5658857243648474
0 0.4508054603053176 0.34860907667788904
0 0.465448394741701 0.3469610113542581
0 0.47500101136772527 0.34635051760984503
0 0.3474152949841126 0.3296422106416329
0 0.4626479835613914 0.33674277041269385
0 0.44657377590951713 0.33306923805587535
0 0.4306483422608479 0.3323631316315437
0 0.41496850663553114 0.33415892768813216
0 0.4053904780227205 0.33699772183014
0 0.32028931703256525 0.31643574609272723
0 0.40938921920631244 0.34672382584624534
0 0.5326628182893214 0.4453663955024187
0 0.47053511699904566 0.44823019875996356
0 0.48664956669444626 0.42339735030048137
0 0.5065382466368054 0.4452992483865524
0 0.5351492007789405 0.3393630415093208
0 0.39676817555142485 0.5198297865580821
0 0.4227521111783774 0.5335672937225604
0 0.48647256568074226 0.5545269143970116
0 0.34576935061941977 0.49747569535089575
0 0.4741847440600395 0.3420711040388847
0 0.5049666316936845 0.37445347308032756
0 0.527654507237932 0.5565006290764912
0 0.45388443087754043 0.557322933514049
0 0.3219780625532503 0.43233636318557506
0 0.4925608861705531 0.4767635469527348
0 0.4892628299801246 0.48009707330577617
0 0.4867286944518919 0.4844605033488377
0 0.485019220120233 0.4899268353870813
0 0.47924280425776605 0.5033544890474582
0 0.4638840348824211 0.47678088817907416
0 0.46008869195761887 0.4759765855860019
0 0.45701990665301034 0.4749942935895229
0 0.43567880243062973 0.4642404918761357
0 0.36387981846928596 0.43358233619643294
0 0.5050023057214592 0.36133621557467227
0 0.49470816066731577 0.3383899037928685
0 0.4824199167930562 0.3386673516175453
0 0.467891707368519 0.4774862867982491
0 0.3573866847740567 0.4650949778548185
0 0.51147018097665 0.3395207404982353
0 0.46733783865752426 0.5176408283304477
0 0.5354203643358272 0.37997909559719806
0 0.5183882680924042 0.368621418117613
0 0.5353371164073115 0.3663942266147638
0 0.4906793627078119 0.39407652168386226
0 0.5285614055135975 0.5425217839470808
0 0.5291646906863088 0.52510557744814
0 0.49761212633355806 0.5241962365698123
0 0.42336170456331707 0.4935057106009428
0 0.45036432049844577 0.4255665371707384
0 0.4435608432344768 0.507596270977587
0 0.4073754791980204 0.42309301767660223
0 0.43232472726832266 0.43823433840188425
0 0.3887758114091728 0.44357944701028906
0 0.4903535493042158 0.540917048095793
0 0.4783558286726475 0.4004039930692617
0 0.40529792772039125 0.5042445540320182
0 0.4308613243958224 0.5194103884092276
0 0.40810302207651344 0.47735111960682314
0 0.34078361093997955 0.448967094708612
0 0.38233659821360005 0.4795714100093945
0 0.3292147335798844 0.45925865246765857
0 0.41562843776267505 0.4543908168764218
0 0.4922138705201771 0.38210619165413623
0 0.49124098552957823 0.4201956408611242
0 0.47856498493448546 0.4222104554267033
0 0.5005750795421393 0.41261143782648485
0 0.4811789775672166 0.3285765156041885
0 0.4504960380170656 0.3206184026987656
0 0.4231570651349814 0.3186980329345966
0 0.4004661570424619 0.32076055356773775
0 0.3845513565060885 0.3256971642267013
0 0.373780372026174 0.3448153943957194
0 0.3178076177187588 0.3755786237509354
0 0.3885732832486215 0.36122563281568926
0 0.40743908593836037 0.3651138660700425
0 0.4319946785335955 0.3654196025074824
0 0.45509166659220407 0.36276090938759886
0 0.4732307325238767 0.3591878145825172
0 0.48599639162421227 0.3558640323471332
0 0.3129198152733886 0.3753970009477242
0 0.4781624237480371 0.42500755984498106
0 0.5047831305343172 0.38659919722788577
0 0.504967309858488 0.42186429151806276
0 0.513733037787935 0.42776358797066455
0 0.5043159773492295 0.42354325253678404
0 0.48303039307179657 0.42837753816359286
0 0.5178355637775816 0.42923598785115324
0 0.5190061913884204 0.43140062117490213
0 0.48633287652679114 0.3464465195825998
0 0.49619436523188715 0.349924697716167
0 0.5022036603287511 0.3525601394366527
0 0.399970879211374 0.33923499955647235
0 0.3873006238237671 0.33449416780385416
0 0.5505811863619349 0.3819885780305966
0 0.6585611198907313 0.3497363035769566
0 0.5514620328726976 0.4298542792490427
0 0.7237104164517444 0.30118458580387675
0 0.6083315513704134 0.3586297102164531
0 0.6260169122530066 0.3600376644374236
0 0.6431461268145106 0.36008763548148714
0 0.6658709175560785 0.35391400554689806
0 0.5931886687226917 0.35578530082020204
0 0.6367599640203558 0.3296016062191431
0 0.616093851301981 0.33015879043850344
0 0.6549392080177432 0.3319651799789373
0 0.666288743848386 0.3362490999093954
0 0.6809405839961508 0.3613127164434696
0 0.5968838479855786 0.5333151971192464
0 0.6654660403728485 0.34673405363075976
0 0.7301799295389134 0.3564714707326198
0 0.7013588722633279 0.35385327586445253
0 0.622373043195061 0.41135510726683383
0 0.5512994524577389 0.463846409558386
0 0.5491470853271692 0.4739133807412092
0 0.573560148153616 0.46728372374090593
0 0.5886883926780327 0.47077884201122366
0 0.567015218022077 0.4740329762191876
0 0.5815621345587398 0.4746607286126717
0 0.6150682357990224 0.48874409297022264
0 0.5500626334029696 0.42472061563445174
0 0.5529826319088107 0.4123256496977115
0 0.6909646787073301 0.3295494881661042
0 0.585509898222011 0.379000814496607
0 0.591927486917247 0.41920174086007517
0 0.5926316011211147 0.41194529880000197
0 0.6751389480803324 0.4102329293778841
0 0.5519311437788217 0.3960569605123306
0 0.6480189840430799 0.3192113686244989
0 0.6735739740340606 0.32256314455383067
0 0.7094617900641068 0.2797314833741689
0 0.5684994264789249 0.3294009670507217
0 0.597968323075253 0.33419210015647655
0 0.6305968022864797 0.47719271281275194
0 0.7109757354078086 0.4765259839486385
0 0.5779073636816896 0.42623902285012644
0 0.5632125304444976 0.4296374549360379
0 0.607836874930755 0.4760017834495807
0 0.6035082385591839 0.47600492138577544
0 0.6832083926900573 0.31489139781805914
0 0.5924595775811569 0.4239580263586148
0 0.6130589998286703 0.3209825212648813
0 0.6162982220235078 0.3115949722519819
0 0.6417783835659856 0.25064735659870546
0 0.6974171225143515 0.29549943580143695
0 0.6292508626761644 0.2781274081410273
0 0.7012181722599528 0.3235910192024017
0 0.7136980168845343 0.31215529440753703
0 0.5506044742853745 0.46949471830241923
0 0.5703179317971935 0.4709846245637838
0 0.5852172381204107 0.4727857999395633
0 0.5735051016444745 0.4281384651751622
0 0.605632813728374 0.47601454753590666
0 0.596353164833525 0.4783403480938379
0 0.6010717843537745 0.4760429777097011
0 0.5693491285909777 0.4234028239936932
0 0.5785093948892925 0.47591816806706827
0 0.5642398861439332 0.4759597634167775
0 0.5475381201376086 0.47649778970989626
0 0.5536410403640374 0.509295050540696
0 0.5510409309164338 0.49288010521643405
0 0.550343803089598 0.48657143785469775
0 0.5491265100629433 0.48091841040961986
0 0.5473662245532741 0.47651258283767145
0 0.5785152296657148 0.4759301771612271
0 0.5820296332240105 0.4780133185179337
0 0.585514709353447 0.48092482784304064
0 0.5883409931607868 0.4845230969181959
0 0.6097779873272647 0.4567444577705169
0 0.7274660675422006 0.41259084069642465
0 0.5892177706827288 0.4760006037743195
0 0.5928009631841079 0.47702779421123903
0 0.5571652453230775 0.4344230435680652
0 0.5854062797582668 0.43078870002342307
0 0.5600724226754644 0.43208912684433703
0 0.6038304308186406 0.3862656086575294
0 0.6332593796693761 0.395136129596959
0 0.5955158744169318 0.4170677319061065
0 0.6836098918448323 0.2624887717158898
0 0.6703358266664587 0.28374794732941233
0 0.6539672571031944 0.30985177791528945
0 0.598509037948173 0.4970161174626454
0 0.5742326573185299 0.3145807303380275
0 0.5866484729492146 0.27573587607754313
0 0.5951167552367501 0.24431526088628217
0 0.6574316300127817 0.35821403984142386
0 0.7009270476258319 0.369476446746916
0 0.5835125877157502 0.35318614591075026
0 0.6832917429830717 0.34114673409772955
0 0.5735342499354611 0.3710179991912151
0 0.580996570703776 0.4155679399660532
0 0.7170021637626316 0.3800769378633603
0 0.6882925302438114 0.37805697991364245
0 0.6654406283860621 0.3829065069448257
0 0.631457124715266 0.38100050562533777
0 0.6064478654576384 0.37578726111762767
0 0.5881107498122298 0.37046423603011214
0 0.5521065197561098 0.3555303258092507
0 0.7143376670453859 0.40656119012746256
0 0.6972604536491892 0.34009677592826926
0 0.5434978189675704 0.4305851352603539
0 0.584845885310484 0.3917934725573961
0 0.7321862481210543 0.3545809231590534
0 0.5742124915122986 0.3647188400120839
0 0.5961324413833411 0.41723939825011336
0 0.6728104372387347 0.34760781550321024
0 0.5812993392996166 0.4067918402345284
0 0.72206946235636 0.44396772532575374
0 0.5838109034559001 0.34907201664063375
0 0.566984073623367 0.40021397097819095
0 0.6772828957308894 0.505862573026747
0 0.6738398658192676 0.5210364056022271
0 0.7285137425946153 0.4105709771207277
0 0.6990672382323638 0.4889900080751682
0 0.7221915832032328 0.3318468467534884
0 0.6004641230987466 0.5472546410949334
0 0.541049285751322 0.43266660147818964
0 0.6006926006597021 0.4009322044642075
0 0.7165168536745984 0.3555860536685888
0 0.6409883855477624 0.35311376103672426
0 0.6259625822953556 0.35331324412338977
0 0.59957605989083 0.4800893110425576
0 0.7116953834243442 0.4325564669958059
0 0.5650068265588387 0.5640529100985631
0 0.6212094915301903 0.5485272747666939
0 0.6461339929829473 0.537460528800021
0 0.6111649239192838 0.3520044769983793
0 0.5969304750147073 0.35022966736468714
0 0.5878627974054088 0.34967321454398875
0 0.7094095841698025 0.33676015882604365
0 0.6015957882222922 0.3409373889258806
0 0.6173170814695566 0.3377688755483731
0 0.6328581364258475 0.3375007825485174
0 0.6477680374746737 0.3396256962062224
0 0.6566721622062766 0.34263903509987437
0 0.7303017177011656 0.3246000072500412
0 0.6512700805197591 0.35163437747868936
0 0.5920049768427144 0.4495392136167789
0 0.5779477720675261 0.4246219004085962
0 0.5584294212901074 0.44595158521247946
0 0.6517209961362507 0.5223811174324458
0 0.6273140495885974 0.5352532856058383
0 0.5672048994380495 0.5550813853632712
0 0.6943107694387436 0.502197227616241
0 0.5896227502304575 0.34580247587375884
0 0.5630397647619247 0.3754125726611718
0 0.5951099991798401 0.5578244842480922
0 0.7232879581658737 0.4390489041697288
0 0.5642073342333669 0.47598715547634207
0 0.567478929200898 0.47942244061741274
0 0.5699421005404514 0.48390780189546984
0 0.5717397490921228 0.48956899269335513
0 0.5784488462883494 0.5042361075571482
0 0.5932850704892821 0.47525235934965854
0 0.596829415663429 0.47442965382251184
0 0.5999503556800925 0.47346467945886694
0 0.6239633524547452 0.4662195858748063
0 0.689830582426942 0.4385885948828165
0 0.5623909017961958 0.3623996692291204
0 0.5706669691464176 0.34219028663052165
0 0.5819911185813986 0.34253663928720396
0 0.5894170999526978 0.476012683648994
0 0.6925509189781935 0.4698737007768258
0 0.5554197514834611 0.3435406255117361
0 0.5881813301340394 0.5186126684041127
0 0.5515328435146291 0.3691720079522634
0 0.575107464323873 0.39538202110839926
0 0.5593123662730922 0.5246840086968049
0 0.6313961666563283 0.49564295186512713
0 0.6104350650440091 0.42754289432280307
0 0.6112008282671804 0.5090452425073886
0 0.6515265035888423 0.4266902014505172
0 0.627357452136019 0.4407707581809465
0 0.6671371408130812 0.4475152211776678
0 0.5650869011878967 0.5415227877489035
0 0.5854750175191008 0.4018482458980187
0 0.64633191474106 0.5067156198016112
0 0.6219519924210466 0.5211085073541903
0 0.6475397134604661 0.48015197539243143
0 0.7077907919883728 0.4546717211496139
0 0.6698222383856773 0.4831488224259321
0 0.7152902710696926 0.46529040285858553
0 0.6424617177766302 0.45725202484839206
0 0.5733638386363569 0.38338722461375635
0 0.5751289864597113 0.42137017273816507
0 0.5861550504746644 0.42357644859863364
0 0.5679591466551241 0.4135500346512898
0 0.584261870254641 0.33385929017179256
0 0.6142472213377124 0.32749616900000017
0 0.6407518211914145 0.3263734720539356
0 0.6621837739063345 0.32875888160281425
0 0.6765678285256677 0.3335765102149352
0 0.6851527295682741 0.3509340514631375
0 0.7314280854619067 0.38319680143309676
0 0.6707984118357949 0.3665360117844049
0 0.6527065103468688 0.36996285045060556
0 0.6291002333164215 0.36956239788644557
0 0.6067771976408751 0.36642463864299696
0 0.5895340258012647 0.3626329146217609
0 0.5777292494540629 0.3591549370329881
0 0.7299265006314153 0.38334992328199785
0 0.5856216034811476 0.42626780692649924
0 0.5635135076616121 0.38750103537155234
0 0.5628157400566599 0.42265554690274637
0 0.5529229278149812 0.42833865606698435
0 0.5624136778971424 0.42441368772499805
0 0.5803302034087803 0.4294378774753515
0 0.5494259518125783 0.429656140992175
0 0.5470550364774206 0.4317235926679079
0 0.5776168020523113 0.3498814036340817
0 0.5685109680761462 0.3532420153311197
0 0.56348064865755 0.35621161186608713
0 0.6616820343162703 0.3449281123669251
0 0.6733123815577963 0.34119932402087294
0 0.4328361914857574 0.3400772287091915
0 0.4519750642711702 0.34042178825947683
0 0.43330496970726096 0.3295029145867928
0 0.41354382313464 0.3397179939986571
0 0.43223012967602065 0.35068688590241515
0 0.6305150130520696 0.3448307891578778
0 0.648898602179859 0.345215799772869
0 0.6306247477946074 0.33423553579959314
0 0.6119990410364192 0.34433498344235663
0 0.6303796615937481 0.35545807069950347
