0 0.6127576377824389 0.2723017059454397
0 0.5764669303149613 0.2284914144948751
0 0.5905455111954283 0.24271971438111378
0 0.5246693264331496 0.18466753919585413
0 0.5648622145632651 0.21328914065320953
0 0.5512592010357209 0.19329310264907965
0 0.5196974649710997 0.14446571895054408
0 0.37847663845694013 0.18400683523226186
0 0.49069127842846805 0.10270247739904068
0 0.4754787082410563 0.08204750253372833
0 0.4274892779342233 0.013176885973505614
0 0.6181430630543061 0.2790074628942153
0 0.6241844102803162 0.2859327011749524
0 0.6287790199875328 0.290488267145237
0 0.6291758994009927 0.2907667240174879
0 0.6341323530623681 0.297279373938296
0 0.6403395513441995 0.3052241942461799
0 0.6476094446101772 0.31397923701951486
0 0.6612773517516092 0.3333840891092765
0 0.5833015044530233 0.23598614059576467
0 0.5660749095401684 0.24178894427644104
0 0.2750704023153973 0.14962986537388392
0 0.4435839757386139 0.1800984855459518
0 0.4245936575066691 0.18769327532343505
0 0.40517513007554323 0.192933250876034
0 0.3747683939551502 0.191844439306179
0 0.458083797733492 0.17109108371894902
0 0.37896447531281646 0.14307629561223903
0 0.40396062658808907 0.13707448254112437
0 0.35997160388950555 0.15333452945997736
0 0.35171676386257766 0.16445370281443877
0 0.36572147949838435 0.20674362503179983
0 0.6021048723393855 0.37768450504591483
0 0.36859832333110054 0.181611930622774
0 0.3096977587993638 0.21710721184225643
0 0.3358243532824617 0.20168151374624557
0 0.470458070185617 0.2490283901951894
0 0.586585688691602 0.27761861656894204
0 0.6030257588197411 0.2930021205870043
0 0.567961221505821 0.2922372176867573
0 0.5583999099107734 0.30412053661186156
0 0.586093561055791 0.30037682797728466
0 0.5737195191001088 0.3071790182289957
0 0.5521584917724384 0.33824806854504497
0 0.5595187573744778 0.23367193366299158
0 0.5453260807548395 0.22016554920613265
0 0.3144251699186076 0.1599149784120191
0 0.48514611912176075 0.19756430938464253
0 0.5141254085025707 0.2452871098237879
0 0.5065936712776056 0.23785422028613692
0 0.4101149170710568 0.2670022980505679
0 0.5336286345111669 0.20117944028197216
0 0.34575802301555747 0.12940245716511703
0 0.3232804354484574 0.14336047453038833
0 0.27114511881699543 0.11784254202321798
0 0.44324060696086803 0.11275629235916779
0 0.4297160154153526 0.1377881635136965
0 0.5265499469097153 0.32935603326108276
0 0.4354539938616853 0.346177862471893
0 0.5365779074184 0.24838795381433823
0 0.5553819136026037 0.24725513297970556
0 0.5512218783424876 0.3200527559809324
0 0.5558312043610505 0.31812308014941815
0 0.3063475461951791 0.13690030875326203
0 0.5191110642901956 0.252031767067789
0 0.383228730426056 0.11797063891627207
0 0.3708091388271831 0.10742875507899693
0 0.3184421023487542 0.058998151987540624
0 0.28850304351074285 0.12750522629553532
0 0.34594804073687846 0.0827806216328084
0 0.29889300754804654 0.15622873065852316
0 0.28718758258135507 0.15447913097734212
0 0.5945545180940427 0.28620632556306214
0 0.5772070721231936 0.2967733815938485
0 0.5658918953646085 0.3058252735298221
0 0.5434794319078389 0.24947627251889526
0 0.5535811158172189 0.31907161744702767
0 0.5647204060594744 0.31836535349613476
0 0.5583814701953518 0.31711371606137573
0 0.5402673930558475 0.24052951716575302
0 0.579623951439113 0.30787549700055805
0 0.5926694118020907 0.30244082763415425
0 0.6093006166727734 0.2966486986945657
0 0.6335744452878895 0.34135562031208966
0 0.6227989848152997 0.32070442007369354
0 0.6164272120733302 0.3117383347839868
0 0.6118988434976667 0.30356362286735983
0 0.6095812904180856 0.2969229722223362
0 0.579596362787963 0.308052712127942
0 0.578141008248309 0.31209485671099496
0 0.5771726040397516 0.31732884575338927
0 0.5778872493953141 0.32328943845604646
0 0.5278189716711326 0.29678263784456654
0 0.3623300789529261 0.2797550313612994
0 0.586835298608627 0.2392284729901482
0 0.5698777107749811 0.3122755579587792
0 0.5671755477848939 0.3151295846249877
0 0.5651009734169843 0.25079388177695394
0 0.5331504430448959 0.258239393474675
0 0.5604231367634318 0.24905305750229778
0 0.4698560134771001 0.21349943786108194
0 0.443485766523498 0.23455098897469143
0 0.5090215080398045 0.24552880615747275
0 0.2832995685846997 0.08782246533562155
0 0.3057873157257772 0.10350543911717519
0 0.33049412304339026 0.12008515125563164
0 0.5753347672490631 0.3424076112378545
0 0.42143280659546833 0.09492441385733981
0 0.3941184994037644 0.06632414986105527
0 0.3654078624922515 0.035555759397875364
0 0.387503499723185 0.1948440655940721
0 0.35344919285693754 0.22406322415135488
0 0.46668674058049037 0.16363115871653838
0 0.3390495658926823 0.17709325742320853
0 0.4920880691411626 0.18298086999845103
0 0.5201857982808528 0.23575627302923122
0 0.3390163389439321 0.24316156211019563
0 0.3737467450683127 0.23178620699073085
0 0.40264488197077175 0.2301043342141544
0 0.43889558944018076 0.21532171714205703
0 0.46253548191569527 0.19984869195633576
0 0.4783070768988082 0.18603744025991745
0 0.5030513664841149 0.15444838099119043
0 0.363729281013022 0.27407416976800486
0 0.32255109151204425 0.1795044145664247
0 0.5728228524767397 0.23880367118771337
0 0.49710920365047856 0.21197258925237575
0 0.3103677055755245 0.21572598689744452
0 0.48794016154003544 0.17289821640784
0 0.5086872350063002 0.246936525617327
0 0.35985699396596177 0.18480984503481568
0 0.5124394156761813 0.22636276533623703
0 0.3951720631826779 0.313237823358103
0 0.46350081874851434 0.1576370271314092
0 0.5209269684578296 0.2121620418644753
0 0.49692548025509475 0.37066579065403016
0 0.5131703198962071 0.3842650982512145
0 0.3540455048848808 0.2801012151381549
0 0.4584342409789814 0.3587122684767266
0 0.29679313176291905 0.18410276364879447
0 0.60922072305961 0.39165329332111265
0 0.5784620366016018 0.24134745718050404
0 0.48703056938537564 0.22912776370008453
0 0.3226979177460892 0.2088775153921432
0 0.4003047402397993 0.18354962453120896
0 0.4177002181232227 0.17944992289823644
0 0.5631453706745357 0.3220969929414637
0 0.3907082513414858 0.3020234548745035
0 0.6612079545918397 0.39896354354730174
0 0.5894215750794873 0.3977498447193819
0 0.5557320908906591 0.39315619588900014
0 0.4512021136686269 0.04814549854823521
0 0.7058978105899151 0.3885160494251412
0 0.4339254832971951 0.17317227355572357
0 0.44866519889751066 0.16579089445226333
0 0.4588257125912839 0.16095239975873163
0 0.30744267025577365 0.18003257382817628
0 0.43607429525017233 0.15081501407783574
0 0.4144434806918293 0.1512290810336586
0 0.3957901482592152 0.15623757819167705
0 0.3806859468608969 0.164707648653944
0 0.3736462663497603 0.17236078887426554
0 0.28769559674122164 0.18068848137094193
0 0.38769009545885563 0.18455845969063894
0 0.6000126738588518 0.2544829424689798
0 0.5401309568922228 0.2820825095938033
0 0.5342039890933138 0.24598173734520665
0 0.5732598028102505 0.26457723248906495
0 0.5061278556972616 0.12388623662355568
0 0.5369180669764426 0.38029351755350577
0 0.5721155120853634 0.3861036060237083
0 0.6514866075435268 0.3911668713353261
0 0.4756677153241282 0.3698635261599757
0 0.4541217943787072 0.15451437685669972
0 0.5065260648978913 0.18278526258067923
0 0.697279867743641 0.38007415643259257
0 0.6236404386753774 0.40071136410496816
0 0.384826053043961 0.3104250290814568
0 0.5928392699499171 0.30268007166245403
0 0.5927554401667309 0.30844755733714385
0 0.5946257592253544 0.31533805462492615
0 0.5989454044068413 0.32364333978220194
0 0.6024877801223143 0.34410773205156087
0 0.5641539876471089 0.3128431464443688
0 0.5582961510505354 0.3132703284255597
0 0.5529973215191676 0.3131152321310604
0 0.5229409577222816 0.3132599662331974
0 0.42055810805614485 0.302911237508309
0 0.4970682639361434 0.16748070115802668
0 0.4670067228345428 0.1403848303466284
0 0.45705000345717 0.14615131826961741
0 0.5700096965842106 0.3121207261285862
0 0.44835558898338285 0.3373817556044635
0 0.4828639383808973 0.13413237723983637
0 0.6012668581954538 0.36112641887504515
0 0.5405794497783677 0.17663188741988495
0 0.5141561531819372 0.17052374767656087
0 0.5305966133809794 0.1612454742944541
0 0.5095513307092562 0.21120023326713497
0 0.6863903647233666 0.3667188532212201
0 0.6732458618119799 0.3493415768406972
0 0.6381111117354928 0.3589246092724199
0 0.5375202655289244 0.3495625247474478
0 0.500296295695164 0.26422402838698955
0 0.5689429235860768 0.3579921562130712
0 0.45189831930876784 0.276948704439051
0 0.49268046272957877 0.28489124073701744
0 0.45471264541400636 0.30569938852005646
0 0.6436477781348088 0.3775371263007156
0 0.5050168805736027 0.22377231341450154
0 0.5295242198157412 0.3644614820720769
0 0.5661696613086427 0.37184991756407154
0 0.5073135293988739 0.3370234064695214
0 0.416587381297526 0.3247471657119879
0 0.4846818283640383 0.3461572342560071
0 0.4181029308697342 0.33717309326684775
0 0.4930706577461983 0.3089020993529248
0 0.5021340615638701 0.19698227153104894
0 0.5318524111926807 0.24017489457330785
0 0.52443040800497 0.24788739500927323
0 0.5309197339327526 0.22761380171575465
0 0.4382974689016865 0.12988134191817596
0 0.3966207155949959 0.13042968461493484
0 0.365980539769563 0.13879832099465764
0 0.34531777480986553 0.15024267725583887
0 0.33588289937892546 0.16283566210450245
0 0.34967782779081963 0.19225697958168864
0 0.32870474369717045 0.249310934243082
0 0.3806671348050677 0.2104432402538652
0 0.4039460875816989 0.20890134122191356
0 0.4303047033301889 0.20044658564719833
0 0.4529016171326617 0.18885666582764699
0 0.4689139567850008 0.1776175098258908
0 0.4787809066631623 0.16829782373764934
0 0.3357487149882417 0.24743554572097393
0 0.5284050354726204 0.2517184730337447
0 0.514859415559326 0.19659911083574055
0 0.5447739176609345 0.23635877080324316
0 0.5620001225028863 0.23975160743008142
0 0.5480036515475325 0.23859012828153722
0 0.5375459924780367 0.2541716439383371
0 0.5661598031530903 0.23990278484440652
0 0.5718062213201563 0.24249660267549403
0 0.4703108716111646 0.15608974264449432
0 0.48279938164642594 0.15626122370487502
0 0.4905034947495923 0.15704229499111658
0 0.3705710182713054 0.1774548282142447
0 0.35028103698155044 0.17472253927663595
0 0.5606610445533624 0.17285061283271855
0 0.6703689825182726 0.08810669233819016
0 0.6036788793555795 0.22946204658315963
0 0.7130686258464926 0.004710277589429326
0 0.6236382400939233 0.12105783895284188
0 0.6453204376285087 0.11530396116881811
0 0.6647833444901157 0.10794140711551954
0 0.6847214640947333 0.09030330882352941
0 0.602652070894523 0.12355907023453913
0 0.615578063178163 0.06511807241359678
0 0.5925151919513815 0.074889295241412
0 0.6407447995515815 0.060762645817604384
0 0.6609721035393985 0.06264941832598518
0 0.7118916400877232 0.09409677281099207
0 0.758005183960315 0.32846606278619844
0 0.6746269255750793 0.08108566989417837
0 0.7734053250606553 0.06577006107618828
0 0.72802582370581 0.07493085220080464
0 0.6831797620415184 0.17973972769344554
0 0.6359835941077284 0.26135528788847084
0 0.6473528843388778 0.2784124662896164
0 0.6687422095471797 0.25948564545447084
0 0.6919586268658376 0.2604922446884027
0 0.6693169967534673 0.27314176479307545
0 0.6876875632422886 0.26978669847760883
0 0.741839581904029 0.2763901558242926
0 0.5937980287688694 0.22251579541118205
0 0.5856352986665717 0.20689903387502462
0 0.6796559678854318 0.0409911620516737
0 0.6115685243646807 0.15599898330303802
0 0.6440232391095866 0.20255477488541804
0 0.6410586647846528 0.1936404524731035
0 0.7484721702362415 0.15707316518831654
0 0.5721966468332186 0.18846167636518718
0 0.6130848718091908 0.04086014403014624
0 0.6482451537993387 0.036607858513583655
0 0.6706327059097934 -0.014679860668022092
0 0.5308876771967119 0.08434811359694024
0 0.5776788806110494 0.08910322990738043
0 0.7476174539654566 0.257125469816833
0 0.8570746827226148 0.21036406925746373
0 0.6338626013023441 0.21639443245254644
0 0.6199845523270877 0.22613289776970358
0 0.7206297247721676 0.2637548927499467
0 0.7154307888529975 0.26513938743527193
0 0.6522691252362376 0.0231672054579278
0 0.6507277423319434 0.208901942277155
0 0.5739342708627886 0.05490008522482479
0 0.5672621789863844 0.042001319532634834
0 0.5567944312648934 -0.02042205393815241
0 0.6641573870735329 0.002953296949883469
0 0.562598704034266 0.01042864502978926
0 0.6879423504640282 0.02980782003963695
0 0.703883342602082 0.01715216917150161
0 0.6425649058466723 0.27034315542012705
0 0.6693186634200535 0.26670891096611987
0 0.6899554709341958 0.26517908112341615
0 0.6309850127888128 0.22076727762943557
0 0.7179508596532959 0.26448291490057935
0 0.7091617820635123 0.2704726227191316
0 0.7125373492764018 0.26595396154067097
0 0.6186991623182337 0.21467341895864792
0 0.685778769008218 0.27288537866928997
0 0.6687305783420675 0.2774019000910911
0 0.6497035225232443 0.28333092537246835
0 0.6895115702464107 0.3234307104799928
0 0.6722470320729766 0.30457705008883434
0 0.6640069260878905 0.29611010511382285
0 0.6564661108491793 0.28881387149586396
0 0.6500618913002658 0.2834990044601825
0 0.6859050810588563 0.2728980248715697
0 0.6918264282906609 0.27448935468657676
0 0.6989100449698887 0.2771299586576574
0 0.7061613921374711 0.28096021924700054
0 0.7025998674867525 0.2398128188958689
0 0.8273911025956713 0.1288951785624528
0 0.6986543003013869 0.26967309903697806
0 0.7036093355231144 0.26991955572817505
0 0.617864587890448 0.23376512126762325
0 0.6506321040386892 0.22004399179410533
0 0.6188290204679916 0.23011375876034007
0 0.6414815016436678 0.15731385174919577
0 0.6846545492043475 0.15596890649875672
0 0.6503708274555609 0.19923731058585545
0 0.620372070038872 -0.024317156366941307
0 0.6185054034623416 -0.0006049981638163078
0 0.6109128860984674 0.026866760574469045
0 0.7308333413007391 0.29207442788516774
0 0.5201622167217077 0.06204104223171202
0 0.50973461084225 0.02779460955066841
0 0.49480436333624117 -0.0076222219387022385
0 0.6795452586709195 0.0993990417288131
0 0.7449456101228417 0.09688892685064748
0 0.5874754049606967 0.12400600289096352
0 0.6884254710080755 0.06337109333326836
0 0.5884246956949999 0.15116223166970646
0 0.625754197438558 0.20098789599763245
0 0.776018161813921 0.10091085193537865
0 0.7383979154035512 0.11297185481095515
0 0.7145617818027609 0.1280924692875197
0 0.6710641952506601 0.13947931658320067
0 0.6358168919881185 0.14322585017741227
0 0.6075270351981312 0.14377829207091772
0 0.5430601056869523 0.14119544950853877
0 0.7962561040990966 0.1338788401178953
0 0.7043787326490829 0.05583097554054581
0 0.5934199791417343 0.2321224372927882
0 0.6195627438368173 0.17167072937268169
0 0.7810181615724845 0.0615498719095182
0 0.5838085966271187 0.14137333781779313
0 0.6543391251362829 0.19929103290333466
0 0.685273946337559 0.07830550089603712
0 0.621014587738343 0.19058914745555205
0 0.8460459598509068 0.16764273363001206
0 0.5827359371044465 0.11872531185630991
0 0.5955683832933129 0.1876593998500279
0 0.8297459606379899 0.26435825604350627
0 0.8416785132532885 0.2792062438836619
0 0.8208806419171362 0.12898350964073374
0 0.8440854634916732 0.23483285984071364
0 0.7380430927256492 0.039309938414757994
0 0.7722197932030078 0.3407495402488388
0 0.5945749436249713 0.2360511026462587
0 0.6479527070049496 0.1764995350557215
0 0.7505602197808052 0.07128646193432207
0 0.6545515719345351 0.10008969026453354
0 0.638253913147037 0.10695424600809562
0 0.7149496541244571 0.2717098588703059
0 0.814030961396825 0.1652395945637166
0 0.747996106429442 0.37194046052564095
0 0.7996674514521024 0.33152875179002267
0 0.8200845426647975 0.30937253326928915
0 0.620286467206126 0.11179632299086627
0 0.6018494822807956 0.1153447006930824
0 0.5896356176223433 0.11815932217766256
0 0.7182096894280317 0.04712303145592954
0 0.5924742345065507 0.09998635684742647
0 0.606476503333965 0.08870085948655586
0 0.6239370698667277 0.08175221611471738
0 0.6438833809603116 0.0784048913907604
0 0.6582261107641937 0.07886616522524537
0 0.7478523475711356 0.029040933657093208
0 0.664316110470124 0.09373669263695468
0 0.6752386276732014 0.23808228468694606
0 0.6313913602869219 0.21393517886891084
0 0.6299590908525362 0.24612603868756974
0 0.8123709614769818 0.29311771553103666
0 0.7935292957201285 0.31661157047047334
0 0.7411365677535785 0.3632510529846704
0 0.8543182998769897 0.24803407653039242
0 0.5850431355745983 0.11198332329758075
0 0.5743534197787192 0.1604109691972492
0 0.7770288709849748 0.35267844320345326
0 0.8380642581086621 0.16429457944982193
0 0.6690846918001456 0.2774316883888565
0 0.6761253297580445 0.2808696522432215
0 0.6836956485414304 0.2860196378050732
0 0.6920413218973055 0.2930767956901999
0 0.713800647087741 0.3081130580741818
0 0.7024981653640039 0.2671050063702239
0 0.706019690016654 0.2644594977883732
0 0.7089113565436899 0.2617024093115029
0 0.727822277616348 0.24631686170561976
0 0.7893509625885557 0.18355600773787298
0 0.5646104415257772 0.14518095064563913
0 0.5561929596627312 0.11101276333592519
0 0.5712063277321022 0.10869068257948931
0 0.698646888954227 0.2695851766762613
0 0.8176263867551264 0.21812311541132567
0 0.5351945564213685 0.11696090217397995
0 0.7372788019824129 0.31779252380883993
0 0.552683208059158 0.15782123854180344
0 0.6068865033141672 0.17925891956361403
0 0.7085739452124648 0.3365747788373162
0 0.7669631267901714 0.2756056104387556
0 0.6816571734625579 0.20508574638046137
0 0.7560994393714873 0.2980072999200901
0 0.7305813909582951 0.18643731029093766
0 0.7126711435961824 0.21338389100146896
0 0.7667193679366937 0.2046561601783047
0 0.7280562846972469 0.35102960442294595
0 0.6272090909853263 0.18356316029524603
0 0.7934940474948803 0.2800876312896985
0 0.776898303615393 0.30501216599921216
0 0.7709887294326654 0.2516218714353417
0 0.8262630884657429 0.19254698873567982
0 0.8006791535309096 0.24426283956575795
0 0.8480168817415519 0.1988424293133391
0 0.7436685179859274 0.22748443058558873
0 0.5964071421180597 0.1659559442215607
0 0.6231969280584955 0.210094652256044
0 0.6401826009971683 0.20984261777220653
0 0.6061511487397464 0.20292379876144795
0 0.5597884204820238 0.09020294461931501
0 0.5856202632063049 0.0681904263857032
0 0.6150463610761779 0.056331846894336346
0 0.6438533809617601 0.051671348700002465
0 0.6684667131065819 0.05369486127580915
0 0.7041317823063975 0.07750139717294388
0 0.7999638344165142 0.09609181941056452
0 0.7052070304814271 0.1046790595815963
0 0.6866187689676566 0.11651987188002642
0 0.658124231336489 0.125948360988072
0 0.6286333462357018 0.13134283177992878
0 0.6038844467215397 0.13337894247359589
0 0.5853225681852188 0.1332826534239184
0 0.8052349334527672 0.09437080591666598
0 0.6434843384263887 0.21393335166097688
0 0.5830938094275914 0.1741765527164235
0 0.6079444465254933 0.21574310495072052
0 0.6028300850703243 0.22655589640641413
0 0.6103805456986408 0.21825599670410156
0 0.6414522817869227 0.22017129529424073
0 0.5994688795588691 0.2291095397051643
0 0.6004821064602976 0.23307893256179424
0 0.5754720367459808 0.12151048163405988
0 0.5668334201418398 0.12846936698721237
0 0.5610145551745902 0.13364998232416747
0 0.6672105784154643 0.07996803171494428
0 0.6767533084511254 0.06778275465764919
0 0.4132603779120787 0.16565630616260177
0 0.43456775276972776 0.15867283765007467
0 0.40288754153352246 0.1521209147797913
0 0.3916278080346715 0.172670139985926
0 0.42329879941316595 0.17917686350205364
0 0.6287629206975301 0.09372863849671949
0 0.6508073167961861 0.086569529621541
0 0.6187445878479552 0.08010325712316177
0 0.6068115387787799 0.10073190576889936
0 0.6389716790698249 0.10726738376777713
