0 0.5758185058454924 0.4113372019884284
0 0.6699006100369909 0.3609581529599209
0 0.6570661101285918 0.37068482169335704
0 0.7087924500557944 0.3182592451360302
0 0.6851922141600258 0.3508775005136945
0 0.707567305378773 0.3374625672083591
0 0.7673433123761592 0.3034197513460406
0 0.6397474497430938 0.2181384201434442
0 0.8201428593965522 0.272164985944085
0 0.8426607957872158 0.25799240463569073
0 0.9134523576824977 0.21353434109320138
0 0.5686480625520779 0.415630207932858
0 0.5642904129335146 0.4201502702414353
0 0.5628145596774822 0.42358114795752694
0 0.5627453256759966 0.42087720382256016
0 0.5564917747229966 0.42400336887771406
0 0.5496076801280935 0.4280861601993565
0 0.5433365849125738 0.43303069581906284
0 0.5730108900412225 0.4263707085436349
0 0.6634740897371799 0.36609209418155403
0 0.6463679355659565 0.3563868487574169
0 0.6556495977604943 0.15034467780858737
0 0.6783032797685655 0.258625172918236
0 0.6576419747454204 0.24981187430706453
0 0.6406074033004825 0.23954862462244
0 0.6301973211865888 0.21815624730584177
0 0.6978023930566724 0.26468515396118164
0 0.704775312153096 0.2079880331617516
0 0.72439616767666 0.22249616952977572
0 0.6813647535782826 0.1983081911240891
0 0.6611413967634555 0.19583386288843121
0 0.6087237488368392 0.21865199087353362
0 0.4956222228108579 0.39924163227262305
0 0.6408862965770915 0.2102446729319517
0 0.5762818807791054 0.18851192862962066
0 0.6078977272354601 0.19878861587384133
0 0.5971679872349848 0.29808660150281335
0 0.55576790485704 0.3981310243708383
0 0.5451675582409911 0.40924731593397873
0 0.5306358021774372 0.39036780065488985
0 0.5144180709551155 0.3861009019691042
0 0.5290752702750234 0.40059122397240654
0 0.5163213565379758 0.3944248174574593
0 0.5080921899543029 0.3641100413434446
0 0.6548062276236618 0.3523150378416159
0 0.6661895714731659 0.3409423064506775
0 0.6590406759504528 0.17381512892486645
0 0.6767720357526706 0.2932552741232857
0 0.61679871807873 0.32591745112431575
0 0.6245690292446925 0.31907258862419624
0 0.5473234029133108 0.26657222244945994
0 0.6881069104631239 0.3287019438308046
0 0.7123816218305741 0.1842298135073018
0 0.6848131975921398 0.1742360444821214
0 0.6944084145474535 0.14064795563653695
0 0.7773538621669077 0.24019878494640545
0 0.7341142300563522 0.2388676091021066
0 0.5067891814914937 0.348781471574858
0 0.4612631191684224 0.2907531109427501
0 0.6231257200618333 0.33989576371397695
0 0.6337343939748997 0.35049748632831507
0 0.49033657778918993 0.38101016570099167
0 0.49715754150841307 0.3840284463491021
0 0.6892512910350969 0.16313487977178354
0 0.6101155995945388 0.329823250589563
0 0.7434439343490681 0.20401610810561535
0 0.7543298823421012 0.19423878617133958
0 0.7946157083229677 0.15720482073361905
0 0.6873520267537877 0.1532946316655703
0 0.7731291112266009 0.17866305488991427
0 0.6602967988841141 0.1640365912113891
0 0.6521817055935598 0.1594914710535839
0 0.5484014142163193 0.40386164442924416
0 0.5289909474960359 0.3954854888282495
0 0.5146443492375345 0.390169231917086
0 0.6248015174131353 0.3439886140088028
0 0.49377012875261184 0.3828553090033299
0 0.501779369286847 0.38944119773584185
0 0.49998649156294794 0.38451171218288327
0 0.6363151265221809 0.34158544085062553
0 0.5191054673008778 0.3968719122390023
0 0.5305093091122711 0.4038776415240015
0 0.5451567042854768 0.4126546459265875
0 0.547940388007506 0.41235866128054943
0 0.5257672693281737 0.42063827121526465
0 0.5315618758966149 0.41622102543411166
0 0.5385657554563088 0.4126743799426802
0 0.545605915696812 0.4110838336028238
0 0.5205502889201611 0.3960425460607273
0 0.5154708156731561 0.39593202533246785
0 0.5098410468815752 0.39619386577945587
0 0.5041402291647995 0.39708903760672465
0 0.5522746571382893 0.34444497912804
0 0.5210403005282084 0.2315021883409077
0 0.6607649958209146 0.3683554399338764
0 0.5113888031445475 0.3911377344267224
0 0.5063478347495638 0.3902465810696567
0 0.6337193763708766 0.35717707964307754
0 0.6080173164731842 0.3388729990589237
0 0.6337741087760603 0.3539044835813529
0 0.648728386196406 0.2884915056743373
0 0.6075347247003 0.2785598437698428
0 0.615525442336682 0.32186706351781375
0 0.7388210389684524 0.14145063866075672
0 0.726454148815654 0.157890942526599
0 0.7203457561726309 0.1729606025159571
0 0.515910525425074 0.37884418466620035
0 0.7943672772952776 0.22298861129710965
0 0.8198240377983463 0.20581107172111882
0 0.8505741478521612 0.1811125684321846
0 0.629836756343077 0.2281171263042011
0 0.5807196895281473 0.2165371109582351
0 0.7118542619395357 0.2678859550616354
0 0.6409692492666124 0.19256694899476437
0 0.6997482937599536 0.29409734839363594
0 0.632998549171138 0.32815602057627796
0 0.550049044663393 0.21524178140386852
0 0.5762613472304766 0.23146324501343046
0 0.5897395756677233 0.24904702121252692
0 0.6269969523330278 0.26669531049536077
0 0.6595415593073841 0.27636446647372537
0 0.6852515194612213 0.2821849262162884
0 0.7448904997185816 0.29555081882793566
0 0.5182279516875995 0.23830506166670812
0 0.6341559544897281 0.1840769068767733
0 0.6541081225570244 0.36063534438539374
0 0.6606323462498339 0.30493161757504245
0 0.585304880758378 0.1864299387411432
0 0.707275031488153 0.28504500199608673
0 0.6147622847104375 0.32109142198257173
0 0.6351075794877885 0.20614813690649375
0 0.6433297888639105 0.3203322382584161
0 0.48838617536337564 0.2583091471118859
0 0.7186280198489563 0.26402313019174417
0 0.6668966266047602 0.3229439111508226
0 0.45030334648452225 0.3365267499627309
0 0.444712990006817 0.346980608230808
0 0.5087386052819747 0.23058363515994162
0 0.4490098930612395 0.3111434174460731
0 0.6164370678396668 0.17273144733297727
0 0.4830233071172288 0.4046116394221712
0 0.6534946249632896 0.3639610252063611
0 0.6324591431688156 0.3030308043829487
0 0.595369949433874 0.19317488978624628
0 0.6493147311079854 0.23361276823713545
0 0.6649890884065427 0.2432774194336164
0 0.4960107588315312 0.38858999872264205
0 0.49266076553219984 0.2604375157774838
0 0.5017516116301218 0.43433685220716123
0 0.4670456440388402 0.3934445410860815
0 0.45478218674408233 0.3734329945959089
0 0.8761600526324808 0.23674383480212302
0 0.5361413732485429 0.4566993317428716
0 0.6830291097928703 0.2508091715872641
0 0.7010489890847025 0.2573436648537397
0 0.7124228312747891 0.2621877643137216
0 0.6300870734679548 0.17565364303113726
0 0.7158047458793544 0.245734560390667
0 0.7052726012493488 0.2323653403833102
0 0.6891589078596373 0.22172773308601243
0 0.6700938282385154 0.21394280451189723
0 0.6560863538130426 0.21112473070409374
0 0.6212101748472527 0.16497829538788802
0 0.6420327945600582 0.22517696266920964
0 0.6444959663137605 0.37810317364168905
0 0.577088062773274 0.3484771172488429
0 0.6254050685132103 0.33838550999212663
0 0.6169851214196611 0.3645391730085669
0 0.7942628658019038 0.2880683761191679
0 0.4576451221347358 0.36132910639082977
0 0.4697954135982296 0.38244660242879375
0 0.5035747202891337 0.42850019060702793
0 0.44694289068380993 0.32100659898733047
0 0.7187692636176001 0.2577463821159987
0 0.7045634998802395 0.3049565218521607
0 0.5401072484531483 0.4509609562929273
0 0.4813896978454751 0.41353016052381847
0 0.4810796483785291 0.2557525554161479
0 0.531832566429794 0.402679932640682
0 0.525245069514347 0.4030713111621771
0 0.5198603154234746 0.4050751968352113
0 0.5143992989500866 0.4080589749493492
0 0.528133342663447 0.39504714283654696
0 0.5050778685742793 0.38854367113622484
0 0.5016556341939837 0.3854306364964477
0 0.49994099391663627 0.38230385715285514
0 0.5274683688511829 0.34474938464475835
0 0.5042840173853098 0.28021138383258987
0 0.7236606609469225 0.29427208785908926
0 0.7457226244457663 0.26288288287279304
0 0.7328339615200139 0.25768733363983043
0 0.5100652789264791 0.39072795284741857
0 0.4708149914751576 0.302461282214236
0 0.7623617382492194 0.2723264542197276
0 0.5118283527561381 0.39665691128546376
0 0.7275832448830585 0.3259096957327774
0 0.725329999305025 0.30738672370163994
0 0.7464166370373738 0.3152525079914966
0 0.6651832140699218 0.31369620823209676
0 0.5503811223220222 0.44322583627304857
0 0.5626943476718186 0.4342462190671041
0 0.5332154315357973 0.41726267945865436
0 0.4903617732006789 0.35755642834931506
0 0.5872644111828462 0.3195717491713283
0 0.49724197104761875 0.3768248394007926
0 0.5511200275853716 0.2943329408075462
0 0.5559919055881379 0.3201025199777008
0 0.513800872340484 0.3019786306688935
0 0.5159236391385397 0.422723498915721
0 0.6461033837453223 0.31339292891084936
0 0.4711165001246497 0.3550403284998268
0 0.4825137050091466 0.3770995287142897
0 0.49191851511534757 0.33852275226746875
0 0.47372774830095876 0.2801332796171467
0 0.4728925809075561 0.3261673897328043
0 0.45983331515316217 0.2817086863065247
0 0.5236709256841161 0.3258450162792545
0 0.683047365790178 0.3048237459656748
0 0.6325962944624293 0.33664310643115786
0 0.6179972616680564 0.33293825607141425
0 0.6493191794504093 0.33349800081581127
0 0.7489936507703886 0.24180050365724032
0 0.7303875867073043 0.2160229003443554
0 0.7053012841612981 0.19904774321355853
0 0.68075404954359 0.1891668880820133
0 0.6594460267054884 0.18656153724145494
0 0.6234623172363651 0.20349908200305836
0 0.5399355958156948 0.20808062434620705
0 0.6080561416058601 0.22888787912728523
0 0.6198978248653533 0.24356527755551774
0 0.6438852978658073 0.2570441224538276
0 0.670856932484651 0.2669679265853773
0 0.6935675354823785 0.27338576903688244
0 0.7104517529533885 0.27718030550867356
0 0.5538030186282934 0.20844927419547085
0 0.614703797904248 0.3356707390234281
0 0.6876664178029395 0.31438822975362324
0 0.643860173627797 0.34389711062679085
0 0.6472006118876018 0.3539944256469165
0 0.6424575222946923 0.3458521859643015
0 0.6155999253822279 0.34111607329276955
0 0.6491262637361696 0.3569014433015708
0 0.6483729458433666 0.3600843276558963
0 0.7238996970754132 0.2681273064296582
0 0.7291795948386696 0.27685654990613673
0 0.731139925964774 0.2829791883698279
0 0.6476400369456046 0.2103422040192682
0 0.6461136327262669 0.19763902625155194
0 0.7428540129701799 0.3363895332827404
0 0.933740998370738 0.37010342328149654
0 0.6841938993598842 0.37633371579406666
0 1.0617809479246663 0.36362764575161827
0 0.859888193979545 0.3512667802163573
0 0.8767769487598275 0.36188516540459464
0 0.8956732938561258 0.3713341501683951
0 0.934993224556436 0.3768848093096189
0 0.8476478146852823 0.34120611773973963
0 0.9425045888132184 0.3353551483380554
0 0.9161107582885002 0.3253845559037594
0 0.9615892945211145 0.34766543745853157
0 0.9687031904856364 0.35863135633095305
0 0.9366051970906398 0.3909537806346889
0 0.6309043051447043 0.47280029243704547
0 0.9481207456769822 0.3699779804632474
0 0.9995205950636401 0.41270225328058535
0 0.9742961447953172 0.39156110713773207
0 0.7930713150068678 0.4027114661138677
0 0.6010477603236332 0.42198822124997065
0 0.5851784588666907 0.4308512004386205
0 0.6206357692867391 0.4374321492682714
0 0.6314224836569798 0.4485796415650265
0 0.6035235653698193 0.44094196304873357
0 0.6163774066710774 0.4492774476360172
0 0.682343798159044 0.45724620202540783
0 0.6868624065998737 0.3691937388898639
0 0.7043180937253977 0.3611729747459982
0 1.0091746368991674 0.35978995551700976
0 0.7958634861662418 0.35661646465672575
0 0.7400637990814724 0.39113499572409993
0 0.7515637250892221 0.38647541315388706
0 0.8548858727835402 0.4302647085517892
0 0.7247973369898172 0.34818046712366285
0 0.9798382100676686 0.3274252476924113
0 1.0026140791454397 0.3437889958615829
0 1.0708153534539138 0.3384515715946365
0 0.8717084718152943 0.2953559230230881
0 0.887961860950486 0.3208855841649102
0 0.7078249889587048 0.4561359012678425
0 0.839798340817544 0.49273776597965374
0 0.7162264487411403 0.38908841700457736
0 0.6964307733603168 0.3841340271745005
0 0.6438389283443805 0.4651962206174188
0 0.636314361407284 0.46106641063486553
0 1.024641701440771 0.340609694856483
0 0.7344112725700507 0.3960816045672868
0 0.9389222852791412 0.3111054083489297
0 0.9561845584760739 0.3033475852521713
0 1.0246640499131086 0.2789807209340703
0 1.0456959552402738 0.3420456452726045
0 0.9874410678314257 0.29246847301474105
0 1.0291990816341674 0.3589766888148985
0 1.0417937980925485 0.364198550069318
0 0.5916466156515894 0.42657122252816126
0 0.6110867795058946 0.4391761909317433
0 0.6238279709836099 0.44880539256624197
0 0.7090336213886487 0.38873451007784193
0 0.6392927223871528 0.4629955322858419
0 0.6267532721350465 0.4584881396763124
0 0.6350507118782414 0.45947100117820294
0 0.7112083270328458 0.3807181995251566
0 0.6146245462356238 0.4495997443035121
0 0.599997560057459 0.44188254102976154
0 0.5827647526807422 0.43319389178093926
0 0.5987973260980115 0.43957645104024756
0 0.5672300021608168 0.4434053364739016
0 0.5727603593959084 0.43840382560150765
0 0.5785048242485473 0.4342161701243119
0 0.5822561114146236 0.43059189393144204
0 0.6138620469640579 0.447467369965387
0 0.614157061033611 0.45033801662540096
0 0.6137077428620575 0.4537410721942906
0 0.6136393451489477 0.45779706518279556
0 0.7109304657716792 0.42906735800339235
0 0.9377270690499478 0.4528994970332968
0 0.6233200770390185 0.45335386571510833
0 0.6248772459945598 0.45578527054611334
0 0.6839082090160514 0.3844847346822845
0 0.7192532076865812 0.3988809169823589
0 0.6900565833607807 0.3843782580195797
0 0.8070891451735034 0.37275865946234615
0 0.8278023712494202 0.3960106030619159
0 0.7479758700237998 0.3925252328422429
0 1.0614479272174433 0.31137120327774176
0 1.0306157185558529 0.3187483211146272
0 1.0005752436722382 0.3214563861012035
0 0.6576604264697948 0.4546835186359863
0 0.9007476781993978 0.283447557708971
0 0.9347440817939581 0.2671899150699059
0 0.9757924248397601 0.24780060437509033
0 0.916830179812033 0.377148031905594
0 0.9437652134694128 0.40785853775087766
0 0.8405904304629137 0.33397855354232153
0 0.9788830619824084 0.37077320244247236
0 0.7919294077132825 0.34304220028760735
0 0.7336956588276328 0.3812850085865985
0 0.9494675970027215 0.42749877247521884
0 0.9145851903575383 0.41093886153129494
0 0.8800911062125918 0.40371398484579607
0 0.8456975546064256 0.38311336133827945
0 0.8270249433406798 0.36493188248834574
0 0.8149141709512799 0.3505699979594311
0 0.7833684481648956 0.3160186792466423
0 0.9112518160655025 0.44725167793735493
0 0.9958027060524823 0.3751782904316098
0 0.6739140113320532 0.3710657061206913
0 0.7752163446653745 0.36598502882576217
0 1.0112106966066965 0.41114738686087576
0 0.8078408794564034 0.3379409955206856
0 0.7504838454823957 0.3936565217881299
0 0.9559845610006952 0.37375941211501335
0 0.746679089240384 0.375190934535306
0 0.8939032806122856 0.47415858655637694
0 0.8480838590030428 0.3305341102898757
0 0.7380404794266455 0.36077719382402595
0 0.7483321644585846 0.4964208090998241
0 0.7393338438830798 0.5063527269578347
0 0.9319874617872359 0.45516294516702566
0 0.7949522877041297 0.49561028110033534
0 1.0233839237237279 0.38739746010034815
0 0.624727532581941 0.48246243528906846
0 0.6694880529672285 0.3724061602799494
0 0.7816167976785813 0.3826162228239247
0 0.9885284918270031 0.39907592796628866
0 0.9057762979958128 0.36459033811643876
0 0.8882321778229018 0.3564679348313229
0 0.629289788158634 0.46208840742937046
0 0.8756963218314738 0.463837747330626
0 0.5770236507749759 0.4760394865649168
0 0.6527950786337068 0.49581814095077426
0 0.6900795901877971 0.5019408050098171
0 0.8741063063154744 0.34734700568913
0 0.8614004168832352 0.33843345008569536
0 0.8518445232749489 0.33321373884081135
0 1.014270444459553 0.37743815521611296
0 0.8795197255249265 0.33155459695863554
0 0.9026487929911553 0.33652575174401805
0 0.9217767721741511 0.3445633832245959
0 0.9370625578652957 0.35436133501227074
0 0.9436599478942935 0.36170016220314505
0 1.04296047375675 0.3868326986670353
0 0.9209626543370983 0.3685498110340159
0 0.7023660543095713 0.4155118038363021
0 0.7183713682844669 0.38723446890128466
0 0.6707408485407568 0.3933001321122881
0 0.7030815257050317 0.4938851799970561
0 0.6647828988385099 0.4890319429965489
0 0.5811738830829974 0.4709702247968065
0 0.7869362678960405 0.5035587895666012
0 0.8588378869531527 0.33036139285719973
0 0.7693302267965888 0.3393242195124869
0 0.6152324211245348 0.48786594675387635
0 0.8907657045603804 0.4732388687869125
0 0.5998433627156768 0.43948799350507745
0 0.5986793560569297 0.4430800707456197
0 0.5958037695804226 0.446546833144671
0 0.5923623183608558 0.45146155017974965
0 0.6296382179240134 0.44942707806153936
0 0.6275212339711088 0.45621176589001966
0 0.6335759618111301 0.4574269308031383
0 0.6401403273459728 0.45816604777163034
0 0.7120745438563673 0.4431435216222652
0 0.8362795952000196 0.4566480898489449
0 0.7885347886427545 0.3288009466508388
0 0.8441085355191291 0.31461098609870014
0 0.8562116211728205 0.32212227476873434
0 0.6247243297753958 0.4545497829238149
0 0.8030664557394599 0.47913347826309477
0 0.8222811242196127 0.30536869659684024
0 0.6315151337329848 0.46137465545432566
0 0.7621788224087486 0.3269762284390867
0 0.757195077490706 0.36279034501434365
0 0.594015251232099 0.45011152335898874
0 0.6985484334612697 0.4691018409152048
0 0.7554669498391292 0.4095550744417582
0 0.6660859073013193 0.4676872114269759
0 0.8037007181956295 0.42891340196344774
0 0.7560921020900147 0.42699835775585787
0 0.7944949981029527 0.45135225802836754
0 0.5881288842561376 0.46185300698059734
0 0.7607795518158861 0.3744233811311733
0 0.70871437274957 0.4825752851943246
0 0.6698519985509824 0.4785417137338315
0 0.7305023539418409 0.46608205014134924
0 0.8435448771539117 0.4765848723170596
0 0.7582042462463621 0.47851506897280366
0 0.8471277856625585 0.4875573947901969
0 0.748168002829773 0.44571152884482207
0 0.7725582999267658 0.352481484413147
0 0.7196237368171226 0.38224501343949974
0 0.7280138800164315 0.39104973760788125
0 0.7209561043399296 0.3713056881374029
0 0.8774696446420774 0.3120375398639258
0 0.9226695367052585 0.32051068904985314
0 0.9552153180420148 0.3332234650744238
0 0.9763353005491732 0.3466963974465113
0 0.9850789624175945 0.3592082243655783
0 0.9627976778438826 0.38152406917065207
0 0.9684518057585768 0.4353298750636416
0 0.9166521393548587 0.3913464645191161
0 0.8888228465233171 0.3850375174910431
0 0.8633017096086897 0.37162348002301415
0 0.8442143348953391 0.35690269747379977
0 0.8313314726081076 0.344788699104834
0 0.8230869503463873 0.3355006067212649
0 0.975138376156489 0.4317029881449074
0 0.7239784861164253 0.3936316942970665
0 0.7525566662917157 0.348962558687511
0 0.7040388089946553 0.37542382663962115
0 0.6872124911486348 0.3751116145406612
0 0.702228120107691 0.3771376657881912
0 0.7146376787610195 0.39414439478520114
0 0.6812367836634318 0.3738552155160961
0 0.6769646667729953 0.37524025677786177
0 0.8392041134431896 0.32770055129434716
0 0.8219212355241494 0.32480018843111197
0 0.8090154197900105 0.32385106160264565
0 0.9464124042525071 0.3663217356762145
0 0.9683186045930355 0.367217189052351
0 0.683998723887693 0.23362609061764936
0 0.7058043738960716 0.24573727349793784
0 0.7011110879449401 0.22366994675933818
0 0.6621067226561816 0.22134814122393462
0 0.6667316108942032 0.24339798633738344
0 0.9059355842413278 0.34909596166011136
0 0.9275813608229915 0.3599759313418206
0 0.9216774139977708 0.3386785255773777
0 0.8842588471963939 0.33813160410413823
0 0.8901027591922616 0.3595889296254512
