0 0.5002369893633801 0.383866138594306
0 0.5251825378964776 0.33678096041515254
0 0.5179357848980505 0.34865612903798837
0 0.5326488937210777 0.2841674230884815
0 0.5330189836575933 0.32244575563548267
0 0.5432217046618462 0.3029933811529823
0 0.5675657255494077 0.25552866027515003
0 0.4268478463687327 0.2142256990722988
0 0.5826264292649601 0.2266979799538419
0 0.5919471271336079 0.20942898359203685
0 0.6304376727860906 0.13604333699829335
0 0.49770481536245864 0.3885850394549577
0 0.4949858255441422 0.3930837953652161
0 0.49320871706890024 0.39603935408851376
0 0.49353935739592364 0.39608629312420235
0 0.49077562295386323 0.40214704511606175
0 0.48699017869227607 0.4093542095759641
0 0.4827305501245934 0.416780442269384
0 0.47229116652970726 0.4326722886467326
0 0.5211990741283997 0.34346070820870606
0 0.5003097169101238 0.33691991509302804
0 0.3733725331156798 0.1418544507275025
0 0.4767103643844957 0.2392171416701614
0 0.4557173861919538 0.23585886173490164
0 0.43638383390624885 0.23075254650219626
0 0.41524904751745256 0.21711778970084328
0 0.4960572068053095 0.2401790863469891
0 0.4654744493410639 0.19709954229925852
0 0.4881017634888058 0.20389851466145203
0 0.44313424068462587 0.19441202787709408
0 0.4271023226496966 0.1959632131392541
0 0.39205130954961415 0.22135609652901042
0 0.37728016596773395 0.43810828294659004
0 0.42139454275045707 0.20895659588817236
0 0.3296691861975452 0.1993332496587781
0 0.37174910278585943 0.2064706021244975
0 0.4264205457318736 0.2945267198526341
0 0.47592068840142177 0.37570220933876175
0 0.4717991510001214 0.3875913170800693
0 0.4480748571779417 0.37452515409044596
0 0.42804946394070337 0.3748288464503012
0 0.45098390644821135 0.38370518397161923
0 0.4335959387700195 0.3810282039145629
0 0.3870540083507481 0.3840326805045639
0 0.5074371392231273 0.3318170919150546
0 0.512383892322364 0.31740960160243337
0 0.40127790694975335 0.18059700830043227
0 0.48886470140322397 0.26940086224804755
0 0.4596837025297725 0.31321433434883755
0 0.4627294227804827 0.3049536169763061
0 0.36479808159334504 0.2768518885300643
0 0.523103473343603 0.29963352979309316
0 0.45929530797445256 0.18008468022057111
0 0.4271678265346133 0.1770249273142089
0 0.40683069371658825 0.12319000019435433
0 0.5432551579306955 0.21564389525008373
0 0.5056523161575847 0.21383877940799878
0 0.37692042059548525 0.3669299350484558
0 0.26862273895708116 0.3360862161262312
0 0.4708084573402353 0.3249760984942533
0 0.4858513824317766 0.33339215410144435
0 0.40173078846672305 0.37605336454251537
0 0.4067083823940028 0.37721813939835713
0 0.42002523803840514 0.16567023489894211
0 0.4551895679501088 0.31843542178039963
0 0.4983284347893103 0.19246551291882127
0 0.5005866005692793 0.18078264010989148
0 0.507878291056208 0.11321580431599548
0 0.4136034377405177 0.14304685646641083
0 0.5061392996703153 0.14495305274275766
0 0.39147290814182034 0.1712108744389337
0 0.38188503998453205 0.1563048933133267
0 0.47312697225614736 0.38219879886162456
0 0.44931673088475416 0.37938830591198325
0 0.43071517048646574 0.37797408194645593
0 0.4744030531576794 0.32853432766337326
0 0.4042637339266746 0.3766658709424993
0 0.4135270457633812 0.3817191069432791
0 0.4095540492916885 0.37788206630426907
0 0.48399960022905597 0.3241929470197014
0 0.4360627666844622 0.38334142827037454
0 0.4525935732476089 0.386653176576331
0 0.47176306775730587 0.39091295954109967
0 0.4442559245811856 0.4251131250698497
0 0.45649047580588126 0.4098136475768642
0 0.4616682808846235 0.40262426349563873
0 0.4670748410989409 0.39589984650197235
0 0.4720794711585926 0.3909170336049536
0 0.4359831486059272 0.3832774363674115
0 0.43063244903865067 0.38484621285528375
0 0.4244302691000959 0.3872992067017417
0 0.4188787797870843 0.39047104001477145
0 0.4146257612206366 0.3503176486794499
0 0.2898059694663338 0.2596412094822828
0 0.5195267964154482 0.34597027334182157
0 0.42339388402583805 0.38076106172756874
0 0.4185721248226321 0.3811285422871942
0 0.49025278412939416 0.3407149928743425
0 0.45821512506707857 0.32829945788219356
0 0.4881161582129805 0.33713202831753786
0 0.4625701164907735 0.2719688901974671
0 0.42333961889633664 0.2729510305908279
0 0.45564479891048826 0.3097996868301129
0 0.4503420350020346 0.11269116674320422
0 0.45392067564408417 0.1382360418151686
0 0.457999923064009 0.1678901922929546
0 0.4003309585235041 0.3979415345019188
0 0.5462331651183574 0.1969020666041668
0 0.5567380876644797 0.15616698625187078
0 0.5656453536256499 0.12116358993386013
0 0.42153140659565513 0.2243529778999695
0 0.3647062604356071 0.22521825086163438
0 0.509306314320344 0.23992854597019977
0 0.4027839352417251 0.19678464626380499
0 0.5086638642798947 0.26424622570798884
0 0.4757056441967902 0.3122685695256012
0 0.33217839175916236 0.2295678669343824
0 0.3746600456373847 0.23884934100551883
0 0.39911712033917074 0.2508674510687158
0 0.4391663814287471 0.25807816578426224
0 0.4704663678598793 0.25906048078035965
0 0.4949455518761407 0.2579324598005716
0 0.5459887178047843 0.25377426652804663
0 0.31824056419503427 0.2596110177590795
0 0.3858183063161762 0.1913813026756912
0 0.5103864621613985 0.34015515829989873
0 0.48221177899319195 0.28413355015758157
0 0.32357757036452706 0.19595828061194523
0 0.5149106836432348 0.25516381330680155
0 0.4534458776773966 0.30963145709340123
0 0.41174702678361663 0.20771147467303966
0 0.4799951142024087 0.3024504539435324
0 0.2760347945858603 0.29610611800698267
0 0.5116499893205322 0.23528302190960318
0 0.5020805134478471 0.2995394480185232
0 0.29655215075320523 0.3817496042212714
0 0.2865922289455067 0.3987878339662068
0 0.29525460926410946 0.25862944482461264
0 0.2810040953285668 0.35560691847965337
0 0.3570820360403994 0.17530167105513206
0 0.36244905897942575 0.45260086299284646
0 0.510923011916811 0.34322115325409436
0 0.45758736781452014 0.2895460603893667
0 0.35266080433907715 0.20377645279834236
0 0.4434481543772247 0.22325478488768358
0 0.45995048708889796 0.22809098968687264
0 0.40880180660473264 0.3827332869388055
0 0.3044552751209425 0.2891251804927985
0 0.3913288031016355 0.48230748159298
0 0.3326900444276955 0.4470564985944741
0 0.3099290399366747 0.42648852902694023
0 0.6125363166565481 0.1706534406521182
0 0.43653449634818925 0.49590193426263507
0 0.4775711022641348 0.230966085649055
0 0.4949210405187762 0.23292731088788612
0 0.5060772673510339 0.23477844910129256
0 0.3718902797883619 0.1843986627848252
0 0.4971057072929714 0.2215364902563717
0 0.4811216021847466 0.21370907867516298
0 0.4640296117767044 0.2089157533980366
0 0.44598553572659905 0.2067406252566455
0 0.4341870867849692 0.20715498665104742
0 0.3477185572619024 0.16483550286595372
0 0.4333072728274957 0.2184734926491544
0 0.5118531635759965 0.36036274781909544
0 0.4398235067239274 0.34765382202855055
0 0.4721753424762384 0.32302339968905935
0 0.4821236923984859 0.35356633629703865
0 0.57541174441576 0.24013606132264587
0 0.3162517954149972 0.40822185262821725
0 0.3375540760791172 0.43057824892626295
0 0.3975208138075212 0.4715916460406953
0 0.2731892504202931 0.37061821415588475
0 0.5074883711159878 0.23004814086184985
0 0.5203530816361308 0.27271298885993334
0 0.4434494693642077 0.48522093195630156
0 0.3586505700469665 0.4659921362780143
0 0.2828595068953607 0.29164420327414636
0 0.45267026328846166 0.3865789122123649
0 0.4465664443762406 0.389894618180351
0 0.44052304473260173 0.3946029846758946
0 0.4349105750898952 0.40060195639945456
0 0.4186773588475974 0.412042451509531
0 0.41946454512198333 0.3789488599244235
0 0.4157583682757357 0.3770622482550317
0 0.412872234845291 0.3751681577684223
0 0.3921154984475478 0.35665866716400435
0 0.32880993863648694 0.30341362083951634
0 0.5282880988214975 0.25805978884623537
0 0.5317195661204017 0.23074917084928873
0 0.5181911729033226 0.22809929786708907
0 0.4234564423399127 0.3808438816256281
0 0.3040091088041663 0.33700750746588776
0 0.5493321160421424 0.2361607789669348
0 0.397550813043895 0.4246011316452337
0 0.5516376564198214 0.2865653006710868
0 0.5387927057707439 0.2694315923296887
0 0.5594492752266966 0.2713315756586583
0 0.4931517342996338 0.291199024496735
0 0.4525017696230308 0.4692405910919542
0 0.4630451248553784 0.4498098382483358
0 0.4280761494098798 0.44022630144288577
0 0.3613817278781663 0.3857632555283498
0 0.42998519491242326 0.3166692277983479
0 0.37618702605528676 0.4068587581640568
0 0.3831644521864212 0.3026677179487719
0 0.4027337027389718 0.32611465383914934
0 0.35104759584140516 0.32083868294738344
0 0.41018317413070926 0.45695728857232176
0 0.47580400522312394 0.2953833499788374
0 0.33475750202879956 0.39297734589680383
0 0.3549115360593018 0.41674875187269156
0 0.3534018082706177 0.36375714142037474
0 0.29460754800263955 0.3148022589368233
0 0.32315666933098564 0.35949712565195735
0 0.2759166912216207 0.3235301259311213
0 0.37508461110131897 0.34002557396888733
0 0.5018386084424413 0.2782436760439389
0 0.4788257050449434 0.32034423709779547
0 0.46356140627809195 0.31964451663088106
0 0.4931254345599724 0.3140834485707076
0 0.5216984185187713 0.21687718712981197
0 0.49223752028268314 0.2005338908267626
0 0.4632956737085529 0.19146962255995342
0 0.43707602552097774 0.18811730821819408
0 0.4166547686023557 0.1896046325294436
0 0.3937378943209415 0.2078518116225799
0 0.3098060798871776 0.22775130006282227
0 0.4008915813072868 0.23016090512923573
0 0.4197447250151764 0.23931046683287274
0 0.44710015375976975 0.245739106790743
0 0.4743638665455839 0.24841986990709236
0 0.4967807652428746 0.24885626034676164
0 0.5129241941739684 0.24821983337186385
0 0.3058950982016066 0.2271117011382096
0 0.4617772319394609 0.3229136618691078
0 0.5131079942878821 0.2862020687780518
0 0.4932013882081146 0.3255842107253662
0 0.5003647885649748 0.3347032169500987
0 0.4919204155550055 0.3274229230440181
0 0.4654841276452593 0.3282440215133239
0 0.5040104584768414 0.33736716000282246
0 0.5042990718198859 0.3403584249857543
0 0.5184737022399254 0.2378162311632996
0 0.5274244153710164 0.24401663624398087
0 0.5324813468462747 0.24839839377049086
0 0.4271468568755233 0.208056402379188
0 0.41528832179534697 0.19975667584525503
0 0.5681345713851245 0.2928388933988585
0 0.710076054720127 0.2853619968113692
0 0.5422737568454898 0.3471590269734894
0 0.8115615953245888 0.24968731117205342
0 0.6483378366607687 0.28218335399161215
0 0.6680475628894308 0.28844414251870004
0 0.6878099937963745 0.2930037183822065
0 0.7162590533818888 0.2923336221796015
0 0.6326090494251769 0.27478191488678905
0 0.6971994216513374 0.2570215864241987
0 0.6734659404534361 0.2519258346570575
0 0.7162654354520466 0.2646312101919582
0 0.7264362811718298 0.27250898011244723
0 0.7304342623962008 0.30486238704643387
0 0.5369495323494725 0.4767113765836626
0 0.7192125492121862 0.2840766296654508
0 0.7922596903922765 0.31332503248384036
0 0.7574918553557085 0.3018594818810622
0 0.6352332725149133 0.3453830261377321
0 0.5268078092080744 0.38648171668899234
0 0.5180262910688053 0.39729207052268845
0 0.5488655937268682 0.3955451701430307
0 0.5627309918079687 0.40287298509392183
0 0.5372115303559796 0.4016255940432134
0 0.5521573743418507 0.4056004835427671
0 0.5822465207589709 0.4307006454446178
0 0.5431178382233434 0.34054443510114285
0 0.5533344454901374 0.3274041241493778
0 0.7583439669207387 0.27125605997507984
0 0.6112514867082887 0.29930518934692163
0 0.5949656359203483 0.3460883047917615
0 0.6000761311987172 0.3382362451242364
0 0.6965268145760765 0.3578934868176778
0 0.5615041966185622 0.30895356196856155
0 0.7166956290602684 0.24794112375357014
0 0.7431185917685861 0.2586682066321373
0 0.8061804581919442 0.22170678612546643
0 0.6208365144936935 0.23767685452881065
0 0.6503555877539127 0.2513715582697288
0 0.6061138150322697 0.42175894829890004
0 0.7050207888950473 0.44310308523152186
0 0.5749780091092639 0.3502778683559618
0 0.5559603868295317 0.35041804525299347
0 0.5794732307448335 0.4128283966278684
0 0.5746289238981579 0.41189299156700354
0 0.7577373195925484 0.2523988334705
0 0.5929534253056931 0.3517886476348276
0 0.676725915916588 0.24026692607372568
0 0.6859108019296242 0.230235213143886
0 0.7436199700054915 0.17164506779416747
0 0.7852767939152925 0.23455862425591634
0 0.7164859675356875 0.19711179359127645
0 0.7728054924341647 0.26710720794896287
0 0.7949205227196217 0.2579526700673328
0 0.5225960461665755 0.39265037317206897
0 0.5429453995969632 0.3989614472872969
0 0.5575227316306985 0.40431756083516107
0 0.5688022691756487 0.3514055983311888
0 0.5770035449253477 0.4123664559877437
0 0.5660638350831426 0.4134536781280801
0 0.5718242495280245 0.4113994478315547
0 0.5665772060013335 0.3444264941457389
0 0.5478738480773957 0.4064093889209671
0 0.5327066479493743 0.4032351402700811
0 0.5145014772272628 0.3998597201661787
0 0.5001236199522796 0.43860104096972424
0 0.5091320171790279 0.4213079203298126
0 0.5123123570304849 0.4135709529661614
0 0.5143520245733468 0.4060243607863136
0 0.5147234996294846 0.39992557449833205
0 0.5479100715854893 0.4065476451878962
0 0.5510006767252217 0.4101178346444731
0 0.5534869489138541 0.41452972569327423
0 0.5547050125896931 0.4193958457613337
0 0.5938895557723616 0.3933313820457113
0 0.7599375558126232 0.3757480425571186
0 0.559113059354865 0.408934842903113
0 0.5627657775969609 0.4110874909421672
0 0.5462103369443313 0.35431689526075905
0 0.5811261518493943 0.3579510475198428
0 0.5509152201044819 0.3524098550711853
0 0.6282112069589936 0.312394749103249
0 0.6568986824511186 0.33003390326664067
0 0.6004819186485332 0.3448985617445863
0 0.7857115812113752 0.19561632115231908
0 0.7609087876651598 0.214071757659532
0 0.7285515867659579 0.2386971747205741
0 0.5587785617326912 0.4359545290902041
0 0.6361284455203492 0.2221734701399354
0 0.6683169423562029 0.18391956742582977
0 0.6933613077777884 0.15283278694403343
0 0.7047459390824256 0.2947665076108946
0 0.749307165975156 0.3193966098453688
0 0.6230935581514369 0.2690787201990252
0 0.7432066432969726 0.28259349581987964
0 0.6018907431027164 0.2870360005484975
0 0.584293552228938 0.3388143547851106
0 0.7633792800099953 0.335732267278692
0 0.7308290740879981 0.32570739295603574
0 0.7023935501018296 0.32504273853872134
0 0.6639441723084968 0.3139153352358203
0 0.6374627891118112 0.3012363247141458
0 0.6190152399889801 0.2900843315258406
0 0.5853104754958464 0.2634667263406774
0 0.745358978924544 0.3645692769492018
0 0.7599936969902205 0.28496180733908777
0 0.53241024988339 0.3455221554183442
0 0.6030473004540672 0.31352218807391496
0 0.7956698198357354 0.3121772813948168
0 0.6063506880208201 0.2796150059371755
0 0.6014399304986 0.34545138310911
0 0.7271038386970758 0.287189854659896
0 0.5898314007436452 0.329203463550927
0 0.7366023578721544 0.40952724088793213
0 0.6256128978794036 0.2644149356022261
0 0.5767731942722331 0.31775991289296013
0 0.6465370408866716 0.467005530561226
0 0.6353515862770702 0.4835417483379875
0 0.7614057826121217 0.37342015157143277
0 0.6815168868912302 0.4535386833915676
0 0.7950855448194172 0.2830761268842911
0 0.5336565770127851 0.4940293199126271
0 0.5286591530818007 0.34748888064337813
0 0.6161865101236365 0.32813492390340654
0 0.7737392033247844 0.3080213870583237
0 0.68899414834121 0.2842967746158441
0 0.6716746827182563 0.28060992143076396
0 0.568696684487488 0.4161238195779531
0 0.7276908138199992 0.3928822165058143
0 0.4830409396520775 0.504325555988412
0 0.5582545306533575 0.50131496830263
0 0.5936973572749159 0.49509794686151587
0 0.6553673713427522 0.27530531569019606
0 0.6399557239011578 0.26944125368111377
0 0.6299837042132149 0.2662758806693381
0 0.7754010663408301 0.28444335361321765
0 0.6498497560944246 0.2600379068998323
0 0.6694212158251068 0.26096033315727674
0 0.6873445234706869 0.2649915465896112
0 0.703100767634485 0.2714791295213112
0 0.7115759464061778 0.27726310707520746
0 0.8078954116157864 0.2779380630539811
0 0.7011363524133745 0.285388245422771
0 0.5778073701683594 0.38077500084604043
0 0.5759532034559094 0.34834597637687903
0 0.5409847890715236 0.367842350749002
0 0.6077255682776803 0.479147841371056
0 0.5718441671975281 0.48746437341838644
0 0.49045646684649197 0.49408746262391406
0 0.6702139601111412 0.4675308228942795
0 0.6339581910034885 0.26217804174276366
0 0.5867226312503867 0.2889690274453681
0 0.5222074236801785 0.5051635036217994
0 0.7394731673209564 0.40394641361806705
0 0.5329267241708611 0.40337709229493485
0 0.5349847664651664 0.40863659232854843
0 0.5353154944579886 0.414862518509229
0 0.5339837808404928 0.42205900310174277
0 0.5316614612289097 0.4391084947231887
0 0.5640197842503372 0.40879859456765477
0 0.5684914763854898 0.40865402350175206
0 0.5726453274002542 0.40830612754908163
0 0.604568547528723 0.4076219467257244
0 0.6978621049581663 0.3935053445722746
0 0.5936461253820554 0.27417249313515163
0 0.6147398841769799 0.2529056761143864
0 0.62719158358548 0.25641682074553723
0 0.559223903990958 0.40884858915123384
0 0.6836258454815202 0.4296089127335859
0 0.5972371970343849 0.2502834922161655
0 0.5349366905410653 0.4576608502994413
0 0.5767293964391169 0.2787265981129114
0 0.5893589522203674 0.3147374522210895
0 0.49799884645187337 0.45704723808212555
0 0.5980208591436562 0.44297902998716937
0 0.6122750725759112 0.36076148226857185
0 0.5672997825819514 0.4529302801558937
0 0.6598841236985248 0.37004350924837415
0 0.6240891961623793 0.37974536850832513
0 0.6661555946845076 0.39749885836373205
0 0.4954067090445239 0.477595215636319
0 0.5978833290383868 0.32501494760314625
0 0.6096451687424079 0.4596740780533224
0 0.5731224748103515 0.46964267209388205
0 0.6249574031680822 0.429495537356622
0 0.7106051704157954 0.41665763834464375
0 0.649579640234942 0.43879601402559143
0 0.7147726622288642 0.43122823671370314
0 0.6317171375874592 0.40214765622563986
0 0.5944152700350337 0.3008839181907799
0 0.5742943912096645 0.34368955419547315
0 0.5858489188325146 0.34939010074173193
0 0.5702047816923131 0.33291915528800176
0 0.6354708117635354 0.24701044751682144
0 0.6735137007806612 0.24805122532922289
0 0.7041584730310284 0.2541111916087676
0 0.7269518262018329 0.26263532630991243
0 0.7400390675858312 0.27207664918640384
0 0.739940811758456 0.29415062555800314
0 0.7796901681500933 0.3436007396034572
0 0.7162656107836444 0.3080298843915048
0 0.6941467582693567 0.3070114557293878
0 0.6669167442166287 0.3002859038179335
0 0.6425022750930942 0.2907090892178425
0 0.6246456285209759 0.28162200619345124
0 0.6130068014659311 0.2743077811555586
0 0.778452467335307 0.3437216810990071
0 0.5837509009339239 0.3524511486183906
0 0.5801611968680568 0.30257628431570704
0 0.5591649925741164 0.3417139242308727
0 0.5446062106234224 0.34559449915220775
0 0.5578892798689397 0.34364759133777756
0 0.5758646259327298 0.3548521981507108
0 0.5397342189174631 0.34608341591513675
0 0.5361259297022353 0.3480629453408545
0 0.6180834577459356 0.2636284375752228
0 0.6058070548688588 0.2649372596887575
0 0.5989229402140431 0.26689077330672223
0 0.716001456198485 0.2811419650696326
0 0.7314194857102373 0.28004420856418816
0 0.46118310328734957 0.21718809640277986
0 0.4823322318008412 0.2222816510854856
0 0.46726837211652944 0.2056176241055347
0 0.4398688474751037 0.21206475740325623
0 0.4549118777656037 0.22880041515589625
0 0.6801876279161029 0.27130506514315156
0 0.701616901256468 0.27667498685743497
0 0.6864355694016685 0.25920382962710614
0 0.6587473437513994 0.265823164873797
0 0.6738990796325 0.2834582740737908
