0 0.4732217387012813 0.4240665772686834
0 0.4527105770033339 0.3854094670302626
0 0.45786566125309985 0.3945499550605166
0 0.42111934753863706 0.3482561552006265
0 0.4471786796398785 0.37372073228808417
0 0.44023937084104703 0.35750822053439374
0 0.4238871685836626 0.317840288190738
0 0.3083091008922328 0.33729632155618805
0 0.41387485728963563 0.2954897183007088
0 0.40724728321251663 0.2815262189377909
0 0.37957796648792597 0.21949890115554782
0 0.4745967692655066 0.42766562795293506
0 0.47579888157222583 0.4310749972212142
0 0.47664733749368915 0.4332528731961181
0 0.47615553924570914 0.4336889191814091
0 0.4775707430165747 0.43761545160542364
0 0.4792189183442489 0.4424566119045451
0 0.48114368027966953 0.44764966442101245
0 0.49151156162438187 0.4624063748380412
0 0.4555279606062433 0.3908051947752635
0 0.4377217305743176 0.39304005991721497
0 0.2309615252458531 0.3052624070989913
0 0.3583486983957498 0.33704981574977655
0 0.3425191746133825 0.34167403587396594
0 0.3266553975965666 0.3445187157046968
0 0.3037126555067042 0.3422893117303434
0 0.3713281410543815 0.33143622978873877
0 0.32054028660058975 0.31404391751773114
0 0.34000680725211685 0.31116336346536444
0 0.3045625157006409 0.3193475939873336
0 0.2956834798273833 0.32534394424030744
0 0.2929010240604048 0.3518515807994898
0 0.4373851044346457 0.4970296595407569
0 0.30111798676459683 0.33537975774295087
0 0.2443788944055205 0.3566969075928564
0 0.2708775435128938 0.34847650860530743
0 0.3645202143360739 0.3876279722089353
0 0.45198599994182587 0.4257375768561294
0 0.4570767905401147 0.43389818547428516
0 0.4337091596554155 0.4323672930831495
0 0.4211336380761603 0.4377942342257154
0 0.4415116692366807 0.4369418448296146
0 0.42893445427003113 0.43987665746522986
0 0.40134427242952847 0.45842056991397473
0 0.4378826712136683 0.3879348333331122
0 0.43051251234567683 0.37710465534009796
0 0.26941411261973175 0.32348302784173383
0 0.3867329274830611 0.3512884685094806
0 0.39410698251879733 0.39009291257547296
0 0.3906701082444709 0.3834296289993369
0 0.31525182400060736 0.3955634018217308
0 0.4251701779987501 0.3617962492980819
0 0.3044856386664121 0.3062023870323015
0 0.2823218960800897 0.31373951627292496
0 0.23654437567228856 0.2828975369532903
0 0.38249563166628714 0.3020103759523751
0 0.35850067647254985 0.3118774228985759
0 0.38199893223202747 0.45071443872175354
0 0.30357860255500546 0.4652272091395613
0 0.4099221193920011 0.39419010648692865
0 0.42571588929580606 0.3948016160208246
0 0.4051251246229462 0.4453317283288292
0 0.4092973558151204 0.44462526038936945
0 0.2703645159692868 0.30873007197742874
0 0.3949342642141425 0.39459555110205774
0 0.3376077316377474 0.3019876838594243
0 0.330887365438368 0.294119188858979
0 0.28838365848945535 0.24475641289482947
0 0.25362105861954065 0.2948445472596348
0 0.3092818211602128 0.2669878728363825
0 0.25735237578982895 0.3204003635092058
0 0.24472362953035728 0.3130350138830102
0 0.4543681967517604 0.43039957790271094
0 0.43764183848448424 0.4348832200402799
0 0.42492269562638324 0.438897578396659
0 0.4146884266772996 0.3952247623516166
0 0.4072650293617145 0.44496298181837884
0 0.4161499714397866 0.4455139712579008
0 0.41154610543795256 0.4443033104357512
0 0.41797467207779054 0.39005164780478546
0 0.43207344380409823 0.4405190508434738
0 0.4445018334233243 0.4381662291893061
0 0.4593696646068407 0.43579900135164673
0 0.46824356524840643 0.46647915827191394
0 0.4603503424188365 0.45053746864415595
0 0.45887186378240585 0.4452402302320453
0 0.45842596596997714 0.4402968613565832
0 0.4589710439676824 0.4362959911425908
0 0.4314406813810701 0.44077699685442273
0 0.42887269381595694 0.44300990821658703
0 0.42646683088463283 0.44597927686096966
0 0.42501535007487173 0.4494101141673931
0 0.3930774718199087 0.4281616997027743
0 0.2649730183184147 0.4085299791633219
0 0.45677795585082925 0.3927696615025617
0 0.4221287854015827 0.4424178658620171
0 0.41912360100642493 0.44382675294426904
0 0.4338138192568136 0.39811991090359894
0 0.4043452302398889 0.3997188089550405
0 0.4298512927539971 0.39648923450622003
0 0.3724103395057761 0.36113476537276007
0 0.3489924989964651 0.3742645421753759
0 0.38974308190138446 0.38866717120011646
0 0.25408971390646434 0.2626325445978538
0 0.27378499329737993 0.2792737226987231
0 0.29528293175541837 0.2989580540553383
0 0.42025920311393944 0.4631796950015469
0 0.3712214714159136 0.2897906368193419
0 0.34755891577705095 0.25759073346853256
0 0.3288276419043541 0.2311864824614663
0 0.3127709701657295 0.3450864652792613
0 0.2787873284972232 0.3627792123867118
0 0.37953439273911976 0.32707725292530615
0 0.28191911769301997 0.33311212559541065
0 0.39531238522866496 0.3418658358463343
0 0.4040491765607958 0.38484181161376013
0 0.2648164419376332 0.3756666027981302
0 0.2937630821505319 0.36835680642853613
0 0.3167802919836148 0.3683987538451734
0 0.34684142891479575 0.3603750275097031
0 0.3673980780269789 0.3511254573645799
0 0.3820406336175359 0.3428091113118158
0 0.4096490159306837 0.32368534997753473
0 0.27603703332336055 0.39954287461612537
0 0.26833446113311726 0.3347995910739553
0 0.44616922800955566 0.39218140900998877
0 0.3913169409269872 0.3631663667982903
0 0.24148361498247023 0.3558542164771453
0 0.3926634867878064 0.3349590477520141
0 0.3890563513597716 0.38889162048049597
0 0.29484226554632187 0.33740959370481793
0 0.40022777944155363 0.37673899250617926
0 0.28088601370868477 0.4368543249109517
0 0.37803230305080826 0.32340431170187134
0 0.4121901433428992 0.36821192071057746
0 0.3485752923981003 0.4858940092549808
0 0.3577316720848498 0.4998389124006465
0 0.26338800771728804 0.4065308622691942
0 0.3205735898860123 0.474253389282503
0 0.2436210691280987 0.3326612614851067
0 0.43954012575356854 0.511247785842937
0 0.4490703998700432 0.3937814604976903
0 0.379969317951928 0.3743455181087273
0 0.25784424287469493 0.35257596231025196
0 0.3255596382786398 0.3380268939595292
0 0.3396756054590578 0.3357743741809458
0 0.4138184936474199 0.44750501409820886
0 0.2874233150935691 0.42340525811997015
0 0.48027831801901694 0.5211947847535645
0 0.41986643361008685 0.5165339842222739
0 0.3914797263948814 0.5102849255005518
0 0.3922915473256422 0.24845963770496673
0 0.5184730974876363 0.5156430135602537
0 0.35308487940093747 0.3318622008613918
0 0.3657587551228378 0.3273755574355955
0 0.3741932836887629 0.32488075719363446
0 0.2557561585436697 0.33448495013990265
0 0.3585117179090562 0.31890880564848584
0 0.3423317730750727 0.31887679190739343
0 0.32759594350405363 0.32133616517851316
0 0.3143892565175243 0.32585862397715665
0 0.3073189924268619 0.3300556372041288
0 0.2328943273295527 0.32800499231055164
0 0.3155104304137437 0.338132209751917
0 0.46240864791299985 0.40387207399243896
0 0.4066607516420924 0.4183161325644756
0 0.40951022700123163 0.3926523170177487
0 0.4378790916955989 0.4089372598606607
0 0.41879959955163626 0.3056505266307057
0 0.3797726785035237 0.49671757264413696
0 0.40869875025490054 0.5046241192714028
0 0.47472824771767075 0.5125098569669585
0 0.3300233799154344 0.48605363070964813
0 0.3715167265871297 0.3212839663028717
0 0.40677408469112025 0.34419813104297803
0 0.5134070881682894 0.5067400863205177
0 0.4486964503708093 0.5208339475203252
0 0.27801438663964684 0.4322030578834423
0 0.4439400693644648 0.4386193884023722
0 0.4417630340094152 0.4419944135175235
0 0.440856397151947 0.4460942203152007
0 0.4411409137689549 0.4509997141102086
0 0.44233528880969336 0.46639872374741925
0 0.4186665516184724 0.44233778443025507
0 0.414841299633617 0.4422436734472496
0 0.41170827137387317 0.44191320218901703
0 0.383636479144511 0.43943354962528614
0 0.3109270089670368 0.42482412595679797
0 0.402544594977213 0.3318820564427238
0 0.38695885014274845 0.3143967277761819
0 0.376818158056425 0.31690305061098456
0 0.422491528255784 0.4423829803000326
0 0.31970411117957986 0.45480866665425507
0 0.4012539859699166 0.3123978815864826
0 0.4394125847712807 0.4815040779286537
0 0.4345972380884316 0.3437141586041105
0 0.4153051363385242 0.3363774094892585
0 0.4293397383197494 0.3309454897391623
0 0.4020801525077094 0.36482524353524914
0 0.5065768445315568 0.4933881906495578
0 0.49859060930169147 0.4769565730855085
0 0.4696843212713366 0.4819260943627012
0 0.3883765045067538 0.46782034570756165
0 0.38021831473578577 0.40091701737348584
0 0.41322262779526087 0.47672553274078644
0 0.34324344879259233 0.4069005738997805
0 0.37051038638405176 0.41601476829121076
0 0.3359233205733092 0.4290983370248822
0 0.47118298288272775 0.49890950170979986
0 0.39390372096196463 0.37269203192082007
0 0.37877641602054885 0.48088400001111237
0 0.40818398802176764 0.49010499318440753
0 0.36684479467246844 0.45625860665155493
0 0.29916940726663754 0.44349962429723877
0 0.3466801027888837 0.46306345687396283
0 0.2955664846560229 0.45523496728012525
0 0.3628667936376903 0.43396732103133545
0 0.399446122834216 0.3533912298903949
0 0.4117860708223737 0.3892202321170033
0 0.40125879078455595 0.3931467174619868
0 0.41627244602726854 0.3808623858983966
0 0.37038689301065775 0.30904530139936914
0 0.339849267154932 0.30821124928585
0 0.31496349382011785 0.3116380848746369
0 0.29620431347385695 0.3175323324790899
0 0.28484420348768646 0.32463017905103986
0 0.2845525278345398 0.3426669090986252
0 0.2517213120084742 0.3816350234159525
0 0.30415412022367766 0.35481642985689466
0 0.3221644929245762 0.35474962471187976
0 0.34375384676715603 0.35024376127167023
0 0.3629384528359641 0.34332053082576697
0 0.3774288651411948 0.33653164039487427
0 0.38715927561988 0.3310974373117737
0 0.2530484871695871 0.38189998420252314
0 0.4023657567475153 0.3955908018177834
0 0.4107559956610203 0.3556412780198498
0 0.4245520915998065 0.38833825354990753
0 0.43604738346260524 0.39177944824315497
0 0.4253741003896879 0.3897702328968739
0 0.40864332279433374 0.39765220426994824
0 0.44012066851491516 0.39239891413329303
0 0.4427536794024965 0.39400793417640356
0 0.38394247286993527 0.3228800396124522
0 0.3934284573339898 0.32398783275182697
0 0.3991373067964678 0.3253066341082255
0 0.30376316801361414 0.33295495225035626
0 0.2912601729773957 0.33135701931905054
0 0.44999311702406924 0.3422483529733575
0 0.5420475281451059 0.28797775280216464
0 0.4733414598133253 0.3856257245592449
0 0.5881286742894546 0.2305528575527495
0 0.49931648049665533 0.30588860529056494
0 0.5157858431339264 0.3038468818733658
0 0.5316029900441999 0.3006309721132983
0 0.5508431474799695 0.2901572059246077
0 0.48482827097177505 0.3062715696683828
0 0.5126187956851461 0.27312189394581143
0 0.49433503040800925 0.27783032668673474
0 0.5306676344379134 0.2716157651249913
0 0.5433975846871085 0.273398130160311
0 0.568040308745011 0.29393580426340515
0 0.569160863109257 0.4706134739993275
0 0.5475836107912271 0.2836236133091692
0 0.620734779731087 0.2786085666089818
0 0.5851663202047348 0.2822673370440801
0 0.535573529160541 0.35254976282949035
0 0.4933310857285624 0.4183551610811897
0 0.4948310414734094 0.42730104793672974
0 0.5151753976293232 0.4180492415376332
0 0.5303469371536503 0.4187070062195045
0 0.5114360403107561 0.42490333642648614
0 0.5249129809115244 0.4233420074417971
0 0.5641290244200955 0.4251919073471125
0 0.46734843791826913 0.38183673352435016
0 0.46417010122019314 0.370103532637375
0 0.5629474530401437 0.2624902011475701
0 0.4861324821477351 0.3306265057644982
0 0.509208175799121 0.366644141898639
0 0.5071353319546451 0.3597330107637074
0 0.5862364308989566 0.33981521449227264
0 0.45659171077220334 0.3552385639885198
0 0.5168359085269596 0.26057707410359726
0 0.5425461825469265 0.2591700348733128
0 0.5615642446538677 0.2146804447191349
0 0.4471732002237569 0.2853281567062157
0 0.48000613697197125 0.28533639553664386
0 0.5736022740602493 0.411522581309512
0 0.6654139387866725 0.3910031150216642
0 0.49950349654840387 0.37592968042346014
0 0.4864941236117612 0.3825262765521589
0 0.5501771368410276 0.42021751339020935
0 0.5458499675859576 0.4210325691147127
0 0.5490686426992002 0.25054408534281497
0 0.5130613342575405 0.3707345328901125
0 0.4850600860688997 0.26859878781049146
0 0.4838688224554062 0.2597180465641229
0 0.47927963247765665 0.20439029852117319
0 0.5543924874585607 0.2313450564076935
0 0.4785686851195667 0.23083573191062265
0 0.5713786499007888 0.25515738313180814
0 0.5801639712375143 0.24280403370874515
0 0.49464408049116965 0.42327183614606445
0 0.5135186865277912 0.4217137085354846
0 0.5278451844401981 0.42102917942447937
0 0.49644606495681015 0.378677542226902
0 0.5479816532005435 0.420646238586177
0 0.5397112868402315 0.4240098470363064
0 0.5434430721013442 0.4215097150940826
0 0.4877172449360723 0.37558925195016724
0 0.5223085235642351 0.4249189195857532
0 0.5094090969018314 0.42695546430954034
0 0.4941645076741343 0.4297353633935901
0 0.514739247119945 0.45706784811572754
0 0.502262451402519 0.4429280377816463
0 0.4995223303203997 0.43784180758655933
0 0.49670626838570053 0.43340336131876794
0 0.4937536340692769 0.43013464065565576
0 0.5222207152325175 0.4249939400216807
0 0.5261496493349904 0.42594618404257123
0 0.5303510673668074 0.4276487736598305
0 0.5341967088372811 0.4299910025320191
0 0.5435432435377784 0.3975602824618851
0 0.6508587372043858 0.3289193024021992
0 0.532031596030878 0.42333591070728027
0 0.5358204057683116 0.4235644087843273
0 0.4822036306495252 0.3885186368572539
0 0.5100609822117764 0.3785785585641861
0 0.4842998790352241 0.3856150846982348
0 0.5069118598880975 0.33330965743980545
0 0.5383955936716951 0.3352200892092525
0 0.5129894685486088 0.36373964815899945
0 0.5264096324858458 0.20521899539491403
0 0.5214920354926068 0.22664459179277005
0 0.5187131730110749 0.25126946728298627
0 0.5522056772657062 0.43629257791284204
0 0.4456342277319535 0.2707886336290318
0 0.4373773258665334 0.23839663606191028
0 0.43214846224240633 0.20929054300422253
0 0.5445112002932507 0.29592802407948865
0 0.5902834890977197 0.29708249607811804
0 0.4751240047423736 0.30581636251746747
0 0.5617102889910989 0.2746582710440608
0 0.47058217454215756 0.3260923595964045
0 0.4952129209819047 0.3661002143137697
0 0.6160501542946567 0.30304705621539685
0 0.5805463188368342 0.30792389065027237
0 0.5598444789648056 0.31732179505237634
0 0.5271614689541899 0.32232926202856976
0 0.5021802876954493 0.3224712523861208
0 0.48316486892492877 0.32132483090179553
0 0.44126261738331424 0.31698835781518964
0 0.6262908250741337 0.32746943302344583
0 0.5747865438461304 0.2706525163806003
0 0.4645938610901003 0.3883661243362703
0 0.4913716575373774 0.34256227595218713
0 0.6255377770765967 0.2759673152712808
0 0.46773348392351816 0.3188664580600849
0 0.5146241793813913 0.36353395987248077
0 0.5550294489316319 0.28271157478076825
0 0.4924077903446944 0.35781889506008313
0 0.6613256610606028 0.35866937775542773
0 0.4743993450766024 0.3018944438384927
0 0.4738953764671865 0.35546334282211633
0 0.6389390521723292 0.4269522629354311
0 0.6456848467173784 0.44127763527027075
0 0.6466582002847091 0.3275827640208645
0 0.6540450314464776 0.40617741644382477
0 0.5996152376351149 0.25843369528867194
0 0.5807340507921965 0.48315174985623016
0 0.4640907735928245 0.39065939101619995
0 0.5109182492546414 0.3475474980862244
0 0.6015323999783267 0.2802512246197548
0 0.5267792039591334 0.29471291428890783
0 0.5131380185484886 0.2977344464996587
0 0.5434328016379605 0.4248338242371877
0 0.6371587100236312 0.3515881265419117
0 0.5555363912945208 0.5062390241933905
0 0.6047984348691028 0.4794546335503675
0 0.6247773497648861 0.46326561423315515
0 0.49954289878192154 0.2992950222198514
0 0.48649123246255127 0.30038122962350433
0 0.4782930346934692 0.3016348736009736
0 0.5865740620571634 0.26494966857675195
0 0.487041129042273 0.2913645005960395
0 0.49975808288740076 0.2854202786001606
0 0.5134846260366233 0.2821536764934443
0 0.5278896530685218 0.28103968069173285
0 0.5373910432276519 0.28187860548496246
0 0.6076248223366945 0.24978025160405948
0 0.5357851062131964 0.2912959299873615
0 0.5233457852964816 0.3947448387094166
0 0.49811993021032086 0.3745006435159324
0 0.48801442754009494 0.3988522252310877
0 0.620849572122097 0.44819446296795556
0 0.6023006471602813 0.46594325766183325
0 0.551192866395349 0.4973006935223289
0 0.6590944373089335 0.4186540187700935
0 0.47822623537934345 0.2980060454296029
0 0.46080821784942044 0.33294975001742877
0 0.582750475924948 0.4940937170083972
0 0.6560002192854881 0.3545800460421521
0 0.5092134900067163 0.4271873285373052
0 0.5132261848320132 0.4292825572732566
0 0.5168556234110957 0.4324440554432247
0 0.5203614584777666 0.4366427752850712
0 0.536301437927329 0.4472041555504868
0 0.535847031875797 0.4220657419899236
0 0.5391428593708121 0.42067269700160925
0 0.5418890656336494 0.4192270176566165
0 0.5616277397974677 0.40309769455073535
0 0.6158675162688546 0.362208214359007
0 0.45513754532389017 0.320862773751867
0 0.45734005032674124 0.298162465510161
0 0.46921969982592954 0.2962878020345301
0 0.5322169875321181 0.42340572891028033
0 0.6352514326572418 0.3901732764814211
0 0.44085053224926407 0.30269276296746905
0 0.5531077158191929 0.4585750832937766
0 0.44601428994665976 0.32993994048540143
0 0.4820117684810058 0.3484339491612669
0 0.5274910874988722 0.47026930274306866
0 0.5843871967948001 0.4279935569434926
0 0.5325260651500329 0.37000636151735333
0 0.5711637411428534 0.44474415848220605
0 0.5705394731915515 0.3602275524450385
0 0.5538674822967985 0.3786059350207232
0 0.596466473263243 0.3757220854361852
0 0.5413746062828146 0.4848763959995214
0 0.49642469798741135 0.35171724078447925
0 0.6058534565179244 0.43488442055557086
0 0.5884476919537005 0.45382156061089557
0 0.5924175151664278 0.4102711029674696
0 0.644572662918464 0.3726667975601943
0 0.6175807286863741 0.40774839662987256
0 0.6604497529890226 0.38048886086629785
0 0.5760185038265975 0.3904396260994068
0 0.4755244151405666 0.337670364457628
0 0.4920955737647803 0.37260105169337726
0 0.5055603990736215 0.3718741043754246
0 0.4802540599004082 0.3676163945077122
0 0.4662684422472249 0.2872084225865378
0 0.4903162779367488 0.27529475600391196
0 0.5139346815969633 0.2690904105918995
0 0.535060419012671 0.2672168181642242
0 0.5511395866456239 0.26894614867110184
0 0.5680925146393154 0.2830924912207369
0 0.6355217138062352 0.3022777377695277
0 0.5600208115318547 0.30089123676652496
0 0.5439014706922614 0.30785919229189557
0 0.5216162447696147 0.31211772604265076
0 0.5000261337212895 0.31359487771987915
0 0.4829788991938467 0.3135458331393159
0 0.47064894632152887 0.31273886323838995
0 0.6384624255740124 0.3020269477712935
0 0.507151054299396 0.37435161484324414
0 0.4657377649260604 0.34423176901064056
0 0.4794865561568219 0.3769308630970941
0 0.4732808007494263 0.38409949299218
0 0.4807012243115384 0.37832536753537
0 0.5040397096587264 0.37845149225946784
0 0.47005149722099304 0.3861906023129173
0 0.4697313781665719 0.3883991267370141
0 0.46838451565607736 0.30391467567803204
0 0.45959365983372147 0.3090983123882957
0 0.45417969382327533 0.3131496042445086
0 0.5430788974399152 0.2828433725281038
0 0.5523799171914225 0.2766563757390216
0 0.3327036404415317 0.32759968893251556
0 0.34980306709590164 0.32390746884587884
0 0.3281041386982669 0.3180844988943874
0 0.3155565786620845 0.3313042201857636
0 0.337272592374812 0.33722024184206256
0 0.5158009321793265 0.28895032319469727
0 0.5324167246403901 0.2854464780809223
0 0.511408285278341 0.27992788583472156
0 0.499166581293811 0.2923404135997745
0 0.5202598001645959 0.297985613130141
