0 0.5383121443345494 0.4595185025878575
0 0.5343887797840263 0.4157994026723115
0 0.534102142666993 0.42623627531355707
0 0.5182696243991023 0.37327572573786194
0 0.5344564594004465 0.4031755060389422
0 0.5344769407225691 0.3860378317210985
0 0.5343633302203987 0.3445981883484384
0 0.4072335204919395 0.33618813278018567
0 0.5337792576655097 0.3209442448788795
0 0.5337794604508773 0.3057179597840793
0 0.5351795666729626 0.2335150840057843
0 0.5382886212319136 0.46367307374442834
0 0.5380834784844647 0.4675673799238343
0 0.5379705777310807 0.4701029917468195
0 0.5378053330046975 0.4700038126413373
0 0.5379855838482794 0.47485795876254205
0 0.5378692103954761 0.48071551236553467
0 0.537588732883982 0.48704078750333923
0 0.5343306310798811 0.5018955607345139
0 0.5342304804564818 0.421794167895248
0 0.514430555191053 0.4204366850680199
0 0.3354360937019405 0.28668394533620367
0 0.454603954218328 0.3473565790100374
0 0.4369687374033358 0.348095493040223
0 0.4197614864324746 0.34747615219026373
0 0.3989167856052518 0.34061715093211853
0 0.46967583724662015 0.34497863227042597
0 0.4303386064408266 0.31683609191922174
0 0.4504771325737238 0.31812389994013135
0 0.4119072922950853 0.3185898873253145
0 0.39999801183686307 0.32253899738408515
0 0.38165419957722013 0.3483200535394143
0 0.46272483646221785 0.5243410869784977
0 0.4012448630174217 0.3332113342872564
0 0.32781787836195336 0.3419573872849561
0 0.3605570689896527 0.3404181869565577
0 0.4389278214910756 0.4008135467335798
0 0.5154600331316823 0.4574744627959486
0 0.5173190299664503 0.4673905679281207
0 0.4933765291681756 0.46168680726618005
0 0.4776502577587962 0.4656209513760995
0 0.49934032008699747 0.46818815797999286
0 0.484387155217321 0.4693057580270629
0 0.4461163726594785 0.4792368766190349
0 0.5180880301024603 0.4151627084483271
0 0.5159236385041605 0.403002993784089
0 0.37463605148798745 0.3145568491756052
0 0.47749674923556007 0.3695278958134029
0 0.47118909770379896 0.40890537396721216
0 0.4702390482568223 0.4017944577811421
0 0.3839255351087321 0.3984196363151937
0 0.5169797446983664 0.38707392673561536
0 0.419500919909257 0.3041645655597466
0 0.39336871736399504 0.3073592017526212
0 0.35219520168459933 0.26542787944925006
0 0.4991393978100108 0.31629073749417846
0 0.46769809690506564 0.32266512707523676
0 0.4305655105930308 0.46739990382954694
0 0.33936839348272135 0.46231518707413605
0 0.4851494887843728 0.41621645378029865
0 0.5010916252175103 0.42008432011673413
0 0.4571906209963819 0.47116899490356445
0 0.4615516217182512 0.47114457427591516
0 0.38373319318760996 0.2998061724331068
0 0.46986997888787935 0.4137264524680981
0 0.4547465503539728 0.3064666848251785
0 0.45207181135597435 0.29711126827675366
0 0.42699167197165283 0.23856846729050513
0 0.36554553833506676 0.28153481561204663
0 0.43891754280775785 0.26685493018316186
0 0.36386338301488885 0.3089910840642625
0 0.3470448462454521 0.29761002633882605
0 0.5160573247577185 0.46306422093640204
0 0.4963020376213219 0.4652117395746535
0 0.4809185115053602 0.4675252614677816
0 0.48963047507340496 0.4183084321194801
0 0.45943297089441965 0.4711655741152556
0 0.4687832267550023 0.4731556414694026
0 0.46407574188450107 0.47114298265913257
0 0.4955516303686992 0.4133615208708722
0 0.48724466720191034 0.4705884348655093
0 0.5017692705454386 0.4700799726921579
0 0.5187151058293555 0.4699134705723196
0 0.5090477696984358 0.5011066414307856
0 0.5140206118964631 0.4863286458927652
0 0.5150029802613932 0.4800133718096692
0 0.516446038959143 0.4743391392023667
0 0.5184521819262401 0.46983215558356134
0 0.48670515673154074 0.4704666405484296
0 0.48319438435947115 0.47241485075674194
0 0.4795305724053279 0.47522139376488287
0 0.47656757400735567 0.4786091619643612
0 0.4526810292964396 0.4468531764071921
0 0.32415448465263064 0.39768896543461346
0 0.5340449064970016 0.42404340747473895
0 0.47582227441117814 0.4708277950252312
0 0.47235534170075605 0.4718638662842737
0 0.5079709667226543 0.42498184373413306
0 0.4767450365521338 0.4209044303583062
0 0.5046053379774094 0.42257919130118
0 0.4579432335398767 0.3762946189313695
0 0.4278669443143451 0.38442181806633435
0 0.4667087831412968 0.40690506800361304
0 0.38138542024661665 0.24900576753028925
0 0.3950570956601397 0.27072065852690436
0 0.41386576802672254 0.2949161199123963
0 0.4630305100556301 0.4878949393396792
0 0.4945924429060972 0.30119634279306384
0 0.48374726599001366 0.26604238606017566
0 0.47657904405470775 0.23385462100091187
0 0.4061353109857958 0.3450540677792784
0 0.3610388236525266 0.3563903939464818
0 0.47952907686324225 0.3425653373849565
0 0.3816377993106194 0.32719326494396594
0 0.49102710859607096 0.36200709079486737
0 0.483875400994135 0.4054087581841842
0 0.3408233784949002 0.3664436275544374
0 0.3731666180183706 0.3651869748381601
0 0.39598037743859965 0.3703129192193349
0 0.43046624715561455 0.3689126527827719
0 0.4559119832094597 0.3642125490351
0 0.4748908558698452 0.35909842300242273
0 0.5162365870226336 0.3472708930139956
0 0.34210987421481504 0.39302883027256397
0 0.3663295445882756 0.3259505685688793
0 0.524052327984701 0.4211943659229555
0 0.47796864345993684 0.3821647154248279
0 0.3230773014542849 0.33989517455515655
0 0.48964626698390296 0.3534612370573956
0 0.46518660012794577 0.4071267540904059
0 0.39284236259434535 0.33396977531737176
0 0.48313784526418085 0.39684973203617596
0 0.3285779939640475 0.4292427206384963
0 0.47958045760574547 0.33851189328276593
0 0.4999728583447311 0.3907742932222892
0 0.3779228347475114 0.4940590335839037
0 0.3787106939227037 0.5092947496020276
0 0.32591605579237576 0.39608178881631384
0 0.3550248813774923 0.4759195909120034
0 0.3373222891241312 0.31745513582575147
0 0.45783532637616864 0.5384512448656387
0 0.5258234934071484 0.4234178308127583
0 0.46094961533241946 0.3909168498239655
0 0.3442870919876125 0.34194836020469666
0 0.4231191558520431 0.3402024753715681
0 0.43768328966815834 0.34125788358674536
0 0.46558471850079036 0.4748414962188057
0 0.3436646676500854 0.4191045255764671
0 0.4927261838203539 0.5565750564354054
0 0.43359116966957634 0.5395290307376696
0 0.4079475404451723 0.5273403819056525
0 0.534515393897891 0.2667645049699839
0 0.5330201813384242 0.558922857478045
0 0.45228501482178335 0.34075951748999994
0 0.4662202478426954 0.3395112623339114
0 0.47527071088552475 0.3390702894632367
0 0.3529600066983182 0.32306519301905146
0 0.4639255159494022 0.3300156053425609
0 0.44872085920170596 0.3266189525956693
0 0.4336603701762531 0.32592821466749994
0 0.41902844267694844 0.32743864711643994
0 0.41013401030036417 0.3298117239838061
0 0.326960273694409 0.3100915207811024
0 0.4135910952463746 0.33825807791689166
0 0.53435960403927 0.43653206419253693
0 0.4710055515979943 0.439758508965589
0 0.48537790115274815 0.41446420248003973
0 0.5073494802674522 0.4366121438966281
0 0.5340830554942722 0.331650255166966
0 0.40418129653224477 0.5116537394730941
0 0.42976014850580174 0.5255259387735007
0 0.49261472791271366 0.5470358081485914
0 0.3569695043337086 0.48902175651080365
0 0.4745887183462796 0.33503550528616144
0 0.5037920545867604 0.36655773697555927
0 0.5338025526346072 0.5494381517603777
0 0.46113493581019016 0.5497221009454866
0 0.3301050058039634 0.4246258917062179
0 0.5012721041946308 0.46997578118158423
0 0.4977216872832049 0.4733642145343449
0 0.49506717612561973 0.4777609965075617
0 0.49321355310309195 0.4832189355207526
0 0.48348271980395785 0.4956089119980301
0 0.4723692578466042 0.47026690451995184
0 0.4687907678358581 0.46951456864674884
0 0.46586854197084904 0.46861898726311285
0 0.4379711434973971 0.4563302566175875
0 0.36750511671214 0.42618605624074524
0 0.5040256886783502 0.3537263956622801
0 0.49467408936470747 0.33117777065954346
0 0.48242281138411036 0.33166332067786786
0 0.4761312432668131 0.4709634625393411
0 0.36321795521223027 0.4573512193949326
0 0.5107474659529069 0.3322231065535891
0 0.47253222123760247 0.5097751090492028
0 0.534458994217541 0.3716656984626383
0 0.5171470553006815 0.36067702178505884
0 0.5344317449337762 0.3583398988281471
0 0.48932611958488176 0.3857846221198206
0 0.5341194047714057 0.535289486249288
0 0.5342568172060925 0.5177052565242933
0 0.502796898069589 0.516534111638
0 0.4279296810374312 0.4856979380483213
0 0.45029335833438067 0.41723760660143866
0 0.4485213817704631 0.4996895798738452
0 0.40868068559338216 0.4155543411987415
0 0.43347009413106286 0.4302762500617815
0 0.39144860608908144 0.43609874058460846
0 0.4960296968727008 0.5332650447237319
0 0.4770331692112529 0.3919930678346883
0 0.4110472288549594 0.49637652264125104
0 0.43668990752295306 0.5115269327509231
0 0.41181762314037135 0.4696216583251953
0 0.3470565064040863 0.44136388016783673
0 0.3872723935333931 0.47181134293044824
0 0.33797609449728677 0.45122812709946564
0 0.4180778862665529 0.4467261796412261
0 0.4912005661298399 0.3741310653479203
0 0.4897648203794075 0.4112231243347776
0 0.4770581498337181 0.41329961410467175
0 0.4989306682963734 0.4037635252959486
0 0.48196753288578725 0.3217265126497849
0 0.4528277952062047 0.31443876071252685
0 0.4267155289973902 0.3126549740200457
0 0.4048195381284408 0.3145014751648557
0 0.38966618607873504 0.31919085331585095
0 0.3787332284466728 0.33729302364846936
0 0.32447293372419866 0.36867398153180664
0 0.3914476555326711 0.3535342613855998
0 0.40907400048783293 0.35743722643541254
0 0.4330534335711728 0.3576330784438313
0 0.4557161178925763 0.35508472180884815
0 0.4733645791268867 0.35166238939416583
0 0.4857529400159483 0.3483904766431753
0 0.3232142195996383 0.3685102825579436
0 0.4770614324218553 0.4161408876163372
0 0.5033970667130273 0.3784005417340044
0 0.503838074191109 0.4128222953582156
0 0.5135449281205302 0.4187640858733136
0 0.5034624016236352 0.41455896306728973
0 0.48237595529012056 0.41960818914399634
0 0.5176628525571331 0.4201609790325165
0 0.5191777226231669 0.42239518139673315
0 0.48588655022499355 0.33932627845501556
0 0.49573541728212783 0.34255609650542773
0 0.5012492908407813 0.3450714330310407
0 0.4051277211907765 0.3316746401614037
0 0.3925542933056536 0.3273798641951188
0 0.5504720421588939 0.3735731680324112
0 0.6658752683712088 0.3409461523743643
0 0.5532505312205657 0.4208603164424067
0 0.7289772586006186 0.2900686847127002
0 0.6127069475048262 0.3501576820145483
0 0.6307408276783384 0.35160771616991016
0 0.6484475390094778 0.351652174540188
0 0.672530075778132 0.34484317855558533
0 0.5976369022189275 0.3473997427069623
0 0.6429505346585875 0.32059370909912
0 0.6217688425727512 0.32156495166861493
0 0.6618665565291176 0.32260216319042706
0 0.6734476035217876 0.32673117345657904
0 0.6865373736490374 0.35218268179375195
0 0.6043684638874687 0.5252465506394705
0 0.6730257592609395 0.33744781431944476
0 0.7377985741781152 0.3461223870947741
0 0.7069214094916115 0.3440176639435948
0 0.6282496601343155 0.4023265566514886
0 0.5609330548702375 0.45670414402864984
0 0.5586017835885286 0.4666874058868574
0 0.582544170320034 0.45992177552071173
0 0.5975898306654848 0.46322682715844415
0 0.576235796365401 0.4666978345401045
0 0.5906983220382876 0.4671774100566256
0 0.6232967542727357 0.4801394658676092
0 0.5504519664075064 0.41551637995070306
0 0.5529586470321469 0.40333801723908685
0 0.69738319694348 0.31912117850953253
0 0.5894723070542449 0.3704245461933855
0 0.5965908339004153 0.41004691953244415
0 0.5975138875453369 0.40287043823712115
0 0.682338144954132 0.40091678802517877
0 0.5517904765741981 0.38733578332956287
0 0.6550777586905853 0.30943037029625714
0 0.6806672695700241 0.312271798218506
0 0.7135124915967817 0.26877284028391907
0 0.5729083926619395 0.3212157937063687
0 0.603163209055429 0.32592330916204315
0 0.6390765229968921 0.4685417344604713
0 0.7246843937622465 0.46645246424536774
0 0.5822863033770219 0.41718520202498505
0 0.5666353033612603 0.42075531724570453
0 0.6172805433364018 0.4679190322108891
0 0.6129641807435647 0.46803184695865796
0 0.6898863739941431 0.3042412601087404
0 0.5977060013329205 0.41490004416825116
0 0.6194442125118297 0.31196534072143445
0 0.6226802360590385 0.302263201146886
0 0.6421352360883484 0.24089835670547208
0 0.7010914569153733 0.28467387587263965
0 0.6292731178843457 0.2687404378168825
0 0.7071063497468181 0.3129371534223142
0 0.7188322361882614 0.3012131141579669
0 0.5602087562336869 0.4623311269974363
0 0.5794436073983493 0.4636383194854294
0 0.5942493726539871 0.4652484655380249
0 0.5777470289689043 0.41919185070024023
0 0.6150503605604172 0.4679796086705249
0 0.6056939450942952 0.47049262903738714
0 0.6104636597244636 0.46813782012980915
0 0.5721734984899345 0.41424505822900415
0 0.5877650316966616 0.4685181452744249
0 0.5735543654502734 0.4686490379381871
0 0.5569771686163933 0.4692302156185758
0 0.5592798218131065 0.501454896685006
0 0.5606813982291066 0.48582814180332684
0 0.5600938276266274 0.4794426465380019
0 0.5588447965033676 0.47372038036152936
0 0.5568193509040967 0.46918118431948236
0 0.5877878197023402 0.4685089994167936
0 0.591571769312672 0.4704790409060492
0 0.5950360531392305 0.4732567685237829
0 0.5978085346843885 0.4767077262850775
0 0.6164216459121393 0.4479059715201889
0 0.7391315077471993 0.40205028048460034
0 0.5985925282635118 0.4684022185595139
0 0.6022076844035283 0.46931602039198944
0 0.5602655868329431 0.42556715486706165
0 0.5908035169477048 0.4218729648037233
0 0.5633418915550346 0.42322469880615454
0 0.6086439398805732 0.37751206323720404
0 0.6387673767040605 0.3861529745053554
0 0.6009193129189636 0.4080564008242842
0 0.686101663938683 0.25206525882949
0 0.6723037673079449 0.27341606154821924
0 0.6609333382676477 0.29969958161962207
0 0.6059278073194234 0.48867920257043146
0 0.5788512459915617 0.30625623507776123
0 0.5851250703891983 0.2670893135710039
0 0.5934816526006097 0.23516454536845718
0 0.66363476888965 0.3495971240859101
0 0.7061112059037322 0.3601021868163261
0 0.5880997289458046 0.3449461585369663
0 0.6899223430487125 0.33133560203123785
0 0.5764367566646441 0.3626998598160951
0 0.5841267073284024 0.40642420969147613
0 0.7246946090751368 0.37025588232537976
0 0.693184728693703 0.36902594264002814
0 0.6697107001167276 0.3741176672603773
0 0.6349224900907796 0.3723330847595049
0 0.6095498074655947 0.3671676231467206
0 0.5911126632405364 0.36199960782044177
0 0.5522854756563902 0.3476139814525411
0 0.7231948084967292 0.39674109825189563
0 0.7033030087857143 0.3299139556677445
0 0.5442012848899417 0.42142583926518756
0 0.5891701315084229 0.383032597925352
0 0.7402902233373859 0.3436264469139818
0 0.5770792060572169 0.35650022738221765
0 0.6020265463739634 0.40824364147324493
0 0.6798512359028277 0.3381532450085101
0 0.5847681681423084 0.39773861437604047
0 0.7351157237654147 0.4336389324803283
0 0.5888173610133969 0.34088974500047986
0 0.5683920330003552 0.3913614572822184
0 0.6882534701701092 0.4968885718912318
0 0.6860182177599358 0.5119464544282444
0 0.739050773822743 0.40045419767283014
0 0.7108413520390573 0.47952790493550507
0 0.728401120023235 0.3212496452573417
0 0.6085096199227416 0.5394688343656235
0 0.5421793880346029 0.4236042162646418
0 0.6059129786394213 0.3920747629110364
0 0.7215970372376235 0.34544308742751245
0 0.6472103201338778 0.3448621116686558
0 0.631326370427142 0.3450085760458656
0 0.6088045458916737 0.4721143915169481
0 0.721803219260081 0.4228631879972375
0 0.5726889028497364 0.5569225990253946
0 0.6309377069220595 0.5404544489971106
0 0.6569498985519876 0.5289840231771055
0 0.6161236274663521 0.34360927170601446
0 0.6018560799243657 0.3418221236139104
0 0.5928363895610623 0.34136074479075446
0 0.7148369842249415 0.3263082428686861
0 0.6072639601062173 0.3326167703970619
0 0.6233948263461175 0.32924827976503235
0 0.639474945547788 0.3287190671848214
0 0.6549727665665357 0.33057274248289026
0 0.6641729359069596 0.33340902734493866
0 0.7367219866617866 0.3135002056757609
0 0.6581637464139772 0.343199513528658
0 0.5978904599728792 0.4406334705974745
0 0.5820639999178441 0.4154963065748629
0 0.5617817369816096 0.4370851629022239
0 0.6617506139952204 0.513795010421587
0 0.6363598834723234 0.5270668851292651
0 0.574345481865432 0.5475855098254439
0 0.7075513875840799 0.49249813262967096
0 0.5949494891354571 0.33757383711096167
0 0.5644128771255845 0.3670889212601427
0 0.6037410966566076 0.5502504464508831
0 0.7350619349466718 0.42904664295307104
0 0.57357172894737 0.468640485967415
0 0.5772508638708488 0.472074316031691
0 0.5797083436956872 0.4764958749646726
0 0.5814166836764502 0.48209732079851453
0 0.5850484175202639 0.49616174939749896
0 0.6024700126246266 0.4675779511099276
0 0.60585439901637 0.46667151347450586
0 0.6088471054706884 0.4656810764817224
0 0.6314431747988515 0.45746648095656134
0 0.6989244671295518 0.4291868952737338
0 0.563931642100215 0.35430589858172595
0 0.5747593668006037 0.33414961613606714
0 0.5868029925648285 0.3344291349252065
0 0.5986992187150146 0.46843963343164197
0 0.7030797674442115 0.460525449635326
0 0.5583040693207927 0.335646507964618
0 0.5952855298376601 0.5104859916196354
0 0.5515365892940242 0.3609902020813762
0 0.5782863113057354 0.38660088397454523
0 0.565312483712383 0.516910825950512
0 0.6399910596563764 0.4871316046818443
0 0.6170267574489117 0.4184794477794481
0 0.6192614015029825 0.5006823686585911
0 0.6585814842711324 0.4175941050052643
0 0.6344045255657124 0.4317642929761306
0 0.6756709169434465 0.43848424156506854
0 0.5715837732929251 0.5337798258532649
0 0.590157493463029 0.3929022611051366
0 0.6556507540947717 0.49818543074787525
0 0.6304222518659156 0.5128761724285458
0 0.6564673707698998 0.47143279944641003
0 0.7186916298840357 0.44507315495739813
0 0.6797332908634258 0.4742365393085756
0 0.7275298780397229 0.4554823524710061
0 0.6503424668765586 0.4484139823395273
0 0.5763293564643549 0.3748614274073338
0 0.5780399777805028 0.4121705401634824
0 0.5905788307604583 0.4144183781699858
0 0.5693984060831692 0.4044518876766813
0 0.589199028423299 0.3256755514421325
0 0.619943165908689 0.31876869478087494
0 0.6471241110044977 0.3170943614365398
0 0.6690831807968409 0.31905003086380335
0 0.6835075067761152 0.3236783812011498
0 0.6912650863599518 0.3411846098260603
0 0.7404784842029862 0.3730157933373382
0 0.6761750920635202 0.35765985086344293
0 0.6573195762770332 0.36132418029550195
0 0.6331729846804038 0.3609689884427665
0 0.610480668347167 0.357862520693005
0 0.5932368906619756 0.35418884348178253
0 0.5813093595206738 0.35089514696079754
0 0.739819076884052 0.37255945067474805
0 0.5904156899322635 0.41719487050305243
0 0.5647957865958628 0.3789353487284287
0 0.564249584208364 0.4134898716988771
0 0.5542864856188712 0.41930606702099676
0 0.5643473774518656 0.41531633510105853
0 0.5851682890206575 0.4204918452795001
0 0.5504498118129761 0.4205643944982169
0 0.5485869240339684 0.4226864710234214
0 0.582308863249162 0.3418039031650709
0 0.5720787723751172 0.3451697806949201
0 0.5662969559755014 0.3481951472551926
0 0.6692639132556708 0.3356409254281417
0 0.6804809605135865 0.33161575034044793
0 0.43723905029828136 0.3327138471430626
0 0.455471862917361 0.33273365920868475
0 0.43747694288258965 0.32256055547707324
0 0.4188044282162319 0.3326542684133502
0 0.4368333528223245 0.3429038410169491
0 0.6358521849564884 0.3361375573752583
0 0.6542654512045176 0.3363388137540955
0 0.6354079836088679 0.32585673444512964
0 0.6173787674988094 0.3358848585166793
0 0.6363016080273234 0.34646555867747986
