0 0.30561016537249086 0.6819261182099581
0 0.30310940481722354 0.6066337630152703
0 0.3045050076209009 0.628778681345284
0 0.30220442321151497 0.5198124257847667
0 0.30683043915778396 0.5821477143093944
0 0.314425939694047 0.5485770991072059
0 0.33588404711335895 0.46320473197847606
0 0.17819552840664982 0.42116224505007266
0 0.35176476668566464 0.3844258294440806
0 0.3578540491871536 0.34778239903971553
0 0.3797080755233765 0.2339573352597654
0 0.3051265060901642 0.6899571515619755
0 0.3047931769862771 0.6986721839755774
0 0.30497980015352366 0.7047366384416819
0 0.3034447567537427 0.7195078037679196
0 0.30228260569274423 0.7295794125646353
0 0.3009303083643317 0.7420292723923921
0 0.30002601789310573 0.7547140937298537
0 0.2876730510033667 0.760897334292531
0 0.30267950231209395 0.6182993980124593
0 0.28538441816344856 0.6143444981426001
0 0.13199077770113946 0.3016994511708617
0 0.23543048202991484 0.4610988894477487
0 0.2136280126404017 0.45826890859752895
0 0.19332941817119717 0.4520245005376637
0 0.16985547374933957 0.4263229135423899
0 0.25470662731677296 0.4602455222979188
0 0.2234357925131917 0.36766615957021714
0 0.24810359589755535 0.37867357600480317
0 0.19841165873222052 0.3670816316269338
0 0.18013067124411464 0.3758106352761388
0 0.15221094526350498 0.4393641747534275
0 0.2117828015703708 0.7692505422979593
0 0.17299779253080488 0.40888815764337777
0 0.10712514128535985 0.40650248248130083
0 0.1361048821359873 0.41291395388543606
0 0.21043719644658268 0.5600677775219083
0 0.2815748848952353 0.6738488268107176
0 0.28391091944649816 0.6946478562429548
0 0.2579389115795493 0.6787582986056805
0 0.2433862490579486 0.6864169832319021
0 0.2664610717445612 0.694084601290524
0 0.2535948616452515 0.696164459362626
0 0.20661896499805152 0.7112016696482897
0 0.28551153633743526 0.6026645043864847
0 0.28558333003893493 0.578588904067874
0 0.16401924761012196 0.34656463759019973
0 0.2642724679782987 0.5055486712604761
0 0.24600814357399942 0.5878649070858956
0 0.24735717065632343 0.5736883249133825
0 0.1483512963168323 0.5427983105182648
0 0.293680071644485 0.5473039422184229
0 0.21714944397099317 0.3267856307327747
0 0.18730515288189054 0.3305389368906617
0 0.1545178341679275 0.2625358342193067
0 0.3048254748806357 0.3701408427208662
0 0.26611365024000405 0.3986053690314293
0 0.19459228944033385 0.6901005351915955
0 0.11457708813250064 0.628107613325119
0 0.26064161825925114 0.6049474246799946
0 0.27495332770049574 0.6140828995034099
0 0.22865146417170762 0.7020620748400688
0 0.23411055002361536 0.7024449886754155
0 0.18204974941909313 0.3120951314456761
0 0.24556964403018355 0.5981746591627598
0 0.25498771676793697 0.3363716320134699
0 0.2572547558695078 0.31483059739693997
0 0.24361081719398497 0.22231387067586184
0 0.1593108855187893 0.28758982894942164
0 0.24444634821265937 0.2700517878867686
0 0.15629519606009126 0.3316253075376153
0 0.13706451393663882 0.3185315879061818
0 0.2818953015841544 0.6848511442542076
0 0.2618762204423547 0.6869601685553789
0 0.2479963183403015 0.6913960868492722
0 0.2650585575960577 0.60981210693717
0 0.23143044849857689 0.7023123333230614
0 0.2387807985767722 0.7083984075114131
0 0.23699435079470277 0.7026570659130812
0 0.26732451785355804 0.5986597159877419
0 0.2583434106782079 0.6993579370900989
0 0.27062920266762375 0.6987731032073498
0 0.2863862428814173 0.7007216520607471
0 0.2620548028498888 0.7553233619779348
0 0.2748185396194458 0.7471583679318428
0 0.2772305989637971 0.7350656822323799
0 0.2807945434935391 0.7232164427638054
0 0.28451933693140746 0.7146436110138893
0 0.25753107480704784 0.7071463400498033
0 0.2527020001783967 0.710529663413763
0 0.24691219804808498 0.7153876965865493
0 0.24206405822187663 0.7211844744160771
0 0.2187737195752561 0.6552138091996312
0 0.10570767503231764 0.506121389940381
0 0.3034752678126097 0.6231925122439861
0 0.24859342481940985 0.70504698343575
0 0.24381805639714002 0.7064780050888657
0 0.2794682901352644 0.6236335137858987
0 0.25144273629412056 0.6130141101777553
0 0.2773087645880878 0.6189287766814232
0 0.23937082514166833 0.5156434498727321
0 0.2005486549809575 0.5251774618402123
0 0.24393143616616725 0.5835855074226857
0 0.1891355467028916 0.2346593235619366
0 0.19292321652173997 0.26963626090437176
0 0.21551634375937284 0.30570018077269195
0 0.21997679928317665 0.7261016558855772
0 0.3072980000637472 0.33266907101497056
0 0.3007620761170983 0.2810374826192856
0 0.30500695668160915 0.22314606681466104
0 0.17696559559553862 0.4410088237375021
0 0.1272393292747438 0.45183084085583686
0 0.2678030526265502 0.45728107085451486
0 0.16064806217327715 0.38454037318006157
0 0.2813532161526382 0.49207428134977815
0 0.25591279184445737 0.5806375971063972
0 0.11002175332978367 0.4627620375715196
0 0.13538059005513786 0.474220164027065
0 0.15907832719385623 0.4913104728795588
0 0.2005292526446283 0.4975173931568861
0 0.23276924341917038 0.49489049492403864
0 0.2575777516700327 0.48946553552523253
0 0.31377049135044216 0.4648662280291319
0 0.10700021451339126 0.5170421643182636
0 0.14872012613341212 0.37642010748386384
0 0.29212508648633956 0.6155099235475063
0 0.26215633219107987 0.5324241887778044
0 0.11055964138358831 0.3989766163751483
0 0.27741639614105223 0.4807484023272991
0 0.24357034368440508 0.583729176595807
0 0.16532449722290038 0.40664963936433196
0 0.25914445240050554 0.5635858366265893
0 0.10728733874857425 0.565097993426025
0 0.2697252493351698 0.4483111908659339
0 0.27549038976430895 0.5521011954173446
0 0.14040798656642436 0.7010580223053694
0 0.14397982014343141 0.7191735547035932
0 0.09684648811817169 0.5101885084062815
0 0.12107692137360573 0.6645173875615
0 0.12146523781120777 0.35929139303043484
0 0.20710207642987372 0.7843902219086886
0 0.2951526095159352 0.62083661518991
0 0.24060687702149153 0.5467158857733011
0 0.12019108925014735 0.41289280327036976
0 0.196937511023134 0.43894238620996473
0 0.21549753984436393 0.44523272598162295
0 0.23411088716238737 0.7108932418748737
0 0.1092203576117754 0.5655331617221236
0 0.24019904024899005 0.8179344855248928
0 0.18980434574186802 0.7765500947833062
0 0.16892722956836223 0.7528556134551764
0 0.3674760403111577 0.29412881592288614
0 0.28123523443937304 0.8306932218372822
0 0.23410461638122798 0.4475768953561783
0 0.25193359348922967 0.4483838208951056
0 0.2636938029900193 0.44924561157822607
0 0.1374695861712098 0.36697422647848726
0 0.2548865245655179 0.42133024660870433
0 0.23823186922818423 0.405745608638972
0 0.219441633624956 0.39776042541489004
0 0.19966705394908785 0.3962762110866606
0 0.18646554248407482 0.4003241369500756
0 0.11773247104138136 0.34500907817855475
0 0.18526800870895385 0.43039596723392604
0 0.30237371744588015 0.6478225972503424
0 0.23815176505595445 0.6459410695359111
0 0.2602332757785916 0.6011051513254643
0 0.2746160540729761 0.6448048919439315
0 0.3447821507230401 0.4247043713927269
0 0.16271795937791467 0.7335797138512135
0 0.18451807722449304 0.7582339068874717
0 0.23765290081501006 0.8080568015575409
0 0.12697615874931217 0.6804095150902867
0 0.2653130805119872 0.4385673860087991
0 0.29137434586882593 0.5036025087349116
0 0.2804824372753501 0.8200603161007166
0 0.21201879871077836 0.7990153113380074
0 0.099589600879699 0.5640594717115164
0 0.26940560806542635 0.7102640671655536
0 0.2644410373643041 0.7163316218182445
0 0.2592848538421094 0.7247311286628246
0 0.25540312230587003 0.7348437741398811
0 0.23803715473040937 0.7417295332998037
0 0.24346631951630116 0.6991204056888819
0 0.23814465142786503 0.6966852091252804
0 0.23385203201323748 0.6938939806073904
0 0.2038627965375781 0.6711813610047102
0 0.13148242300376295 0.5884917974472046
0 0.2979552104137838 0.4766160983592272
0 0.29202325372025373 0.4270305311307311
0 0.2775680411607027 0.4288195427507162
0 0.24857289306819438 0.7009384203702211
0 0.1287218295969069 0.6404628766700625
0 0.313333778642118 0.42859551347792146
0 0.22397809708490968 0.7551326597109437
0 0.3216805592179298 0.519899108633399
0 0.3072423215955496 0.49407010804861784
0 0.32844315841794014 0.4930675852112472
0 0.27042956594377754 0.5412635957822204
0 0.28183244206011293 0.8030014578253031
0 0.28490032060071824 0.7808723259717226
0 0.252124616317451 0.7730333818122744
0 0.18458707267418503 0.7109764574095607
0 0.22236434021033347 0.5979340683668852
0 0.2019528379663825 0.734821991249919
0 0.1741972985677421 0.581281946413219
0 0.19991736263036727 0.6170477792620659
0 0.1553041597828269 0.6150196045637131
0 0.24177440544590353 0.7925600294023752
0 0.25846181381493805 0.5534405983984471
0 0.16743028284981848 0.7172859489917756
0 0.18953106105327605 0.7434631086885929
0 0.17168006878346204 0.6827107917517423
0 0.11351383673027157 0.6057892069220543
0 0.14818464862182737 0.6740725705400109
0 0.10599260786548256 0.6148025915026665
0 0.1828072833828628 0.6455116529017687
0 0.27716197436675427 0.5175378882326186
0 0.2609100481495261 0.593345588259399
0 0.25137660652399063 0.5974299209192395
0 0.26914776433259247 0.5780421290546656
0 0.281190546695143 0.3928004736080766
0 0.25072164703160527 0.3641174453310668
0 0.22014707121998073 0.35300802867859604
0 0.19333579009398819 0.35364254713058474
0 0.17321190936490893 0.36375914942473175
0 0.15311852283775806 0.4107157584279776
0 0.09869139576330781 0.457443259563297
0 0.1597725970670581 0.4539230792783201
0 0.1796083590015769 0.46846990939229727
0 0.20750990477390588 0.47559976745396854
0 0.23529488481581212 0.47646996127441527
0 0.2576543664559722 0.47387365698814393
0 0.27370714480057357 0.4696612784639001
0 0.10835539437830448 0.4516743834130466
0 0.2521671295166016 0.6037751054391265
0 0.28502506194636223 0.5274734355509281
0 0.272397006675601 0.5969090487807989
0 0.2832754634320736 0.6099187778308988
0 0.27380884271115064 0.6008547704666853
0 0.25739805670455096 0.6114477409049869
0 0.28616103418171407 0.6128763558343053
0 0.28911549923941493 0.6184108415618539
0 0.2775311918929219 0.45045448038727043
0 0.28829812314361336 0.45776404729112985
0 0.2948909224011004 0.46353473868221046
0 0.17883356353268026 0.40454316455870865
0 0.16882253112271428 0.3881457678042352
0 0.34154806276783345 0.5269343294203281
0 0.5173060059547424 0.4860244711861014
0 0.32562676854431627 0.6219653278589249
0 0.6354650879278779 0.3882541723549366
0 0.444030849263072 0.5042686613276601
0 0.46755248196423055 0.5088680328801274
0 0.49131978768855333 0.5088162475265563
0 0.5245985873043537 0.4943412519991398
0 0.4259641893208027 0.4944261603988707
0 0.49494386091828346 0.420650449115783
0 0.46547469571232797 0.4199664296582341
0 0.5210480103269219 0.4301740387454629
0 0.535542718693614 0.4444191105663776
0 0.5426063153892755 0.5125145457684994
0 0.3674636167474091 0.799872431345284
0 0.5269941605627537 0.47719840314239265
0 0.6266547415405512 0.5003313427791
0 0.5735440233722329 0.493616664968431
0 0.4361578498035669 0.6018260262906552
0 0.3313167438842356 0.6831136936321854
0 0.32694231774657967 0.7028266787528992
0 0.3564324024133384 0.6976133070886135
0 0.3721384672448039 0.710947903059423
0 0.34632820170372725 0.7094335842877626
0 0.3611685110256076 0.7167315050959587
0 0.3923208752647042 0.7457082964479923
0 0.3220755172893405 0.6096177741885185
0 0.3295025327242911 0.5866351936012506
0 0.5761665247380734 0.42728299237787726
0 0.40201708748936654 0.5303895281627774
0 0.380117766559124 0.6125523863360286
0 0.3860559266060591 0.5989366116002202
0 0.511470066383481 0.6105493394657969
0 0.33571561258286237 0.5547924837097525
0 0.5244514599442482 0.388615140132606
0 0.5567043799906969 0.40399296302348375
0 0.6177094722166657 0.34112680833786724
0 0.41283317357301713 0.3904430468566716
0 0.4392624258995056 0.4302666772156954
0 0.41189855746924875 0.7303529907017946
0 0.5598063264042139 0.7133475698530674
0 0.35946717392653227 0.6233372420072556
0 0.34092406947165727 0.6262028750032187
0 0.38927934411913157 0.7321641523391008
0 0.3837661474943161 0.7305861573666335
0 0.5738636309280991 0.3897261287085712
0 0.3797330575063825 0.6229343809187412
0 0.4789694841951132 0.38072910169139507
0 0.4868903573602438 0.36086948998272417
0 0.5240316884592175 0.26930513242259624
0 0.5943741424009203 0.3623653300106525
0 0.500216643884778 0.3134348607622087
0 0.5944784194231033 0.41697201654314997
0 0.6142362348735333 0.40185754634439946
0 0.32960992828011515 0.6937332604080438
0 0.35141874430701137 0.7041312862187624
0 0.3669587682932615 0.7140191681683064
0 0.35374668752774596 0.6263209676370025
0 0.3864185193553567 0.731420923396945
0 0.3770192252472043 0.7350274194031954
0 0.38085286393761636 0.7297217763960362
0 0.34923408506438136 0.6139156118035316
0 0.3566881727427244 0.7180223656818271
0 0.34216826325282457 0.7124303633347153
0 0.32473523877561095 0.7080689718946814
0 0.3158843683078885 0.7656820235773921
0 0.3264563153497875 0.7579295583069324
0 0.3259097459726036 0.7448399586603045
0 0.32500771433115005 0.7318635158240795
0 0.3235519828274846 0.7222336020320654
0 0.35623625507578255 0.7261079378426075
0 0.3604792813770473 0.7315914336591959
0 0.36537837972864506 0.7390069983899593
0 0.36927430480718615 0.7468934651464224
0 0.39219377394765614 0.6873975396156311
0 0.6124203380197286 0.6000656506046653
0 0.3674543960019946 0.7275924377143383
0 0.3720998648554087 0.7310182662680745
0 0.3327667945995927 0.6335518673062325
0 0.37037295578047635 0.6351320650428534
0 0.3366749072447419 0.629989385791123
0 0.42453876659274103 0.5493225308135152
0 0.460644643381238 0.5731650868430733
0 0.3885036552324891 0.610145540162921
0 0.5834358772262931 0.30103066749870777
0 0.5590894008055329 0.332010505720973
0 0.5374359551817178 0.36979496795684097
0 0.37157617034390567 0.7547165412455797
0 0.42721740156412125 0.3562978365458548
0 0.4374399211257696 0.30438329493626953
0 0.45779939442873 0.24871114362031221
0 0.511678620427847 0.5047460492700339
0 0.5658611364662647 0.5331099011003971
0 0.4142440319061279 0.4852951930835843
0 0.5568030267953873 0.4598185123875737
0 0.3878918157890439 0.511130271665752
0 0.3675695120356977 0.6012082733213902
0 0.592432863637805 0.5517077164724469
0 0.5460355561226606 0.5518906274810433
0 0.5121522329747676 0.5582623267546296
0 0.4646104067564011 0.5475995613262057
0 0.4324967250227928 0.5323016498237848
0 0.4097456566989422 0.5164597371593118
0 0.3585611471906304 0.4727920589968562
0 0.5757092297077179 0.6047000216320157
0 0.5774325482547283 0.45766529003158213
0 0.31422979235649107 0.6197947077453136
0 0.39184608273208144 0.5558058368042111
0 0.638553649932146 0.4928770257160068
0 0.3936309291049838 0.49968809485435484
0 0.39199024327099324 0.6109414314851165
0 0.5383442407473922 0.4780623150058091
0 0.37339815255254505 0.5843603501096368
0 0.5912549344822764 0.6565960029140114
0 0.4142931193113327 0.4753384951502085
0 0.3558386504650116 0.5667241228744387
0 0.48304390739649533 0.7673484554514289
0 0.48233500570058824 0.7847212892025709
0 0.6044795736670494 0.6049989448860288
0 0.5222654521465302 0.7414177605882287
0 0.622172717563808 0.4480433306656778
0 0.37011785972863437 0.81661396920681
0 0.3124389111995697 0.6240781458094716
0 0.41017817202955487 0.5777198728173971
0 0.5939799934625626 0.4992213943973184
0 0.49221586883068086 0.4965631475672126
0 0.47082576230168344 0.49742159331217406
0 0.3813449854031205 0.7393020056188107
0 0.5595224555581808 0.6505644675344229
0 0.32673248257488013 0.8349640959873795
0 0.40156889520585537 0.8180572692304849
0 0.43754463642835617 0.8054253958165646
0 0.4509589498862624 0.49348349971696737
0 0.43329082168638705 0.48599228635430336
0 0.4211898323148489 0.4804269211366773
0 0.5968298949301243 0.4527586940675974
0 0.4363038646057248 0.450866540055722
0 0.45800693705677986 0.4426365032792091
0 0.4811659770086408 0.4438985647633672
0 0.5031279046088457 0.45183736756443976
0 0.5152143970131874 0.4617171727120876
0 0.6418247388675808 0.43623612727969885
0 0.5069178838282824 0.49189840694889425
0 0.37311997935175895 0.6707490889355541
0 0.3595187393017113 0.6195674151182174
0 0.33188517671078444 0.6554256416857243
0 0.4437215581536293 0.7886978903785348
0 0.40784726198762655 0.8022569235414266
0 0.3275206793099642 0.8259334564208984
0 0.5220685631036759 0.756269408389926
0 0.4213921830058098 0.4655969338491559
0 0.36580207888036964 0.5169684940949082
0 0.3651378143578768 0.8290107179433107
0 0.5849641609936953 0.6560511043295264
0 0.341295731253922 0.7242116842418909
0 0.34482695646584033 0.7322226479649544
0 0.34807267570868133 0.7428324246779084
0 0.3503935053013265 0.7547541921958327
0 0.3459119027480483 0.7620787909254432
0 0.37329628607258203 0.7236419025808573
0 0.3786102842539549 0.7231611697003245
0 0.3832728123292327 0.7219913387671113
0 0.4051596254110336 0.7084091357886791
0 0.5194739768281579 0.6617155939340591
0 0.3733524196781218 0.49011681945994495
0 0.4023639358580112 0.44590397756546735
0 0.4155819334089756 0.45347181856632235
0 0.3683007828891277 0.7235656216740608
0 0.5119393972679973 0.7132708402350545
0 0.3803962431848049 0.43863206161186097
0 0.35840115798637273 0.7811327416449785
0 0.34992441041395067 0.5017099875956774
0 0.3738639603368938 0.5601387554779649
0 0.3211148403584957 0.7864142766222357
0 0.4174582455307245 0.7556672379374504
0 0.40962779298424723 0.6324758170172572
0 0.3901728292927146 0.7711139991879463
0 0.4676382837817073 0.636257677525282
0 0.42692375369369984 0.6594463389366865
0 0.4798136122524738 0.6763258351013064
0 0.32572463992983103 0.8092051759362221
0 0.38555844463407996 0.5763663558289409
0 0.4376566676422954 0.7698230162262917
0 0.40292941872030497 0.785165186971426
0 0.4400165379047394 0.7337366811931133
0 0.5441995657980442 0.6874651726335287
0 0.4735187593847513 0.736366618424654
0 0.560589162632823 0.7015787720680237
0 0.43754379358142614 0.6933739650994539
0 0.37879594657570126 0.5358906868845225
0 0.3569491350091994 0.6112584255635738
0 0.37033929247409103 0.61951401848346
0 0.3498282078653574 0.5929977962747216
0 0.4267634779214859 0.4187458331696689
0 0.47008105646818876 0.4063919771462679
0 0.5069151192903518 0.4097057094797492
0 0.5355290982872247 0.42062489297240974
0 0.5523219805210828 0.43761595506221057
0 0.5529853010550141 0.4849641461856663
0 0.6192520843818784 0.5531838539987802
0 0.527112597413361 0.5234752554446459
0 0.5006574528291822 0.528983960673213
0 0.467686359770596 0.5259274622425437
0 0.4381979102268815 0.5162669545039534
0 0.4171177353709936 0.5041104702278971
0 0.402924563921988 0.4924673931673169
0 0.6270605891942977 0.5458610501140356
0 0.36938178464770316 0.625466458313167
0 0.3591010243631899 0.5409075638279319
0 0.33963825590908525 0.6097531218081713
0 0.32721683299168947 0.6186676675453782
0 0.3398013636469841 0.6136284774169326
0 0.36269475510343907 0.6308945178985595
0 0.321865176409483 0.6198720084503293
0 0.3198533682152629 0.6241950554773211
0 0.4066085467115045 0.4743420911021531
0 0.39302269704639914 0.4754179986193776
0 0.38340503815561533 0.4767637651413679
0 0.5218645941466094 0.46948968721553686
0 0.5427503073588014 0.45983246322721244
0 0.21665631951764225 0.4210883708670735
0 0.23857812760397792 0.4253801304847002
0 0.2230734357610345 0.3970849722623825
0 0.19451085356995462 0.4168312843888998
0 0.21013372940942646 0.44513819068670274
0 0.45018005818128587 0.4672462331131101
0 0.4779128238558769 0.4711344993673265
0 0.4541033083572984 0.44207206536084415
0 0.4234435375779867 0.4634835448116064
0 0.44650767296552657 0.49225188940763476
