0 0.17507161032095803 0.6492598452887977
0 0.1772393570672408 0.5674067834695689
0 0.19228295327948153 0.5915572494744493
0 0.1913266316306391 0.48067101883812074
0 0.18264366168198254 0.5425432581490222
0 0.20004450017028003 0.5096108212638587
0 0.25224603694691644 0.42617762774324264
0 0.05632038210793365 0.3762995594987473
0 0.28211887277287545 0.3550432672896705
0 0.2919713751875239 0.3191020915302606
0 0.3397038872007557 0.1853671555701917
0 0.1724169661672853 0.660078088315531
0 0.1718859442418142 0.6717572284582705
0 0.17385241539358234 0.6805203509406922
0 0.17214236056490195 0.6864573197623792
0 0.1654724807476254 0.7027117356705589
0 0.1590452201360707 0.722553845030812
0 0.15573342262412146 0.7420015666431512
0 0.16869427474568502 0.7441204675851157
0 0.18043032238523452 0.5798425324046954
0 0.160096211970853 0.5747510686088294
0 0.018092603992215163 0.24925748684916632
0 0.1346406855886217 0.4176368610546612
0 0.10297005911239332 0.4128753133475209
0 0.0739880683039018 0.4058791014333122
0 0.04686147946533825 0.38197836517906797
0 0.16044747750822017 0.4183048270761776
0 0.10599711801794222 0.33413497917949203
0 0.1422679970304457 0.34605463225239763
0 0.07227732123230858 0.33093674247638105
0 0.05115997376773569 0.3368291710131465
0 0.021102595529396185 0.39356146605250936
0 0.0707455070184575 0.74744700242917
0 0.051764612146418726 0.3664662719915469
0 -0.01085537143176694 0.36005095018746375
0 0.007818716607219596 0.36770473615810895
0 0.076785970934861 0.5176288559794807
0 0.14525001240577057 0.6372346135374075
0 0.14607474822506344 0.6656990584474021
0 0.11633044281165948 0.641010053622456
0 0.09784588610811486 0.6487799254469216
0 0.12591647944576162 0.6631379805433865
0 0.11077001354963088 0.66353863572922
0 0.06498797948983648 0.6772150147837191
0 0.15319691330408877 0.5623010796860765
0 0.1539895672449391 0.5379729133825333
0 0.0215110904592976 0.30410127841626494
0 0.15743068289413725 0.4645081259572087
0 0.11058666465951385 0.544267540922561
0 0.11689925165199261 0.5303626308045067
0 -0.001359421858112875 0.497670107756179
0 0.17149387217825837 0.5072169825672722
0 0.07634095422369684 0.29273320596439006
0 0.042152055447621885 0.29141812697767067
0 0.03979286773027562 0.20898355291293452
0 0.19955577667382696 0.3432629955843234
0 0.17058693848067907 0.3644420277958099
0 0.05066690585024351 0.6519057179411379
0 0.0039636635665985034 0.5877252181117146
0 0.13036693300274635 0.5624108520178749
0 0.15019064555636985 0.5737592465580462
0 0.07978813296599353 0.6651413486407588
0 0.0870417645223421 0.6660901281399468
0 0.03714885785997057 0.27202607496097064
0 0.11256397299343447 0.5548987285778545
0 0.12616771588222586 0.30720319934546375
0 0.12584049981846798 0.2854217327060029
0 0.14852398719718987 0.1698577813447093
0 0.03609115843006747 0.23952249673227913
0 0.14303744889849382 0.22594130439118457
0 0.016206862686349334 0.2890763172326377
0 0.012320348398862696 0.27004206218658544
0 0.14353375126132004 0.6525091431773128
0 0.12015112241109212 0.6529545921106308
0 0.10336556852006798 0.6564167985520043
0 0.13746372379844995 0.5680493341086391
0 0.08345164955377007 0.6656890121130897
0 0.0893516597702063 0.6738889407806884
0 0.0908858371581391 0.6665670064310677
0 0.13480019983913688 0.5567558718184693
0 0.1177920540459722 0.6689272959011431
0 0.13213895550734706 0.6704948005584863
0 0.15067056085851838 0.6745662849170332
0 0.1332611409451464 0.7350093640458469
0 0.1214087129496842 0.7316421830235198
0 0.1271431338872841 0.7129155393606558
0 0.13761312891539337 0.6938854779679173
0 0.148602664184799 0.6801539823270073
0 0.116829645433586 0.6709508949194473
0 0.10649677417832884 0.6766640332560189
0 0.09549032669844959 0.6842555596043889
0 0.08664322356811816 0.6931357817908826
0 0.07887964768947171 0.6147229442962061
0 0.004413693071269303 0.4636496712986273
0 0.18591184789042392 0.5855386657074998
0 0.10602595351582808 0.6686108363703036
0 0.09738740646581856 0.671068870221464
0 0.15666019266171993 0.584394812203063
0 0.12279651676722282 0.5708302331808657
0 0.1533614403481106 0.5792708130309376
0 0.12329703226363917 0.47341092935385415
0 0.0687558576643324 0.4816513659474187
0 0.11387921065735303 0.5403351844690097
0 0.0796852274764356 0.18120221265207845
0 0.0771107999540919 0.2231765577968317
0 0.07342630124492325 0.27043912281243565
0 0.08071098825056776 0.6967168852163199
0 0.19578264700137168 0.30816333857588113
0 0.2196480556071805 0.2377154469109191
0 0.23222381777042966 0.17184545780523136
0 0.05380023597813339 0.39502601882520194
0 -0.009734558544570594 0.40466003867383965
0 0.17736553624093676 0.4165495988279105
0 0.028837264298820952 0.34123962698653104
0 0.18090028371170555 0.4522271274377744
0 0.1205504988309005 0.5379617149456621
0 -0.028855023910101654 0.4157659386674436
0 -0.007634436769737042 0.42675282646672796
0 0.01843836739194765 0.44466311329850755
0 0.07706976665867318 0.45323821264333997
0 0.12378659122567669 0.4523157932506964
0 0.15714522817437884 0.4483915475991587
0 0.22200141893588096 0.427193413527248
0 -0.040348977493725235 0.4703530648265022
0 0.014183842449737109 0.3327247595634704
0 0.1658250233538145 0.5765283941841735
0 0.14887063380339735 0.491045241538709
0 0.011159743479401659 0.3528377051932362
0 0.18187294468033513 0.44132450441963755
0 0.11744600420089649 0.5406815064981723
0 0.041101278446847016 0.36355265070455145
0 0.1301821041450226 0.521219176225388
0 0.0015178977442588165 0.5231094539355927
0 0.18233590003111952 0.4080315976858901
0 0.14943409566399005 0.511176759061722
0 0.001360615380376363 0.6658295686252582
0 0.015448713474136462 0.6863696217156066
0 -0.03238584469262359 0.46543649019905553
0 -0.014305462368386541 0.6254349173829198
0 0.00014100272020847678 0.31132247291814785
0 0.065653010095052 0.7655739075840472
0 0.1736411022768318 0.5824776213770857
0 0.11964518832359955 0.504522168598236
0 -0.0053992560155671845 0.3682370075402549
0 0.07850433267849527 0.3918491190614792
0 0.10489361120356644 0.3990316490014902
0 0.0822586285696327 0.6775011048911098
0 -0.03853859518357604 0.5202988767014525
0 0.10749971480678311 0.8072626925885867
0 0.052369751804452434 0.7547836836915427
0 0.034773748555629376 0.7257836032599306
0 0.31475072627444917 0.25253625552113446
0 0.16345868643810996 0.8261604926075798
0 0.13258348287438318 0.4032531831972896
0 0.15783889137869545 0.40562584624884607
0 0.1740019637331974 0.40771338695916126
0 0.0068038407561304476 0.3237383596051615
0 0.16301900477146358 0.3838294714022749
0 0.13844194658082737 0.37007530238300845
0 0.10904651966026362 0.3617244482802126
0 0.08121942873481366 0.35887407742369287
0 0.06518839574832139 0.36098120387750693
0 0.009215782157522882 0.2948443417351086
0 0.0638407420197265 0.38391845980391337
0 0.19001020044445704 0.6109407298481122
0 0.10310089302291688 0.6050986021090621
0 0.12785344672717636 0.5583515799464509
0 0.1500004816541283 0.6056865891709495
0 0.27143159701669817 0.39050560618360963
0 0.02190731598033036 0.7032418410998945
0 0.0440539093040448 0.7335193267645547
0 0.10146980162718885 0.794550392955256
0 0.0076661367210552845 0.6432091869866124
0 0.17656806047014195 0.39889722167493435
0 0.1858716978014802 0.4642486724609765
0 0.15964016711397422 0.8132433952234043
0 0.07395553288699912 0.7827724024129752
0 -0.031113239643956833 0.5202914110768717
0 0.13035127399064939 0.6746442592182098
0 0.11856829705569956 0.6846950176044013
0 0.10705040141547041 0.698047840176299
0 0.09855512477796999 0.7138963012268749
0 0.10225735922797406 0.7170410803712595
0 0.09855510090752471 0.6648954438706176
0 0.09141592813624466 0.6611465021444205
0 0.08563178506114785 0.656764595272442
0 0.06080349043404742 0.631302575714672
0 -0.019547436020071272 0.5449117045052135
0 0.20226490511882791 0.43793527215433575
0 0.20386852163205044 0.3915751721150578
0 0.18906236473890803 0.39156929639200816
0 0.10601048546729328 0.6682353431043534
0 -0.01731781707964927 0.5995417810476626
0 0.22267711963013206 0.39515692071792796
0 0.08704863921057977 0.7311607884903686
0 0.2180840640331058 0.4816164341978372
0 0.20552501118154548 0.4554696970473463
0 0.2347154625885778 0.4552406821007165
0 0.15255940532226928 0.5001893873793629
0 0.16040212366220763 0.7925889613910224
0 0.16516908738824676 0.7669120055798906
0 0.1210908302300268 0.7542096601126674
0 0.039970821899761685 0.6768178619896642
0 0.08874370339963077 0.5554835819207822
0 0.06094833629594432 0.7056090892694248
0 0.027575735136759368 0.5388155151099062
0 0.05810305083112465 0.5758136758408227
0 0.004393164488337309 0.5734744468055213
0 0.10624167072973091 0.7760796543127432
0 0.1385275340623421 0.5113447356147888
0 0.021339390346472212 0.6845151974370305
0 0.04724510139126858 0.7164342449115108
0 0.023962251002268255 0.644543367833756
0 -0.03146604482504389 0.5624542632422889
0 -5.00563237306883e-05 0.6360073478077166
0 -0.02547007541862323 0.5726161764833493
0 0.036190292389272787 0.6050732558527694
0 0.1681274590875319 0.4771459997652438
0 0.12539927850810173 0.5507198221767291
0 0.11609725243181919 0.55411589793123
0 0.1346592329245963 0.536204251618431
0 0.18301074138934093 0.3598612449801387
0 0.1353492678212319 0.33152108889418286
0 0.09120434050937351 0.31838970043407844
0 0.05675322489201022 0.31569702937580146
0 0.03567490560545338 0.32296267199440126
0 0.026416729537131402 0.3660216525720712
0 -0.025840616340545727 0.4120206606273834
0 0.02759430634317924 0.4080998943255732
0 0.0518310197251592 0.4227091538639495
0 0.09160474335832848 0.43109770476246795
0 0.13168150229419737 0.43371159504777707
0 0.1618561202244793 0.4328027243812244
0 0.18246990871086394 0.42995461164571985
0 0.010758409683081172 0.40826132693610634
0 0.11965325653410072 0.5608310429052042
0 0.16960706863757805 0.4874424325010647
0 0.1376736285589296 0.5554254237836161
0 0.15540031056038195 0.570123303050812
0 0.1421109056301254 0.5596726268244246
0 0.12850107577779024 0.5693847131424438
0 0.1581884501792258 0.5734330171975084
0 0.16518852986591898 0.5794089731697838
0 0.19031589730180426 0.41128518139592374
0 0.2010670145638555 0.41996721890026006
0 0.20376003045829938 0.42622781333070214
0 0.05706296778983064 0.36362758345497304
0 0.040497403922412606 0.3463633496540423
0 0.24908983893245815 0.490254069669559
0 0.5566505245167575 0.4537032473201569
0 0.2216703119895441 0.5855675604396735
0 0.7822929740809709 0.36528313178985644
0 0.44122016458488483 0.46489841222001344
0 0.4783739874974715 0.4720665178359888
0 0.5163315760431816 0.47573292293487646
0 0.5727121355436403 0.46498786146267534
0 0.4105181411015902 0.45472023129082334
0 0.5190430676622643 0.393639832068556
0 0.47315041795908974 0.3910055265259057
0 0.5599689938181596 0.4039610810934926
0 0.5845464816768107 0.41802207806620734
0 0.604084106943876 0.4869858312149779
0 0.29864357043799167 0.7953104119712171
0 0.5742962737735227 0.44730534530676214
0 0.7541920175369409 0.4851603016685754
0 0.6607044211966242 0.47142691657946895
0 0.4103247904949051 0.5748993672501926
0 0.21602239754560182 0.6501022626797612
0 0.20867528932557688 0.6768016864697393
0 0.25716661892348913 0.6689439783461939
0 0.28609485348923314 0.6842908600267892
0 0.24348481967866564 0.6845303130226014
0 0.27207893962196883 0.6924200956813824
0 0.3419588088131637 0.7291244241757134
0 0.20657144376128125 0.5716863375502272
0 0.21789138179888828 0.5488139680399301
0 0.6488856385937698 0.4019607315048242
0 0.3616988315856714 0.49817219405128554
0 0.31238086846806734 0.5796437255871563
0 0.3244739702279619 0.5662142190689476
0 0.5345307854439715 0.5903803075845249
0 0.23294367878842984 0.5174371461137034
0 0.5531060020986507 0.3605166530837647
0 0.6100481854354163 0.37742857392222734
0 0.7437677940876364 0.3128434787162196
0 0.3692966033514741 0.36382781887968507
0 0.43207864338259616 0.3983858033491019
0 0.37303564602808414 0.7113929206190018
0 0.6428191558920222 0.708559900427017
0 0.2804874710613589 0.5892791279588645
0 0.2502944609529966 0.5913461382015825
0 0.32561999030536315 0.7056301957883012
0 0.31721947933558364 0.7043802105961516
0 0.6402413387664502 0.36144119234511646
0 0.3145049561699517 0.5904551942508441
0 0.47479346844789794 0.3539427558834941
0 0.4864083497072581 0.33197686066642734
0 0.5732218172910403 0.2296910986732751
0 0.6917190042902811 0.3374902705034128
0 0.5248917564213704 0.28013270636336113
0 0.6819973357861562 0.39118057698868336
0 0.7319060446832963 0.38101635954250546
0 0.21194616095911112 0.6645283379112951
0 0.2498274834321843 0.6772049684494067
0 0.27894396032932567 0.688404050497963
0 0.27227780430151116 0.5922198006139395
0 0.3211445682626262 0.7050506421171439
0 0.30088223627717087 0.7091547540201547
0 0.31266385259674034 0.7036021266120691
0 0.2583139041344896 0.5783841088176155
0 0.26770410763559865 0.6950910380854013
0 0.2395272669460562 0.6892629199134656
0 0.20766365985504442 0.6845005887765854
0 0.21462246754186617 0.7511109650706331
0 0.2005822535613172 0.7462986787668051
0 0.20164441676448575 0.7264563389860403
0 0.20429787933111762 0.7056201955380912
0 0.20638174533272247 0.6899745967060613
0 0.26771398999994034 0.696340654604732
0 0.27224035157288295 0.7043853259315125
0 0.27718606912832466 0.7150722292665476
0 0.28129746688069773 0.7262873024986194
0 0.3361042001836306 0.6612514817295745
0 0.741625660329128 0.5907836356482947
0 0.2898795125867537 0.6995063098474813
0 0.29487507163191873 0.7039670205344788
0 0.23694773114842477 0.5987547567477242
0 0.30145717982193837 0.6028874407941922
0 0.24317199749340543 0.5951857273571026
0 0.39718105495690725 0.518972990992732
0 0.45268953160988057 0.5466392131659169
0 0.33040985772363857 0.5780701839124052
0 0.6778710906168254 0.26717844215064
0 0.6267669498205757 0.30280212148690755
0 0.5740030492238289 0.33989088356304475
0 0.30663711418636697 0.7402032728012378
0 0.3890814786906437 0.32794931749947154
0 0.42365347424285305 0.266801405067261
0 0.46353215622387345 0.20424854964874803
0 0.5504738080987541 0.4739187761617545
0 0.643909653313726 0.5116356645529263
0 0.3903234818284746 0.44617467185559745
0 0.6231849030625048 0.43425017995194504
0 0.3384438380063009 0.4778475841394248
0 0.2876732866826961 0.5668183816507602
0 0.6809887617326184 0.5355082434206344
0 0.6059015071649345 0.5293677211188661
0 0.5471679901333449 0.5341512509428274
0 0.4709435475530098 0.5200898392131915
0 0.41912797200594015 0.5016473962095218
0 0.3815827454022652 0.48437152617274765
0 0.2877546132897302 0.4374908140292183
0 0.6487949309017447 0.5900508523368226
0 0.6594451119859728 0.43382735831288105
0 0.19837670796494974 0.5822838377267027
0 0.34216115857771545 0.5233319018976376
0 0.7931040419663171 0.4787034120041722
0 0.3533751595792153 0.46675080879808617
0 0.33904625643357383 0.5792141295850467
0 0.5940872599466813 0.44997075761849886
0 0.30055358798669685 0.5502349713359016
0 0.7011970987708734 0.6492992011122048
0 0.3942949510306763 0.4368230093020601
0 0.2680425189381881 0.5312390582630048
0 0.4956675999456172 0.7646528707144741
0 0.5034814469820018 0.7860060317066911
0 0.7095162831336188 0.5943873663679861
0 0.5630795515412621 0.7368223126323078
0 0.7473012406191379 0.42978873191930994
0 0.30424166726265595 0.8174597219156381
0 0.1998705204299314 0.5869132623124046
0 0.37131203278649055 0.5471289028374913
0 0.6989850246077247 0.47932596214282247
0 0.5153868793011855 0.45941650086698443
0 0.482684607986066 0.4571880119296309
0 0.30682822097119666 0.7147382116927126
0 0.6215516394562572 0.638073205947876
0 0.23483283356796925 0.8359491246196028
0 0.36361059167688126 0.8223662962928747
0 0.42590006506986183 0.8090645809904836
0 0.4522385711578442 0.4511318004931124
0 0.4235251467290828 0.44356686467179857
0 0.40373487666928226 0.4397702719837713
0 0.6961118345923847 0.4294714889587305
0 0.4362121929081796 0.42138909779417627
0 0.47213072027805614 0.4175134017444647
0 0.5055194101173529 0.42062555334438534
0 0.5367174137124626 0.42834832721624894
0 0.5547810389841203 0.436445303999197
0 0.7972753067954267 0.4177151579445543
0 0.5389624290900836 0.45731020392701266
0 0.30418877035593817 0.6411347111193136
0 0.27914688298456386 0.5852819772574086
0 0.23581080571067134 0.6213026020092706
0 0.42959879056441125 0.7878970467625335
0 0.3692233449549412 0.8032428224246723
0 0.23288555425419796 0.8234453094653047
0 0.574417440153712 0.7544657033853257
0 0.4077431063571994 0.4305503408368022
0 0.2957079830787165 0.4821880614033903
0 0.29989022831265016 0.8327492288888072
0 0.6737400713584406 0.6472577214621889
0 0.23885860803315964 0.6929115826329484
0 0.24137598519130862 0.7056881235049556
0 0.24321095406008567 0.7218167758978213
0 0.24407979052701442 0.7394573094364935
0 0.26411012565489295 0.7484779037987462
0 0.2962900400161743 0.6988142648824869
0 0.30287372365558174 0.6975920684040545
0 0.309395272525952 0.6960333197261579
0 0.3593548016010714 0.6857266102355128
0 0.5495822947088191 0.6466221295225735
0 0.3133699881087104 0.45572127016207664
0 0.3674798953733284 0.41090878948997767
0 0.39326749545493 0.4176017219266191
0 0.29019932881247795 0.6998158567629683
0 0.5411962730993184 0.7036315282693686
0 0.32522662923776274 0.4060175841608748
0 0.28475082806831925 0.7716173767662657
0 0.26807001769113886 0.4655459399421375
0 0.30699977786135046 0.526389305583966
0 0.22281466113577644 0.7752024434245052
0 0.38151008376686407 0.7432601695624403
0 0.36635862894767196 0.6039587579215296
0 0.33730958605841765 0.7609859586904605
0 0.4595296077019305 0.6145861666804304
0 0.3926669389223881 0.6350919331986302
0 0.48075983850218407 0.6591934578868147
0 0.228940342541793 0.8021409515374766
0 0.328626162571301 0.5435409328808039
0 0.41620584757779716 0.7636615095047143
0 0.35837737847861056 0.7808669169489949
0 0.4175067868449991 0.7188988687893072
0 0.5968115461244285 0.6774472786595647
0 0.4745879916550158 0.7267644572943545
0 0.6302629197530037 0.6948718620946233
0 0.41113423729400267 0.6728607583731508
0 0.3192897869242753 0.5022875965593722
0 0.26971929836616243 0.5761346055295902
0 0.2962131055710699 0.5860919053562152
0 0.2537862774279478 0.5568466114159971
0 0.4036743889609687 0.3886891552053701
0 0.4716374136561112 0.37851108948643597
0 0.5303431454894069 0.38229980179296136
0 0.5778220340216474 0.3943240888202533
0 0.6098070461973012 0.41131179496503106
0 0.622189171308522 0.4600132208662673
0 0.7378156985596216 0.5406688333700259
0 0.5760646440999971 0.4969613803461337
0 0.5307989277713876 0.5007290783019873
0 0.4772183237601813 0.4939169262925657
0 0.43038441465912963 0.48127232420558747
0 0.3953791705252741 0.46812605058042384
0 0.37096533843939256 0.4565559454238453
0 0.771137646633944 0.5344854067689695
0 0.2967690482414026 0.5922959315510222
0 0.2793065523929733 0.5058569024546078
0 0.2371530169777447 0.5731895088006894
0 0.22124470195038426 0.5823165113552691
0 0.24091022506320506 0.5775186032913744
0 0.2876623778892078 0.5978310009161123
0 0.21125990952805077 0.5829570342938359
0 0.21186368857070412 0.5875956296159056
0 0.3789605053780462 0.4360005693694654
0 0.35393831112401947 0.4391983452315529
0 0.3348238372402511 0.4428988986502821
0 0.5653510631131325 0.44220650805452
0 0.5986995073817045 0.4327717097803427
0 0.13263387338434765 0.38128608979356177
0 0.17157172563550568 0.38871390236833225
0 0.1394353987072869 0.35958699848705206
0 0.09360453765169321 0.3739812987300154
0 0.12556684903389545 0.40264653207395024
0 0.496399372315807 0.4361320473134708
0 0.5360692833824982 0.4417606904483832
0 0.5015713339515155 0.4119891160593246
0 0.457129959579852 0.43035337738335705
0 0.49145771273606115 0.46022774236270797
