0 0.5449246761348584 0.3329579233043436
0 0.5476882394565188 0.28282830605040427
0 0.5480449708259624 0.2953132696017839
0 0.5366137219673913 0.23390376594835433
0 0.5490280753811416 0.2684281262150709
0 0.5519417449831963 0.2489616001645724
0 0.5603317353550507 0.20203382538064665
0 0.42378240993813326 0.19064448441824186
0 0.5643334210971775 0.17477680367512116
0 0.566289498106293 0.1573123732122822
0 0.5772362958801829 0.0765879903582559
0 0.5441316247958204 0.3380858061862165
0 0.5437766087605901 0.3429639707116977
0 0.5439794979098699 0.34601945570413617
0 0.5440016228138752 0.3458115342950475
0 0.5431298696152542 0.35101518607225973
0 0.5422172245933957 0.3573440018555392
0 0.5415369492105168 0.36427283422022627
0 0.5437425055905528 0.38167955872157344
0 0.5474954387982902 0.2898194112315558
0 0.5267887091588067 0.2876576120438783
0 0.35675337060314155 0.12994494267563889
0 0.4747371977276128 0.2047674220757208
0 0.45506605024085095 0.20505694704859154
0 0.4364649805685748 0.20354354584022707
0 0.41444840427973995 0.1948869972611251
0 0.4921598764055449 0.20255541474814864
0 0.45174296815758164 0.16950151362064955
0 0.47372142913872783 0.17199648873529572
0 0.4313133667506602 0.17042246423121812
0 0.41785600291484076 0.1742139353916265
0 0.3944564747583607 0.20227032030622163
0 0.46227177677919035 0.40447190031409264
0 0.41764719731619826 0.18697581394319085
0 0.3391774602477317 0.191932064872505
0 0.37264617467704025 0.19246466922155325
0 0.448774349713779 0.26238973514325376
0 0.5193578086631454 0.3275761778155963
0 0.5208382583830667 0.3403383699124274
0 0.49499334686476254 0.3298372481612192
0 0.4782107495095419 0.33300994455382443
0 0.5015194812465621 0.3388670791966328
0 0.48591012888304563 0.3384595521442268
0 0.4487418746575713 0.3519076449607593
0 0.5296671853360274 0.2814364922435387
0 0.5282929264332937 0.26755461636660754
0 0.3894974435477153 0.16350855934771075
0 0.49624745968891226 0.22849249267491742
0 0.4806783304590246 0.27275949506008107
0 0.4810392047966952 0.2647350264740163
0 0.38915000114913867 0.2574959751488506
0 0.5321969980292994 0.24946567189434302
0 0.43961012580067566 0.15501940304386444
0 0.4105728973594049 0.1565404792950637
0 0.3753133158644904 0.10661390304997348
0 0.5249926815538303 0.1735948061813479
0 0.4923260312365449 0.1779421794673671
0 0.43257280001821724 0.3379750292802203
0 0.34121213735931594 0.32842724872887996
0 0.495857715404228 0.28166292645577073
0 0.5128893124182587 0.28686491507982864
0 0.45645472958036093 0.3383602264566698
0 0.4615045281370049 0.3387540665765603
0 0.40064182456420816 0.1471687612272259
0 0.4794229674760414 0.27828849776499515
0 0.47777149312036193 0.16040774661561716
0 0.4759856848370122 0.14937089869509573
0 0.4560110394883415 0.07874234625394794
0 0.38502617779633275 0.12463175454109475
0 0.4645387799195621 0.1104213241217793
0 0.3779170914431629 0.15648432742750298
0 0.364573332157148 0.14225592950116034
0 0.5193690600926462 0.3347164214845153
0 0.49814460479208955 0.334725391605626
0 0.4818535088359014 0.33577830387630325
0 0.500745967273479 0.28431096619022067
0 0.45905712416962435 0.3385525523968365
0 0.46940320608732494 0.34211606251588766
0 0.46422734500273416 0.3390325765678848
0 0.5065855318680406 0.27861144938978594
0 0.48915103482811345 0.34038561982089194
0 0.504491777483212 0.3415535895720772
0 0.522821824349787 0.3436377113280089
0 0.5159907820432083 0.3794221691247346
0 0.5174300346685492 0.3614862892722738
0 0.5184121361893156 0.3544377371452857
0 0.5204363032446607 0.3484003548712834
0 0.5233405094350809 0.3435988589797331
0 0.48938568673380045 0.3407338459206664
0 0.4854215202934068 0.3427670915489611
0 0.4814790571918306 0.3457017389220604
0 0.47822857154128345 0.34956325336858846
0 0.45797817894945975 0.3154372864443323
0 0.3327854708161043 0.25476924918483995
0 0.5476852448900109 0.2925525171601254
0 0.477352035758288 0.34004985373737157
0 0.473362749847381 0.34092096428292384
0 0.5195064903439387 0.2927847042463828
0 0.486953168378576 0.28683936795678694
0 0.5162918958812952 0.28988397429170815
0 0.4737974562398765 0.23540240326437398
0 0.4392208903015632 0.24335819180460944
0 0.47717212918012036 0.27044454945818236
0 0.40662258442329324 0.08906544245563555
0 0.4169355080584469 0.11328396514274072
0 0.4345046733708485 0.14386485295667165
0 0.46658121964529803 0.36237621253383334
0 0.5215567362940182 0.15657322432683862
0 0.5143362404373677 0.11115812823392343
0 0.5111215296808792 0.07503283309979715
0 0.4217795537298788 0.20024762615777444
0 0.3706672023171964 0.21037472930291426
0 0.5038285682220822 0.20028034392474353
0 0.3966740675513511 0.1784196816438782
0 0.5118658393621445 0.2204081233104934
0 0.49421542826230114 0.26918540619637654
0 0.347385799633744 0.21977413478104965
0 0.383097735112128 0.22060856053038783
0 0.40784282666509564 0.22701510827502477
0 0.4459314739898495 0.2268069960122955
0 0.47444858547786006 0.22260348547412
0 0.49605144641321636 0.21767807104017423
0 0.5400447102020616 0.20446445555358694
0 0.3455328171181938 0.24989869154017905
0 0.3800339446929486 0.17632545827739482
0 0.5363779798069078 0.2887187582859095
0 0.4942694467532894 0.24284367765421452
0 0.3385320294081517 0.18953029449651207
0 0.512865588473885 0.2120718271404073
0 0.4764751801672189 0.2707146346245123
0 0.4085387290333924 0.18718099523929582
0 0.4951228836713278 0.25953930875529413
0 0.33378976992452924 0.29056095941991045
0 0.5046732540282867 0.19597144127971883
0 0.5135687592074923 0.2531397680657497
0 0.37500084883978835 0.3660258521744307
0 0.3768163411270665 0.38295800546589104
0 0.330397115048507 0.25296055649717647
0 0.3527067227532034 0.3446069751744685
0 0.35227754031834396 0.16449498638942622
0 0.4558721555639868 0.4206733840747156
0 0.5386379762431202 0.2915037491399309
0 0.4745464322116712 0.2521362868880016
0 0.3547389722307739 0.19342627165758092
0 0.44056778380890255 0.19595414176043394
0 0.45639592850499827 0.19766158659173094
0 0.4658843723895109 0.3439348159168941
0 0.3448523963680086 0.27951808597730554
0 0.49370106058600155 0.44373461118210916
0 0.43169819762039446 0.42025879543760547
0 0.40577161874946044 0.40482069897478906
0 0.5717961570328992 0.11379494850078355
0 0.5389907390851042 0.44891876862316893
0 0.4727356062149224 0.19746252624452978
0 0.48882321701587544 0.1964775033403134
0 0.499368030577898 0.19635767451878908
0 0.3657110639159446 0.17238746605057648
0 0.4873913635864206 0.18610871132409226
0 0.4707601808173501 0.18184164652357931
0 0.45427397286276455 0.18049454699823822
0 0.4380097916633215 0.18145598584543104
0 0.4280066966362622 0.18357337066444798
0 0.34582865412306524 0.15605233021188472
0 0.43044377952490165 0.19332499653640864
0 0.5476440187219692 0.3072854639503403
0 0.47816216775580594 0.3081227388718854
0 0.49595088131077913 0.27957037987484445
0 0.5176977285629382 0.30614235970205156
0 0.5629495534155032 0.18723105342275853
0 0.40122797461631504 0.38717019984471623
0 0.42708732110812614 0.4042912709756174
0 0.49310665367090184 0.43249905735686206
0 0.35632846196708473 0.35931568355232046
0 0.4992725242577169 0.19196276504384435
0 0.5233211465098936 0.22588033342491026
0 0.53943364419367 0.4377124154049417
0 0.4598578072922385 0.43374792178687843
0 0.33197352172725875 0.2854829438678596
0 0.5049952716850068 0.3417356094156486
0 0.5009313396623601 0.34532224009002466
0 0.49808131186696497 0.3500882372044135
0 0.4960422591994638 0.3563296692850797
0 0.48831132058378146 0.37201914725744206
0 0.4730169210259033 0.3384707034498021
0 0.4689900722030712 0.3371180964336879
0 0.46574064773385937 0.3356543853339078
0 0.44144879690492933 0.3256684320884338
0 0.3685755412215772 0.28838803619146347
0 0.5264947910023772 0.21141130995491278
0 0.5205837347666207 0.18850047551635382
0 0.5081145342682367 0.1885237323957077
0 0.4774503040572871 0.3397408071635426
0 0.36197833676377067 0.3237372931578885
0 0.5375054631706165 0.1901308836388415
0 0.47474388462369854 0.38797050368958624
0 0.5548570136256192 0.23267265090691872
0 0.5380145540137006 0.21962821354036746
0 0.5575517891379802 0.21758973306935767
0 0.5047902165628646 0.24727009161226993
0 0.5403938097879291 0.4210900448370671
0 0.5421306583625467 0.40040745391793875
0 0.5072225314038603 0.39724007416246593
0 0.4280445648195303 0.3585790975586228
0 0.4590767632926936 0.28156706339855125
0 0.44935667660573253 0.3753410094026206
0 0.4136574171564501 0.27784277271965274
0 0.4391794969611194 0.29562378847512644
0 0.3930326165307475 0.3005059063974498
0 0.49777586608315294 0.4164807112968486
0 0.4911841419727906 0.2539719989982204
0 0.40916027602456184 0.3700356598997462
0 0.4352769517218289 0.38855895999333134
0 0.4117797512723052 0.3396501789490382
0 0.34669425828463357 0.3049730267105759
0 0.3857066566934404 0.3411024660951849
0 0.3375134406935262 0.31601532759225887
0 0.4208543344360331 0.31379820811359777
0 0.5092845811792042 0.23412924589238304
0 0.5000977017714278 0.27594544214830885
0 0.4866674634749475 0.27795095946909726
0 0.5101685888417389 0.26780657043707545
0 0.5071455739519518 0.17799360089112018
0 0.4758708010549131 0.16828495798551518
0 0.44744817831594014 0.16458231556242792
0 0.42327423490907834 0.16532410913403484
0 0.40607985558555176 0.16974376142024994
0 0.3925526572958283 0.1899449921928454
0 0.33208195120096207 0.22196682499370712
0 0.40467579638504464 0.20863474392588588
0 0.4236512595544691 0.21359134929767554
0 0.44982580597633903 0.21488315579683884
0 0.4750776770322219 0.2129411927383879
0 0.49527748180148395 0.2097720135057318
0 0.5094098732604281 0.20662775430558383
0 0.33544896328416857 0.2218515902919614
0 0.4868633168466065 0.2812756571540798
0 0.5201727668552295 0.23925107598736667
0 0.5147852945829863 0.2782410570028899
0 0.525706580394636 0.28555999420907185
0 0.5149472192253756 0.2802254440991775
0 0.49284220146744145 0.28553218410714815
0 0.5296287356835344 0.28729714404629625
0 0.5316416076991869 0.2900836889942487
0 0.511488538518872 0.1969861691898626
0 0.5209852683398387 0.2006691673203655
0 0.5263610240072012 0.20343433666056482
0 0.42229493897732184 0.18536014244824217
0 0.4088288094929379 0.17938293360065724
0 0.57348323184187 0.2355635382666968
0 0.7164704391489858 0.20343492285388967
0 0.5703305929251339 0.2896799790146558
0 0.8034280278598485 0.1495128256417271
0 0.6555412154968666 0.21187044928471246
0 0.6761494151761999 0.21414325712923554
0 0.6965491290649642 0.21480984073402226
0 0.724485498164659 0.20851720534804938
0 0.6382300916897214 0.20801164768636227
0 0.6933241553766571 0.1791125485214634
0 0.6688936968212542 0.17906633467561955
0 0.7150251973906289 0.1824912850515566
0 0.7280961313163457 0.1879183173827503
0 0.7418408136328926 0.21770296380787657
0 0.6248524327478979 0.4132881115960038
0 0.7250596408772728 0.2002241238951683
0 0.8074445556039396 0.21324740377241286
0 0.7681318283404993 0.20967424191210582
0 0.664743750963522 0.27268825212250586
0 0.5721768158609453 0.3316914730745813
0 0.5686251727621192 0.34408406346388487
0 0.5979546258307021 0.3383609353416208
0 0.6150816564812608 0.3441965035230353
0 0.5898404263121926 0.34610498539995455
0 0.6067643788359736 0.34828379782645597
0 0.6508051195870275 0.3620852970558664
0 0.5663321488739356 0.28318607483221137
0 0.5705134649963483 0.2694754764653634
0 0.7594629944018696 0.1806688236369603
0 0.6239248148934997 0.23426134387652078
0 0.6231002043122831 0.2797563258504522
0 0.6258083100066237 0.27173581066122954
0 0.7299686657345813 0.273599060225314
0 0.5720134520822245 0.25122430639854376
0 0.7098053772326397 0.16581533914027008
0 0.7397406630865906 0.17131103788489016
0 0.7856391980110303 0.12432841994408247
0 0.6117099781075249 0.17374792533076328
0 0.646924335833477 0.18316802479650662
0 0.6702733197775872 0.34972207086241763
0 0.7819438738667447 0.35012662605099054
0 0.6057035754556241 0.28712068622310954
0 0.5868395508631415 0.290537920659003
0 0.6371646947024957 0.3527062038580577
0 0.6321169312881387 0.35235666904760443
0 0.7528542768534111 0.16314975450328295
0 0.6243188475137171 0.2855719634588214
0 0.6676120805027692 0.16586700594727544
0 0.6726994710447995 0.15528087253155914
0 0.7014280047429644 0.08908049262844134
0 0.7672362785138513 0.14134141338476236
0 0.682263593148926 0.11962960331120352
0 0.7731618860169597 0.1746568521619707
0 0.7878085724685503 0.16125003826143086
0 0.5706195831298828 0.3386785157996675
0 0.5938763460549323 0.3426032028012518
0 0.6110272169437098 0.34630161917943886
0 0.6002364564363075 0.2893435858406018
0 0.6345472400603087 0.3525359624105951
0 0.6230571465161832 0.35418537410273065
0 0.6292148765338503 0.35217115930888965
0 0.5932666464992191 0.28281682756715926
0 0.6035863297141116 0.3495072241926539
0 0.5867304963100216 0.34813335062800976
0 0.5668815500710321 0.3470754216330639
0 0.5728973143774531 0.3824519979349081
0 0.5678798745831718 0.36527904187855514
0 0.5678056209631588 0.3581188676365908
0 0.5675341329820778 0.3519499054097611
0 0.5665635009417715 0.3469496218190677
0 0.6033506020903587 0.34988271509823593
0 0.6067571686175854 0.35228828891463904
0 0.6099115810154573 0.35564682222362876
0 0.6124154456445704 0.3597710330741129
0 0.6440392599805541 0.3246576439427293
0 0.8073077940422556 0.27705484709661937
0 0.6159644721318847 0.3510689522693123
0 0.6194633178250946 0.35247578898417775
0 0.5786449341508357 0.2958706440269083
0 0.6159383350902278 0.29347949329277745
0 0.5825895341518132 0.2932810600361098
0 0.6456337939623905 0.24332866401991982
0 0.6799455079371515 0.25463254344852077
0 0.6295781203586123 0.2779737801115582
0 0.7533361113265805 0.10380168828735317
0 0.733464371493977 0.12691549557274667
0 0.7184942427860654 0.15549164311285468
0 0.6293092780625043 0.37074609894467436
0 0.6204613806760829 0.15673225993911424
0 0.6303501079749801 0.116064443671401
0 0.6446056400790162 0.08062819834204688
0 0.7138712717139203 0.21315092725706272
0 0.7648506556516108 0.22788197914327402
0 0.6272503827577052 0.20462924403988797
0 0.7479895599510359 0.19420519989469778
0 0.6093033351328062 0.22471870274107525
0 0.6082462531554959 0.2746826454025248
0 0.7866365049520264 0.24018721309477004
0 0.7478662884753683 0.23720174412364545
0 0.7191540359154992 0.24170005537461545
0 0.6781516753784989 0.23796943926076958
0 0.649039371991935 0.2309367825155673
0 0.6277231463109669 0.22407059104222318
0 0.5812460785812658 0.20622499859419421
0 0.7814365419680658 0.27055521730495535
0 0.7655264391847278 0.19343168372153371
0 0.5590274853469885 0.2898132766502491
0 0.6210180211650289 0.24868172693295756
0 0.8140834223317064 0.2108761018169099
0 0.6117270442292743 0.21677860509658206
0 0.6317806967088709 0.2784095535027808
0 0.7339516136309375 0.20138895819368569
0 0.6109287742039432 0.26500636582141335
0 0.7984193973243237 0.31298738005368604
0 0.6281668945499088 0.1999868382902249
0 0.5916749326431233 0.256735859627741
0 0.7300433263830517 0.3842248101381288
0 0.7281697162467501 0.40133576602607535
0 0.8027034299853055 0.2752936769654785
0 0.7594813106824523 0.3648748683972635
0 0.7979618973382141 0.18453170132377875
0 0.6292270292406497 0.4302515103549197
0 0.5569549109786749 0.29238309365683707
0 0.6397076340635186 0.2599640944297763
0 0.7866799407031225 0.21224498592209126
0 0.6953973548243875 0.20685346600046192
0 0.6775480812496465 0.20659031972721004
0 0.6263987338575332 0.3564000124840633
0 0.7770471470835416 0.3003844144227712
0 0.5858417496733044 0.4488906040787697
0 0.6580406609598709 0.4324956765209419
0 0.6908619530175043 0.42011426470201946
0 0.6602976628295754 0.2045570468341095
0 0.6439358747523763 0.20196400021297345
0 0.6331959928021483 0.2009133645535811
0 0.781329319043004 0.19041045695759248
0 0.6498966320701267 0.1918327800821567
0 0.6687888579200143 0.18905697746769243
0 0.6872106751670009 0.18941850879270097
0 0.7046421921771505 0.19223823500932127
0 0.7148527336185393 0.1956757680931385
0 0.8113815674315328 0.1765854554655759
0 0.7076491439796012 0.2054159700114658
0 0.6224125878804404 0.3153690153705901
0 0.6053209105587524 0.28502017831888754
0 0.5795058284116827 0.30931369285436644
0 0.6965373833866223 0.4027926336595978
0 0.664446939997699 0.41718902368692384
0 0.5873416786122582 0.43771099763503973
0 0.7574094195404778 0.37947484472955484
0 0.6353062899864238 0.19662516952856726
0 0.5926743910202513 0.22901297781778418
0 0.6237861054099124 0.44274380813906156
0 0.7946678160325341 0.30778719090681145
0 0.586488343451334 0.3482633219572945
0 0.5893929566702117 0.35217219537151034
0 0.5910568017836498 0.35715312095008034
0 0.5921715073611425 0.36348139143724373
0 0.6036850631884907 0.37796879138635553
0 0.6202091393263444 0.35021289189656574
0 0.6243407979769551 0.3495209111251693
0 0.6280050135177114 0.34863415058108344
0 0.6614371680695078 0.3365174527617468
0 0.7472709512095088 0.30668026705582935
0 0.5949518315332092 0.21446359133266885
0 0.6126389624146016 0.19081073157165362
0 0.6267515693831703 0.1921943932015827
0 0.6159981392000032 0.35074174733481545
0 0.7501782101133595 0.3428096519108268
0 0.5923622292668923 0.19108796011710513
0 0.6151275344031013 0.39548356631311815
0 0.5774226567667463 0.22135886072140673
0 0.606235852384049 0.2520348618103974
0 0.5786558948457241 0.40111246726651123
0 0.6710036451239949 0.3709329446588737
0 0.6487546265125275 0.2908103505986324
0 0.6449840311770854 0.38554257273242093
0 0.6989897589158752 0.29152098049720127
0 0.6681860487746156 0.3067516463174336
0 0.7175783415365479 0.3163151586617249
0 0.5845533883118111 0.4212664208658364
0 0.6200167311598426 0.26001570670717006
0 0.6895286440849304 0.3845007299729016
0 0.6576852960431058 0.40039049520872644
0 0.6915115704355033 0.35360714210116345
0 0.7713113020619621 0.32565212773456087
0 0.7200316474165606 0.35783013334308844
0 0.782735108114455 0.33774458714153455
0 0.6856848999210026 0.3267232528955176
0 0.6064526822579943 0.23858199765284857
0 0.6001926427302153 0.2807766021485778
0 0.6153830319804989 0.2843331870069538
0 0.5902957748621702 0.2715401856795601
0 0.6307096885436255 0.18122105864618998
0 0.6673502449108206 0.1749053299696981
0 0.6990522959310076 0.17478077070436615
0 0.7244099071654289 0.1785612814128399
0 0.740968348134471 0.1849119090407655
0 0.7486087083816528 0.20556388158297192
0 0.8077207534857418 0.24399613373089526
0 0.7286008175300516 0.22325519612733868
0 0.7061782594284286 0.22643312736265903
0 0.677832943022899 0.22499984378616014
0 0.6516516224845595 0.2205228808781375
0 0.631723712724836 0.2154776648874732
0 0.6180216521024704 0.21092515120255775
0 0.8116890483576319 0.24356676756903745
0 0.6152479857530283 0.28771961221228476
0 0.5903720926979313 0.24244542063578314
0 0.5831139612457027 0.2814968019939851
0 0.5713815985490447 0.28782616307338077
0 0.5836155656725168 0.28362345684697665
0 0.608988033445633 0.2914142660472704
0 0.5664546353661496 0.28908151652717934
0 0.5645817229929178 0.2916192428573318
0 0.6205826170094635 0.20050544216149097
0 0.6077938700985649 0.203645720699991
0 0.6001042884814999 0.20646751904185268
0 0.7205809904667346 0.19818159460049609
0 0.7357451263815165 0.19388686965449134
0 0.45498701403646363 0.18800365622492804
0 0.4750443879190994 0.18909520272543465
0 0.4569336276339448 0.17661288386021834
0 0.43483349421749945 0.18696830248919086
0 0.4528732861837615 0.19946683028145976
0 0.6828195358748022 0.19614856709064782
0 0.7044101859564367 0.19703171504796416
0 0.6840624554163736 0.18451590136881324
0 0.6611397465609986 0.19510716056802135
0 0.6816187728520321 0.2078082931322464
