0 0.5280722429894883 0.5810457167310127
0 0.5253489616772403 0.5280335079068723
0 0.5267039752038924 0.5414341526726881
0 0.5083927632026051 0.4759205601353576
0 0.5253476487553638 0.5124927240869274
0 0.5262778226448142 0.4914097273587317
0 0.5295112522561913 0.4402118693443312
0 0.3805621566007967 0.43494050636671594
0 0.5306036188874556 0.41016829499731894
0 0.5307190309724082 0.39141463078018546
0 0.5328259267236876 0.3078830477282189
0 0.5277217241085094 0.5861565107884614
0 0.5275548110999491 0.590941516601521
0 0.5277679577145887 0.5939869824526967
0 0.5276062495034674 0.5940855363572853
0 0.5272162491860597 0.6000706641462402
0 0.5267074606988741 0.6073601002926412
0 0.5263737284618876 0.6151811267262783
0 0.5304992103382297 0.6371030736768591
0 0.5257255514354809 0.5354437679052353
0 0.5041171080716278 0.5339635529595873
0 0.2995167083066443 0.3751081189383631
0 0.440280939573827 0.4461169148646835
0 0.4185034418883531 0.447748065750668
0 0.3975616658673338 0.4476309102298557
0 0.37112485852254473 0.44033019468728185
0 0.4592211505641108 0.44284408469346986
0 0.40681338869035244 0.4105556505475787
0 0.43195398265252943 0.41159045210351114
0 0.3844753827737725 0.4131362204156492
0 0.3704732428912235 0.4182349551954995
0 0.35120781802612805 0.44931880471067154
0 0.44673848330326704 0.6625135168973086
0 0.3728285465875398 0.4317319586441137
0 0.2882987599333991 0.4415348082024982
0 0.32611381716054416 0.4399411349516848
0 0.41890594622363214 0.511376973727475
0 0.501203437457266 0.5765923915997796
0 0.5035094440631245 0.5892156967758269
0 0.4755071024207965 0.5803097108567971
0 0.4577658704441527 0.5844057925261449
0 0.4828443350675313 0.5887476523825224
0 0.46600651838209317 0.589201976639637
0 0.4274443148270897 0.6085933527868727
0 0.5062991842303587 0.5273258954934452
0 0.5034259015937215 0.5125263167572194
0 0.3381880094175753 0.40894567199807236
0 0.4650394263798776 0.47232481572723045
0 0.45528074378228706 0.520807011079961
0 0.45475571570189105 0.5122261201773864
0 0.354723338280683 0.5090576641369557
0 0.5056114319873892 0.492911490139322
0 0.39030627201756707 0.39643646058612975
0 0.3592552632579337 0.40020019723021466
0 0.3185752229360135 0.3492890900621812
0 0.4877539282745641 0.41016225813739543
0 0.4541030997491401 0.4166525035718645
0 0.40962985619578673 0.5939256895495497
0 0.30846339561369107 0.5869158553364484
0 0.4719845330261666 0.5294615863349991
0 0.4898898177172827 0.5340768090732719
0 0.43478958130530687 0.5906991179006688
0 0.440080312607081 0.5907606129952963
0 0.3474879977495774 0.390805687809336
0 0.4545357231374668 0.5269928861247457
0 0.4329996624070665 0.3992191352814004
0 0.42893044861114543 0.38758655391849467
0 0.40446452456323995 0.31559266665599484
0 0.3324267831833466 0.3680112124083267
0 0.4174335981192796 0.34824342793528584
0 0.32535912153189595 0.4018607958611371
0 0.3113269251163887 0.3879538203009229
0 0.5017380623713784 0.583760830587235
0 0.4791149492173091 0.5849382782327956
0 0.46171801537275314 0.5868943941549979
0 0.47730183536591736 0.5320886602436287
0 0.43749351264989894 0.5907290422398112
0 0.44809821709666564 0.5937498984993368
0 0.4428944199791421 0.590838138985893
0 0.4825508970281352 0.5253573303529318
0 0.4695115352616362 0.5908261519195377
0 0.48612542061702063 0.5911485317932523
0 0.5056350176910991 0.5924013968611109
0 0.5005043847081454 0.6360577437216821
0 0.499536104824232 0.613213168160207
0 0.5006200156134107 0.6053078567636185
0 0.5027119534333115 0.598202270442161
0 0.5053731991868952 0.5925433352805566
0 0.46921128253250016 0.5909169070098711
0 0.46505933902833774 0.5935353444538255
0 0.46064732758247334 0.5971362303024617
0 0.45706564544335654 0.6016128074539744
0 0.4344071146586667 0.5683255040667196
0 0.28782881205172645 0.5089915475227694
0 0.5261693033997131 0.5383090522626172
0 0.45673297604788904 0.5908968611687854
0 0.4524128066132898 0.5921589981602586
0 0.4972190477925798 0.5401746152859667
0 0.46315322654402774 0.5358219815121181
0 0.49366484323273535 0.5371479821269927
0 0.44202559392737306 0.48099215793004935
0 0.40604997150923894 0.49137792552726856
0 0.45121204577710317 0.5186705114724843
0 0.3517162626528222 0.3289180673064961
0 0.3662972604127034 0.35411613726097607
0 0.3830038786906263 0.38489492315852986
0 0.44669962706773175 0.6193419963229394
0 0.4804501907657022 0.39197503335342027
0 0.4705242825591046 0.3465569776793321
0 0.46280684961896873 0.3092033580971369
0 0.38055817094510014 0.4452977071961631
0 0.3271475555780141 0.45926253840435244
0 0.4716599599822708 0.43972151167690754
0 0.3487071238620126 0.4240369408296934
0 0.48053362382494885 0.46270057345753995
0 0.46874242875239125 0.5159844554204872
0 0.3030266799032688 0.4705889729809934
0 0.34178219557456346 0.4697482896887738
0 0.3695431627819072 0.4754531800854897
0 0.41131456941366196 0.4731136513469012
0 0.44222373572056706 0.46691209202011424
0 0.4650658880076978 0.46041877038668894
0 0.5084187715597774 0.4437638392968886
0 0.3057861290872097 0.5029540232558182
0 0.33079715016419475 0.4225914306074813
0 0.5140618973452112 0.5347500200504842
0 0.4651544946043388 0.4879091862535131
0 0.2850308348627194 0.4393373045368471
0 0.4825088522680428 0.45335165821555734
0 0.45035283218907274 0.5190490139243396
0 0.362972488950776 0.43263724211441434
0 0.46872298500460124 0.5056895006825959
0 0.29453895257219026 0.5470387849794782
0 0.47166469587903953 0.4347912168427222
0 0.4867451197427252 0.4977793366904708
0 0.35136366497887217 0.624886115608008
0 0.3546938287985066 0.6426928304675696
0 0.2878338292888973 0.5069495579902676
0 0.3252144969351914 0.6031665334451026
0 0.2996285254864589 0.41189138523802377
0 0.4418259672820568 0.679149629737156
0 0.5167148904469998 0.5375973960195762
0 0.4453603529735752 0.4989907813892848
0 0.3081286474252525 0.44168653846650885
0 0.4006634125405032 0.438768799862136
0 0.4186607424331748 0.43926099169513455
0 0.4443009656894466 0.5959180844002876
0 0.30938442594007304 0.5344563802515251
0 0.4846444134802922 0.7013042124285214
0 0.4164468122889166 0.679400347173214
0 0.3874846309747385 0.6643382950105529
0 0.5314640985072955 0.3468547046346509
0 0.5334857481167369 0.7045756994706133
0 0.43687753346951114 0.437945158423289
0 0.45463302002652833 0.4360107780852612
0 0.4662336226066817 0.43540756868711417
0 0.31562535318991414 0.41887951275144797
0 0.45040631812551746 0.4256054412411607
0 0.43084665808988654 0.422206226952266
0 0.4120688742917517 0.4219081244984831
0 0.39411734036453394 0.4242024489988883
0 0.3833598680794239 0.42737143940251804
0 0.2896491313434165 0.4033732892324527
0 0.38873836195663264 0.43702232762091403
0 0.5271445230135451 0.5550289012599683
0 0.4554218047338983 0.5594996437430382
0 0.4718994744445967 0.527119602414145
0 0.4961335583711448 0.5553004733030347
0 0.5305215300101301 0.4240106848217007
0 0.3807534837042508 0.6462294194253458
0 0.4098944881040117 0.6630549567981042
0 0.48248221870997676 0.6902578563793845
0 0.3295908875601447 0.618782185881898
0 0.4648579305604748 0.4309773800381716
0 0.49340391563980474 0.46793971577848215
0 0.5322522736437942 0.6933313979618791
0 0.4476300822975843 0.6923383778312068
0 0.294226477165585 0.5414789814124072
0 0.4858129921004824 0.5913117580871651
0 0.48158388317603135 0.5956840044346409
0 0.47838738730744174 0.6012953090602937
0 0.47604955797610077 0.6083748415652392
0 0.47040102420293767 0.6290103885466638
0 0.4523705430328846 0.589898584059615
0 0.4480498421775258 0.5888546116758084
0 0.4445829469224681 0.5876525544385979
0 0.4178689411314933 0.580170487580092
0 0.33698002751106804 0.5428726584043192
0 0.49490703925814317 0.45209515370104625
0 0.48731205191301263 0.42633711444079014
0 0.47384075447916985 0.4268419287990833
0 0.4570013435314531 0.5908669945986375
0 0.3337970203517572 0.580731684477001
0 0.5052350297894167 0.427588333092306
0 0.4581312378463538 0.645401734156885
0 0.5274289581600738 0.47368989706687303
0 0.5080892437988002 0.460364525300869
0 0.5284761227667332 0.457220000066403
0 0.4769876093968101 0.49206251699639403
0 0.5314402627232282 0.6764683107427065
0 0.5309804587260537 0.6556521490000297
0 0.493382455619133 0.6540500414760216
0 0.40604719718027377 0.615847578731136
0 0.4324650843830212 0.531706287269143
0 0.43002886406105495 0.6328701372595801
0 0.38367326565734716 0.5296765447634718
0 0.41247752122581005 0.5477813476345678
0 0.3646273800860281 0.5548597536441209
0 0.48555981699863204 0.6739079311382079
0 0.4637975585849389 0.5001004371198191
0 0.3873905538702789 0.6282105479335439
0 0.41677970050469687 0.6465681479244992
0 0.38770282608659373 0.5962310190434041
0 0.31471745208229707 0.5613428790500199
0 0.36066187148832757 0.5983910595161327
0 0.3047125653728195 0.5735709576503091
0 0.3949707864743212 0.5681920865739601
0 0.47981676848038385 0.47763927437473036
0 0.4755535861072333 0.5228696530279906
0 0.4620912603062132 0.5259948978605478
0 0.48474375790228014 0.5136076656804569
0 0.4699403136644674 0.41587532284683076
0 0.4330089779003807 0.40766275261083373
0 0.40067527572745865 0.4058941115179788
0 0.37444820765243925 0.4084928786193115
0 0.35679233122778975 0.4143790192362191
0 0.346693711274344 0.43635609224978567
0 0.2849235816494278 0.47378527367676515
0 0.36323144716089184 0.4555780463784501
0 0.3850560849937408 0.4597045434233935
0 0.41425492047615675 0.45933834576736327
0 0.44183189106052334 0.4556525683813337
0 0.46350355786473857 0.4511493308388669
0 0.47840365816069685 0.4469745677990326
0 0.2856245100012292 0.4738008424207784
0 0.46261152122979576 0.529685181228147
0 0.49186454599966173 0.4825418689760609
0 0.4906275704017152 0.5244986520189306
0 0.5026555915727563 0.5317549287624981
0 0.49114203258700995 0.5265716923859672
0 0.46924771611457283 0.5339895778916021
0 0.5069112090150947 0.5334853412232538
0 0.5093595894944408 0.5363728377590145
0 0.4792435999311831 0.4357311039407184
0 0.48995965265709424 0.4397538478715696
0 0.4957351959917856 0.4430068199509296
0 0.3773822129258643 0.4297779801747073
0 0.36174831434112525 0.4243679716103319
0 0.5471709424062915 0.4759586299027222
0 0.6912503951917524 0.4357833126694828
0 0.5490399492175683 0.5341424057665078
0 0.7814208693478418 0.3752707386578339
0 0.6279918185394743 0.4470792163325393
0 0.6501563780981562 0.4489489964924861
0 0.6719143695157507 0.44886863982115965
0 0.7010414475656074 0.4406733713990104
0 0.6092123466989269 0.4433336480372194
0 0.6633254221600035 0.40916184357542923
0 0.6377984071555345 0.41003814145274786
0 0.6862244052083596 0.41206586204361223
0 0.7006734230596087 0.4175856172552575
0 0.7207531877185988 0.44972538289384567
0 0.6198096581451271 0.6643096993582837
0 0.7001783577320368 0.43170515383067337
0 0.791045399463695 0.4423475313013878
0 0.7474895913315855 0.4397646795580353
0 0.6444320387166479 0.5125255079912967
0 0.5559296318046425 0.5782604424309903
0 0.552844421695108 0.5908109875584858
0 0.5826606899499893 0.5839365349839563
0 0.6006194605775501 0.5892459677289361
0 0.5745728723704815 0.5919065187698689
0 0.5920688380365786 0.5935686193946479
0 0.638426859093749 0.6106632158592127
0 0.5448166546614274 0.5274981626349947
0 0.5478948937809985 0.5126062979300817
0 0.7314410282541877 0.4081834245581126
0 0.5981526366718437 0.47263945455568424
0 0.6016647652115511 0.5216581216756848
0 0.603527926394473 0.5130183063987372
0 0.7127061019773069 0.5107095107652139
0 0.5474287752547989 0.4929286764151808
0 0.6762762085899062 0.3946531606109246
0 0.7086955007651577 0.39900980932988983
0 0.7592325521552045 0.34916094399016834
0 0.5759093643206618 0.408269038207937
0 0.6152566326377185 0.4154794030431388
0 0.6565025110283623 0.5961612340980682
0 0.7739885436451953 0.5895603177124176
0 0.5843005606337733 0.5302264767064564
0 0.5656580703090066 0.5346446782890437
0 0.6238444546318572 0.5972813749011012
0 0.6185829514718574 0.5969961116063423
0 0.7211301213373309 0.3892835181314444
0 0.6033189217357532 0.5280523983680684
0 0.6323067675466123 0.3970186276280362
0 0.6358493746298811 0.3851556057461362
0 0.6648365952398466 0.3152478146434262
0 0.7412281418624131 0.36748860519973264
0 0.6484435777301374 0.3476044884140509
0 0.7452695029585258 0.4007780604820321
0 0.7652151620258456 0.38789647013164946
0 0.5547457513925822 0.5854026254104532
0 0.5785802850580734 0.5883471688282662
0 0.5964650944199251 0.5915109455801438
0 0.5789467465618382 0.5328846014496209
0 0.6211323018955148 0.5971496904781763
0 0.6097877190812774 0.5991618712095247
0 0.6156721098915391 0.5968365247590818
0 0.5715600917844669 0.52578973127664
0 0.5885319202814413 0.5949112863644309
0 0.5712571194314439 0.5940301358915757
0 0.5509915450668853 0.5938785211655541
0 0.5615486248355844 0.6366672932669737
0 0.5545747589481913 0.6148186551703922
0 0.553805261688388 0.6068137500273145
0 0.5526989374471747 0.5996492971004783
0 0.5509291812777519 0.593968380836473
0 0.5885874693808348 0.5949227246253387
0 0.5926857550183068 0.5976588086265585
0 0.5966420887928942 0.6014276867111524
0 0.599843523748543 0.6059911484303682
0 0.6270137542615766 0.5699175886701846
0 0.7950801334303358 0.5108033276122549
0 0.6015281900763512 0.5958217834864837
0 0.6056636751669905 0.5973309695828652
0 0.5579176456060099 0.5407609705799732
0 0.5951964680267416 0.5370186662328416
0 0.5616438429316749 0.5377642039911471
0 0.6218072687802108 0.48160098536290985
0 0.6590781824096389 0.49243853538148646
0 0.6079875468883825 0.5196860326265079
0 0.7219586375614871 0.32853539104478946
0 0.7037189329124015 0.35337936594758346
0 0.6836628946273223 0.38281190319769626
0 0.6180640034701513 0.6209944784101369
0 0.5822825684495594 0.38942116720304976
0 0.5931268029886744 0.34625444145522255
0 0.6038972013022589 0.30899050823696284
0 0.6902636093613894 0.44634645996426325
0 0.7465902085861434 0.45984707397503266
0 0.5972089584430923 0.43999491788554884
0 0.7226763056672137 0.42366116796282755
0 0.5821412730476131 0.46279977726331656
0 0.5862802592632563 0.5165406552993733
0 0.7705975165185721 0.4719676011498424
0 0.7297210693359375 0.4707334243516991
0 0.6999305593578712 0.4768999756678291
0 0.6564208597916624 0.4746631890859293
0 0.6246927272042503 0.46823667729462404
0 0.6013880200360132 0.46166151143826434
0 0.5516455364616021 0.44371495228530705
0 0.7666192069325758 0.5048803592613642
0 0.7411567439203677 0.4220130474347135
0 0.537701634042289 0.5348570371127647
0 0.5962684374788533 0.48836758322473883
0 0.7985619084666604 0.4401289997217448
0 0.5835354397802249 0.45450339865857275
0 0.6101102602222691 0.520188796185497
0 0.7098046071503473 0.43238877766914124
0 0.5878412295942721 0.5062013050892215
0 0.7882395603734514 0.5493115616449411
0 0.5979731414953003 0.43487707601077313
0 0.5679707509344039 0.49799273535609245
0 0.7242016082872516 0.628052087581676
0 0.7245079879851445 0.6460606473079626
0 0.7897660196151423 0.5087086816412815
0 0.751946898582189 0.6061119433978329
0 0.7784285015710022 0.4122194697999436
0 0.6263915543322978 0.6812051660988642
0 0.5357051643988361 0.5376704737975977
0 0.6169480198751325 0.4998251100921113
0 0.7681829906676126 0.44184130160272983
0 0.6688714229866214 0.44043052498845087
0 0.6498740373746209 0.44071044465122017
0 0.6135754361748695 0.601475086171126
0 0.7636925477696501 0.536747902955698
0 0.5833975204631038 0.7023506977635882
0 0.656975819364838 0.6818842406290165
0 0.6891032677629719 0.6674279541425083
0 0.6315242661082227 0.4389202268389256
0 0.6140131393204564 0.4364660699730334
0 0.602937330370364 0.4356325500361297
0 0.7579768049004285 0.41783708568824374
0 0.6200459840828958 0.42478047111544054
0 0.6397556610729384 0.4209039116251296
0 0.6589710854965708 0.4207152814158927
0 0.6774675914126894 0.4233257178541111
0 0.6887044208529203 0.42692280539136
0 0.792835162061712 0.40378536991235137
0 0.6818998281074606 0.4384046241209127
0 0.6039197085344273 0.5607765118281046
0 0.5837452884601511 0.5278584389690903
0 0.5598885289028935 0.5559219232611898
0 0.6926310263250185 0.6492887498351975
0 0.661278326874194 0.6657980308476565
0 0.5832998328234839 0.691336692351362
0 0.7516481463351975 0.621801164649103
0 0.605045320223207 0.4308421861488318
0 0.5658506634442703 0.4680368832272032
0 0.6226917404843413 0.6941519776440185
0 0.7834786555689314 0.5436823486309984
0 0.5713409276112266 0.594078921807417
0 0.5749798156321049 0.5985336911635123
0 0.5776712116987809 0.6042322558553322
0 0.5796646647479223 0.6113472585228906
0 0.5929662513992061 0.6301079127883565
0 0.6061933141039766 0.5951701781132083
0 0.610430550640044 0.5943965068545894
0 0.6141837253842665 0.5934295694249264
0 0.6458706259727478 0.5821318027117978
0 0.7325665461628333 0.5450506650343321
0 0.5664581711525503 0.4521635521905146
0 0.5802507280655529 0.425875150234155
0 0.5952356368627237 0.4264421240305123
0 0.6015717665786329 0.5958485594154268
0 0.7392797345376533 0.5833516239148119
0 0.5590877090783223 0.42749955659003364
0 0.6072129855013412 0.6469225029366604
0 0.5496180099637612 0.4603616512933935
0 0.5816196679421093 0.4924992505946885
0 0.5699297866743543 0.6548117834372796
0 0.6614843305686245 0.6181247169556825
0 0.6290637879915859 0.5329753276554571
0 0.6366978035024975 0.6348690022377
0 0.681392602622509 0.5312703046677769
0 0.6506938945664011 0.5493214979119923
0 0.7024624354165533 0.5569398129439872
0 0.5785876311685728 0.6748840249534966
0 0.596178064689688 0.5006733033536137
0 0.6829299716197926 0.6308391527205274
0 0.6520531438291073 0.6489600731410842
0 0.6799391981052316 0.5986076643609483
0 0.7597119249403477 0.5638769737620285
0 0.7100855724319167 0.6010408944085889
0 0.7735039191725461 0.5761205055683419
0 0.6704057597595713 0.5701484335721403
0 0.580537163854941 0.47791829861808516
0 0.5786013855882313 0.5233524573993855
0 0.5941158708022989 0.5268089496463105
0 0.5681572171009105 0.5138832237841426
0 0.5974580697391344 0.414728738286573
0 0.6346723401676053 0.4061444967823184
0 0.6676032967541529 0.4045087821457697
0 0.6946475492871326 0.40751522504117177
0 0.7132524962982406 0.4137337973368341
0 0.7259565471954967 0.4361858036962972
0 0.7933252570421799 0.4750683519287386
0 0.7074839864736018 0.4564189029776532
0 0.6841222609838714 0.4608864392815293
0 0.653921275359133 0.4605501370801442
0 0.6256913293315016 0.45666497000965517
0 0.6040672559453093 0.45186477095104643
0 0.5890902871994869 0.4475134514218223
0 0.7979281423208506 0.4750470351697742
0 0.594222780155099 0.5306052680032841
0 0.5650121752658616 0.48267635519521823
0 0.5616879508547161 0.5247909631310166
0 0.5500714369118214 0.5320435426589372
0 0.5620338119890379 0.5269923950882925
0 0.5880108778567418 0.534940253349318
0 0.5452584528728671 0.533666071522495
0 0.543408639729023 0.5364891556294068
0 0.5898510003867357 0.43579753828437434
0 0.57732428772294 0.4400515603846398
0 0.5697150301674138 0.443808465845127
0 0.6951695607732171 0.4296148405342862
0 0.7099048893736757 0.4239740448369496
0 0.4145937012103589 0.4293235403796037
0 0.43754806142786273 0.42910003213994746
0 0.4142052170051181 0.4172430615602196
0 0.3915205528230771 0.42954543108741444
0 0.4147907801620338 0.44145055212404416
0 0.6564796599357025 0.42961229869852896
0 0.6785907335579395 0.42979074712248816
0 0.6568241456280584 0.4168414226260738
0 0.6345005037020082 0.42932842185963754
0 0.6561909421630527 0.44243276945274806
