0 0.23500509570828446 0.48304093779085544
0 0.17964824755414785 0.4268056605570613
0 0.20610933895591352 0.4362695051458316
0 0.13448359190131262 0.3650834767963178
0 0.16888670955630516 0.41038999618432775
0 0.16115388124109173 0.38419705153273315
0 0.1480436121388305 0.31159564814628504
0 -0.010074211539124413 0.30802784588771126
0 0.13039542295092302 0.260866428716495
0 0.11844133408807164 0.23858379594053322
0 0.0845500419465758 0.14960311748349248
0 0.2388885012633509 0.48962950230406493
0 0.2442709297584973 0.4963145547400648
0 0.24954539880478124 0.5007640660380404
0 0.25563834982810263 0.5129662243702922
0 0.2584492414117717 0.521470779428086
0 0.26300879948430783 0.5317226962540478
0 0.269191824274955 0.5411578420632944
0 0.27460161601896765 0.544123645217274
0 0.18923456720311008 0.4333132682516933
0 0.16678416471687152 0.43365247657123845
0 -0.12451580016733073 0.24400360734698873
0 0.07050312551663077 0.31282710714842943
0 0.04725896754710794 0.3184743329358939
0 0.024108257653901902 0.3220577038134249
0 -0.0011196067864946324 0.3128627649130532
0 0.08323955621650751 0.30702498298102676
0 -0.01935367189722953 0.27535884344158845
0 0.012622478625757232 0.27297151764741723
0 -0.040495321905012614 0.28118310130823154
0 -0.044534867616008514 0.28894576477928285
0 0.0012402706009020908 0.3258489438900932
0 0.190206478825576 0.5679465958866449
0 -0.016869074149097472 0.3036890406006822
0 -0.08880690790766435 0.3175599485540542
0 -0.012332859656793609 0.31078746800605483
0 0.06963177936540234 0.409966042057013
0 0.20583629651035337 0.4857101118602692
0 0.22112329915273105 0.5005464805200839
0 0.18629113718760099 0.4965295892553969
0 0.17755175065651213 0.5061538844062878
0 0.20515968302171006 0.5055401431866728
0 0.1952002164271238 0.5104218618557476
0 0.14635338757535538 0.5269912991660852
0 0.15649845960328904 0.4289617829810316
0 0.14175257258278004 0.41425408989476703
0 -0.08531392649780932 0.2764454392579417
0 0.09722660171042244 0.353702591250118
0 0.10620174733854884 0.4238273274784271
0 0.10256538545485024 0.41238356722048675
0 0.004549029490930571 0.4114639307744206
0 0.13640431127102254 0.38918835077042013
0 -0.08597787249860146 0.2577383930500323
0 -0.0975129938811707 0.26593377034123333
0 -0.1300925187927356 0.21929815982858214
0 0.024161674993501293 0.25850626359732387
0 0.04435335560668287 0.2757479276139134
0 0.1205433349815204 0.5141825649304131
0 0.04076733177514385 0.4585602786213445
0 0.13135726696295705 0.43104223816539533
0 0.1547439479999405 0.43519163150756884
0 0.1756660097794567 0.5210775498764965
0 0.1821507494226634 0.5195758346551523
0 -0.11142713217426548 0.2547914785698961
0 0.11300074025023756 0.4300975418700197
0 -0.04949270478255457 0.2537377269123309
0 -0.06991881689579367 0.2406882605613611
0 -0.0680176611426923 0.18026299903187126
0 -0.11403265188066222 0.24257266369109717
0 -0.04255940330971917 0.21645328545341858
0 -0.09004290069607522 0.26754847997293685
0 -0.11458902564837778 0.26210831681760355
0 0.21267723779884173 0.49403433354137044
0 0.19537171614255835 0.5015925416550316
0 0.1856429748397937 0.5085819136982147
0 0.1397995667920696 0.43361278597158365
0 0.1790302880376363 0.5203455621822954
0 0.18623689009988909 0.524511462012038
0 0.18542467733081297 0.5188525878964141
0 0.1350907001563971 0.4270481933800938
0 0.20304334592476164 0.5112863516274352
0 0.21312268346333677 0.5076023286904771
0 0.22845971069747595 0.5040416167186091
0 0.23914976128571325 0.5467084861411073
0 0.2368929017361977 0.5443810338791186
0 0.2328364844802472 0.5348153742738425
0 0.23174881377666118 0.5242454824737086
0 0.23336247102819757 0.5160047686138092
0 0.20542431735306335 0.5184559445030773
0 0.19989553972971524 0.523087739944458
0 0.19463814505570226 0.5289472804282801
0 0.1914301544642277 0.5350211426472893
0 0.1254503546858863 0.4807268407778999
0 -0.02364210516428776 0.37309231202061566
0 0.1972779978951104 0.4348318651080512
0 0.19692913491091282 0.5184801415132638
0 0.19134522513519947 0.5213686642936244
0 0.16931924802793874 0.44139694539121926
0 0.12934965452701924 0.43905523752632997
0 0.16189551010406275 0.43850193256006453
0 0.0793626964521065 0.36655154129186757
0 0.04569787944821145 0.3853752771124672
0 0.10598391080074174 0.4193444655726131
0 -0.11420335872567815 0.19820007386679847
0 -0.09258001228030636 0.2270490999419849
0 -0.10571739570700008 0.24539756146482766
0 0.17140162076881463 0.5352613495561642
0 -0.010521445771773084 0.23776027226981264
0 0.020912123241012902 0.20780531152749596
0 -0.0036137005408033193 0.16540196442756408
0 0.008021617536064533 0.31950002356459156
0 0.0064322995624953895 0.3383537711807714
0 0.08847478739649271 0.3020745373000733
0 -0.04303693256789832 0.29420838940638705
0 0.1069740215651423 0.3414958561190401
0 0.1125670216923995 0.41868454370254904
0 -0.06567662825687326 0.3597400641669861
0 0.0067615436135436136 0.3558694428910082
0 0.020701109076575408 0.3652321102139287
0 0.05601000742946597 0.35725966429177186
0 0.08186149211238614 0.344289053933689
0 0.09420672423547978 0.334361076926271
0 0.12437607058518224 0.31850723336679865
0 -0.04203286359636046 0.3982028812646104
0 -0.05060342404482176 0.2914017425558438
0 0.17455304097786223 0.4346687134843284
0 0.10518228192981198 0.375569635686783
0 -0.07977452809862096 0.3029649497601933
0 0.09949616562548301 0.32480247009295626
0 0.10923445825096514 0.4174637764025801
0 -0.01835749475218409 0.30365887874612413
0 0.1091666032942079 0.40463463414591344
0 0.0054255569581505205 0.41360741072950274
0 0.08468870207560149 0.29541377566112115
0 0.11956342089948037 0.39555253959692327
0 0.08243853582752694 0.5235047163293004
0 0.10043418664726422 0.532035156560782
0 -0.043443877919972375 0.3884102199405146
0 0.05001472697841178 0.4957576858730743
0 -0.10412184540316355 0.28677658722423516
0 0.19336553271725881 0.5831022525366883
0 0.18472254447799794 0.43587976446547827
0 0.09254291332025322 0.39090813920139883
0 -0.0013034789682292252 0.31076409632024676
0 0.012223166956318369 0.31141961020783493
0 0.03490835128070639 0.3089499958216573
0 0.18197161602459366 0.5279264292016197
0 -0.014784193725037061 0.4302528529121472
0 0.2566413677853646 0.6033299026397851
0 0.17177076648465164 0.5770008544952344
0 0.13793323280142367 0.5587953991783313
0 0.09998153139361375 0.19556293738916658
0 0.3195152728677654 0.6013896775702698
0 0.05624440205182961 0.3039535758213494
0 0.07200447175142577 0.29877258327822337
0 0.0811251551984883 0.2964671334138694
0 -0.04708979112638844 0.2854951585824497
0 0.05673030254652174 0.2891361896222392
0 0.0328646632407209 0.28820649922465363
0 0.007049650597057754 0.2906528732266289
0 -0.011796399843778541 0.2951604761064243
0 -0.018132817402160425 0.2997034178755154
0 -0.10901168010217681 0.27024322034071047
0 -0.0017905226714319462 0.3105585717926391
0 0.21577079690617623 0.4506384400894847
0 0.13752326347845065 0.468364044309805
0 0.1279038460992223 0.4290303974486768
0 0.17841483620430926 0.4579136369708247
0 0.14168398929156845 0.28363752222289673
0 0.11830969915973197 0.5470984519099276
0 0.15383620356484282 0.5650924366122236
0 0.2428916671293245 0.5951394210227381
0 0.0723901017964315 0.4993639032299907
0 0.07371308906472844 0.2930137511259451
0 0.11866210240254299 0.35266013153063985
0 0.305417926191426 0.593675670722803
0 0.20938702838883982 0.5934260100983202
0 -0.015063929472038214 0.4244033663798445
0 0.2169735260146985 0.5177403882669565
0 0.2123954553398297 0.5244827632325145
0 0.20963657974339217 0.5329962092847489
0 0.2101151231381533 0.5419626833912664
0 0.2019879432033292 0.5428735789018698
0 0.18835518171461366 0.5150464169514446
0 0.1807008106931508 0.514926857460802
0 0.17410663649332608 0.5141668837672224
0 0.12052977320959242 0.49700992804365796
0 0.015573892661993452 0.4452297142900217
0 0.11538166558142189 0.32896615655277484
0 0.08095828363363691 0.28362178478758937
0 0.07566235176950907 0.2856239842149777
0 0.19532161779540905 0.5147606296280322
0 0.0401345474256886 0.4810263960125347
0 0.08440979607671285 0.28628953329671303
0 0.19577296389092644 0.5536528780056645
0 0.15675114556182201 0.35968900659975533
0 0.12914631092291085 0.34324922024632415
0 0.15267785676091694 0.3366278303316988
0 0.11425408399362358 0.3839081504855293
0 0.29406308141543713 0.5777464600416798
0 0.28381733328318426 0.5589282764032626
0 0.23910484425455547 0.5608440793741244
0 0.12340718293361527 0.5286956690370846
0 0.09666445658361311 0.4344648958775944
0 0.15739432942095422 0.5430166976520429
0 0.047257879655138196 0.43488971284403205
0 0.08782101963921417 0.45533903757223304
0 0.04878321482980852 0.4623269090256371
0 0.2380610211290044 0.5793115751811871
0 0.10893761125399912 0.3928797641120399
0 0.11101648061395548 0.5359780312346193
0 0.1500062430076462 0.5527238253587351
0 0.0946275356004564 0.51053571910523
0 0.009992177109066532 0.4568914727281077
0 0.07074198233995506 0.5062357415787329
0 0.014335299996163347 0.45937727472652645
0 0.08748270367546905 0.4807699827340464
0 0.11197172351878323 0.3636321813915484
0 0.12438055122498985 0.4256944363109601
0 0.1163004733246865 0.42912489709001
0 0.12392512092487418 0.41612082357985525
0 0.041415033151777525 0.26990872012159695
0 -0.010232970011320045 0.26589154749632643
0 -0.04762016611991169 0.26998933930747426
0 -0.06701783310595176 0.2769240148532124
0 -0.06573065407842184 0.2843463445623843
0 -0.014281016030757548 0.30713884023050914
0 -0.06877841108994519 0.35284774276776054
0 0.007118003402682517 0.3352123615079033
0 0.024939757456882393 0.3406797978824701
0 0.05253091047136046 0.33605216657772613
0 0.07798031765780003 0.3268226765976927
0 0.09184221869749988 0.3190314268913513
0 0.09917518217786611 0.31323568023050935
0 -0.04980988982770083 0.33628374509537184
0 0.12217836285666596 0.43266163714015826
0 0.12097249914416307 0.37342908188176993
0 0.1382111984191181 0.4272887004069246
0 0.16117147190107717 0.43226686948404525
0 0.14398772960944142 0.42810457106977223
0 0.13356999313230994 0.43675337032007333
0 0.16598849159350498 0.43424562219613655
0 0.1749313323617839 0.4357374710396837
0 0.09094692048409002 0.2960533645396796
0 0.10089716765520385 0.30249192634710487
0 0.09901662653298687 0.30981015264035794
0 -0.01892196317370847 0.302568662756929
0 -0.03737084085135151 0.2952490484181304
0 0.18581353417403407 0.3570106789326896
0 0.37909056042595735 0.21864529073047942
0 0.22766894230739676 0.42457683455829803
0 0.5078017145609685 0.13629648755914486
0 0.2786000246624295 0.2586587985483602
0 0.3086666666346488 0.2571814303961806
0 0.34366359813607855 0.25280064611008374
0 0.3990297763467693 0.22030886331686197
0 0.25620396145813756 0.25824645523446055
0 0.32631832232578195 0.1940929783990208
0 0.2887352134684007 0.2037503803119111
0 0.3643603187670811 0.1903738604186061
0 0.39030407144011353 0.19230881466652258
0 0.42932966973284165 0.23827778816984865
0 0.4092668029044172 0.5395667292058658
0 0.39779441047915454 0.20356164363245613
0 0.5485516031869024 0.21354955044417337
0 0.4786548022743609 0.20998257350997804
0 0.35477728123287505 0.3646714148430017
0 0.2666964766790541 0.47511669831534925
0 0.2743014131518577 0.49120992345931813
0 0.307425640041022 0.47657613441966973
0 0.3365843347508273 0.4792775711693322
0 0.303796100530693 0.48848744093800506
0 0.3286826987918332 0.48723718704887853
0 0.4022013317766807 0.48681615907163284
0 0.20587719387287717 0.42202534424230315
0 0.20014186428605224 0.40542765832937566
0 0.442137514086936 0.16908079157241238
0 0.2734831524409836 0.3257421394125722
0 0.2924967013674674 0.39489903274816446
0 0.29254397857103415 0.382252174634903
0 0.4478344539944217 0.3421570910051608
0 0.19186195538198347 0.3804569065380401
0 0.35307769895457536 0.17531624855324865
0 0.40270209398201046 0.1680952042055587
0 0.4509129301249552 0.1191050745427799
0 0.20709089409533166 0.22285723990906542
0 0.26076169408482613 0.21750306054806937
0 0.4136619970952864 0.4676618433227173
0 0.6025874185905182 0.3747675704499022
0 0.2754376149006027 0.40904317934292195
0 0.25356960339511897 0.41899509075731517
0 0.375422299337044 0.4855855253938669
0 0.36800442496649655 0.48671284346534804
0 0.4251709353151939 0.14878257623495766
0 0.2998246679203116 0.400366844270176
0 0.2892674507854654 0.19124093870766246
0 0.2951985271714574 0.17665156712547278
0 0.2810955382079529 0.11849026415294732
0 0.4237949179230834 0.15042982990749346
0 0.27093735615984144 0.160995820174202
0 0.47072465985799006 0.1526783511471063
0 0.4766165721330711 0.16256123543166504
0 0.27095951965386916 0.48369106831261144
0 0.3056766785306039 0.4828121728790454
0 0.332726964847647 0.4832535338477966
0 0.27034982074078895 0.41327833139096587
0 0.37153904129275317 0.48622890326161733
0 0.36162362510351825 0.4940066476599477
0 0.3642798885167074 0.4872702375387612
0 0.2505338316341098 0.41056755346992907
0 0.32571843287927643 0.48974816144084016
0 0.30251251707831733 0.4919264550787953
0 0.2765922186185988 0.4955926209973832
0 0.3169249098935573 0.53570417359995
0 0.3053679384773584 0.5333108079319183
0 0.29730619801034175 0.5242076676112776
0 0.28941879684118915 0.5145724181549999
0 0.28310852556777516 0.5076072806367478
0 0.33035580288592004 0.49691227716378894
0 0.33850403998395523 0.49920337763838113
0 0.3483122527170524 0.5027552736452974
0 0.35727729385705304 0.5067792176819457
0 0.3547291558423488 0.4438764073978217
0 0.602407123545091 0.2751937035364084
0 0.3468383988030523 0.49236789107703555
0 0.35385224115934305 0.4930747438924381
0 0.24723504816027855 0.42819535675140236
0 0.2967697935138675 0.4119481335813626
0 0.2502545937359762 0.423770642699525
0 0.31006816651323715 0.32994457860343374
0 0.36519862250458424 0.3349375284898776
0 0.3034584852431318 0.3876549355899945
0 0.3783967066154206 0.11186549791131918
0 0.35738652558635464 0.14859036944163873
0 0.3684245725329831 0.15745769207850813
0 0.38226761063225834 0.503478858036736
0 0.21477764373202976 0.2002204116731406
0 0.18869460400917548 0.17802254346232063
0 0.1861597788419655 0.13154301304405872
0 0.37731434629975463 0.2379000522077274
0 0.4724773091377972 0.24960757863407318
0 0.2434996696684858 0.25588672153485087
0 0.4314915139040501 0.19323255897710878
0 0.24443758005718533 0.3197086805733629
0 0.2651881974378078 0.3956561553211639
0 0.5237161727260342 0.26660749763726427
0 0.44017060540562913 0.2786756533022506
0 0.38895338902370535 0.30361149762385187
0 0.32032731968721895 0.3103039592218856
0 0.27564328179942615 0.30587389931892056
0 0.24655876657088027 0.3031457895859362
0 0.1819602945725695 0.30932189824101264
0 0.5296628114988478 0.3088418220559629
0 0.46421228038321294 0.1862734238179728
0 0.20568826944707966 0.43024039801698144
0 0.27680679148049664 0.3481271874409514
0 0.5764576548295055 0.19541668615782984
0 0.22344039841521557 0.29939592827242406
0 0.3103275642120581 0.38475767187417126
0 0.4125657707667179 0.20144674991266415
0 0.26430792688465804 0.3803872041428051
0 0.6077174377098358 0.32148747969740116
0 0.24381914113065323 0.24441345593038077
0 0.2274143387087815 0.3788046446471169
0 0.535241078987396 0.4593542406734186
0 0.556302446255581 0.4671395255353885
0 0.5772184416544524 0.29124395554058086
0 0.5616109534133252 0.4205309819108762
0 0.5141162083303328 0.18415532258752818
0 0.42939649211416997 0.5536557291262447
0 0.21008764925620538 0.43177250018135044
0 0.3119884249117735 0.35561606830682235
0 0.5124592566661698 0.20518556313392833
0 0.3356642362882765 0.2375614816388383
0 0.3048552463380553 0.24366327358510928
0 0.3692587090910768 0.4951991288425823
0 0.5379207228585113 0.34475449936839336
0 0.38793139749293704 0.5870298962242687
0 0.4816984658618625 0.5360536984742259
0 0.5183246907570379 0.5068221720643699
0 0.280370283041069 0.2452404872297098
0 0.2597652587959235 0.2451556663924513
0 0.24799437831631668 0.244931778397423
0 0.4957278838260568 0.17333505738276644
0 0.26392891638570554 0.22377136168769374
0 0.2896926505960149 0.21092785128389305
0 0.3212320032737238 0.20353328248563285
0 0.355070127000054 0.2002290400643699
0 0.3759656552788165 0.20152676886262985
0 0.547386710592311 0.16022836228909965
0 0.35986330526338206 0.22883622733929668
0 0.3209525072317329 0.4386667348325443
0 0.27193923090859284 0.40739444383797935
0 0.258355111098118 0.4450364008117408
0 0.5058287210601697 0.49481355229886576
0 0.47066639310164415 0.5238162762821673
0 0.37477874670097294 0.5793269937411665
0 0.5839174960156996 0.424534442897041
0 0.2503946183396758 0.23786767698324526
0 0.2161817250491904 0.33716620442966305
0 0.4393845573603678 0.5640853532967857
0 0.5832224989966522 0.33251981575268147
0 0.3083716819612242 0.5021236754073122
0 0.3170317076950622 0.5067084273591209
0 0.32663642931327547 0.5134216533682217
0 0.3358001305902605 0.5210425111051565
0 0.3545629111982936 0.5203771871118881
0 0.35025555967426986 0.4865731385569222
0 0.3552931264150057 0.4842602420157899
0 0.35975152897320206 0.4817641234626404
0 0.38601158162672744 0.45433124147665005
0 0.49006660464856266 0.3718510241554187
0 0.21251635885924744 0.31353981226397015
0 0.2205246451089708 0.24588045125571303
0 0.24152014881586856 0.2378249101745435
0 0.34569419459473316 0.4883340056331013
0 0.5238207947435997 0.4080337701133265
0 0.18753586998946375 0.2654574643880034
0 0.383075305883833 0.5278662930662259
0 0.18469986469625568 0.33438152246201003
0 0.2529914533491615 0.3621321918484502
0 0.33593115703665094 0.5480304682216706
0 0.4414833037973308 0.4825934619187547
0 0.34448405306973906 0.394606455256002
0 0.41905753561061065 0.5059454149712389
0 0.4102577802946242 0.37839033180913223
0 0.37892376261649374 0.4095730375938903
0 0.4519844852763114 0.4006392013150663
0 0.3572188058345438 0.5644472580367383
0 0.28059750495197106 0.3654304131532249
0 0.48077006991818655 0.48475521155439627
0 0.447714195834647 0.5127347208821355
0 0.45044620603108576 0.45724523676850926
0 0.5456467103615081 0.37494092608412233
0 0.4955139194461082 0.44395008635597105
0 0.5817102922810068 0.37394693541450624
0 0.4133220216353163 0.43012474005976425
0 0.24700238678952774 0.34223107008126596
0 0.25780080248126025 0.40639306276370163
0 0.28460705065898756 0.4035271613742597
0 0.23329963143780935 0.40001593135035457
0 0.24026343076349163 0.22124598163385362
0 0.28690666989456837 0.20049877107714692
0 0.334633947276383 0.1890843661067585
0 0.37774094746267195 0.18448273251993588
0 0.4089084992305838 0.18454108670496713
0 0.44285286759301057 0.20781221424047938
0 0.5673750107236903 0.2513557844839919
0 0.4046000782534373 0.2551084781607119
0 0.3639675344494607 0.2748027998989763
0 0.31576274624831385 0.28179074638186935
0 0.2761908049206082 0.28031322817071175
0 0.25090791896092807 0.27846862818486395
0 0.23286445621106264 0.2779648989534226
0 0.5914951983115656 0.23368159422097495
0 0.28836923923423824 0.4066799755294483
0 0.2188590087478967 0.3581572045533421
0 0.23071066981596913 0.41453526290460896
0 0.22421508813075883 0.4236160444375425
0 0.23630400184247133 0.4154278512199085
0 0.284005833615502 0.41270683177363
0 0.21644368574773665 0.4271197339978081
0 0.22066861562591664 0.4287340309673224
0 0.2360181997148253 0.25095462056394585
0 0.21814341553681188 0.2701720923851854
0 0.20428649298578716 0.2878187468257575
0 0.3885658044609234 0.2033802035708016
0 0.40797530918670216 0.1947960422252314
0 0.010882828733046277 0.2985583740872697
0 0.03470139366259678 0.2936620434252218
0 0.003169416523665833 0.28295222162819517
0 -0.013080923677348404 0.30333885921837805
0 0.01821881618431146 0.3140897971753495
0 0.32671173356419847 0.21827522653360337
0 0.3638849652928414 0.2138359567608696
0 0.31995798958291255 0.1969824578053654
0 0.2882741685393903 0.22313589943102755
0 0.33320349840809116 0.23960524740310524
