0 0.5047889968010947 0.336110752248255
0 0.49683334103113486 0.28596654863119975
0 0.4978730041014997 0.3004151799076393
0 0.45527148661734185 0.23391441900110754
0 0.4927578818697467 0.2696565349331106
0 0.4855298474116667 0.24773108556177267
0 0.46603544100427424 0.19311680764065942
0 0.2444135051865115 0.2045747422450802
0 0.45191971108883244 0.14864483677195484
0 0.4457833402267488 0.12603162594961526
0 0.4209444224834442 0.039818487027361724
0 0.5065032769356096 0.34148018767400995
0 0.5079550451367213 0.3469154510209569
0 0.5088703624809845 0.35039488318976136
0 0.5144428731519964 0.3662714440627454
0 0.5172991960109035 0.37346299857007226
0 0.5205963458944474 0.38253524761607216
0 0.5237767165723229 0.3918420485754454
0 0.5259310130328568 0.4005017685720505
0 0.49772275462432247 0.293744969198288
0 0.47061978726950376 0.2957155831767995
0 0.12974248266924282 0.14090908347923986
0 0.33372170562985576 0.21346798602796535
0 0.30482456572196653 0.21757736833918562
0 0.2766611273655912 0.21902486013772224
0 0.23628426340058886 0.21067424516236655
0 0.3581119209905214 0.20762106892901383
0 0.27594138141171337 0.16592951495452282
0 0.3118923327842342 0.16596409614824315
0 0.24446276477872067 0.1711182084159919
0 0.2259711346545803 0.17962302856173804
0 0.21954796950525374 0.222946706509675
0 0.4270433660926698 0.4306591814947298
0 0.23288486897945404 0.19927528892971866
0 0.13868167028145448 0.21555011011527525
0 0.18595120970961415 0.2123797690741108
0 0.3441064460871089 0.2826147431580622
0 0.4718323221689538 0.33706821644433455
0 0.4796796145569926 0.3500651878394266
0 0.44226529427218536 0.34729741412973913
0 0.42351474245137805 0.3566806021534251
0 0.4562013579320304 0.3550591901528029
0 0.43831557060595805 0.36050053890065364
0 0.3925839457582321 0.3836444578136838
0 0.4738459431169405 0.287708862820554
0 0.4661359676328892 0.2724688793416549
0 0.18732493851758256 0.16832236961537833
0 0.3870509276913188 0.23548431349818816
0 0.40595589829648093 0.2885599297560831
0 0.400025657209163 0.27979281215905294
0 0.2562948531993834 0.2884109069019874
0 0.46007005034116755 0.251845622402069
0 0.24771189042033023 0.14662906856299296
0 0.2096063144473587 0.1545859803296493
0 0.14944954304503993 0.10976636356730478
0 0.3827795883019765 0.15157647171054447
0 0.3441472705532227 0.17207142116760443
0 0.3677508573240369 0.3702544917839702
0 0.21213824204503232 0.3616662683011798
0 0.42955699506439743 0.29573561776151014
0 0.4529914932663431 0.2981708618245515
0 0.4035385687391466 0.37184903354407206
0 0.41093542153322243 0.3708949593886786
0 0.1932756980008717 0.14522364661362672
0 0.40668481286567976 0.2954624971885274
0 0.30302464106917887 0.14442356922448318
0 0.29504856341498814 0.1317462897809799
0 0.25512358672005214 0.06270395701890315
0 0.174689505673662 0.12618808188472355
0 0.2830190891832239 0.09552752579234249
0 0.1706569170272803 0.16203180178204465
0 0.15121163509566068 0.15116899993496008
0 0.4753027685332399 0.34424068113238787
0 0.44912380457930423 0.35156697586337865
0 0.43051701664673125 0.3587687282799826
0 0.4369235624743916 0.29790704996984624
0 0.40730040334951023 0.37139137805144556
0 0.4199967351015107 0.3751295370139261
0 0.41468127379940534 0.3704258555619318
0 0.4409762448650875 0.28965199523973295
0 0.4442281500448155 0.36126741056340445
0 0.46163740100236883 0.3568018655760008
0 0.4832674578020844 0.35307990656204497
0 0.4886686022271587 0.40323094583490987
0 0.48818527143212814 0.39390961216013626
0 0.48696358721970506 0.384468070977099
0 0.48678662329283445 0.3751378176051102
0 0.48782269612646306 0.36832900424869036
0 0.4463151585200668 0.3701605154101959
0 0.44109746361080604 0.37368663010648134
0 0.4352869935931033 0.3788986231508628
0 0.4310810698612833 0.384569633261589
0 0.39170954939182295 0.3394160974916614
0 0.15423635163890662 0.2835503110257756
0 0.4976231931131097 0.29703572615185664
0 0.43205682285727326 0.37033251829418845
0 0.42606147495000174 0.37245610091185655
0 0.46310063479821895 0.30326862161269813
0 0.41841627814598725 0.30371832996076537
0 0.4581949430427471 0.3007870006815819
0 0.3597040172619156 0.24760248631344994
0 0.3167271077129911 0.2633285516097452
0 0.39726690771962014 0.28714678295990753
0 0.18847410380840302 0.08348618463689322
0 0.21603799193217282 0.10703756143189834
0 0.23514085020948564 0.13470623989546426
0 0.4186605493604885 0.39257432515086654
0 0.3675036714549809 0.13053075179086462
0 0.35340622086313705 0.08910937294417004
0 0.3304999893224692 0.04925806921147791
0 0.2515956965679861 0.21703929663552932
0 0.19473520644354922 0.23678225448547308
0 0.3740942844735922 0.20234881930079748
0 0.20354626506944246 0.18917980334088472
0 0.4046552867829045 0.22329433850970556
0 0.42065641214827443 0.2814099449279894
0 0.17084013491491729 0.248989957719511
0 0.21596518347534951 0.24790356082848383
0 0.25393649231532456 0.2518834963812098
0 0.3085275088684468 0.24475268473404582
0 0.34754463822781284 0.23460112453779716
0 0.376498758667129 0.2246651653717421
0 0.43940179093980586 0.1993451459976278
0 0.18633885876538883 0.2842972592526908
0 0.18367472938595944 0.18858522632792327
0 0.48382197565670254 0.2945996484722531
0 0.39665925050083595 0.25216170201522176
0 0.12789758354551178 0.21164526952119062
0 0.39784526397407305 0.2142361359027781
0 0.39356103061623715 0.28778719499017846
0 0.22165522614360358 0.20046788857076517
0 0.4148868631084257 0.27063386699058833
0 0.1777524215636877 0.3219051201996854
0 0.3730911414457273 0.1964042023407607
0 0.4362125411818299 0.2594513454046962
0 0.29333831747121447 0.4018901013818924
0 0.29642308361922637 0.41574052941332507
0 0.15943650071379506 0.2853557022016668
0 0.2496082882086436 0.3816434724050909
0 0.14298221412338788 0.18116205145879996
0 0.4255403887621964 0.44483160781690656
0 0.48660309656762873 0.29750638606285285
0 0.37454026522515693 0.2663596370042007
0 0.16531744360420775 0.21675945155561183
0 0.2744511243286012 0.20968193579398864
0 0.30032756258163773 0.2087548430279905
0 0.41479257113822904 0.37815170271116644
0 0.20358346069412392 0.31599658494318084
0 0.4803466651007093 0.459746675347094
0 0.3893596622385556 0.44521837811453063
0 0.3477069516725178 0.4337872164953646
0 0.4331866278930052 0.08249458384259316
0 0.5374354440954667 0.4570189985940465
0 0.3251824626691231 0.20525726580534964
0 0.34874057310794476 0.2009207090873311
0 0.3650514625547304 0.19847410005182559
0 0.16508961799024027 0.1865462418977052
0 0.3410439741510882 0.18551844825099795
0 0.31276908403710474 0.1815946150929054
0 0.28569725136968155 0.1820527568618598
0 0.2602644582840964 0.1862460704672803
0 0.24573098695227868 0.19163256724534086
0 0.12355490267779756 0.1733025200002134
0 0.256682907604467 0.20773876169398162
0 0.5019353376662178 0.3127244454261671
0 0.41567268099965926 0.3276493218445693
0 0.4288181011812596 0.2931963105642923
0 0.4657332048385958 0.3174249591352252
0 0.45814166856214467 0.17036799519087495
0 0.3387609117267504 0.41961690200181195
0 0.38046683886634647 0.4324014123224279
0 0.4782631310481059 0.45180178155254214
0 0.2528903050513207 0.3931503541953199
0 0.36278822364183416 0.1919803937559026
0 0.42862835909998365 0.22740259543856692
0 0.5374895678793831 0.44889057021972545
0 0.43284260214381076 0.4547694009393984
0 0.18082954398187404 0.3202388874152377
0 0.4651352180961818 0.36949462250034154
0 0.46096255231004224 0.37492421725466585
0 0.45776589045041727 0.382481451560594
0 0.4566393282091567 0.3910225201331848
0 0.4504599903203264 0.3997774947156261
0 0.42367255844898866 0.36582059643870996
0 0.4164487705074785 0.3654380497983342
0 0.4103212208184512 0.3645590844951915
0 0.37521785485090586 0.35420598360143096
0 0.24670729971636196 0.32400605623408146
0 0.4218538333092058 0.21005520150330567
0 0.39175734200558077 0.18116210703323746
0 0.3735958978470871 0.1848696166934492
0 0.42984971517249 0.3657560745167987
0 0.2570194054379242 0.3610408057945903
0 0.4192993412666683 0.17773981927976915
0 0.43654071970327996 0.41507552569447037
0 0.47892635972690983 0.22931884372361613
0 0.4475411278537557 0.2177155958588013
0 0.4727840823463247 0.2120880449581825
0 0.4162967838189773 0.2550790543233797
0 0.5348004419592363 0.43513903689978384
0 0.5301306635015625 0.417029856362801
0 0.4831325729939505 0.42000775702059057
0 0.36572281752206104 0.39151596556354673
0 0.3733310696319186 0.3026106758474031
0 0.39856597504535307 0.40569122618203485
0 0.3059782863669255 0.306305403386995
0 0.3529077377248917 0.32135407186487813
0 0.2913381116551186 0.33410051369582205
0 0.4788257944935988 0.43805436074097387
0 0.40202111464763995 0.2655107096845145
0 0.3437744843054421 0.4040309120751785
0 0.3850626314239663 0.41828772818066473
0 0.33763168576145974 0.37380455906280846
0 0.22176405278187764 0.342141217820585
0 0.30060493732303506 0.3775772019637437
0 0.20825665566740156 0.35227082611403004
0 0.33918500361563286 0.34456984852556655
0 0.41253222757753943 0.23940228355312687
0 0.43198992091895155 0.28786224826799167
0 0.41666016982326026 0.29309836061823835
0 0.4416341460958312 0.27636409166444664
0 0.36218857689748835 0.1666827986673104
0 0.3091025644213841 0.15848691681950117
0 0.2644663478251751 0.15917119097455115
0 0.23029829643446684 0.16511684995529066
0 0.20920324281549654 0.17491453992090192
0 0.20701205956784985 0.2059098764246469
0 0.1447499810643337 0.25062223452266
0 0.23590863970764578 0.2295354728809031
0 0.26739275750983116 0.23289740679527093
0 0.3057171255978854 0.22986307029622305
0 0.3412580371909001 0.22301145072933617
0 0.3688233922931212 0.21545018727669088
0 0.38776357038111625 0.20866552101335492
0 0.1392887677321454 0.24716625476647103
0 0.41821545651693387 0.29718497130370225
0 0.43410789036046604 0.24293067680134892
0 0.45272616319012543 0.2872896648386619
0 0.4682903026981193 0.29340140802580267
0 0.4524876247729933 0.28964352013801764
0 0.42683634840989415 0.30096008726710527
0 0.47465976871518645 0.2944017756876148
0 0.4776342219441249 0.2974235801510115
0 0.3836579995567789 0.19613266563924606
0 0.40119240693905184 0.19832386845371477
0 0.4122183713983383 0.20009381703210471
0 0.23826227151643375 0.1956361080403854
0 0.2169873200136901 0.18896328533247272
0 0.502777576320785 0.22920094255450782
0 0.661152685744853 0.1614334596009441
0 0.5206491571186967 0.2906766489307227
0 0.7202851587458502 0.08409446074869285
0 0.5885348589108463 0.18628322197873398
0 0.6155528959342699 0.18418305009285327
0 0.641132328957948 0.18049822869674167
0 0.6716624282080413 0.16593082095380354
0 0.565353356584718 0.1856640949580169
0 0.6146918567927074 0.1332098842727756
0 0.5824970844425733 0.13963038514093148
0 0.645830906518904 0.1320740539196123
0 0.6662638702976049 0.1362837480904793
0 0.6935205229475528 0.1746641215056287
0 0.6242572511801739 0.4091139446373936
0 0.6684305202608873 0.15507306248692007
0 0.7510346098791195 0.1558061448916846
0 0.715136025776843 0.158586631253945
0 0.6205231733462981 0.25449955187658396
0 0.5353864612458628 0.3297010745017978
0 0.53528778764266 0.3437143912094768
0 0.567656976009723 0.3327281029623174
0 0.5885429272923288 0.33788388246319045
0 0.5585253053828131 0.3434115105252249
0 0.576496216063761 0.34501802857660313
0 0.6331858997103534 0.35775052122374024
0 0.5182643906225132 0.28324809723477345
0 0.5187402707111987 0.2672090367066054
0 0.6945483729809145 0.11790401729824704
0 0.5542363622520543 0.2187914613939265
0 0.574239617158592 0.2714627041511264
0 0.5735387875057977 0.2621245869962346
0 0.6981114320111174 0.243647003513214
0 0.5107132734628669 0.24676192294660412
0 0.6322664130589127 0.1090969138934519
0 0.669197672781562 0.10942137135305438
0 0.6917230496929667 0.05846303001417384
0 0.515888889253391 0.13782949549447598
0 0.5576261634062111 0.15085803317005525
0 0.64840742254056 0.34006517913417883
0 0.7481539274569805 0.307154247345025
0 0.5554568883235947 0.28289164279279333
0 0.5361441170112996 0.28966074821363563
0 0.6119717699062975 0.349227153109486
0 0.6045433770755172 0.3497905111821945
0 0.6769954739492151 0.09761363734554142
0 0.575295918852971 0.27810290466423987
0 0.5829796817483781 0.11677517543059651
0 0.5831694624343502 0.10335214261058387
0 0.5828112494593432 0.032689023060306535
0 0.6839117754863787 0.07755491943546038
0 0.5782269804035058 0.06808274284376369
0 0.7034179563260783 0.10910459705943315
0 0.7132552821927935 0.09708069238374242
0 0.5363216986133077 0.33726881237640927
0 0.5634794460318763 0.3384705817996395
0 0.5830359287905794 0.34148932966897494
0 0.5495314535209398 0.28629732768306526
0 0.6082507404596996 0.3495497349318236
0 0.6006976158558568 0.35558525777796407
0 0.6007520098726458 0.35009450335519593
0 0.5444109652364304 0.27937636511181596
0 0.570836651803069 0.3470852031402316
0 0.5539092646620948 0.3463158584150131
0 0.533253165740001 0.3474034779436648
0 0.5597985268645146 0.395663680343017
0 0.5568080526866993 0.38654822217187845
0 0.5514882869609801 0.3774476857372026
0 0.5452210075744597 0.36872427743524844
0 0.5392061642956633 0.36265082503552964
0 0.5746723758017463 0.3561400018128636
0 0.5822253459868049 0.35843280859265036
0 0.5912765258223699 0.3621545453088564
0 0.599227124377142 0.3666650500161792
0 0.6131181363566516 0.31588538049378856
0 0.7593720274887005 0.22390168374967745
0 0.5859809266364021 0.3535632652320047
0 0.5932083048146485 0.35428642759967954
0 0.5306663808691854 0.29639937105552155
0 0.5679136200293207 0.28804508816729235
0 0.5332020145176836 0.29318422312414094
0 0.5846945795580305 0.22504900411778922
0 0.6326758544656295 0.2315187856183782
0 0.5785580156724665 0.26854265648275083
0 0.6486917847319494 0.04066876202715673
0 0.6411450299029612 0.06702750931855199
0 0.636329711741033 0.09541368155717002
0 0.6150875549276167 0.3713337751470002
0 0.5181031774116468 0.11547258008417285
0 0.5114022900786581 0.07440107010861732
0 0.5093163625348972 0.0329030124318133
0 0.66182772746066 0.17429477379415384
0 0.7214169326210826 0.1826068201099002
0 0.5496034898838413 0.1837739388713633
0 0.6902752191708561 0.14051768660969582
0 0.5332759425106934 0.21046939778582482
0 0.559281687193279 0.26754214988484504
0 0.7460383129019275 0.19211330002312982
0 0.7116002216620787 0.19732101383582554
0 0.6821432171491632 0.2081146394018601
0 0.6300743226009079 0.2116313620182119
0 0.5895823587345171 0.2094549697913309
0 0.5590842627774814 0.20563357421511858
0 0.49329958296526333 0.1940345916883801
0 0.7501924098292484 0.22782682290705072
0 0.7061677302237804 0.1363043245259553
0 0.5107967368158107 0.29185232615555734
0 0.5565195983975245 0.2360504225055518
0 0.7499395104651713 0.15074460574316384
0 0.5357322821134254 0.19981008174156378
0 0.5794768460440737 0.268675673898853
0 0.6793205189805493 0.15420951909017733
0 0.5569277658492704 0.25633403627049456
0 0.7577224488248302 0.2639667684497358
0 0.5470405241105124 0.17788800851730266
0 0.5344870876410842 0.24961981060666122
0 0.7135638881333267 0.35756559728303416
0 0.7104907613011855 0.3722363040116334
0 0.7658946383351515 0.22508300177991603
0 0.737187568648455 0.33107987629561236
0 0.7326995410999668 0.12398322165224476
0 0.6305950613464484 0.4223516367084191
0 0.5079091055483758 0.2953687986869405
0 0.5831318228556637 0.2452242616232604
0 0.7330027037783514 0.1579746455484438
0 0.6374941837938526 0.1709239062889615
0 0.6145910213265238 0.17493968735386045
0 0.6076069685477244 0.3573592493966805
0 0.7492951594827547 0.2607909116456517
0 0.5889060816684353 0.4477738296858357
0 0.6538923777608429 0.41632878483402347
0 0.6802125962977671 0.39799060982741497
0 0.5916081787664679 0.17684302847580555
0 0.5696790899908493 0.17755150529837693
0 0.5549680756617196 0.1783683939548574
0 0.7183581281311905 0.1307046580993408
0 0.5656452080871486 0.16249165246495148
0 0.5872622937089783 0.1541185020551987
0 0.6123285545075493 0.14971606184155067
0 0.6376998696146132 0.14892512644737216
0 0.6534414749105268 0.15099905330515417
0 0.7384630292025296 0.11345401925972773
0 0.6520585002778452 0.16618676902560578
0 0.5863259754100429 0.3096946660309924
0 0.5555938577853174 0.2804022136532115
0 0.5383536567919365 0.3099145740800905
0 0.6860419826165534 0.3823801949355102
0 0.6596352123509982 0.40218025551996195
0 0.5908165894731691 0.4394254654751978
0 0.7319109243682668 0.34373495375134344
0 0.5525665933321297 0.17206004230153094
0 0.5187180730109476 0.21845537498328185
0 0.625124235444934 0.4335426333960265
0 0.7631479142084403 0.2616800470708528
0 0.5589717300883829 0.3591410770110812
0 0.5668016117584856 0.36337809991157777
0 0.5751146698048346 0.36981431445193036
0 0.5825762240695551 0.37761018539238655
0 0.5913943859595286 0.38450286057495986
0 0.5912563741710115 0.3472303357837039
0 0.5977633501155467 0.3452910935751484
0 0.6032366081129147 0.3430963478902905
0 0.6347374996555506 0.3264254060080043
0 0.7217073943544541 0.27542210494920455
0 0.5126451296645378 0.20115987367901514
0 0.5228176215026952 0.16727600021294428
0 0.5399835084561054 0.1674983535372914
0 0.585108267481317 0.3485799332106241
0 0.7271491509198137 0.3123147228858649
0 0.4983941674986972 0.16945621318240184
0 0.6091867113163703 0.3963023139912887
0 0.4985930202882501 0.21266888119147764
0 0.5443567642431218 0.24230846539935183
0 0.5726504162394045 0.41029162254197743
0 0.6571099247610519 0.36034882068634033
0 0.605612186691429 0.2785868190785744
0 0.6360804026136921 0.37998260255385974
0 0.6669411510857852 0.2692817131395442
0 0.6349767715619083 0.29205939650959817
0 0.6920272546981457 0.2925768778841691
0 0.585194471767683 0.4264508627911904
0 0.5605275765501497 0.24945531027172807
0 0.6785321338770258 0.36813602201455004
0 0.6520867589153821 0.3894263111399586
0 0.6733082236116948 0.3382223863618654
0 0.7451350402228439 0.2886631036992599
0 0.7023174522546777 0.33531092494408005
0 0.7551797505169479 0.2965599811798313
0 0.6587803885655061 0.31101575377148666
0 0.5370350361876347 0.22697785390653644
0 0.5522794516026219 0.2758554188382159
0 0.5670416557587652 0.27785507046030933
0 0.5402764408900265 0.26649848973623796
0 0.5402536255146381 0.1483133352524021
0 0.5826002747952184 0.1315239364566328
0 0.6230985698317677 0.12431425078907896
0 0.6565217436114444 0.12343491035848325
0 0.6791655597304493 0.12847815162346457
0 0.6944701212619427 0.1565331557891547
0 0.7622160740542513 0.18989243435265754
0 0.6836815370789057 0.1837436508029381
0 0.6583574355151582 0.19250978195370305
0 0.6226468176781377 0.19669046626820683
0 0.5875860326903782 0.19701500708946554
0 0.5601748068372912 0.19522155052402265
0 0.5407466074836909 0.1923412524720528
0 0.754937853491256 0.1869043218919815
0 0.566303881411814 0.2819347065538698
0 0.5244732997085475 0.2338962183728337
0 0.535375690535654 0.2789735615889797
0 0.5225477746770352 0.2879176559821567
0 0.5348776899561097 0.28142650611035763
0 0.5598310320186213 0.2870820943146838
0 0.5185460504851763 0.28996415685504356
0 0.5154723445825939 0.29352542238303353
0 0.538087091365444 0.17975813001924562
0 0.5238977036898649 0.1851792774590733
0 0.5159522009549765 0.18920008801056398
0 0.6621468338785292 0.15308281683836966
0 0.6785020222140767 0.14298277414566257
0 0.29604263433927225 0.1932844201440913
0 0.32878899058712185 0.1903436154233179
0 0.29161614267634944 0.17784531345571064
0 0.26308086388724766 0.19616134204898442
0 0.30030663883635766 0.20870282535451162
0 0.5946178394782392 0.1627974647007803
0 0.6292818840042951 0.1592000063203832
0 0.5900065085304438 0.1472927246017388
0 0.5599078553638378 0.1664550824097467
0 0.5996716574526034 0.17817664825195095
