0 0.32608631839283364 0.40047484141188305
0 0.3414114094752488 0.33735032679554755
0 0.35014458983350427 0.35819636756619705
0 0.3625387608004417 0.26765742636145873
0 0.34856401101576623 0.3177807795734832
0 0.36676211408573944 0.29200011720291724
0 0.4203430843010223 0.22629248177091155
0 0.2645037717384686 0.17661100478408437
0 0.4553689613616724 0.16692269986239486
0 0.46797472381477445 0.13840488289682248
0 0.5207227668602118 0.04292035774110605
0 0.32283236718863895 0.4092411871154468
0 0.3213221875311945 0.41940347350443513
0 0.3223298933151529 0.42728671260154283
0 0.3200581227418044 0.433155870380493
0 0.31306928896503766 0.4456603268084054
0 0.30606994483110717 0.4611414439571551
0 0.30218767233603866 0.4762927727958265
0 0.3111550728622958 0.48652396053551866
0 0.34251627483242136 0.3476704370480376
0 0.32577355273907704 0.3428664458826327
0 0.2428666201712702 0.07311186227745141
0 0.3300624599845575 0.21283032376164446
0 0.30404577995661636 0.20873220602925213
0 0.28003758978214766 0.20253647216402304
0 0.2567759437812604 0.18052906802477547
0 0.3512609239390714 0.21408752697153974
0 0.3107494178006975 0.14004955847804157
0 0.33993170665894196 0.15131905932015124
0 0.2828312576245919 0.13657872516888017
0 0.26422323997643926 0.14132623898145108
0 0.23670454791409792 0.18940553011985634
0 0.2257128440790611 0.48011780051758496
0 0.26103861240460147 0.16705570972194306
0 0.2060203535093678 0.1585707650207483
0 0.22617934633502 0.16525254743739057
0 0.2626666635346355 0.2914017597897746
0 0.3022530985107239 0.3899613518874866
0 0.30063222466612893 0.41386328823269364
0 0.27792776602921154 0.39269116425666567
0 0.262144723670374 0.3997093123940233
0 0.28453883392919455 0.4118346924218126
0 0.2725052736360106 0.41273268743064073
0 0.2311312473363442 0.4248101730316211
0 0.32151359955755643 0.3319471624141303
0 0.3243752599334259 0.31249651846032556
0 0.24287667263040152 0.11089692790858661
0 0.33640441162694845 0.25191503134779275
0 0.2861708038144832 0.3146398365497589
0 0.2927845765074952 0.30353376821588024
0 0.20070894930860123 0.27136975431594607
0 0.3427689706535934 0.28844117718382767
0 0.289626805187701 0.10415333142867103
0 0.2613474912494778 0.1011323794103659
0 0.26703041048644544 0.04291471510459059
0 0.3862033570698983 0.15363415490133694
0 0.3616898391458342 0.1683700871162902
0 0.22283590268745695 0.4033500706425871
0 0.19018364124160878 0.3416544687443267
0 0.301244508877075 0.3305751179544309
0 0.31689347230273185 0.34139616516070626
0 0.24814797348255735 0.4158263818714946
0 0.2542751177037648 0.4166149233286373
0 0.2583744125686389 0.08370317599643914
0 0.2867124439429322 0.32370065309750007
0 0.3291527550283382 0.11969531087067942
0 0.33060315237056725 0.10138801463876669
0 0.3638734377259545 0.019477871374581186
0 0.26093757667129847 0.06476869731665419
0 0.3516527355717812 0.05995688804041464
0 0.23886135413492326 0.09716013326241185
0 0.23763810616317127 0.08814875776775348
0 0.29944324450527166 0.40234187426277623
0 0.28010474106104827 0.4028359108839553
0 0.26637497737253313 0.40637561155203433
0 0.30660163898833936 0.33584517050094115
0 0.2511427544003768 0.41627592324448853
0 0.25412083801319846 0.4223135103242466
0 0.2573598170166107 0.4169730947802242
0 0.30616369679105654 0.32616522755866617
0 0.27866038158357287 0.41764582622165497
0 0.2897022412263518 0.4185511974480967
0 0.304071741710178 0.421856286807563
0 0.28094424918401156 0.47639060115661863
0 0.2749009535467024 0.4666482832865974
0 0.2807097840938065 0.45208711984058536
0 0.29101459828497983 0.43760138416823485
0 0.3014534168677936 0.4272973860224215
0 0.27733807855372805 0.420067639015734
0 0.2677961224846417 0.42435237165457146
0 0.25759590072311656 0.4299709419853771
0 0.24926873748536876 0.43681206090000874
0 0.25173553002538157 0.3723210764769167
0 0.2062347136813102 0.2412008713133419
0 0.3460763255469233 0.3529171712291888
0 0.2692303017174883 0.418378791108299
0 0.26138772238358604 0.4202228115199092
0 0.32075601258723857 0.3505876801265314
0 0.2935366793502149 0.33778491178259684
0 0.3188063892529165 0.34614770699994635
0 0.3072651651837557 0.2574276322850023
0 0.26104523595288504 0.26169506310464474
0 0.2893947680219472 0.31175267620208547
0 0.30460239228584784 0.02375526178759127
0 0.2968711567153748 0.05372733234787901
0 0.28852084300500885 0.0849525101078204
0 0.24095145632608903 0.44134252016155867
0 0.3855544623139379 0.12444913015959742
0 0.4143559077946688 0.07469307519376468
0 0.43320844299215777 0.02634550388247822
0 0.2626402758294158 0.19264209203826735
0 0.21120082017043226 0.1975171600286953
0 0.36510103040461916 0.21333180458400958
0 0.24527955112411537 0.14393983343348335
0 0.35741562723255843 0.24332858717289216
0 0.2958250833358124 0.31012871861457825
0 0.18554093854890452 0.2028451515748478
0 0.21393451401941496 0.21771145928591584
0 0.23579241503342735 0.23443478926683006
0 0.28294622197711494 0.2426453352736208
0 0.32047608780632203 0.24250051326835498
0 0.3470729459389794 0.24004340000426808
0 0.3950964609781901 0.22538634572927943
0 0.17021253569234762 0.2464313574206715
0 0.23401655867803012 0.13543819876524588
0 0.3304546975689254 0.34428784641594934
0 0.32517180018287767 0.27303208863011563
0 0.2237992988501807 0.15353173764940267
0 0.3672467192871679 0.23526687420214326
0 0.2925750721844552 0.3122697252625474
0 0.2527076794946794 0.16397277368143343
0 0.3056294043287099 0.2969327332874456
0 0.1966577230883445 0.2889190337147576
0 0.36895182507215357 0.206237310894762
0 0.3234309677025683 0.2901783614112927
0 0.1780146709163126 0.4073495102195313
0 0.18754269836617887 0.42348354159833523
0 0.17614542465987537 0.24190883524120807
0 0.17042653380538061 0.3731305228825956
0 0.22186716083142397 0.12053616568684197
0 0.2188918033092142 0.494622775540946
0 0.33618113841656017 0.34985719664028275
0 0.29959767327891834 0.28267227817838564
0 0.2144488719441622 0.16346748577900969
0 0.2835635750127925 0.19119880079461363
0 0.30590853045026745 0.1973559539824629
0 0.24770662367200966 0.42505552574468497
0 0.16602817828134953 0.28677823101750577
0 0.25087489470017615 0.5325095445965045
0 0.21056329832374335 0.48295907195383747
0 0.19931689669474137 0.4573266477630542
0 0.4921385780226984 0.09223480841603142
0 0.29847880476098554 0.5522995625441067
0 0.3288629055737877 0.20083929626895977
0 0.3497804224634056 0.20330636912641434
0 0.3627500754180286 0.20565651023921114
0 0.22754024058508932 0.12637639645570384
0 0.3536580520854008 0.18399590729905393
0 0.3340758297512 0.17083959038646077
0 0.3102569644399684 0.1629918217182921
0 0.2869605607837796 0.16024514942313917
0 0.2730588191133037 0.1621335121198965
0 0.22919442384934827 0.10819631448378578
0 0.2709289330372707 0.18395340057036366
0 0.34575877858580445 0.37424963446090015
0 0.272725043394011 0.3652771285738046
0 0.2997560634029855 0.32695917370982064
0 0.31234293490005055 0.36798511821621904
0 0.4413427140215318 0.19698688816338683
0 0.19023641665204824 0.4393049165273246
0 0.2044626482956701 0.4659208250693239
0 0.2460095257781964 0.5218667163254734
0 0.1860495461262673 0.3874505485970372
0 0.3645408613790425 0.19811555143362417
0 0.3596806677697088 0.2536840658789626
0 0.2951778923864845 0.5417941630648347
0 0.22504646400753542 0.508679466887404
0 0.17048701894083182 0.2862075089265744
0 0.2874954921736134 0.42281631682627496
0 0.2765842932019588 0.4302605859959087
0 0.2656380810040078 0.44038718100934743
0 0.2573398398838455 0.45266746160702204
0 0.2564342027659611 0.45942944764329224
0 0.2631893488142988 0.4147007098784462
0 0.25706559090877323 0.41135996313521656
0 0.25231667717011996 0.407409233787951
0 0.23466325978295122 0.3859661272920359
0 0.17950684346741053 0.30837069742214945
0 0.37714847672185736 0.23306736769005895
0 0.3866882178423216 0.19348185911727028
0 0.3748560474930907 0.19250631184814077
0 0.26953809438563653 0.41763280736752595
0 0.17318173821309774 0.3526878286474429
0 0.402479608853658 0.19779575670869967
0 0.24140021769548778 0.46846079331236523
0 0.3851216528341353 0.2699936648336843
0 0.3774024291004208 0.24774505497929386
0 0.4021027268265649 0.24926934864955208
0 0.3272586544926504 0.28096677429569417
0 0.29816196062010253 0.5247294705706282
0 0.3053015919326307 0.5041945906111989
0 0.2681104535107418 0.49025989578554807
0 0.20901200368250017 0.4211530987256632
0 0.2673607146997246 0.32316079554847255
0 0.2223580914149753 0.44576084052031034
0 0.21946504905069475 0.30635484853110756
0 0.23982998950304174 0.33848065566331054
0 0.19609120738306204 0.3334439907211084
0 0.2525493958585268 0.5067952002008883
0 0.3137560934185696 0.2890491882642618
0 0.19215290094736956 0.4250958400031629
0 0.2091834705224712 0.45284095568397936
0 0.20068109207016102 0.3940202430985606
0 0.16636148545381835 0.3212787383280623
0 0.18159688176582758 0.384260861351848
0 0.16814119667172145 0.3290915804358717
0 0.21794303858594644 0.3620054191484238
0 0.34310612203977664 0.2629997018522348
0 0.2988062338005725 0.3207624710786838
0 0.2900452175014597 0.3229440639194208
0 0.3082004059418786 0.3097865912860956
0 0.3716113607374598 0.1658890946223713
0 0.33495501527111593 0.13962031020143162
0 0.2997377687792698 0.12680839806699906
0 0.27147621702518965 0.12353884712004433
0 0.252912988193887 0.1288045487179162
0 0.24104459065613415 0.16514360376249868
0 0.18767523322459892 0.1993248432208174
0 0.24195976909116018 0.20265648016533533
0 0.2623045620300787 0.21609620359568552
0 0.29484586306899 0.22378834087056473
0 0.32722818830030426 0.226351032622706
0 0.3514613554917937 0.22637295732482934
0 0.3680182242279144 0.2249189076808314
0 0.21761731335299192 0.1973511781364965
0 0.29220264135218926 0.3288603683058827
0 0.34334160941396114 0.2718510100254997
0 0.30888766829344294 0.3254621754439113
0 0.3225263315710804 0.3386323949970757
0 0.3124127057816485 0.3291932158767225
0 0.2987586762979448 0.3367068622820674
0 0.32440665257062845 0.3414525235422884
0 0.3295742448428266 0.34694042944679626
0 0.37527484316334164 0.20939470594302534
0 0.3832809027436254 0.2173152170337427
0 0.38561897269255824 0.22345226408003238
0 0.2658495021095093 0.1645580952445539
0 0.2540131148388632 0.14915590702344816
0 0.4101545336149294 0.2785598329080941
0 0.6672955011006454 0.26354800636014236
0 0.37651804697027597 0.3544822550429323
0 0.8684422266569068 0.20799789846705172
0 0.5695594023171661 0.26448414015312927
0 0.5999816790473261 0.27293803335759587
0 0.6312675727642983 0.2783379515234274
0 0.6793734455566041 0.2736290353841294
0 0.5448513096756786 0.25397347194699055
0 0.645453126024571 0.21103144444215793
0 0.6071067428131469 0.2056241330628197
0 0.6781274943614749 0.22239911356292213
0 0.6964606667022339 0.23590014117975205
0 0.7028749875313373 0.29282377217524347
0 0.4161184531607502 0.5323589609834714
0 0.682926180551378 0.2598153513174849
0 0.8288248888880229 0.29949200886507005
0 0.7511935379865359 0.28386129386508807
0 0.5338013569513956 0.3548377411434064
0 0.3597546342751391 0.40374437536294466
0 0.3508031110969379 0.42589947381339516
0 0.3920990604576733 0.4227360622189677
0 0.41404472881083865 0.43836008083706085
0 0.3787126564007583 0.43513952904996783
0 0.4008730895799413 0.44435208493147416
0 0.458142737261683 0.48069151388570525
0 0.36577397013167967 0.3422534720014079
0 0.3775397133198288 0.32473349352233327
0 0.7520026331611103 0.22645426567750998
0 0.5033758003934682 0.28985883862065814
0 0.4532165211453426 0.3540606209264396
0 0.46475550896829837 0.34380179786453613
0 0.6337466966048133 0.3730942196548937
0 0.3937057714096362 0.3000422679006863
0 0.678346646489571 0.18697311188847113
0 0.7235708711244505 0.20416421983569574
0 0.8423957087153153 0.16456066162441485
0 0.5243406724586761 0.17765101747581372
0 0.5712459579074411 0.20898112787987097
0 0.48512826563357164 0.46695036829089204
0 0.7114025397266416 0.4715349424761324
0 0.42602455530235234 0.3602830893315446
0 0.39973758764975936 0.3609314826540292
0 0.4419093575123117 0.4610420859659823
0 0.43514741753502717 0.45920720934486997
0 0.7505823399523179 0.19275290526140232
0 0.45314506775469515 0.36323592181022935
0 0.6136704874839143 0.1767105157382953
0 0.6265040701813549 0.15940062349406295
0 0.7089013515902366 0.08968853469664297
0 0.7959715782595481 0.179577264018333
0 0.6643924701699822 0.12464888289142341
0 0.7803006037819585 0.21947632982327153
0 0.8238038559325879 0.2163731176822711
0 0.35493058266399574 0.415416202986964
0 0.3849127235458337 0.42919412769448645
0 0.4072978036295024 0.4413758321120716
0 0.4182235914454472 0.36253528311229744
0 0.43828514782930733 0.46014449885858894
0 0.42235483268467927 0.4619805991840058
0 0.43145735572567945 0.45814183878060727
0 0.4089243639287331 0.3499543791571364
0 0.3967870205140514 0.4463240844182694
0 0.3747600805845192 0.43897767760121403
0 0.3493358354202563 0.4326094864085079
0 0.349638112014432 0.49411731767959105
0 0.3383859813356285 0.4826468234054578
0 0.34053770808293093 0.46697181710800806
0 0.344454173847354 0.4505421251725084
0 0.3476093468620337 0.4382841431866058
0 0.3965165838063192 0.4486651327282476
0 0.3995046772831064 0.4555246751910201
0 0.40287589297877796 0.4646418161285571
0 0.40567577971543056 0.4740202179351173
0 0.4607234505726565 0.422685482441046
0 0.8051868720020322 0.381863352684929
0 0.41401450754069596 0.45305564780585683
0 0.41772207596319183 0.45717062546422305
0 0.3869614445334144 0.36654060326826077
0 0.44036649671389905 0.37311526057057487
0 0.392926322470466 0.36385290672223025
0 0.5299414682159607 0.30839683710576626
0 0.5720004034842805 0.3337207858364422
0 0.46780044569386 0.3538628567141085
0 0.7922846258973046 0.12480308662969083
0 0.7464516311526584 0.14839285940598376
0 0.6984369972055193 0.1711918472672423
0 0.4280326192041667 0.48869705542969627
0 0.546021824832157 0.14942576781438943
0 0.5813248260415715 0.10911618320705792
0 0.6208173599746302 0.06416847035526849
0 0.6598190272168861 0.2792102317459667
0 0.7327481699790315 0.31530614354359077
0 0.529079555035781 0.2455598420133225
0 0.7259293654553896 0.25153819840556135
0 0.4864042677181802 0.2723268780369347
0 0.43420497819388226 0.3423094904651276
0 0.7619781228278181 0.3359581931901816
0 0.6999743845251253 0.3271639402301167
0 0.6514445194523397 0.3273885239617893
0 0.5895507192726044 0.3112897080735277
0 0.5481048562257982 0.29297591941044354
0 0.5188057288277349 0.27645876660895424
0 0.44856063524882 0.23707697081108825
0 0.7285508849352098 0.37783100905890665
0 0.7557108831062591 0.2533120257785907
0 0.3572743390675643 0.35047928032021936
0 0.4844325800879682 0.30958434015798114
0 0.8620599373924932 0.29661103502249186
0 0.49773807462742575 0.26029178019339283
0 0.4748914120294493 0.35527779880803995
0 0.6990543715387797 0.2631284797343964
0 0.4467373278787096 0.3296324237467001
0 0.7655715362059412 0.4264599303848827
0 0.5333013748951095 0.2381122756404237
0 0.4215370693938624 0.3128567294190867
0 0.5831641704916096 0.5131338185395676
0 0.5879128499568509 0.5296670834477336
0 0.7784346373532888 0.3837612160859397
0 0.6416954230919159 0.49243254878650455
0 0.8304464442552708 0.25558860866596905
0 0.4187730690844053 0.5509095704212738
0 0.3577420339881659 0.35468273859816235
0 0.5054032663933093 0.3303668162883661
0 0.7819907373661618 0.2927158482539387
0 0.632188693224955 0.2651852887278548
0 0.6051193375667508 0.26110875577972337
0 0.4271227864624499 0.4670013219784624
0 0.7004843764453769 0.41488409556519873
0 0.35897895500814314 0.5636815761986632
0 0.4688518008739828 0.5556880677470003
0 0.5217561894755284 0.5462065008692086
0 0.5802035508967703 0.25391509105412724
0 0.5566428868318919 0.24561167948733503
0 0.5405509443305951 0.2410942900675935
0 0.7862713385543092 0.25186023658837753
0 0.5710263798276869 0.22785652883517477
0 0.6020767648728917 0.2270131416309375
0 0.6297792124805405 0.23214003776970762
0 0.6547528859808577 0.2410735550779885
0 0.6686723472403108 0.24940393912716033
0 0.8743206577049457 0.2496141103414682
0 0.6521342203771467 0.2651826203726351
0 0.43700592980968006 0.40459586960819965
0 0.42559434412766417 0.35672754849107885
0 0.3830404104374581 0.3849486851463684
0 0.5267865720698588 0.5302767601256935
0 0.47490037831185244 0.5411193921162297
0 0.3573578681877191 0.5533401530962021
0 0.6498348907315188 0.5062352535061942
0 0.5455652898449977 0.23373415056889812
0 0.45017117976570586 0.2741372295842765
0 0.41450895222542666 0.5628754269962494
0 0.7433328131119982 0.4243325204514086
0 0.37362244889604673 0.4433298499439471
0 0.37441437821879947 0.4536440456256318
0 0.374640409466174 0.4668376175359415
0 0.3741914351209462 0.481025789111567
0 0.39163764832402875 0.4939353256560743
0 0.419221170228734 0.452141540690352
0 0.4251246685318524 0.4516571577364644
0 0.43109930076187464 0.4508237471214879
0 0.47655507271810116 0.4442911376587499
0 0.638973038259456 0.41869736212891895
0 0.4679998336650199 0.2532538318405517
0 0.5157618356837357 0.21532702046080518
0 0.5357085129054044 0.22234442077886563
0 0.4141414624323948 0.45252432219517497
0 0.6264474186108266 0.464752765318837
0 0.4825438891383384 0.20880047853191058
0 0.40647927362570085 0.5126621825055192
0 0.4288744913588325 0.2592788079676156
0 0.454727946711387 0.31054301050524363
0 0.35351599720742205 0.5132852179554704
0 0.4905233054424076 0.4930095593578899
0 0.4940595561080128 0.3768734944323762
0 0.4521354345394839 0.5060553689734243
0 0.5687467291486635 0.38928885838855953
0 0.5113506803123785 0.40340150021516474
0 0.5805647153076794 0.42639028121488165
0 0.35596732770224554 0.5353644807308245
0 0.47098311388807046 0.3254757381666202
0 0.5179960373208391 0.5106281480088402
0 0.46805056450750043 0.5227577770099091
0 0.5220854501072452 0.4739479513975759
0 0.6757864214533524 0.4455170514294134
0 0.5691938931993443 0.48192646947150797
0 0.7022413418447371 0.4608361297331679
0 0.5213252115878556 0.4353199234595314
0 0.46778947743866367 0.29152623771097713
0 0.4185972149423558 0.3487572224376301
0 0.439338355899143 0.3583269640089224
0 0.40707362527184066 0.3328009681008494
0 0.5491082279516353 0.19969526871134297
0 0.6078424891121954 0.19580682931235804
0 0.6566576140104152 0.20293709935662083
0 0.6945800049413594 0.21594803339947527
0 0.7186410344190163 0.23198014040724538
0 0.7210671698732628 0.2727188373240419
0 0.8081933239952838 0.34249991245163136
0 0.6786336527168036 0.29924142141692556
0 0.6408437327515307 0.29933894385164156
0 0.5968816028796226 0.290473682050126
0 0.5591260998083247 0.27708846444900803
0 0.5313021707877839 0.2639871122547613
0 0.5125557188507465 0.25291811196377484
0 0.8363709632727168 0.33898553566429945
0 0.43856231457323763 0.36367934466170043
0 0.43381516853396557 0.2926785252726497
0 0.3914255243982914 0.3448799493404242
0 0.3764247848547334 0.35151096502432044
0 0.39397710261585045 0.34843307676406715
0 0.4296922972448152 0.36808308254415617
0 0.3678812594722501 0.35165206492899326
0 0.36782337264191334 0.3557474973102728
0 0.521039099859105 0.23646438783540513
0 0.500783756768389 0.2376010221795152
0 0.48545641879097734 0.2395865673931262
0 0.6764857488856327 0.2550587956897748
0 0.7058602271320151 0.24916234250647573
0 0.3265786759144397 0.18157766364252986
0 0.3576583770825137 0.18815283082163753
0 0.3339294408151 0.16353638712971355
0 0.29537570433650945 0.17508028666622721
0 0.3189840749870959 0.19947716041494862
0 0.6218452665159743 0.24391115540132735
0 0.6541609409615862 0.2510443657350997
0 0.6297735473234877 0.22421617848804584
0 0.5897001431142683 0.2365901574444847
0 0.6140219401970184 0.2635484482533635
