0 0.7195392854349769 0.664636817185775
0 0.7683945905579173 0.6192982937978662
0 0.7422110571971406 0.6300454761670984
0 0.7741153088762708 0.5464980628179468
0 0.7812916433195705 0.6014765526937402
0 0.7912704131525495 0.5747977282689966
0 0.809526156310154 0.5054153825925745
0 0.6225817365490872 0.4164009477781213
0 0.8391165287922258 0.4416433956312097
0 0.8566882862992908 0.4140437867330468
0 0.9086445986252764 0.31751026174296504
0 0.7152939391038988 0.6714460518049157
0 0.709315696488256 0.6776963855909265
0 0.7038860455479311 0.6812897588895714
0 0.6943438244254693 0.6981264497922814
0 0.6910163228926451 0.7075528409170068
0 0.6852053244719687 0.7190069820569909
0 0.6774322478019673 0.7299300100492394
0 0.6564738956968421 0.7433437015699303
0 0.7579860085540492 0.6263940241025842
0 0.7303564228603373 0.6166724469350732
0 0.5540357878755616 0.28330512305964595
0 0.6820363061421592 0.45910824200381406
0 0.6563385889824965 0.45243606826533445
0 0.6325876270623311 0.4430792536424554
0 0.606690169757475 0.41837798616160515
0 0.7064719692520474 0.4621989514516748
0 0.6862503432709238 0.38301087877024775
0 0.7134145492606837 0.3960959818052209
0 0.656206982129294 0.3769559886144555
0 0.6318645310871627 0.37918994685877927
0 0.5754068315677021 0.4225170638250268
0 0.5505025950057999 0.7267933990644372
0 0.6163903505176954 0.40630749127139215
0 0.49360119138398895 0.36778347751368645
0 0.55458615967275 0.3926008488820947
0 0.6262663793952569 0.5444230343984521
0 0.6952312151779947 0.6531318928884423
0 0.6852528118406949 0.6701816584752953
0 0.6596962304218955 0.6531538154767907
0 0.6326098611335391 0.655570485799209
0 0.6596019188671008 0.6662073757337488
0 0.6372930127317491 0.6648759271787561
0 0.5671925464564044 0.6691113140272058
0 0.749389520805815 0.6122801329778589
0 0.7577425158056228 0.5936304833578027
0 0.6097624157757863 0.34442633649577264
0 0.7007542527078287 0.5129286434339441
0 0.6831275906575762 0.5824991371320641
0 0.6831750431219521 0.5698629285978234
0 0.545615095888143 0.5115682985471642
0 0.7675937800465719 0.5686862971471703
0 0.6899466965266544 0.3439084376977838
0 0.6477738467409558 0.33842823764552243
0 0.6090504891927475 0.2633144762205041
0 0.791165002014326 0.40312156340350275
0 0.7314976904055347 0.4148865546869195
0 0.562303284669052 0.645582189767257
0 0.40917751549378684 0.5454435970472253
0 0.6945863049477339 0.5995239045308984
0 0.7102504698964565 0.6111970212148583
0 0.5954807248857358 0.6626285936521448
0 0.6015239244974826 0.6642964985059655
0 0.6408969916241325 0.31867623588313226
0 0.6745393926925634 0.5891400005506433
0 0.7376332818328039 0.3626062597917474
0 0.7448959347346554 0.34503053089846736
0 0.7551082495761954 0.26786938568820123
0 0.62499505824045 0.2922830488370812
0 0.7520487785501324 0.31302544733752374
0 0.5974455431265675 0.3272352006124414
0 0.5746491802856326 0.3064178433107293
0 0.6898799245043293 0.662407722680465
0 0.6596592318104662 0.6600590016530907
0 0.634979168439041 0.6603334095167077
0 0.6971975343058938 0.6045020844625391
0 0.5985589919044919 0.6635149743245996
0 0.6077071429108796 0.6727013256238854
0 0.6045501840341351 0.6651057388471521
0 0.7143347326504148 0.5995530869649804
0 0.6391569748520851 0.6676152136014856
0 0.6600239473678495 0.6698315050290978
0 0.6821886112751521 0.674388685433761
0 0.6244983518820094 0.7308332349943079
0 0.6507278019157441 0.7196243908094323
0 0.6594786890579954 0.7089861061262048
0 0.6672833192607631 0.6984525706457055
0 0.6727176997405679 0.6907456543134607
0 0.6334015965137793 0.6767084028409875
0 0.6277407740607209 0.6791016843007959
0 0.6197086896585382 0.6831870462583459
0 0.611538820333131 0.6881414081739343
0 0.6155153159052134 0.6248233582662499
0 0.4296875910266586 0.4358608390973962
0 0.7504227593865084 0.6282809045003808
0 0.6191028024920303 0.6712337639020837
0 0.6140353714480348 0.6717541839765466
0 0.7131499044759118 0.6201656129049218
0 0.673208332742038 0.6014570262121117
0 0.7118752674078164 0.6159001137899316
0 0.6675069863381593 0.5135245945142664
0 0.6192098017781973 0.5117439653562463
0 0.6720957914772241 0.5755674149679101
0 0.6743690071060605 0.25689555665721064
0 0.6823834124547632 0.2922356631444848
0 0.6905954113311094 0.3243407752202905
0 0.5792191894320042 0.6898446108983911
0 0.8028716768097618 0.3732987072156823
0 0.8153519716275774 0.34047937652339105
0 0.8305920487188775 0.2885200168775476
0 0.6139054225514764 0.43107391854991084
0 0.5372652946363973 0.4261538173841394
0 0.7242631355057592 0.46278506776560907
0 0.6005699362443842 0.378351828067199
0 0.7268872794735691 0.5082691456960595
0 0.7054804762744386 0.5820796038793481
0 0.4999029624235371 0.42525211235751276
0 0.5473751303051477 0.4501403834508813
0 0.5779331735456767 0.4719497825788415
0 0.6304189848673084 0.48650230428446894
0 0.671054210756784 0.49047011396159296
0 0.7031528447633204 0.49097408315409785
0 0.782107707032043 0.500259229152099
0 0.4819025271369711 0.47064086457957394
0 0.5812789126015876 0.36545939704646235
0 0.7463227198661669 0.6218660976575768
0 0.6968064485117793 0.5357911493467248
0 0.47465462132316566 0.3500885512517846
0 0.7306593577175037 0.4883558358835137
0 0.6646676395979264 0.5732680465864098
0 0.6041807912937973 0.4006819512533105
0 0.7069235617375892 0.5671717788862145
0 0.4152085334872422 0.4867906417535699
0 0.7285438050394473 0.45550437232722407
0 0.7381845262387524 0.5655017282651819
0 0.458244986710665 0.6369899656461633
0 0.4380046345455491 0.6461993839429773
0 0.4453409879832812 0.45076701900233396
0 0.43667687305613706 0.5944868948148645
0 0.5334841063570069 0.3342494275258935
0 0.5347182020221067 0.7385716941045678
0 0.7418204426117565 0.6245185520337976
0 0.6652543119195363 0.5406926896261133
0 0.5272449537220857 0.38581355473269585
0 0.643314432028843 0.43291863462199337
0 0.6635482047239075 0.4416092064069665
0 0.601004390693877 0.674274029939071
0 0.46611528944871994 0.5102589156316675
0 0.5609381755247064 0.7746084596799767
0 0.49546827744368627 0.7194230820821679
0 0.46835754491874704 0.6889214660810388
0 0.8829769166591375 0.3684113647626794
0 0.607842781216554 0.793897619454757
0 0.684683277555134 0.447040143220321
0 0.7063756681492795 0.45104194542636045
0 0.7208150045379348 0.4545126702474511
0 0.5620626889817093 0.35129881760348447
0 0.7143939304287019 0.4313853766607202
0 0.6958216397172731 0.41669972798098687
0 0.6747580684478516 0.40829259416331415
0 0.6515816670397053 0.4040408994840539
0 0.6352032892729925 0.4041465785192407
0 0.5113473135735029 0.31128435394038323
0 0.6307494243525941 0.42440505286921626
0 0.7322162662673256 0.6429710414098657
0 0.6472485013630079 0.6234032537626184
0 0.6981627966641731 0.5971326257871545
0 0.7003534285999511 0.6342826511548914
0 0.8211064075484223 0.4726251985715783
0 0.4815730998778473 0.6751843359159386
0 0.5065494662798617 0.7062343742536462
0 0.5717000593633755 0.7679940607236779
0 0.41777058261568134 0.6001115944074548
0 0.724849458783865 0.44702294131983883
0 0.7504273318564114 0.5259061362432397
0 0.6196782530649848 0.7876684214757836
0 0.5256497550998693 0.748924269883529
0 0.4305180004271476 0.4964378859685815
0 0.6521308869933304 0.6833609249280846
0 0.6457474746781847 0.6883201863454735
0 0.6373372365437124 0.6959496047185815
0 0.6285489842943524 0.7050157572912134
0 0.5975953176941561 0.7111539747404015
0 0.6178035055003737 0.6642560150312341
0 0.614088199182373 0.6613757517026818
0 0.6109483259851518 0.6582612063573754
0 0.5868971691993268 0.6328624393628991
0 0.5017980243200841 0.5418216492818749
0 0.7552630852745927 0.5028448965238488
0 0.7597014177590609 0.44458064696063165
0 0.7409950943420762 0.4415999796079553
0 0.6210654217587865 0.6663345124410547
0 0.47056102165547403 0.5814444925474084
0 0.7867513818099446 0.4535190012144006
0 0.571771176977326 0.7172880794691003
0 0.7971454436040443 0.5516910340475
0 0.7773551306808772 0.5250919248746789
0 0.8026439608277186 0.5300785805868066
0 0.7162310860079267 0.5494256760763085
0 0.6317915286382904 0.7752562668012536
0 0.6444538147391184 0.7582661177801049
0 0.6051574150181335 0.7423760320829309
0 0.5366218329366782 0.6638869430707849
0 0.6333166742292435 0.5789339091466821
0 0.5490445530285006 0.691329624860183
0 0.5738722967064899 0.5528951670812524
0 0.5992854910538249 0.589146437852279
0 0.5341159798123915 0.5742427971052086
0 0.5863376873666826 0.7563305642293847
0 0.6924564414860114 0.5534137632535852
0 0.5044544024554931 0.6649616148160852
0 0.5258678549333758 0.6963774707006372
0 0.5327835760443754 0.634703078477279
0 0.455334120956452 0.5441873576330102
0 0.49479774742022803 0.6202189709829248
0 0.42494820851994597 0.5427366759466088
0 0.5659079965527939 0.6069995071576989
0 0.7234254660003859 0.5303042437719262
0 0.7097566082425739 0.594270994870559
0 0.6885112900205929 0.592023840157882
0 0.7315700122195742 0.5869414474653161
0 0.7540888680226129 0.41439193746317987
0 0.7224382313535266 0.38505704662074214
0 0.6877717540963836 0.36951391360034114
0 0.6536867135082898 0.3629959489988244
0 0.6240033558367387 0.365275200812713
0 0.5829025059128585 0.39738574883212213
0 0.46550851222127676 0.4077861573385156
0 0.5847646006504479 0.4379623319791711
0 0.6082191199226223 0.454811378924743
0 0.64296353859422 0.4669285084890283
0 0.6773496990132591 0.47324443122614984
0 0.7059466587784498 0.4757758643316186
0 0.7273482961337203 0.4760751273321069
0 0.45037374155514914 0.39118966719378595
0 0.6836116092846446 0.5961509015249169
0 0.7460957717798327 0.545864024369613
0 0.7305746797634207 0.6032251383947289
0 0.7331028716719669 0.6144603039907373
0 0.7249511351565952 0.6046319033788599
0 0.6848619005683324 0.6029840256856835
0 0.7384863092523554 0.6180586125539697
0 0.7344295511265164 0.6211324240850365
0 0.7377320611444504 0.45941218992938165
0 0.7485768079109814 0.4696252371953881
0 0.7568458230437144 0.4779435898946679
0 0.624960939237929 0.40510820409525994
0 0.6136182644606932 0.3857728566812432
0 0.8128440242422663 0.5600752975629724
0 0.9522478461427533 0.5240174677060998
0 0.7703883270530597 0.6302423503087915
0 1.035951445284097 0.46450865527857904
0 0.8771155338086511 0.5228959109472192
0 0.8969793552937715 0.5329270507978356
0 0.9176691882312298 0.5398242618726647
0 0.9523567826203678 0.5290702845739281
0 0.8643843814244737 0.5129812862562096
0 0.9592358367112668 0.4673879887746728
0 0.9306136061963828 0.4626193430112756
0 0.9791304787377948 0.47827561160792476
0 0.9853740642252176 0.491656043736831
0 0.9551259192597606 0.5477970029996789
0 0.7095457859661268 0.7745023157285608
0 0.9642897423194803 0.5156037714170373
0 0.9905980587329554 0.5481899645017541
0 0.9805502480948749 0.5295734312223351
0 0.8536081169934376 0.6229120161222375
0 0.742316363622313 0.6682075526403344
0 0.7265976431739071 0.6830608036207116
0 0.7543850314358006 0.681100430695907
0 0.757635533971631 0.6927465822385706
0 0.7371645862155635 0.6894028331922448
0 0.7424968191139076 0.6959576513456261
0 0.7581164112071628 0.7317424323247826
0 0.7842579895387525 0.6240365411924279
0 0.7996446299974037 0.6080940630124962
0 1.0237043464313382 0.47587160131205686
0 0.840110639596115 0.5618039633916772
0 0.8169257738829955 0.6273453857587732
0 0.8227242241897013 0.6169583704160607
0 0.908425399304732 0.6370591666387475
0 0.8085861821537432 0.5828076269315636
0 1.0058406489374845 0.4472795571969903
0 1.0237586576005686 0.4586058284925378
0 1.0470545191479765 0.43107255956400997
0 0.9057398585845595 0.4422123636888421
0 0.9013278090759463 0.46682899853457577
0 0.7829488669724568 0.7187085416006005
0 0.8470949652078359 0.6940431978391565
0 0.7937693203111058 0.6323214914487756
0 0.7757739985118741 0.6331776168035425
0 0.7522286406677702 0.7099388267682947
0 0.7472067423488783 0.7076386358426965
0 1.0402970369095388 0.44482027551402215
0 0.8083049578025289 0.6337954904722131
0 0.9704262063555096 0.4410867120908654
0 0.9862176325658093 0.42550182601679926
0 1.0181951833807903 0.37167123219241266
0 1.0357136768491373 0.4493658508943475
0 0.9910292670778607 0.4075695779012597
0 1.036763739326726 0.46577267309893733
0 1.0305732433562693 0.4778749968694604
0 0.7350875679403543 0.6769482280897058
0 0.7459769922754039 0.6862079646276391
0 0.7505874730160703 0.6948188926862634
0 0.7860259995998248 0.6337150957273401
0 0.7497051608465288 0.7088456298993981
0 0.7430968248973722 0.7128218795942224
0 0.7446883934671464 0.7065637137578882
0 0.7964407596737146 0.6271108534025109
0 0.7352687913276579 0.6956549908803857
0 0.7296381960420505 0.6905270721601403
0 0.7194236473220846 0.685790577142135
0 0.6827724388922038 0.7494013454603112
0 0.7005095383071381 0.7343626286672509
0 0.7069133696672709 0.7230050828145898
0 0.7103237341279569 0.7111455347227014
0 0.7106061103227346 0.7018841173337853
0 0.7301766654557508 0.7044346120046533
0 0.7333748463703238 0.7099929358648217
0 0.7355961941344582 0.7172286059545434
0 0.7358285872994558 0.7250444914983667
0 0.7929820875920679 0.6837414409803307
0 0.9219188277974076 0.6113203670667565
0 0.7358355332651864 0.7049155857252039
0 0.7399064974616403 0.7086638476537621
0 0.7661703108283489 0.6379744436429895
0 0.79317783118914 0.6410598780797876
0 0.7708284011029679 0.6358083274053491
0 0.8537131092794563 0.5786185886548914
0 0.8795952435744845 0.6025761511014855
0 0.817535936832428 0.6246171857999718
0 1.0438015733076178 0.4008176710294641
0 1.0244508806778037 0.42581603786219724
0 1.0234926166417806 0.43229929467906125
0 0.736980361054125 0.7406607057737268
0 0.9326371161024207 0.41791385671366815
0 0.9438521282180495 0.3910854365514672
0 0.9746449555715789 0.34557927510012754
0 0.9372050135355928 0.5388047721074976
0 0.9613635011989138 0.5676847603010095
0 0.857782153736638 0.5052900340246118
0 0.9910840320036464 0.5030046310113824
0 0.8347218616501145 0.5463566209958948
0 0.816347408796782 0.6196832801984704
0 0.970431930668976 0.5922300483869469
0 0.9437693350988886 0.586709525792495
0 0.9174704428600229 0.5920008446859277
0 0.8819546729488217 0.5751004244970239
0 0.8597012298262637 0.5555397536443627
0 0.846788365393877 0.5410803939985193
0 0.8262684119298406 0.5163292910741724
0 0.9465367614251116 0.6326699640439905
0 1.003470852971077 0.5009144391702569
0 0.7678795419633389 0.6291118528531945
0 0.829348336905241 0.5817751552747643
0 0.9812318951539372 0.5351698066877282
0 0.8394571603478297 0.5285079862760461
0 0.8153350779219813 0.6241763021634973
0 0.9701359417775403 0.5155901100324548
0 0.8220619490451139 0.6063701536344446
0 0.8881500904326853 0.6516206290410913
0 0.8619161551899236 0.4968047585176385
0 0.8181034466656654 0.5929853226827538
0 0.7987513927661855 0.7461778309034265
0 0.7774449046701193 0.755390825478927
0 0.9446105299436528 0.6264290358709252
0 0.8345756473262673 0.725895967690841
0 1.013099846308646 0.5113350536512292
0 0.7002649286194987 0.786909642426864
0 0.7587763128559226 0.6304380085157312
0 0.8367361568076455 0.6000172521757043
0 0.9879835832702077 0.5334301974462426
0 0.925225840476544 0.5289636041807092
0 0.9052613897492057 0.5231776501821435
0 0.7452054665140484 0.7173229839490808
0 0.9159196076671714 0.6650318529294885
0 0.650330555503783 0.800125601498977
0 0.712533074795552 0.7840514447378075
0 0.7406813391362843 0.7726148988889612
0 0.8882039129410101 0.5140125419782555
0 0.8738638794292575 0.5044717993425286
0 0.865176396039517 0.4993818785833276
0 1.0140740965371546 0.49531802794207697
0 0.8903601640916389 0.48210469743479856
0 0.9152170529022164 0.4792313363241113
0 0.93835574015975 0.484828605859176
0 0.9556299031752608 0.4948345329450524
0 0.9618153729192589 0.5043085422204888
0 1.0151731647227122 0.497826698033706
0 0.9403134204609238 0.5285068776296533
0 0.7855447035120882 0.6693701293157495
0 0.7980156090596447 0.6304180886434472
0 0.758206883283413 0.6534588720487512
0 0.762320675117814 0.7617642547773278
0 0.7319538553609796 0.7737600948499597
0 0.6626501157879829 0.7941928054975427
0 0.8099754800129196 0.7299830820249474
0 0.8713602252790461 0.49128715059031614
0 0.8251565338476844 0.5522799756215966
0 0.6838467773454993 0.794737258164779
0 0.9117929710318213 0.6627021934675134
0 0.7223075145612592 0.7036294486211694
0 0.724286975177086 0.7112442400144494
0 0.7238412815267625 0.7212872531103052
0 0.7204756644432959 0.7323692466901697
0 0.7118203279602787 0.7475813057111658
0 0.7449661622876707 0.7017973568128503
0 0.7512103760534007 0.7024391915487207
0 0.7569574820606605 0.702164962499038
0 0.7915902068109616 0.7009067203687585
0 0.890274369198343 0.6744820978330529
0 0.8312132065386876 0.5301857974218286
0 0.8644213800359032 0.47819326779116755
0 0.8713962465686642 0.48194834253062374
0 0.7388149686157703 0.7006060983823693
0 0.852486465693168 0.708977809159652
0 0.8528121581867986 0.4776433255361474
0 0.7116186855279881 0.7603507663892664
0 0.8191788497016482 0.5399608757184899
0 0.8222969600363917 0.5860645081685937
0 0.677696700612812 0.7645590450452722
0 0.7706317499927853 0.7389330055402673
0 0.8227776278458212 0.6431014682935632
0 0.7415649427667909 0.7515612032102502
0 0.8680401234685079 0.6537223007368005
0 0.827863959595561 0.6664807107137597
0 0.8579303925128087 0.683797087876693
0 0.6717367304246062 0.7818082954572595
0 0.8229568616851516 0.5980469729589379
0 0.7746971294931744 0.749722781388656
0 0.7418360099520372 0.7624099161313928
0 0.8008018488307362 0.722803094594375
0 0.8849798679027868 0.6900023247884668
0 0.8189048854553181 0.7261835004972375
0 0.8756132854715638 0.6953509714292443
0 0.8205163844091736 0.6925582911657251
0 0.8272030457206394 0.5665393140005028
0 0.8054564486703147 0.6261956479238427
0 0.8072968154497768 0.6315695073293603
0 0.8104700048494599 0.6136068250821984
0 0.899640253542558 0.459934362380401
0 0.9454456863357968 0.45598892232646115
0 0.9780358783090892 0.46273407003153927
0 0.99715281650424 0.47379802128543025
0 1.0019109775514707 0.4866039600061334
0 0.9738605152005735 0.5222913052724756
0 0.9699792212442212 0.5881540205167688
0 0.9410937421185814 0.5579684045003808
0 0.9172404231908529 0.5610724355863488
0 0.8902160789331665 0.5511461879896081
0 0.8682390433614668 0.536310425012008
0 0.8548078493255636 0.524540462701217
0 0.846999606522529 0.5160610344098961
0 0.949617628817973 0.5716925885366357
0 0.8005465235075225 0.6349560644315637
0 0.8207825998897138 0.571820154397384
0 0.7965110221310802 0.6250923301862634
0 0.7768223506762929 0.6288403060125268
0 0.790981754174699 0.6266868140386499
0 0.7905117670964935 0.6377472784208215
0 0.7738341194294069 0.6298317577527917
0 0.7649798630534307 0.6313301827596581
0 0.8556464961527482 0.49684522411097654
0 0.8448657639648604 0.5023112799810326
0 0.8388845893837835 0.5095026936220086
0 0.9639406988154287 0.510727408139602
0 0.9827572152666424 0.5030647303747094
0 0.6680402550036493 0.42134039661158684
0 0.6939611854841528 0.43064050933589104
0 0.6791541841205048 0.4028676833795465
0 0.641503629234174 0.41189762613047726
0 0.6565952057666753 0.4397180702375329
0 0.9088365725525047 0.4937277104543603
0 0.9334818362865759 0.504316731898681
0 0.9218016538930975 0.47310785314311155
0 0.8838035214854323 0.4833078648733056
0 0.8960485260771669 0.5148772861646569
