0 0.6358580282468836 0.2980136310352999
0 0.6092523467188646 0.24719113228367826
0 0.6215747720581569 0.26329826841167375
0 0.5641701548411373 0.20123600726034127
0 0.6001138113722017 0.23156874086342605
0 0.5896984982591138 0.21113984841926425
0 0.5659849276522544 0.16098117711497287
0 0.415182530628478 0.19142861109153897
0 0.542890469233195 0.11733004859849519
0 0.5309193380774325 0.09603169852612066
0 0.49523849502394474 0.027040748035206515
0 0.6404244482265746 0.30502326114504946
0 0.6459587807393778 0.3123452382929185
0 0.65052927848156 0.31710562518998686
0 0.6504117647806803 0.3173375199822819
0 0.654181841556533 0.32420097846610874
0 0.6593133180956298 0.33252985570944993
0 0.6656412977709549 0.3413894503724341
0 0.6811214615021074 0.3591916374131745
0 0.6149276147914838 0.25525417514875826
0 0.5968624529456288 0.2602689032461129
0 0.3178857021693942 0.1526812513669332
0 0.48164311692684514 0.19186369344299914
0 0.4614171959176848 0.19829069399366192
0 0.441163404581416 0.20242976791718426
0 0.41081416858399467 0.19958438359054864
0 0.49781798310420683 0.18388120567097382
0 0.42234682232015747 0.15038297573725382
0 0.44855241131681933 0.1461870787190456
0 0.40133146671303216 0.15936294022728414
0 0.3912582475424819 0.17001701336280972
0 0.40015747552179587 0.214605684373893
0 0.6133411629793513 0.4014518985561296
0 0.40581088880949384 0.1884497182041991
0 0.34143346623529364 0.2220776642070097
0 0.3709566183231048 0.20829670101988548
0 0.5003339288606925 0.2630704875085868
0 0.6095754167198632 0.301574613533768
0 0.6250124943407276 0.31787155422509883
0 0.5904352083990846 0.3146868383183199
0 0.580921266149368 0.32583727789860145
0 0.608626898833971 0.3238899170183668
0 0.5968065774893458 0.32972341191534904
0 0.5696958431714698 0.35860299129112094
0 0.5911637293135567 0.25136981524673163
0 0.5791047746119117 0.23743884937435972
0 0.353730060128723 0.16364141071543975
0 0.5226406714081261 0.212374092317095
0 0.544130024779195 0.2613861584195904
0 0.5379107461196964 0.25375594812280994
0 0.43678344955927206 0.27789820409288596
0 0.5703985326400789 0.21808017235176236
0 0.38888763526320963 0.13361175504385256
0 0.3645935564101497 0.1466872119436077
0 0.31891319721559935 0.12106346733429853
0 0.4898647960228256 0.12347013108870562
0 0.474487806422801 0.14878607964983173
0 0.5454169969518476 0.3485223171757717
0 0.44561775349363497 0.3594392164080751
0 0.5662600923691118 0.26549765642951517
0 0.5856145348729966 0.2656061088337618
0 0.5751247604688009 0.34138063122244444
0 0.5798846888139781 0.33955028477837057
0 0.3480566961352835 0.13945503328360764
0 0.5486963773578531 0.26870232469895305
0 0.42833425827670196 0.12443513379377477
0 0.4169242070194035 0.11281018280515484
0 0.3760065059118633 0.06630203536912507
0 0.3342791835970014 0.1312929999594595
0 0.39946964798094353 0.09086107973958932
0 0.3384963819749245 0.1597838425168804
0 0.3288787600863332 0.15786119068370147
0 0.6168152481191772 0.31061730197831694
0 0.5996257604928962 0.3198188122581033
0 0.5886340000458408 0.32800763728571875
0 0.5733833031312323 0.2671331845077814
0 0.5775639195985431 0.3404616912206014
0 0.5872113664441974 0.34043916767718746
0 0.582503909803141 0.3385990507462445
0 0.5705387604890494 0.2571750014436011
0 0.603049648713462 0.3306406806497013
0 0.6153730008169569 0.32624195603763356
0 0.6313662886116576 0.3217578939363068
0 0.6519729749059878 0.36529310076844457
0 0.640157405334183 0.34652792939952776
0 0.6349269840787735 0.3374836468229107
0 0.6318105288195711 0.3289380961773442
0 0.6310359898498793 0.32205890206729665
0 0.602590496027017 0.33086133938209683
0 0.6000792514925768 0.33503035470551135
0 0.5979497832588002 0.34033526626287725
0 0.5974905294708058 0.346288989571964
0 0.551954020930745 0.3149865094353171
0 0.3829932127320817 0.28783484066233916
0 0.6180897679509996 0.25904324709200394
0 0.5936380549322201 0.33434410656199737
0 0.5903218567119872 0.33723995031095017
0 0.5949655688261684 0.2699762162040262
0 0.5624462554726419 0.27598311153112676
0 0.5904504578827806 0.2678085308448941
0 0.5049444291159071 0.22758305072784424
0 0.4753430749796614 0.24727173880034803
0 0.5396414024417411 0.26171035860099046
0 0.3356081803136737 0.09246286107044593
0 0.35532032009921494 0.1088249683380127
0 0.3743358702096255 0.12336397989123475
0 0.5927280061858616 0.3636455395642449
0 0.46988798923130276 0.10376398469887528
0 0.4515879347857544 0.07733988294414446
0 0.42797548257851903 0.0458683733846627
0 0.4231480352486236 0.20333373079112932
0 0.3856311543581355 0.23168794080322863
0 0.5079102262162961 0.1770657639877469
0 0.3769298832124799 0.18263145755319035
0 0.5319005286140281 0.19805321973912857
0 0.5511967029249618 0.25174662178637935
0 0.36717946443879657 0.24987580495722153
0 0.40527442713830036 0.24019008991765042
0 0.4347396143378085 0.23980402712728463
0 0.47310628745123307 0.2269149294086531
0 0.49866922444935086 0.21275303293676937
0 0.516388416793276 0.19975386297001557
0 0.5475861475437502 0.1700223871305877
0 0.38773379698081356 0.28237897508284626
0 0.3599662058967075 0.1845935255873437
0 0.6039136120035679 0.25743258233163874
0 0.5325409058277114 0.22734886758467732
0 0.34205994198593914 0.22093986529929965
0 0.5278381672589588 0.18696965657028497
0 0.5393662040243672 0.2632368686152439
0 0.39692640480612906 0.19147815774468815
0 0.5450961680351933 0.2422775801490335
0 0.4102887101314239 0.32346436089160396
0 0.505628010391686 0.17099172227522907
0 0.5558011202369562 0.2284318489186904
0 0.5050851961731407 0.3883518097447414
0 0.518232205749061 0.4033719277849384
0 0.37554897085020816 0.28779079633600574
0 0.4680050402753967 0.3735824332517736
0 0.33385155774370023 0.1881274464083653
0 0.6180304550420382 0.4170063336690267
0 0.6093802233285541 0.26061313292559457
0 0.5200549992830944 0.2440919595606187
0 0.3570200898979284 0.21554638942082724
0 0.4369223967886172 0.1923682876661712
0 0.45510945340249104 0.1894156208225325
0 0.5849018532012585 0.34410099188486737
0 0.41053578546781583 0.31181804339090985
0 0.6712601174785116 0.4285900686301437
0 0.5953134592575363 0.42238375252368404
0 0.56072127768762 0.4153384087132473
0 0.5131132995026021 0.06223388746672986
0 0.7200543875432719 0.42056165956983377
0 0.4724995602032303 0.18423757132361918
0 0.4886789422497971 0.17801674090179742
0 0.5000253332315115 0.17402288726731843
0 0.3449803276404047 0.18517056282828837
0 0.478842823062768 0.16272977286694096
0 0.457005343356716 0.16173446879667394
0 0.43738350410501664 0.16529509132983639
0 0.42065992611873 0.17253149958217845
0 0.41234944616188984 0.17950862996718464
0 0.3253669977691103 0.18442889288359998
0 0.4241779567320136 0.19255420974656648
0 0.6296965965238804 0.27628877349928316
0 0.5659708913871507 0.3007969856262207
0 0.5639386322930895 0.2626873301524742
0 0.6014603155071725 0.28482861612357346
0 0.5554379971721505 0.13954913849924125
0 0.5442859739190918 0.40076032806845274
0 0.5799382894854003 0.4090326393351835
0 0.6624393443015054 0.41901658563052907
0 0.4823285854315456 0.3861803961735146
0 0.49653513924482 0.16733714879727832
0 0.5462991585208394 0.19846467293945014
0 0.7121865301695554 0.41061075294719024
0 0.6311649280258372 0.4278036472844143
0 0.40159360618027956 0.32005857486350864
0 0.6149290302131749 0.3265509605407715
0 0.6134247739606769 0.33246693891637463
0 0.6138828313803371 0.3395769479228001
0 0.6168190225770201 0.3479878201204188
0 0.6201178650312786 0.36651045200871485
0 0.5879148984257179 0.33472129877875834
0 0.5816815498005992 0.33493660945518344
0 0.576070902468283 0.33451714702681
0 0.5448831807711959 0.33170221833621755
0 0.4414375077320051 0.3143436371111402
0 0.5393861378798505 0.18274087415022008
0 0.5112942804264117 0.1535201119441612
0 0.5008722609105493 0.15892360257167443
0 0.5940365803895621 0.33419641793942917
0 0.4627574823073697 0.35102135059880274
0 0.5276670360363989 0.1477849004315395
0 0.6156047592686198 0.3840809756634282
0 0.5816776405406904 0.19405502080917358
0 0.5559147920789598 0.18664543067707734
0 0.5741976929616325 0.17825114259532854
0 0.5448333545576168 0.22708015348397048
0 0.7025136394339775 0.39559711428249583
0 0.6912572288311987 0.37655489818722593
0 0.6538872990427138 0.38386016266018735
0 0.5517155055255326 0.36922608169854854
0 0.5282409221311158 0.2801669111438826
0 0.5825098916448118 0.3793779775208118
0 0.4775292611826321 0.2899843220617257
0 0.5176467266766834 0.30050405100280164
0 0.47569817732155073 0.3191748857498169
0 0.6565338343004637 0.40370096178615794
0 0.5385638284280834 0.23960494060142368
0 0.5401795491387572 0.38398008253060134
0 0.5767815284085173 0.3937320054746142
0 0.5234405531661923 0.3548433079439051
0 0.4325685933672426 0.3362780201668833
0 0.498173590953843 0.36249467905829935
0 0.4306432323113775 0.34914446578306313
0 0.5147010150841017 0.32516781956541774
0 0.5396756927172343 0.21249486067715814
0 0.5621021563493753 0.2564460459877463
0 0.5539810058939809 0.26429881769068103
0 0.5631981645455341 0.24403112542395497
0 0.4836706073978279 0.1409967775438346
0 0.4412719370946602 0.1386169054928948
0 0.4090675719176667 0.1449157583947275
0 0.3865026328634109 0.15514208989984848
0 0.37524325661518404 0.16742508317909988
0 0.3859180131542029 0.19919798654668472
0 0.3550993626630759 0.2554118142408483
0 0.41471898002463553 0.21892621937920065
0 0.4383404639702809 0.21860543886820474
0 0.4659486853120699 0.2115688113605275
0 0.4901917921339912 0.2012707696241491
0 0.5080484488845375 0.19104236831852034
0 0.5194460983517803 0.18227203219544655
0 0.3621346150772481 0.25404559163486257
0 0.5578328232724958 0.2686646826126996
0 0.5522915147527864 0.21265760356304692
0 0.5757480346703832 0.2531949421938728
0 0.5928855223997735 0.2577519229814118
0 0.5787407416331617 0.25560298152998384
0 0.5671407037143466 0.27183181164311426
0 0.5970304163196419 0.25814976177963556
0 0.6025091092797774 0.2613396457597321
0 0.5128974139941895 0.16965601958480536
0 0.5252011355468492 0.1703350684222053
0 0.5325700736247034 0.1711199213476742
0 0.4084698932583322 0.18429701702267515
0 0.3884062739364206 0.1804594268985823
0 0.6029082076458991 0.19143826587527407
0 0.727371578478109 0.11266646665685318
0 0.6365715018807584 0.2503496992821787
0 0.7840078239199482 0.03416462856180528
0 0.6741649671948912 0.14183723225313075
0 0.6966947734607423 0.13793261144675462
0 0.7176569665031594 0.13226791456633924
0 0.7409213766267028 0.1163213101087832
0 0.6534385429655952 0.142733237322639
0 0.6767123892337461 0.08474886884876326
0 0.6520238963863517 0.09297800999061734
0 0.7028111475932447 0.08241817062976313
0 0.7226696487217513 0.08611248170628268
0 0.7672119583258649 0.12216191432055305
0 0.7822319752053369 0.3606335041569729
0 0.732848822316037 0.10586953747506235
0 0.8343456787399098 0.09811953586690567
0 0.7873744044122817 0.10327548606722962
0 0.7262089443609181 0.2067419594409419
0 0.6613564456062477 0.2885734637578328
0 0.6708716853258478 0.30627020667580995
0 0.6963077230292534 0.288660909615311
0 0.7208463159794546 0.2909223145129634
0 0.6948243273964411 0.30223286151885986
0 0.7149995796791109 0.2998196283976237
0 0.7725682173097184 0.30823394597745407
0 0.6278649734545357 0.24224703452166388
0 0.6225156904775885 0.22647631168365479
0 0.7470637675579087 0.06525078240562887
0 0.6578279341323466 0.1782074068106857
0 0.6826563515240633 0.22672085668526443
0 0.681273990039584 0.21780919561199114
0 0.7960088474338065 0.18834366985395842
0 0.6119218994293535 0.20752781512690524
0 0.6794159794658549 0.05865527952418608
0 0.7159669867044762 0.05776383830051796
0 0.7450235382917059 0.012330328716951259
0 0.5878890501295967 0.09849544249328912
0 0.6348457321335997 0.1063146988550822
0 0.7813377994022289 0.2898138527776681
0 0.8986040710899901 0.24686286963668524
0 0.6696840791259637 0.23975782300911697
0 0.6539306379068753 0.24864276951434566
0 0.7512378461250273 0.2954811208388385
0 0.7455591743002461 0.2964690970439537
0 0.7230034186367245 0.044099568151960186
0 0.6882488848287848 0.23396456709095076
0 0.6367733005732926 0.07041921568851844
0 0.6323296852755648 0.056328990880180806
0 0.6315291969082023 0.0007252272437600529
0 0.7359310378505208 0.028715448052275414
0 0.6327244868258384 0.030603080403571035
0 0.7578610423245008 0.054366948557835
0 0.772791955038465 0.04539834868674185
0 0.6668419123701909 0.29791829165290384
0 0.695762313870941 0.29585432772542913
0 0.7179902309103857 0.29543615088743325
0 0.6658964443810379 0.24417850550483255
0 0.7483016212278277 0.29602016888412774
0 0.7376994387509954 0.3013680191601024
0 0.7423667917774699 0.2970605971766453
0 0.6544156894402162 0.23618683861751183
0 0.7126765693793317 0.302626277886185
0 0.6937642776513402 0.30630815730375405
0 0.6729271472254886 0.3112019884820078
0 0.7110035409404256 0.3508504185022092
0 0.6926549577511816 0.33330771502326517
0 0.6853126936321017 0.3247274020138909
0 0.6785409792566098 0.3169800487219119
0 0.6729314945921113 0.31126228267071293
0 0.7126148974342186 0.30247776648577523
0 0.7184662507053166 0.30446379792456535
0 0.7255067604000558 0.3074772217694451
0 0.7325833970484351 0.31148728669858444
0 0.7365901188508368 0.2692058904498231
0 0.8788673636279528 0.16366043745302686
0 0.726925821746955 0.299876425780502
0 0.7318886946022259 0.3005282201018988
0 0.6506880753150972 0.2562912094826792
0 0.6860512404502193 0.24550119802063586
0 0.6521782784522334 0.25260696457881554
0 0.687871169440354 0.1815949888790355
0 0.7318119922267736 0.1831295466890522
0 0.6896633292049296 0.22427941771114573
0 0.6962854469878764 7.84467248355641e-05
0 0.6910314353709482 0.022496803134095435
0 0.680006749519316 0.043945220171236525
0 0.7584315920680887 0.3227313429701562
0 0.580996401450805 0.0745776377472223
0 0.5760964811602726 0.04525537818085914
0 0.5667743622502194 0.010210261625402114
0 0.7340302950219263 0.1250398369396434
0 0.7995246201124875 0.12748574976827584
0 0.6386943985138261 0.14220305985095455
0 0.7502511624042495 0.08892197234957826
0 0.6350704471773236 0.17181753411012538
0 0.6643010619320447 0.2233797358531578
0 0.832584354947891 0.133252715363222
0 0.789502086518686 0.14382791752908744
0 0.76256856636659 0.15757100722369025
0 0.717203256450122 0.16554603857152603
0 0.6817274641890063 0.16619961986354753
0 0.6537652694726293 0.16441194216410318
0 0.5903308547498808 0.1590814473582249
0 0.8477443300722017 0.16767573473500272
0 0.7678113894120551 0.08200778446945489
0 0.6258155102468241 0.2520149502099729
0 0.6630816087441103 0.19443979800916186
0 0.8423465520520753 0.09453484708187627
0 0.6305264380410753 0.16015553240682565
0 0.6935837776852056 0.22480609837700338
0 0.7437923910245614 0.10416403471254836
0 0.6613888992035942 0.2130059471317366
0 0.8925397305548946 0.20332997686722698
0 0.635244207040167 0.13648049854764752
0 0.6359823831526036 0.20825462364682965
0 0.8659930923317052 0.2999872179592357
0 0.876396778766616 0.31543466624091654
0 0.8725912490474523 0.16370553596346987
0 0.8832001716275758 0.2709588700649785
0 0.8030362813281611 0.06965639778212004
0 0.7963426847498125 0.3743377175985598
0 0.6263665473913844 0.25637202169380935
0 0.6910046434603663 0.20130483776915306
0 0.8106951954998548 0.10078243063945397
0 0.7092645942913329 0.12329772056317796
0 0.6915006476615552 0.12865246160357607
0 0.743719597909018 0.30279399600683476
0 0.8607016057404788 0.19997053637224085
0 0.7668973977052713 0.4056690206714705
0 0.8268525374086597 0.366532049927057
0 0.8510003391700455 0.34490039769340963
0 0.6727836167259056 0.13192679601557114
0 0.6543510181491385 0.13409084315393485
0 0.6421881647552619 0.13621633543687708
0 0.7835219972747288 0.07402203129787072
0 0.647854535891537 0.11811068478752584
0 0.6633560657501221 0.10763299465179443
0 0.6819538979590694 0.10181020872265685
0 0.7025053491069295 0.10001435466841155
0 0.7166279212331973 0.10179037206313189
0 0.8145671489369517 0.06041023894852283
0 0.7202776197642716 0.11782492375841327
0 0.7089828916742832 0.2653846787471397
0 0.6675633056254326 0.2368351618448893
0 0.6615535262264783 0.27004754075817033
0 0.8449089708207529 0.3279491686353497
0 0.822261414950407 0.3508489272173713
0 0.760404791007062 0.3955675714156207
0 0.8921200243229604 0.2846047177034266
0 0.6386778178597301 0.12975290125491573
0 0.6191081975582783 0.17999874844270594
0 0.8000825321624048 0.3872149621739107
0 0.8849167074332257 0.19988870854471244
0 0.6938731303194907 0.30619438255534454
0 0.7005361942299307 0.31006118129281435
0 0.7077189538046278 0.3156055212020874
0 0.7153387753772333 0.32282552532121245
0 0.7382802671521022 0.337327756133734
0 0.7313608434129868 0.2978478927238315
0 0.7353996481070538 0.29548289495355945
0 0.7388942231608846 0.2929217418034871
0 0.7617970941438956 0.277773707520728
0 0.832897028339563 0.21713829741758459
0 0.6117000826300448 0.16434131182876288
0 0.608928316253147 0.1270096313719656
0 0.6250631462169599 0.1256304757267821
0 0.7271237785806133 0.29993103765973855
0 0.8578509801550757 0.25310903904484766
0 0.5862581810367762 0.13201322625665105
0 0.7616337140401205 0.34849146300671147
0 0.5974051829128829 0.17608928096060658
0 0.6490129237436544 0.20089428448209576
0 0.7291052341461182 0.36557238242205453
0 0.7992417042768454 0.3082934945237403
0 0.720489124205545 0.2323312759399414
0 0.784572071666959 0.3298957067377427
0 0.7730642552114237 0.21648097505756453
0 0.7507772611666329 0.24264448764277438
0 0.8071918583117457 0.23700686529570936
0 0.7476669057009089 0.38173641878015857
0 0.6689103826691832 0.20680314068700753
0 0.8266453129329762 0.31396179105721267
0 0.8058581266725113 0.33816079298655194
0 0.8064358546261043 0.28481529740726247
0 0.8695710761637627 0.2278268243752274
0 0.8380324815396015 0.2786218372045779
0 0.890897605489578 0.23495663147346646
0 0.7805420628076867 0.259226777974297
0 0.6406152605507445 0.18700470176397585
0 0.6599048632609693 0.23196655394984225
0 0.6773557320928775 0.23353394573810055
0 0.6439596998037668 0.2237712495467242
0 0.616324400097006 0.10626440655951407
0 0.6461306196727833 0.08557948879167146
0 0.6780481092034513 0.07566256032270544
0 0.7079374679533238 0.07332651404773488
0 0.7322475377014418 0.07756613399468217
0 0.7629149402747174 0.10449797966900994
0 0.856512193438373 0.12972491395239735
0 0.758298744632222 0.1326764880442152
0 0.7374001781648725 0.14310814118852802
0 0.7071602329423156 0.15018210224076814
0 0.6769198833135613 0.15309818118226295
0 0.6523611711550362 0.15323946756475113
0 0.6339616327849118 0.15179945207109638
0 0.8615943661218957 0.12837674103531183
0 0.6799607483143545 0.23825422221539067
0 0.6256075106592621 0.19414301947051404
0 0.6433113692682001 0.23637026665257474
0 0.6361779135490772 0.24710980583639705
0 0.6451874096182328 0.2391285779429417
0 0.6766459992163292 0.24467268644594678
0 0.6324158911966573 0.2494075672299254
0 0.6328503919553153 0.253757773661146
0 0.6272932441928719 0.1389398457957249
0 0.6163112568955884 0.14560695606119492
0 0.6091382199198888 0.15062431961882347
0 0.7254958077322079 0.10384550398471308
0 0.7374797450842233 0.09265395122415879
0 0.45236082243013986 0.1746789111810572
0 0.4755689526912029 0.1688510857376398
0 0.4443132402021674 0.1605825283948113
0 0.4289891435627193 0.1805572603263107
0 0.46026596942531406 0.1888583173938826
0 0.6837351387563134 0.11576329960542567
0 0.7071827785878242 0.11010321799446554
0 0.6755046301250216 0.10143364644518085
0 0.6602468224014411 0.12133853225147023
0 0.6921124805378008 0.13011354792351817
