0 0.45011741076798545 0.5330860614776611
0 0.46499991635589494 0.4870876799459043
0 0.45980686799663567 0.4987271013467208
0 0.4648810206386058 0.43892700948576996
0 0.4704559489922679 0.4734072244685629
0 0.4772432149266419 0.45507540823756787
0 0.4930667970329523 0.4108005299948264
0 0.3531040635931751 0.38114794786425604
0 0.5032700190887504 0.3842811593111011
0 0.5100116418755573 0.3676667006119438
0 0.5384558110457399 0.2916257022947505
0 0.4482048390352208 0.5380160834478296
0 0.4460945155714517 0.5425672107848568
0 0.44457906338831654 0.5454331152680991
0 0.4449191667625438 0.5451226942781089
0 0.443183488657941 0.5503195144128108
0 0.4407244376514269 0.5566131714461506
0 0.4376531159910171 0.563624690408292
0 0.4280785218124156 0.5831218171810758
0 0.46206757823086303 0.4936944894168688
0 0.4420537376857322 0.4892224401667498
0 0.2967632013656523 0.31420982013578
0 0.40501663428933726 0.4008717044540074
0 0.38443964007108106 0.39907775927281036
0 0.3653645500864672 0.39563361803690594
0 0.3429220772307852 0.384825038737145
0 0.423688019544858 0.4006936783375947
0 0.3880894304779561 0.36146273949871893
0 0.41099221644032263 0.3666027482005133
0 0.3660969851619523 0.3604641811571259
0 0.3508232051263685 0.36324913303057355
0 0.32271874663622485 0.39015889988429303
0 0.3400432814479522 0.5951850682065107
0 0.347106550982141 0.3766891006110371
0 0.26457208018426015 0.3727046951003697
0 0.3020937531052724 0.377792043098505
0 0.36672345322111377 0.45563377504763397
0 0.4261284930955457 0.5264448411222817
0 0.4232152157422641 0.5386220095814138
0 0.3998191454650267 0.5274580475212871
0 0.3805382535185503 0.5293793799220652
0 0.4029319416731596 0.5361482820649078
0 0.38565952946310456 0.5347057563671167
0 0.34252518423549505 0.5427003822464874
0 0.448123037815094 0.48380035593889764
0 0.4510773064001747 0.47030162206594495
0 0.32494032338423573 0.35030002265736676
0 0.42105190877033316 0.42836838442346326
0 0.40058086646477814 0.4699661092481751
0 0.40196316511086794 0.46223980793054553
0 0.3063589255123035 0.44348370683365973
0 0.4583150227756604 0.45339388087175897
0 0.37969994204847707 0.34541331555532373
0 0.34868651073749946 0.3447770489298779
0 0.32640046610132506 0.2943815722845603
0 0.4648952633547394 0.37418192625045776
0 0.42935110774377117 0.37519623058429663
0 0.3312818512077565 0.526645200839941
0 0.22584057688389136 0.5051643468331599
0 0.4125779306759005 0.48003063685652136
0 0.427895647149695 0.48689050691715186
0 0.3548517037668954 0.5326333374216936
0 0.3593915506549504 0.5331938197647316
0 0.3406495861709118 0.33484588023545087
0 0.39688309184882953 0.4751539316730223
0 0.4187247577001867 0.3547931602899579
0 0.41937070943253196 0.3437700150669485
0 0.4210089238603478 0.2784495336422022
0 0.3357843619406871 0.3137055868687837
0 0.4236145706280418 0.3101692324963169
0 0.3150082113545226 0.34270023824512097
0 0.3066581584837126 0.3279929459095001
0 0.4240556115122593 0.533256161040154
0 0.4012597591980644 0.5321666615596716
0 0.3830569789380483 0.532133482504582
0 0.4164671135013518 0.48316909696744836
0 0.35719232726842165 0.5329200323077216
0 0.3674998398384322 0.5368049542109171
0 0.36196967862222507 0.5335449982380521
0 0.4249471934593242 0.47831309187239496
0 0.38786906862388487 0.5366113695545472
0 0.4044937468741251 0.538756359314573
0 0.4233894360292217 0.5418169463890187
0 0.4005162984780643 0.57790542167166
0 0.4134204107458177 0.559169886768728
0 0.41686282841407735 0.5521077021308567
0 0.4203227964918251 0.5461549404738606
0 0.4237761491828639 0.5415098995402239
0 0.38791067910421156 0.5364552753559058
0 0.3839835710823536 0.5381974033687426
0 0.3795931745401543 0.540935224381046
0 0.37551850412526855 0.5446032639862834
0 0.3641998493315085 0.5077331126600072
0 0.23498959628784138 0.4317988416422968
0 0.46077309204670397 0.4961834809054499
0 0.3752499919222749 0.535071529340053
0 0.3714729081839323 0.5357645672300587
0 0.432886171033201 0.49327360547107196
0 0.4011886211355095 0.4841053140336189
0 0.4304637010006801 0.49014775822128076
0 0.396747098830731 0.43225424358810205
0 0.3606587748002747 0.43581854174102563
0 0.39584509538405616 0.4672414098960766
0 0.36663509702876856 0.2818009663319242
0 0.3737166419463313 0.30689266021700873
0 0.3769598126249469 0.3342550574005514
0 0.3565320270945844 0.5553006037421848
0 0.4651244910352904 0.3565485706363899
0 0.47205015146376 0.3172567499720532
0 0.4762276473414639 0.28199317187502765
0 0.35015178868628066 0.3909172648968904
0 0.29840294125935307 0.3955933693526448
0 0.4363894563006318 0.39971879254216736
0 0.3285651475029147 0.3660020439521126
0 0.43907648138701916 0.42249707078588183
0 0.4156931736708983 0.4679892106332641
0 0.270577658129775 0.4013334262198296
0 0.3092759032531277 0.40736126251842664
0 0.333826524650921 0.41670476828796277
0 0.37227312831775 0.4208422821501027
0 0.4019287590585325 0.4198128477386806
0 0.4250224094999873 0.4172664155130801
0 0.4727499476107566 0.41069507469301636
0 0.2609585082644354 0.4304290206536003
0 0.3126144079977404 0.3621798650078151
0 0.4517628447274151 0.49141806882360706
0 0.41679582874412124 0.44213316665179486
0 0.25806237352283107 0.3691941689753878
0 0.44368225558782404 0.41337876216225
0 0.3934923285699409 0.46725458511407825
0 0.3380009847004776 0.3762296550515769
0 0.41793137950741727 0.45880217396694684
0 0.2273677041673142 0.4670836286268372
0 0.4379193928578626 0.3952728794968646
0 0.43862595542779437 0.4547902665276458
0 0.25933793486784334 0.5472814483919005
0 0.25243325337119726 0.5635569130164989
0 0.2398913108703235 0.43096952593844867
0 0.24036070125420456 0.5234318133713542
0 0.2860805601205515 0.347815101561339
0 0.32915790427638136 0.6097346060517905
0 0.4525528548123396 0.4942530972370203
0 0.39464396469133056 0.4487133578977723
0 0.28462253191062936 0.3768747453240381
0 0.37062502101711603 0.3881592793741088
0 0.38721242352672247 0.3914679193842238
0 0.36377027209686197 0.538457587145377
0 0.25170152816597535 0.4590877976970396
0 0.35991806293959205 0.6348373596219049
0 0.3017277621218692 0.6061508931975433
0 0.2781460532189711 0.5884041691171951
0 0.5255337254670651 0.32689114152521326
0 0.40279005824223807 0.6440862555434739
0 0.4045808041549247 0.39305458250253095
0 0.42153353308853897 0.393953081490337
0 0.4324927065602463 0.3951202129972154
0 0.29916955583283433 0.35720109205315076
0 0.42176060095105483 0.38288490754970606
0 0.4052830319851637 0.3761971722478452
0 0.388170823900272 0.37262652749600617
0 0.37042189239645784 0.3719440137130627
0 0.35906322810636915 0.3735139935776807
0 0.27595036408013623 0.3379036153572193
0 0.3600283949028539 0.3845424678014672
0 0.45614467751558707 0.5099404704743538
0 0.38719934378953086 0.5032385155774545
0 0.41371059664727555 0.4780563625736513
0 0.4275575525572766 0.5056774840838667
0 0.49821945830531744 0.3964173828346142
0 0.281360919708791 0.5711242012355638
0 0.3037212590646485 0.5907461712325829
0 0.3636973820140828 0.6249470555264017
0 0.23525847097777802 0.5375377587650133
0 0.4330562680311825 0.39047849264697754
0 0.4515524059534073 0.4294299535129381
0 0.40753392486468604 0.6343935797179955
0 0.32799374725183716 0.6220351716746455
0 0.23267691448816788 0.4628794219182885
0 0.40463134087622166 0.5384624609048816
0 0.40021584211322275 0.5417730022167814
0 0.3962967390113551 0.5463504532109136
0 0.39247298507910705 0.5524540068446726
0 0.3751419406060291 0.5674769420554673
0 0.3715465534478426 0.5337413411209548
0 0.36834813480305933 0.5323845078979713
0 0.36584644626988017 0.5309242545694545
0 0.3441393990069628 0.5155058218085248
0 0.2761959338803654 0.470929105212723
0 0.45671805634122825 0.4156544329463572
0 0.4564859891796242 0.38966553885003796
0 0.44337713220359193 0.3880754346432893
0 0.37518716085216275 0.5350992187209751
0 0.2585267041931334 0.504356829152591
0 0.47386353770675865 0.39331627928692364
0 0.3567221061852963 0.5809242872224338
0 0.48270994092783204 0.43980308114618494
0 0.4684896989847007 0.4253061102784198
0 0.4877953306650338 0.4256248862847038
0 0.4282825415468086 0.4478554155515588
0 0.4137931077376656 0.6192900935808817
0 0.4212502193353746 0.6003024889075238
0 0.3869559489109594 0.5936095317204794
0 0.31956449098399153 0.5464860615522965
0 0.3732424486104561 0.4756177154140196
0 0.3353791770565769 0.5656136930852697
0 0.3274511798163471 0.46643563284390216
0 0.34954663183864043 0.4866887546967769
0 0.30006332780517964 0.48578756442968396
0 0.37283431851993437 0.6106482485066289
0 0.4122953570002447 0.45268710540688556
0 0.29605237957414077 0.5554418088733286
0 0.3173088404633429 0.5766401990600254
0 0.3093038751622257 0.525920429955358
0 0.24636833329239619 0.48401694366897363
0 0.2804384961643297 0.524341224760249
0 0.2307093806726777 0.4934212107589279
0 0.325955800347678 0.501708315766376
0 0.4345830177240398 0.4355761123740155
0 0.4197282272836436 0.47509951695151953
0 0.4052171499832817 0.4755541155303734
0 0.43258042840044136 0.46851710305697675
0 0.444935388053241 0.3770463578942893
0 0.4141806364869294 0.36301066694052325
0 0.3849912847837676 0.35615530912426935
0 0.3594489142136729 0.35479628003161884
0 0.34023737810228183 0.35782465209131653
0 0.32199180927937443 0.3775456638439842
0 0.249699376847433 0.40094905530197034
0 0.3320927344991461 0.3976229152817657
0 0.35127480344279954 0.40464132981023926
0 0.3779300693422556 0.40882239955058997
0 0.4041364555773528 0.4096437753110692
0 0.4255708220374325 0.40876612369564996
0 0.44092477210189984 0.4072139919668004
0 0.24565116797938294 0.39990793190140655
0 0.4038059883143591 0.47878734616265783
0 0.44665608336420165 0.44204819720724353
0 0.434148199532343 0.47903580078180286
0 0.44178620721820905 0.4871344626813695
0 0.4329281137932254 0.4808444743571074
0 0.4080187209436427 0.48352024866187054
0 0.4455245199572781 0.48930159859035327
0 0.44613417768446 0.4921009039533311
0 0.4450288492700328 0.39721692040346673
0 0.4542434183961671 0.4023825699004574
0 0.4595559666176205 0.40590889557548193
0 0.3524265150823023 0.3751628105191217
0 0.34016707073897123 0.36800427540488867
0 0.49869425578609755 0.44453402878581616
0 0.6299289681989214 0.4278826419857965
0 0.4817763860134975 0.49559059609537537
0 0.7171902687329313 0.38541682561238605
0 0.572180508757415 0.4283037937205771
0 0.5908442968907563 0.4330520940863568
0 0.6095405276054922 0.4362005962841753
0 0.6366671775670155 0.43373999042787414
0 0.5568511775978233 0.42240068014117255
0 0.6140292034201 0.4011793270491172
0 0.5910218248710685 0.3981442468753759
0 0.6331342589919982 0.40698720147644263
0 0.6440862582429595 0.4138033817643705
0 0.6503751952525066 0.4442489138547925
0 0.49311760561945644 0.6196310692939205
0 0.6387651311638562 0.42599004334297735
0 0.7053247419712336 0.4470003921052684
0 0.6747837972867748 0.4393431000087572
0 0.5679833328594333 0.4886822026708852
0 0.47585540345829463 0.5330778403558593
0 0.46881065096544183 0.5446611331856769
0 0.4974838816763266 0.540214068647744
0 0.5115650796695895 0.5464797685111779
0 0.4877047391365404 0.5471937742786132
0 0.5027514513096084 0.5499119395795076
0 0.532616388052702 0.5726998983949855
0 0.4818258654812108 0.4892715794452723
0 0.4896986589807531 0.4766159791877304
0 0.6733133387954339 0.40992664081462915
0 0.5391079854706059 0.44792546914971393
0 0.5311087142352177 0.4910986769026604
0 0.5348885770401229 0.483706067437711
0 0.626192996521359 0.49633585283721704
0 0.4947799405326014 0.459355720575305
0 0.6299607160136752 0.39126962164173956
0 0.6568244119053301 0.39918034923249396
0 0.70947709031727 0.35982626762942993
0 0.5390539447088605 0.3890699493712273
0 0.5696368774642115 0.3994152269501617
0 0.5542801785404268 0.5619716022325598
0 0.6414494678054167 0.5746705307476763
0 0.5130663193438364 0.49624716112579126
0 0.49523957397626794 0.4977058880571006
0 0.5287754764051541 0.5552680673806564
0 0.5244018901949343 0.5546063608017521
0 0.6695544096114843 0.39237245701361395
0 0.530076864944852 0.4965813349986422
0 0.5911528639009466 0.38738929231961566
0 0.5977228491202645 0.3776805089867633
0 0.6470335791616336 0.3175457210644432
0 0.6915277035340018 0.3744617121807043
0 0.6240772206498229 0.3449255647002787
0 0.6860787393930166 0.405225216910459
0 0.7032919151951438 0.3953336675961812
0 0.47251414985436463 0.5397400285886682
0 0.49248298160407855 0.5441477281459863
0 0.5071717379209788 0.5483078032300093
0 0.5074090762468784 0.49777637011762976
0 0.5265415599974601 0.5549306800400001
0 0.5157113865665768 0.5561497090519338
0 0.5219865792795367 0.5543134264324022
0 0.5044084395403448 0.4912574757700381
0 0.4989497788736354 0.5509379195130389
0 0.4837323353504357 0.5490181402883668
0 0.46565357093577797 0.5473779595416525
0 0.4552506336780346 0.5866658972657245
0 0.46185153601286205 0.5658468569534413
0 0.4644133973785717 0.5585826790851095
0 0.4657903946531208 0.5523077940595322
0 0.46588520009232604 0.5471413411955902
0 0.49898062047103175 0.5510086158047551
0 0.5014366809602665 0.5537171139233354
0 0.5032035631492086 0.5572920165200165
0 0.5039049149693354 0.5617503014163695
0 0.5383441650673099 0.5355136221733646
0 0.682634992605966 0.5074276993240135
0 0.5101231972322516 0.5527258126632028
0 0.5130662589293459 0.5542617699374324
0 0.4869786173753116 0.5020346702009008
0 0.5199288617333641 0.5030807610871135
0 0.49090268956902233 0.4999018648396368
0 0.5567297444719336 0.45872397958368494
0 0.5857722285487081 0.47308065580285114
0 0.5362782311504302 0.4898888062739718
0 0.6878122727832069 0.3370598926060442
0 0.666570386889836 0.3574151625667793
0 0.6394108412382395 0.3820138167643893
0 0.5106818500258352 0.5797031962353251
0 0.5504302651337956 0.3738411915475044
0 0.5785852603452362 0.335691946140234
0 0.5988436889551256 0.3032126638336458
0 0.6258267638799937 0.4367954091749329
0 0.6685089066462673 0.45646560796792957
0 0.5472911886222984 0.41770024705624237
0 0.6606999410559302 0.4220078337019768
0 0.5287311019618874 0.43740473622861115
0 0.5200897455215454 0.48505317992058355
0 0.6825019296906565 0.4705190131629723
0 0.6521862102267535 0.46377774684325507
0 0.6258208432599254 0.4650995264882627
0 0.589515480172375 0.4570006771364074
0 0.5640641844466977 0.44680702168008557
0 0.5458763114622106 0.43769228803938715
0 0.5104887955214666 0.4170543534168299
0 0.6703208278378715 0.4987816231838171
0 0.6759352370610704 0.4232101660707723
0 0.47259972698014713 0.49477290243342303
0 0.5338405366663052 0.46133663602497266
0 0.708065384917933 0.44505562816841016
0 0.5327818633421607 0.42887745128161664
0 0.5371320389373146 0.49040724574655725
0 0.6467760321886643 0.42797834976859717
0 0.5239691109922917 0.4760782053505165
0 0.6655183591596459 0.5407672403515249
0 0.5492284396744292 0.41327329347099084
0 0.5101473630284485 0.46651010496028955
0 0.5919355336252762 0.6018782664036405
0 0.5830830587479083 0.6180386888808098
0 0.6843591013356395 0.5055266653282054
0 0.6226232855216317 0.5868150825085847
0 0.7055085832658021 0.4186045035071995
0 0.49115371177701844 0.6355324594870858
0 0.4693297775786208 0.4969344683315443
0 0.547976681638671 0.47383410688759625
0 0.690246916335562 0.4438799809718478
0 0.609420906914317 0.4281445663908254
0 0.5930098845097034 0.42559891075327777
0 0.5177367521530908 0.5586365314497463
0 0.6582364797916102 0.5267863791921864
0 0.4457830184584726 0.6482349495956863
0 0.5139322402360647 0.6398569570071455
0 0.5458490947342437 0.6316807701967765
0 0.5775940095924813 0.421491215194481
0 0.5628949828121973 0.41695661043775256
0 0.5533688863658387 0.41465848554735596
0 0.6898900781474684 0.4217979139175968
0 0.5706290646415689 0.4076160637364871
0 0.588903179311234 0.4072014326634614
0 0.6059317284304163 0.4099170271901117
0 0.6214995155839816 0.41504584231238434
0 0.6303289121259814 0.4199800284012504
0 0.716252212939055 0.41206940792608954
0 0.6211588080648495 0.42850230569424835
0 0.5210948613998683 0.5245580267215121
0 0.5136646644576736 0.4943202319352523
0 0.4846058382612208 0.5148768122645392
0 0.5572668292924113 0.6159210939338242
0 0.5255299797686546 0.6264487625896067
0 0.4515197821285414 0.6388839725135029
0 0.6131204788613579 0.6003941798555679
0 0.5563158447975698 0.41069345456966455
0 0.5152205792458161 0.44003230851629505
0 0.48138716565849987 0.6460370982902638
0 0.6685177573691243 0.5358335228933804
0 0.48399821952309297 0.5489347240199214
0 0.4857155014153408 0.553160005721493
0 0.48578790818219597 0.5583394463511481
0 0.4845559660993192 0.5649893698485001
0 0.4852385894273934 0.5848427630852961
0 0.5145853812927785 0.5522477557693702
0 0.5183360336915307 0.5518248098483984
0 0.5218560235655826 0.5511976212695024
0 0.5508309944492319 0.5484023327412813
0 0.6321566317068494 0.5297695484714232
0 0.5194583536814088 0.42623619497686194
0 0.5369323388389919 0.4035617920799532
0 0.5491613191754922 0.40578265984853107
0 0.5102842924711497 0.5525801890138267
0 0.6230530137925044 0.5646053872246674
0 0.519591356182228 0.4023050316002058
0 0.4900100352647512 0.6021459482718206
0 0.5045943047203447 0.4313144649284473
0 0.5215085496235153 0.46324238310689514
0 0.4552479603368303 0.6044846833616063
0 0.5466386215032443 0.5829317405603934
0 0.5490767388888027 0.5040241281191508
0 0.5192933919151193 0.5949390504671179
0 0.5944257887161296 0.5102774561315343
0 0.562965486522602 0.5212992490201757
0 0.6038022988840289 0.5355906918428947
0 0.45464966053386097 0.6237172078395236
0 0.5309167169844327 0.47200692909351294
0 0.5578091701735621 0.5977486389270728
0 0.5256386654370505 0.610132754712865
0 0.5704447702383217 0.5680940082107765
0 0.6455898540823356 0.550392835036568
0 0.5930213934701422 0.5754178762435913
0 0.6497309653331405 0.5633077621459961
0 0.5736400322259768 0.5417574436768241
0 0.5239959350260703 0.4503920734792516
0 0.5114422570104185 0.4900334658830062
0 0.5230547678859337 0.49464473862578906
0 0.5059805454119392 0.48049851776897046
0 0.5549521085036837 0.3966633737951085
0 0.5902103072275287 0.3947311557721401
0 0.6198212010381015 0.3980583401693814
0 0.642470472694739 0.40432950292808423
0 0.65646983926063 0.4122463227182195
0 0.6587226351966029 0.4333580162214196
0 0.6970874376433052 0.4762514916019163
0 0.6377464824396631 0.44824609289998596
0 0.6168130427275015 0.44875100902889087
0 0.5910481051744326 0.4440674600393876
0 0.5677662938023391 0.4366166064704674
0 0.550364685204366 0.4293485992196677
0 0.5386744510868321 0.4233938157558441
0 0.6957119205237731 0.47595443328221637
0 0.5215852458191954 0.4977179921191672
0 0.5111731406625198 0.4527164818584055
0 0.49685469496509305 0.4892055694607721
0 0.48376136451311735 0.49395895781724347
0 0.4959799233500076 0.49113271288249805
0 0.5146032639819643 0.5005217160003773
0 0.4794316090157498 0.49475742423016095
0 0.4762071366219417 0.4969086802524069
0 0.5419871286367592 0.41299435107604315
0 0.530605642772887 0.41523620011149975
0 0.5239630997504877 0.4176082749297653
0 0.6351682336434074 0.4233798371708911
0 0.6499316924778016 0.42064655518186267
0 0.3876104190864641 0.3806265359339507
0 0.4081871716467583 0.3840592158013496
0 0.3917121854003357 0.369371954081715
0 0.3669130338922791 0.37722013955530914
0 0.3833551244486285 0.3920086121213609
0 0.6006714387432389 0.4161978169627812
0 0.6221928926913635 0.4200177330901657
0 0.6047514105296653 0.40451872262401856
0 0.5789004729493804 0.41215772473293805
0 0.5964504595360031 0.42789415691209876
