0 0.39285611348758215 0.6327689248152053
0 0.3042784370392632 0.6118152000652716
0 0.3354011881265709 0.6097559982214492
0 0.22038958963158606 0.5718568847202264
0 0.28218075468671694 0.601446339592766
0 0.2560610774037935 0.5806918341321305
0 0.19145110399602985 0.5202635431442016
0 0.056377604067754404 0.5766463785316236
0 0.12861583029909385 0.47580045747299926
0 0.09759347087187732 0.4589661854429367
0 -0.0043278648841867055 0.39426615453375796
0 0.40164490412179227 0.6375921813253397
0 0.41246601660474597 0.6419461815121075
0 0.42150417477678626 0.6441486327412029
0 0.43131692889783024 0.6501986436760083
0 0.44228501256993064 0.6580186786171728
0 0.456367163778209 0.6667972062342464
0 0.47109427440652457 0.6739801396957983
0 0.47802719509573005 0.6733032718253212
0 0.3178577258718385 0.6136565259851205
0 0.3011582768220696 0.6203358271441901
0 -0.09201935105186572 0.5458954028999463
0 0.12742362037408267 0.5575729068666221
0 0.11112991439924537 0.5699005525904342
0 0.09234722047972736 0.5800704842748733
0 0.055777730487233446 0.5828826330340328
0 0.13694805310641547 0.5461564666737383
0 0.029549839327947126 0.5366438101655759
0 0.05544510941139514 0.525799076397198
0 0.01307261590477374 0.5501538281813978
0 0.010376073902459454 0.5622262524339718
0 0.05406627673611081 0.5989207864378969
0 0.42814830238584706 0.7156131623652034
0 0.043171894850490763 0.5752086556567171
0 -0.0008136457819446957 0.5985890340309935
0 0.01574649706447153 0.5937518011838102
0 0.1976384574132 0.630222713794952
0 0.3692801501825273 0.6438498038072555
0 0.3960424284283206 0.6528454004004359
0 0.36163135912778566 0.6595502333900037
0 0.36204526836065937 0.6707950196327112
0 0.3865304169037359 0.6618939650515778
0 0.38203138470363845 0.6690938444183276
0 0.35061602769709893 0.6955678995234517
0 0.28705682557263823 0.6209457183417421
0 0.2632440338603598 0.6128170419805727
0 -0.046650201868382 0.5571621381246243
0 0.18144141870151034 0.5730394829576388
0 0.24245108932042295 0.6300976045977194
0 0.2306451047781846 0.621248130124217
0 0.13989705812159203 0.6541621456511866
0 0.23950561216409258 0.5926981532154754
0 -0.03448476880002651 0.5263158780888627
0 -0.050108741727664316 0.5413722341624312
0 -0.12093953899056506 0.5262987707940915
0 0.07233264542026199 0.4982484560043286
0 0.08453105758134123 0.5211085143942422
0 0.31716547938559553 0.6926409059439224
0 0.2254196874243464 0.6725223722358862
0 0.2699798071841828 0.6280045754993304
0 0.29308189748288344 0.6239893320269478
0 0.37231045318164413 0.6841872878158435
0 0.37692218032672253 0.6808749927689854
0 -0.07574800128559414 0.5349049666247809
0 0.2533753843044491 0.6322858858222778
0 0.003072443054162627 0.5123875705769267
0 -0.01950990224627854 0.5030505059245295
0 -0.10743375540637284 0.4720519909653039
0 -0.096516299948132 0.540100710270123
0 -0.06107556755594212 0.4954834975564061
0 -0.06822931845125249 0.5538668535387935
0 -0.0764119462858287 0.5576263268153888
0 0.38251007289337596 0.649520355577286
0 0.37416840643048 0.6613853619502376
0 0.37160189403332683 0.670473015156036
0 0.2792466374324094 0.627097307873991
0 0.3747388386040283 0.6825247492653113
0 0.3841759691135489 0.6834981543377946
0 0.3792581928433846 0.679191990020557
0 0.2692598488262231 0.6251242235064888
0 0.3903822098418677 0.6672977721348358
0 0.3960324442929787 0.6612675798396332
0 0.4061581656801329 0.6535729768748482
0 0.4490319296038694 0.6870435927622616
0 0.4452328088758089 0.6873021388587098
0 0.43248389350424565 0.6793170346619603
0 0.4213191931196254 0.6689014680469378
0 0.4149702657326806 0.6597419319251856
0 0.3947439798348242 0.6708879800269398
0 0.39404788120187445 0.677450854747821
0 0.39455943056147735 0.6848743232294393
0 0.3970408026548884 0.6915487504233948
0 0.2969769484562268 0.6682287640274523
0 0.10456035334429295 0.6228165462755928
0 0.32638698794858917 0.6119545115449558
0 0.3885558992266941 0.6740300413518668
0 0.3860792047399983 0.678873600670324
0 0.30899971451976604 0.6244742754168404
0 0.273735866415129 0.6338236702326387
0 0.30130314505357536 0.624425890822761
0 0.1745739845063189 0.5902048134194395
0 0.15759143215432156 0.6176176716725286
0 0.2389935911130562 0.6254722117044674
0 -0.1287628558756922 0.502793509167985
0 -0.09474588476782508 0.5198595204863685
0 -0.060228606279519536 0.5183917145949964
0 0.3802318425773145 0.6966168349162458
0 0.03617403797394366 0.48485718843655085
0 -0.012032001067122681 0.46752114008409906
0 -0.06633052458580163 0.4376925381418234
0 0.07288873031270876 0.584773602386633
0 0.0504443351027491 0.6170097817056857
0 0.1408939976200497 0.5379665591084538
0 0.0015653496165927365 0.5730626585003668
0 0.18102955346484836 0.5592670777735238
0 0.24330017320829617 0.624760160907008
0 0.04625139133535701 0.6306262845619799
0 0.07824663399792403 0.6243745366605326
0 0.11004032684172943 0.6196664154720002
0 0.14186773579612338 0.5973968169750116
0 0.15821901760655913 0.5767403718191214
0 0.16650244983123075 0.5613090109330016
0 0.17771768998756682 0.5338173945681356
0 0.09340986266410609 0.6568699721901562
0 -0.018351211893758615 0.5750274797217153
0 0.30714128957949666 0.6193590006127525
0 0.20456701495664584 0.5889285769515906
0 0.0013029909105323773 0.5805861239616101
0 0.16964649925414893 0.5483141484351965
0 0.23987148748599083 0.6226106777358741
0 0.03304627173238521 0.5780154462820425
0 0.22967072785329476 0.6134043063599461
0 0.16058301714827403 0.6474894614646229
0 0.1330534541706959 0.5332992049261404
0 0.2312343849552621 0.6028222179831788
0 0.306951021047519 0.7109876726382076
0 0.3330837288062921 0.7085506900811729
0 0.09146049954622483 0.6469305048164088
0 0.25772225670963167 0.7013248269931196
0 -0.04179675251745778 0.5765731399432539
0 0.44372233498296576 0.7243229703019602
0 0.31723971182493854 0.6167374206617617
0 0.20436163264498722 0.6059888750790788
0 0.005118758415432571 0.6004562145604874
0 0.08215064710850338 0.5725714854729442
0 0.09934889019536172 0.5639179379414445
0 0.38325904027449426 0.687845311606654
0 0.14209018744153085 0.6748988982587577
0 0.5073074408286481 0.7205450986140072
0 0.4234010818765032 0.7219937314240696
0 0.38408025506017307 0.7167249105799313
0 0.047379775513276205 0.4293534904718399
0 0.5556043197782777 0.7010501419393399
0 0.11287725600693152 0.5532876909160005
0 0.12333612912278667 0.5425955348502333
0 0.13038114531577635 0.5362603808172975
0 -0.03661885807554213 0.5751257336939486
0 0.10256175743304283 0.5335565890176609
0 0.08032374687903791 0.5398652428826585
0 0.06211795123646871 0.5498312427022587
0 0.04932852936305588 0.5606728132349995
0 0.04481931648951926 0.5679476741975108
0 -0.053049678853947485 0.563117187434492
0 0.0680782048822307 0.5760154098557969
0 0.35375210750017233 0.6171435413840479
0 0.30015245380161476 0.6550403954312444
0 0.26524960687406346 0.6279563522948244
0 0.3271609942833011 0.6346274871414843
0 0.1613807554582326 0.4951177565053629
0 0.35615348858799006 0.7170405563074179
0 0.39880190192938425 0.7202523379280164
0 0.49227255153999055 0.7203798034130194
0 0.2841102871105825 0.6937401626056756
0 0.12236321640672158 0.532760647919993
0 0.1984885829529888 0.5653210266139179
0 0.541092261136007 0.7006537045914525
0 0.46400483077664456 0.7252591589388375
0 0.14492188869334524 0.6673261121439096
0 0.4028825045203705 0.666539628475238
0 0.40510118379295584 0.6750389198525645
0 0.41052414158837114 0.6843877013879843
0 0.4192998427853024 0.6928425460768203
0 0.4136160396271758 0.6949062668286954
0 0.379835700388435 0.6749269800445142
0 0.3726221626039318 0.677306056022644
0 0.36579973563301765 0.6787430042275986
0 0.3032107831334039 0.6813610013300618
0 0.17653633879243041 0.6785514025261608
0 0.17838525128879135 0.5456871457945425
0 0.12502472549319554 0.5178281422049854
0 0.11913160926146472 0.523908946270379
0 0.38630954739001155 0.6724233113157864
0 0.23101125525341903 0.6958326429795152
0 0.1380246003611768 0.5119223489928931
0 0.41956198529945576 0.7037760763884352
0 0.23456556812750637 0.5603110746453746
0 0.2001328599824608 0.5542038349678722
0 0.21429048182009508 0.5411549392409218
0 0.21817431046808367 0.59363411590695
0 0.5204582766091509 0.6928545857389895
0 0.49774177440350575 0.6818267393607301
0 0.4619488850486078 0.6973541915988009
0 0.33816734392294207 0.7036605537318574
0 0.2410972169834933 0.6405996114682084
0 0.37867372784969044 0.7054961019049818
0 0.19524454477307893 0.6596001350460723
0 0.24720108101693847 0.6612034759011132
0 0.217813309290998 0.6809694056693738
0 0.4761786363679442 0.711324783178945
0 0.22090385121693143 0.6025876220994102
0 0.33725654707252267 0.7126262609760601
0 0.38323663493140425 0.7137455299449044
0 0.2971257671034879 0.6989806111628255
0 0.18664087337269772 0.6871119573855171
0 0.2764554230286349 0.7041160273856629
0 0.19901862654754585 0.6851564322035915
0 0.26473239721725883 0.6805241641145163
0 0.2013013772398448 0.5766519303329456
0 0.25877914032776006 0.6273734777118452
0 0.25527567185943933 0.6314637996137332
0 0.25044409719874244 0.6196546663110629
0 0.08358390118292482 0.5131253468723723
0 0.035985479323412305 0.5213096703584201
0 0.00537575163143716 0.5346363498189579
0 -0.011076629376239914 0.548754128689964
0 -0.013386659556441456 0.5610596963201469
0 0.025495671111045125 0.585128078445459
0 0.0431216990204452 0.6239862333471402
0 0.07385884236088759 0.6016358109518362
0 0.09963139405639337 0.5967248230696486
0 0.12429795709016511 0.5821998583051724
0 0.1416920602178688 0.5654959083555605
0 0.15150695660417315 0.5520144562942152
0 0.15660515484764137 0.5424121640170344
0 0.053561154172289 0.5995818704081038
0 0.2631217282024219 0.6318302185009843
0 0.2155913085245686 0.5830908901394366
0 0.2711686464808256 0.6249935302300195
0 0.29482684132578274 0.6213230148862345
0 0.27698100520838365 0.6235968325846493
0 0.27591124834488334 0.6312331416355536
0 0.3000349436732505 0.6216179381925077
0 0.30938516503615343 0.6194950197451412
0 0.13993257255577068 0.530840176553391
0 0.15371550433784367 0.5306947968257502
0 0.1631952934413791 0.5330041202302939
0 0.04352116270316876 0.5722524828423327
0 0.015041711447621993 0.5709311541276999
0 0.2572463200532561 0.5483017859938807
0 0.34092044958965384 0.37791837523349175
0 0.34393058777998964 0.5933096583087605
0 0.36036117271267826 0.24212562399931228
0 0.2943309167449137 0.4353409952249009
0 0.31778089912961144 0.4226779174119139
0 0.34088904280170834 0.40753657358903855
0 0.358292687854035 0.3738378658176611
0 0.27306290031622926 0.44397656395793345
0 0.2639558162334726 0.3691235795474281
0 0.2416344538724108 0.3884082617470251
0 0.2920203559118495 0.3548460411377989
0 0.3174955061585497 0.3492422239563336
0 0.39452334616681656 0.3693034643658434
0 0.5866283301255114 0.624528663703047
0 0.34324030667471944 0.3650188616956004
0 0.46464735312427546 0.29569569734719614
0 0.40431939454959165 0.33365176522884127
0 0.41081372082090495 0.49396556406356273
0 0.413184717118883 0.6146486845260231
0 0.4342745128009531 0.6271094443699041
0 0.45011611236371013 0.6026476590206828
0 0.47747869657383835 0.5950769386923732
0 0.45748998592797513 0.6147124979633112
0 0.47779040599612593 0.6050796062230303
0 0.5408029570568094 0.5764117503699403
0 0.32247821861605563 0.5990977985219071
0 0.3048226313768245 0.586581068774001
0 0.3243596188598971 0.3101466327143934
0 0.31027074604869176 0.49032577729453675
0 0.3772775212066065 0.544847242177104
0 0.36789282706144044 0.5337294372506797
0 0.4772544072972213 0.43927150917129393
0 0.27912731915355016 0.5673017285692806
0 0.24168801050391986 0.3391562632668894
0 0.28244936330427084 0.31870860780199495
0 0.295040851659912 0.2440679797920556
0 0.16762549799980878 0.4274494324248439
0 0.2311642208545328 0.4096676744877721
0 0.5353408095647962 0.5548125318825816
0 0.6370220347274121 0.41936742992827686
0 0.3736922339283877 0.562773911812054
0 0.36271974780290817 0.5791460125210186
0 0.5148309191925634 0.5858494898381705
0 0.5097039477716533 0.5895855939045501
0 0.27940984266839153 0.29755585743025087
0 0.3882312575976054 0.5464904139788387
0 0.20311554180060645 0.3732810395118147
0 0.18647910286482575 0.36004688469365764
0 0.14206460800816972 0.29977896652473046
0 0.2956747066774528 0.2770347535705414
0 0.16877638578986665 0.3388576118614727
0 0.3292278871833563 0.2888738085001041
0 0.3532646537112961 0.2722251990351814
0 0.42440645285933426 0.6212549407642108
0 0.4539426305025316 0.6089074441228812
0 0.47759697320078204 0.6000419275257916
0 0.37300061636405596 0.5678602333266896
0 0.5121671597448756 0.5878548198424208
0 0.5087646135895086 0.5984341645964418
0 0.5070763906414846 0.5914427360025839
0 0.35297739362831027 0.573135542031675
0 0.4779493660092068 0.6083223100858756
0 0.45989435439487153 0.6183575460324272
0 0.44070413873064146 0.630339269344799
0 0.5078673385601822 0.6517811329981771
0 0.4960561064507464 0.6542697924965868
0 0.48010295186397267 0.6481509650477205
0 0.46333495032587213 0.6410955939049157
0 0.4505095816344666 0.6360029136410917
0 0.48352963289768575 0.6110444680189553
0 0.49279612903114706 0.6106399934703168
0 0.5045153420034358 0.6108581921734368
0 0.5159603843300177 0.6116576838417175
0 0.4690711898483533 0.5591280567950715
0 0.559102540679401 0.3331862047267036
0 0.4949716878451889 0.6017193784728979
0 0.5014368871704852 0.6001850800773206
0 0.3641100976106932 0.5890357073503562
0 0.3954037582273964 0.5564955346310101
0 0.36337881865833016 0.5844426569275962
0 0.34541370356969125 0.4805022521902578
0 0.3975554180088089 0.46394557022629457
0 0.38177836155719896 0.5341843299020212
0 0.22361939845325277 0.26115238952179687
0 0.23492216685121295 0.2967099501206852
0 0.23100009188949347 0.32109215427130555
0 0.5382292513652958 0.599665115150019
0 0.14139306681047525 0.40586990346542945
0 0.11114224716484976 0.3835415430247974
0 0.06930576218403786 0.3436871464260089
0 0.3565644497494046 0.389573494466349
0 0.43683548282376294 0.36068992530956817
0 0.258169950841428 0.44890312593394577
0 0.3493353461475967 0.3369150139843694
0 0.28057391816477695 0.49519289949069767
0 0.3540546189395072 0.555142089391288
0 0.48497237976220586 0.3496088687889873
0 0.43647459956953566 0.38865341250888835
0 0.41338353505809244 0.42004400729752195
0 0.36277666523588076 0.4487209493835894
0 0.32156712695849027 0.4629470045193316
0 0.29065551674909157 0.47208578594195577
0 0.2186157350345767 0.5071894383658997
0 0.5247971695675838 0.3828278944705622
0 0.3646281720351258 0.31845566192374064
0 0.3290965800805629 0.6056620611931188
0 0.3292233668071189 0.508819828113428
0 0.4712838550551618 0.2725136344806074
0 0.2634730990127408 0.4784396611653959
0 0.38596348310831924 0.528877033783605
0 0.3533139061584747 0.356417539830025
0 0.34178454898815935 0.542065111878581
0 0.6009506901962866 0.3712861514129578
0 0.2539105575433452 0.44151777766954403
0 0.30846389270514896 0.5536600489395495
0 0.6371286369913773 0.5143592992720132
0 0.6612376509238777 0.5155316008546482
0 0.5541062277855633 0.35278207830156383
0 0.6358141901967622 0.47121863976454204
0 0.4073441551743651 0.28088166771795803
0 0.6123075262248088 0.6296245394804226
0 0.33459797623060306 0.6053821471171638
0 0.36556436160771394 0.5024241852684143
0 0.42928873434912956 0.3169744445588261
0 0.3244592243675991 0.40194271414424665
0 0.3055588237816195 0.4154193567963073
0 0.5162482733349149 0.5968625206535998
0 0.5611529440330945 0.41087346440686967
0 0.6008338679512628 0.6689967201731075
0 0.6428361033364166 0.598109739276167
0 0.6541419180748845 0.5620189636660079
0 0.2864650690155349 0.4250567513056837
0 0.2681710474210963 0.43328983058182957
0 0.2579778151975261 0.4392814184910954
0 0.3777344329751653 0.29743147448609814
0 0.2546983608524862 0.4167732862047494
0 0.2663925152173717 0.3988855437348826
0 0.28532984531183037 0.3854273317720943
0 0.3073192155189651 0.37483163825429666
0 0.3234431027508468 0.3698962805465387
0 0.41599124184043573 0.2513182127056792
0 0.33518629337100386 0.38947545030056097
0 0.4355831813755081 0.5691532220322484
0 0.36924135356212406 0.5627990240296616
0 0.3862523941113223 0.5973300662474891
0 0.6341964458104232 0.5554933053807328
0 0.6248178836538923 0.5915163942038442
0 0.586400306625046 0.6681111755843361
0 0.656697935337643 0.46916524794535897
0 0.2531250733837521 0.43327453085027945
0 0.26863029799301275 0.5202585723453437
0 0.6269999282251445 0.6343196203914313
0 0.5917150505440985 0.38676560639192503
0 0.4681064629440399 0.6227912081125826
0 0.4805532206448434 0.624619396921164
0 0.49550092563354714 0.6280209404020645
0 0.5107593573540521 0.6323281376125713
0 0.5284633519266435 0.625051953255559
0 0.4948400859352496 0.5968359236519176
0 0.49693188021223034 0.5929546980812146
0 0.49875312014449413 0.5890799926492734
0 0.5032906738116587 0.554235822381303
0 0.5395857180051095 0.4496668052559082
0 0.24818290673571525 0.5006332774512684
0 0.21593273450716507 0.4464021846890069
0 0.23397414568516847 0.4352183552881399
0 0.4930008038056554 0.6000208823254314
0 0.5944099416263955 0.47113536274471224
0 0.19166421025491162 0.4675796760823399
0 0.5574298442410622 0.6227637396072047
0 0.23978978659895112 0.5286957610148592
0 0.3186750492031912 0.5295509643638476
0 0.5330542853410295 0.6559159661443851
0 0.5701572976524024 0.5631689934875257
0 0.423110087569669 0.5243399532648702
0 0.5698551399816426 0.5915739457256878
0 0.4718674552812279 0.48418519453118786
0 0.46573735341179573 0.5227832539965169
0 0.5252751895277906 0.48791397151093896
0 0.5621561137892359 0.6624010510909291
0 0.3449523107325145 0.5229721443531231
0 0.6052487425381046 0.554004228343598
0 0.5981451481652202 0.5889675363945884
0 0.5598303998688714 0.5368089116990756
0 0.5903321691840101 0.43517774967149425
0 0.5917190599212829 0.5119620508279282
0 0.6209730481644042 0.4239493767483928
0 0.5104429310174297 0.5255247786783943
0 0.2988415840003702 0.5141735398731293
0 0.35595341280495807 0.5671192615176923
0 0.37709588069709943 0.5549715006122955
0 0.3293355900606663 0.5704178384508187
0 0.20890315638171683 0.4198194014283415
0 0.22785017580437145 0.3850977581244307
0 0.2562659290625895 0.3603125319313317
0 0.2881309848895176 0.34306266561102944
0 0.3192434766881472 0.33451923418540164
0 0.37578477505013813 0.3472160908360832
0 0.5128035894114908 0.322100532464326
0 0.39081856372545093 0.38782700105977896
0 0.3726870987912734 0.41180352023996103
0 0.339306518042402 0.4329771867004065
0 0.30592011976585115 0.4476491773661714
0 0.2801595765480892 0.45700189680718006
0 0.26065660980965594 0.4636518734807785
0 0.5157050420340302 0.3008733976382417
0 0.3830283438559059 0.5560201777817723
0 0.2862170968981956 0.5379831176786758
0 0.3382511477676227 0.5839298899752644
0 0.33992919004220756 0.5936810802727842
0 0.3440820793453738 0.5824972670108747
0 0.3846487218527485 0.5621038545815709
0 0.3358987439736474 0.5994168334304334
0 0.34111596568882896 0.5992832996974737
0 0.24575589708001208 0.4494629379468985
0 0.23771379398499176 0.4646826041297029
0 0.23290857508314028 0.4779661118793792
0 0.33428076374159155 0.3672618539855122
0 0.3381842855069277 0.34817553571047494
0 0.088008936789396 0.5463124012794739
0 0.10789998765472028 0.5330887529225395
0 0.06874843910157824 0.5349275934429595
0 0.06806635363496465 0.5597304917943363
0 0.10699750436581582 0.5577163176414685
0 0.29436998851865315 0.3957697404935337
0 0.31791649076292555 0.3804951534389307
0 0.27412487427107723 0.3827587067604827
0 0.2709816011736433 0.41074080217760595
0 0.31476527752636146 0.408702710089973
