0 0.4894080035042662 0.4787295786652842
0 0.476423442363739 0.4235108785357764
0 0.4770724643886341 0.4395372156287993
0 0.4397125539648885 0.3645175802891506
0 0.4740043754064584 0.4054295745891467
0 0.46964752422606393 0.38099768549239227
0 0.45787605530099024 0.31961915501496124
0 0.214188825732042 0.32440798704027424
0 0.4488225456028548 0.2676795273842478
0 0.44532008261620243 0.24234375325810442
0 0.43111129520060143 0.14973837147828098
0 0.49089255866119125 0.4845933914891624
0 0.491869275831472 0.49039282217568775
0 0.4922325583449899 0.4940604037237337
0 0.4958032824822116 0.5104065468868468
0 0.4983922947308182 0.5190439893823219
0 0.5010228047642526 0.5297837844947054
0 0.5031766521779797 0.5402929646406026
0 0.4954301770226362 0.5502443894796949
0 0.47689598434082064 0.4320882119035099
0 0.44856748198658103 0.4334013651557099
0 0.11105575880923854 0.2491433232987337
0 0.3119249121926505 0.3363266863715465
0 0.28037504543735003 0.3394189741405021
0 0.24958429262356416 0.3405691790411057
0 0.2053591626605907 0.3307712636667073
0 0.33881583055363423 0.3321822178179966
0 0.2544129990072693 0.28241779124043875
0 0.29428467003605036 0.28429689504922073
0 0.21857695633600532 0.2867698993617812
0 0.19684377142900153 0.295728343732275
0 0.1875569875733259 0.3433410708095397
0 0.3870642477575737 0.5755959003986979
0 0.20155293755390474 0.31846918927534335
0 0.10683992517648366 0.33124062507319424
0 0.15449378359669874 0.33001583383318084
0 0.31524375684653655 0.4137352848533775
0 0.4533447635827688 0.47837501453193765
0 0.4607055632373955 0.4925901057598571
0 0.42077778487265866 0.4882411067313288
0 0.3998709136800927 0.49701697560533226
0 0.4346958172472217 0.4968147410758167
0 0.4148314062050123 0.501576244972496
0 0.3560353925585244 0.525888713017053
0 0.45163003515593614 0.42458614632752445
0 0.44499580052834525 0.40752494370527254
0 0.1600991478700678 0.2809965372226982
0 0.3681469185568612 0.36390064061041544
0 0.3805237057214045 0.4233754496416022
0 0.37519590210814013 0.41357963888387805
0 0.22046344063956022 0.41635460785699485
0 0.4416472164890434 0.38453270807809253
0 0.2268702074696746 0.2600979009203498
0 0.18497442683590112 0.2667867713127272
0 0.13540394931151395 0.2157217554067519
0 0.3713316550234702 0.2707920800607258
0 0.3285560131324494 0.2928448594479091
0 0.33171150968547614 0.510284415343478
0 0.16725019016597845 0.49153645812121716
0 0.4054595664583681 0.4320522102031278
0 0.42993266654165485 0.4354695336957278
0 0.37459807594617206 0.5111067464767401
0 0.3828081025855954 0.5104859802222337
0 0.17034733175979888 0.2560663960723832
0 0.3806571271349106 0.43101479362338463
0 0.2859560604588392 0.25985645993324363
0 0.2795369317008473 0.2457582068188759
0 0.2510688477804892 0.16837191408497865
0 0.15862218884727622 0.23441043259268837
0 0.2757217993464651 0.20480750032732636
0 0.14458149451495222 0.27320503902180765
0 0.13054679384462944 0.2610066807779129
0 0.456587959065216 0.4862654137724518
0 0.4275886868500005 0.49293937646338665
0 0.40695981335539355 0.49949041040766706
0 0.41311803051439516 0.4347022095891787
0 0.37873536763311944 0.5108326360989861
0 0.3923258089189288 0.5152951887635291
0 0.38701973233041886 0.5101592225394922
0 0.4174678474664688 0.4258093750490978
0 0.42109336782608353 0.5027085606313685
0 0.4403554158371712 0.4988686237329549
0 0.464149005302397 0.49588937938991107
0 0.45529965471617784 0.5515409609035523
0 0.4631447755586246 0.5407570326172726
0 0.4634343859767109 0.5302944729195229
0 0.4645236091774727 0.5193914743504915
0 0.46648653348286945 0.5113698235610201
0 0.4217506311362303 0.5109048627166702
0 0.4153433232116297 0.5147772617328775
0 0.4080606700876091 0.5204154979150349
0 0.40242941652420705 0.5263677365273626
0 0.3598520441397333 0.4779665594564779
0 0.11537184060122896 0.40496308311448825
0 0.4768269739825011 0.4356889240399516
0 0.4065524732639015 0.5103912405837614
0 0.39955012789506955 0.5125858455648908
0 0.4397139691350832 0.4413495456903713
0 0.3925027260045965 0.4403795087323353
0 0.43497369007722236 0.4384853218373879
0 0.33689860792099674 0.3761548349724404
0 0.28858573803921794 0.39149774563270107
0 0.37151895696100806 0.421537768515545
0 0.17867115473193962 0.18856397317114815
0 0.2039426397296447 0.21498966768543068
0 0.2156063684179813 0.2467462765152344
0 0.3825464209675286 0.536620631760974
0 0.3580309074010527 0.2471837976224906
0 0.3516652013179119 0.2004642571065208
0 0.3327961752057578 0.1565947183369176
0 0.2217765104670062 0.33786795137191583
0 0.15947932413610225 0.3573894987185513
0 0.35657438510077916 0.32792226639648064
0 0.17364268042618716 0.30532035744204356
0 0.38867115270236374 0.35100801396907294
0 0.3963733829777955 0.41588527833863936
0 0.13415620623761593 0.3695156941210248
0 0.18006122646704 0.3703424577045554
0 0.22003429027800822 0.3761710979194686
0 0.28045856129016555 0.37038247730949736
0 0.3241498807311561 0.3611088028157733
0 0.356580836611961 0.3520878417636152
0 0.42856363505753786 0.32551125261141595
0 0.14565202914461306 0.4087108952012068
0 0.1544171146702666 0.3035043283572259
0 0.4619704756555678 0.4325118457295292
0 0.37608918667091096 0.38269585604345246
0 0.09851543624189836 0.32610867675371724
0 0.3808383937877945 0.3420660717065931
0 0.36775618590383086 0.42209890396428135
0 0.19005798872261612 0.31916132116798546
0 0.39174723323387434 0.40381291010201614
0 0.13496347758840407 0.4472974794049563
0 0.355961782897072 0.3215915316081698
0 0.4154554130155829 0.3920671401074773
0 0.24988820042288254 0.5388533111710283
0 0.25226194031127896 0.5529967178794979
0 0.11697191943096209 0.40805750738824953
0 0.2043853382646786 0.515562283752369
0 0.11682890399598875 0.2937741114858489
0 0.38425906826172196 0.5895791649111366
0 0.46500934553548756 0.4358148183828288
0 0.35023483885491447 0.39740945442998393
0 0.1332610694667961 0.33376329515045366
0 0.24761577007136767 0.33000575718364966
0 0.27621357098913396 0.32934682083582395
0 0.38596145557200356 0.5182552364514533
0 0.160420412315598 0.4435221797489469
0 0.4400889892366868 0.6074501985191308
0 0.3474552364791999 0.5877015598445318
0 0.3051010655702921 0.5739192862244828
0 0.4382795692747655 0.19625666599680944
0 0.5002038374480315 0.6072106229877132
0 0.3033559526069255 0.32674934120223476
0 0.32928549174518024 0.32407663746660714
0 0.34719975663639824 0.3230177123422159
0 0.13659878999372072 0.30029062652785865
0 0.3229152071702329 0.30757162763272033
0 0.29264473751627446 0.301234339833401
0 0.2623550590080551 0.3003677001415198
0 0.2331988277691829 0.30413802524902644
0 0.2162396778914496 0.3099818761026308
0 0.09967479361260491 0.28434600277161964
0 0.22788311553655294 0.3279212619203407
0 0.47979670863614304 0.4535146765013182
0 0.3857367348696109 0.4663357142876052
0 0.40484186547969464 0.4292457676442917
0 0.44033410503894466 0.4572742871966651
0 0.45268371261121854 0.2931781223094619
0 0.29644684198033455 0.5593227810565545
0 0.33889381059362916 0.5743059617061773
0 0.43844406199857655 0.5997397440042643
0 0.20780684519166182 0.5271939580126589
0 0.34544892055827353 0.3162820142288366
0 0.4130890403367296 0.35632303205107735
0 0.5010934800286836 0.5992255797731212
0 0.39139974651708886 0.5998417860248335
0 0.13542286680720528 0.44666536097566145
0 0.4419661292546912 0.511336341023021
0 0.4365250495918692 0.517521649987955
0 0.43169619752887933 0.5260298817748842
0 0.4288768247084276 0.5353720838630468
0 0.41509910229640673 0.5459939566654102
0 0.39847909379357527 0.5061752150632874
0 0.3908271228713828 0.5054512907036117
0 0.38443883649910554 0.5042861940456314
0 0.34138342794738236 0.49327512659919076
0 0.20601761221634185 0.4542348380614854
0 0.4086077998584836 0.3368530797010922
0 0.37837693415865115 0.3054127054706587
0 0.3583242846692162 0.3087603693401545
0 0.4050689794846225 0.5065021640748174
0 0.2141177550524096 0.49420310311187343
0 0.40876296910807053 0.30254263014555827
0 0.39881888031959534 0.5604947017746605
0 0.4656940797964732 0.36036982725806366
0 0.43421657402304153 0.3463048972410381
0 0.4620494338279032 0.34108978467479717
0 0.39597954943713254 0.38659178850065345
0 0.5000118321507289 0.5854009906026675
0 0.49763738467723506 0.5670561631379178
0 0.44740446182242927 0.5681638930474595
0 0.3269499822633679 0.5323716020244721
0 0.34423331017232645 0.4371602743121653
0 0.3597721286463838 0.5487342951277963
0 0.27189771812173386 0.437772335106792
0 0.32062569071974933 0.4563659537729419
0 0.25354398045107285 0.4670268895363044
0 0.4405751001985767 0.5861156992923605
0 0.3796659044701339 0.3977088839840917
0 0.3028093431192108 0.5438482043016282
0 0.34443507598170753 0.560504204437826
0 0.2992612825164312 0.5121963639276308
0 0.17764692530350343 0.47234608496352587
0 0.2594072386811051 0.5140577379353388
0 0.16197678735990564 0.4823349783570458
0 0.3043830123757511 0.4807796666347825
0 0.3945698734325699 0.3691194840880334
0 0.4078901628904705 0.4234817646717827
0 0.3916917086150576 0.42870586969108626
0 0.4187473902470955 0.41100655367083117
0 0.3480227613499396 0.2875140248527165
0 0.2916254403721934 0.2760091059148524
0 0.24260721220497342 0.2747020432957551
0 0.20447836489365573 0.2795036784058364
0 0.18047075174780336 0.28962291453656774
0 0.1759117809654791 0.3242461069410806
0 0.10705484374414516 0.3696988276598151
0 0.20381643984639694 0.35106471106675174
0 0.2378812097170182 0.3557065069180508
0 0.2798458966524792 0.35345858498117394
0 0.31903066904232974 0.347649157365446
0 0.34949591190000123 0.34144835076863794
0 0.3706634449556407 0.3354687999717423
0 0.10526613105198503 0.3649850284077519
0 0.3929702108293646 0.43329186131238656
0 0.4161054756067976 0.3736892127623055
0 0.429457148544899 0.4234951576869824
0 0.44583333154770893 0.430741831218362
0 0.4293759427493132 0.4261172868461654
0 0.40188114213038095 0.4376744385433084
0 0.45230065933762725 0.4320036445789631
0 0.4555981307593076 0.43547571999322476
0 0.3676575402167276 0.32183432784086163
0 0.3865081274936974 0.3249776047319704
0 0.398283404891501 0.32737886074881817
0 0.2075525932171174 0.3144494192597422
0 0.18618237865373555 0.3059764876343036
0 0.49210619197113104 0.36120539196586837
0 0.6756019044023023 0.29286062812890024
0 0.5027017793323421 0.4298883772688263
0 0.7512044168474302 0.21124183965464646
0 0.593917531554709 0.31797457246876554
0 0.6231715552163023 0.3168891483071577
0 0.6514435340080583 0.3138446608472125
0 0.6863169071543569 0.2980971376313292
0 0.5693958786469472 0.31614315736053394
0 0.62823640772059 0.2599438812455531
0 0.5932007062284252 0.26563337759898087
0 0.6614593594386105 0.2600272208770399
0 0.6827945485396727 0.26552129081701187
0 0.7097071314914317 0.3088731417169492
0 0.602239731243391 0.5605600724440877
0 0.6844060527875957 0.2855622958246075
0 0.7802523251324264 0.2899228861889098
0 0.7360703786717185 0.2916388184291754
0 0.6215658365171167 0.3942441428400585
0 0.522920981866901 0.4724593516063577
0 0.5210773480843894 0.4877215852941058
0 0.5566814485230024 0.476372822535844
0 0.5780536817850442 0.4821470934866728
0 0.5457223289123567 0.4876704367312955
0 0.5644913982238448 0.4894224663363374
0 0.6205718875685825 0.5081880258071465
0 0.5002488731583462 0.4214627676304266
0 0.5030775902643485 0.4038480189347182
0 0.7152298331763673 0.24716391537254534
0 0.5535528818263283 0.35218379315108167
0 0.5654032256784318 0.41179285121557974
0 0.5668282604418726 0.40146804824559856
0 0.7101547831221472 0.3851270390716453
0 0.4976293931279001 0.3809822516367812
0 0.6481666657995071 0.23541058789085806
0 0.6881920909076803 0.23703246608747705
0 0.7225435159880401 0.18191687623094127
0 0.5201143247668754 0.26298913402065266
0 0.5654186676826155 0.2770232601027189
0 0.639465450234554 0.4897878086581066
0 0.7602071885318192 0.4533376654837621
0 0.5427526358813676 0.4235298838621074
0 0.5206629113305973 0.42986535403793535
0 0.6020280384313205 0.49397398688756416
0 0.5938706644476718 0.49430386960718553
0 0.6980547033533265 0.22408244080956438
0 0.5663005684498493 0.419358693054421
0 0.5942173811453807 0.24227592720255733
0 0.5957322375935341 0.22711323231706132
0 0.608214413314932 0.14860892575123696
0 0.7118437471269052 0.20158310002986504
0 0.598618477205687 0.18605963876945975
0 0.7265645139831028 0.23736496363387555
0 0.7422833920531132 0.22438727540194917
0 0.5231320919618325 0.4808355027529127
0 0.5516377403263302 0.48256674129626365
0 0.5718401689318162 0.4859031964875625
0 0.5359767593663453 0.4270323167774884
0 0.5979013188981809 0.4941895187678852
0 0.5894730646901996 0.5006642125255273
0 0.5896350184321907 0.4945062635773583
0 0.5304834016516239 0.41873116651605174
0 0.5580383470038321 0.4914455769466477
0 0.5402946517437319 0.49057697613468376
0 0.5183383694177941 0.4915019870511436
0 0.53393004866089 0.5463060139195633
0 0.5399749065250284 0.535528527035832
0 0.5353310671536732 0.5252072636484393
0 0.5290064218175059 0.5146921523100965
0 0.5226012366481975 0.5071714321772257
0 0.5608565335786795 0.5002857322936097
0 0.5693827258886667 0.5034426254168383
0 0.5792687718878315 0.5081915972778664
0 0.5876216058489643 0.5135154164841449
0 0.6032388414008708 0.4621127371544798
0 0.7839301027326141 0.3631951157025737
0 0.5729427530041223 0.49758270294499424
0 0.581178419197662 0.498844037983624
0 0.5138113232101569 0.4368468777564921
0 0.5572321994646692 0.4299843924325556
0 0.5169917933548553 0.43350691487073617
0 0.5866886757094146 0.3603800952363834
0 0.6387601127604392 0.36930108699651515
0 0.5719294495220426 0.4088875554493172
0 0.6784763648037166 0.16037783058512678
0 0.6669162557094912 0.1879109999038995
0 0.6540059910041873 0.22010190913968522
0 0.5987618256218826 0.5219223396775279
0 0.5243231241713093 0.23825328725512765
0 0.5249165383320821 0.19037737148512301
0 0.5282164654902768 0.1457326322405081
0 0.6747310752607096 0.3075268566961956
0 0.7403748269322552 0.3191167734483807
0 0.5531098503100721 0.31336818838741715
0 0.7087554295354754 0.27108710905269656
0 0.5311574388908434 0.34198091445161494
0 0.5490739930279648 0.40633876899241833
0 0.7709554894061028 0.329648801440446
0 0.7268947064876556 0.33543295771201737
0 0.6930516188657736 0.34648605371567986
0 0.6359649851352354 0.34816451740151766
0 0.5926353041129776 0.3438966736674733
0 0.5606350594432042 0.3384440423542919
0 0.48792627868773064 0.3217934791445025
0 0.7719536006199157 0.36901737829120135
0 0.7273508907621923 0.2670167804047165
0 0.491494338975174 0.4305612168419545
0 0.5530499969353656 0.37150379156302726
0 0.7797523538271586 0.28428503266432953
0 0.5362033114654605 0.3312571431252739
0 0.5735685495887628 0.409120657690055
0 0.6955913915161342 0.2851262734595284
0 0.5488156828447737 0.3939157269744828
0 0.7773931402445845 0.4066790791310167
0 0.5515655250237461 0.3066562788200831
0 0.5242102435369532 0.38521996108662615
0 0.7100397381098461 0.5077968859870522
0 0.70504780849324 0.5224239718730198
0 0.7910435805843852 0.36552371461196304
0 0.7421551110372262 0.48001068434539923
0 0.7621031419888831 0.25464469562080266
0 0.6066029923123146 0.5740065959283324
0 0.4881487933895256 0.4343349539795239
0 0.5816018880671087 0.3827868328824162
0 0.75758870744504 0.2913686621797184
0 0.648569073606644 0.30320158243744966
0 0.622958447234037 0.30674503943391257
0 0.5970242047360175 0.5028419805732628
0 0.7666050897368902 0.4048441403842623
0 0.556794995119803 0.599221689421087
0 0.6330476534014513 0.5675509074970214
0 0.6657240164430835 0.5488645900328105
0 0.5981290780542269 0.3076624769191584
0 0.5747694879896027 0.30720894796992537
0 0.5594475235365615 0.3073922250053071
0 0.7426188706345699 0.26095535683037974
0 0.5723517529572113 0.28951414412026727
0 0.5966174681729908 0.28087290693715233
0 0.6243897670180486 0.2771827007598583
0 0.652020590466286 0.27748533507117457
0 0.6687246767277456 0.2805004854502061
0 0.7692897508415995 0.2438451262060575
0 0.6650599686405326 0.2982297125377406
0 0.5746794165689734 0.45420591552628037
0 0.5428814996143937 0.4207017573739003
0 0.5205939425949306 0.45228679211255635
0 0.6747100558210526 0.5333294258281712
0 0.642160683493071 0.5533197127627308
0 0.5604744376261023 0.5911911099548158
0 0.7351789046943439 0.49248123967916235
0 0.5577973934668529 0.3001335934246421
0 0.5126176687735545 0.35006839828841907
0 0.5984428296109292 0.5851029641263426
0 0.7835562480652886 0.4053180617935434
0 0.544021627319513 0.5035697315087098
0 0.5526420949380609 0.5090364733200481
0 0.5615605391279052 0.5168994806556656
0 0.5689616295104288 0.5259566347369944
0 0.5705830399497149 0.535323582015145
0 0.5794827123231525 0.4917530423098753
0 0.5868194540844688 0.4899039452327669
0 0.593014236743943 0.48772219116860294
0 0.6256547210588737 0.47454980995024365
0 0.7323692923859705 0.4203712687797818
0 0.5089855512234732 0.3306211024558134
0 0.5259829523191171 0.29451289571477
0 0.5449080233332477 0.29499864762081085
0 0.5726002818169976 0.4930345306475674
0 0.7325112672546242 0.460239532650012
0 0.49871932391375934 0.29653186086799466
0 0.5883974520968989 0.5473411026657122
0 0.4905150828230733 0.34275142737130676
0 0.5376958165490677 0.37771403704673795
0 0.5457105080789655 0.561386740363224
0 0.6465298133560374 0.5106895859414007
0 0.6011928799031656 0.42070513751583166
0 0.6206795653713404 0.5307514617310158
0 0.6706448961913837 0.4121466819219035
0 0.631333049842577 0.43627910957641874
0 0.6951218463700531 0.43831277515823164
0 0.5565147497985936 0.5780627662459585
0 0.5550695280485516 0.3866313935598869
0 0.6686473418388689 0.5187789033457619
0 0.6362922640540932 0.540342104251133
0 0.6673405154093408 0.4876030889977198
0 0.757559321852173 0.4349394572870022
0 0.7003276747993276 0.4846092717786135
0 0.7691389519705552 0.44303110252495764
0 0.6547238568967908 0.45786220867580085
0 0.5323070149381453 0.3604532784980104
0 0.539630021224042 0.415231284651185
0 0.5560921966275082 0.4185104687584394
0 0.5274968930689091 0.4041301970097235
0 0.546502503916181 0.27455869020092105
0 0.5932183542332066 0.257688896087565
0 0.6371125216725506 0.2512698152311332
0 0.6731044619898253 0.2514760836092744
0 0.697186579684165 0.257800982869534
0 0.7125118739494292 0.28850236559819215
0 0.7901412847172862 0.32712431373969514
0 0.697523556681122 0.3188678706385204
0 0.668932498633107 0.32785968593855347
0 0.6295578437012459 0.3310604571306267
0 0.5918118415502557 0.3297934778927343
0 0.5629842835891096 0.32663094057024306
0 0.5425687053787054 0.3228014310908063
0 0.7825884381427041 0.3231549907480129
0 0.5553085253208498 0.4230893812145627
0 0.5160678953309602 0.36737491630574565
0 0.5201623156855378 0.4176843748256688
0 0.5051369126335981 0.4268678696837148
0 0.5195621586550138 0.42039123075005563
0 0.5478181959707525 0.4284772636768798
0 0.5002885395464515 0.4288570832103173
0 0.49672743024202337 0.43275177203039256
0 0.5416167536868325 0.3085767574793928
0 0.5253247316879562 0.31432079848162786
0 0.5159267529153623 0.3188537282522321
0 0.6778087790756789 0.28317231226221945
0 0.6954089594289723 0.27314897968675744
0 0.27298735754902353 0.31292035146964403
0 0.3093647028197719 0.3110869433531982
0 0.27092566268856516 0.2958809284411574
0 0.23640404258096268 0.3147120499101822
0 0.2749499904958508 0.3300661214164426
0 0.6069649845235962 0.28999482581341113
0 0.6436466954428436 0.287346899155903
0 0.6031929316148477 0.2724300458196502
0 0.5702428996311462 0.29271760985944617
0 0.6112001726898966 0.3075928651282513
