0 0.39084385191090404 0.4834139682352543
0 0.4027225909288973 0.44405679032206535
0 0.40077586569823326 0.4554443843662739
0 0.4013820639345795 0.3798893243074417
0 0.4067545330617577 0.427503976970911
0 0.4133947882335633 0.404034536331892
0 0.43198357825167477 0.3421700857579708
0 0.29581087932456285 0.28874992951750755
0 0.44263368714600804 0.3003699518740177
0 0.4481011453084648 0.27857090532779694
0 0.4700547187589109 0.1888414677232504
0 0.38876794939860704 0.49220485612750053
0 0.3852431003935635 0.5029297918081284
0 0.3820981897879392 0.511030238121748
0 0.37820012648589907 0.5365093722939491
0 0.375980906561017 0.545761838555336
0 0.3728684632573277 0.557224340736866
0 0.36919016633182766 0.5686789341270924
0 0.3717537170741707 0.561772346496582
0 0.4014429179485887 0.4517591744661331
0 0.37962859906256197 0.4431617446243763
0 0.23520971108227967 0.18635030090808868
0 0.34351800456643106 0.3194091375917196
0 0.32576703948434443 0.31501445174217224
0 0.30804670543875545 0.30910889990627766
0 0.28516996062826366 0.2908895034343004
0 0.3589681113138795 0.3207121416926384
0 0.3344340260606259 0.2666143085807562
0 0.3531585932709277 0.2751029208302498
0 0.314300564234145 0.26281661354005337
0 0.2986835968447849 0.26500409096479416
0 0.26560206855647267 0.29781410098075867
0 0.2949669068912044 0.5568800829350948
0 0.28913562865927817 0.2816413603723049
0 0.2199858996551484 0.2614905387163162
0 0.24755161479115487 0.28008109517395496
0 0.30753915989771485 0.38759855180978775
0 0.3627846160437912 0.4733014926314354
0 0.36126661887392403 0.49703098088502884
0 0.33300010678358377 0.4772188439965248
0 0.31570390569977463 0.48478538542985916
0 0.34144651973620055 0.4956425167620182
0 0.32786702634766696 0.49742957577109337
0 0.2813126499997452 0.49777112901210785
0 0.3851358518470079 0.4385472312569618
0 0.3864489679224789 0.42173199355602264
0 0.28020383841358126 0.2434999644756317
0 0.3601447937544435 0.3561340607702732
0 0.3367574784439057 0.4125259965658188
0 0.338206353969872 0.40130653604865074
0 0.2554160025669262 0.36566632613539696
0 0.3937334595248103 0.3996814638376236
0 0.33255565071012827 0.23748940601944923
0 0.30415669686626645 0.23653549514710903
0 0.25726994760334493 0.16563928686082363
0 0.40588778029195965 0.2762235514819622
0 0.3672898001503199 0.28727274760603905
0 0.2705098028527573 0.4763479344546795
0 0.20635192152112722 0.4224679209291935
0 0.3490926580503583 0.42692917585372925
0 0.3645127103663981 0.43695949018001556
0 0.3036804299335927 0.5013445913791656
0 0.31032071171794084 0.5029374957084656
0 0.29758925361093136 0.22430297173559666
0 0.3337978798430413 0.41746100038290024
0 0.3656500772107393 0.24858687445521355
0 0.367476708907634 0.2354683205485344
0 0.3464484180789441 0.15952085331082344
0 0.2687449832214043 0.19291937164962292
0 0.3516738972626626 0.1995036043226719
0 0.2700661185430363 0.23358164355158806
0 0.24655628795735537 0.2077307142317295
0 0.3611843328922987 0.48499953746795654
0 0.3366776762995869 0.486499585211277
0 0.3211396505823359 0.49097903445363045
0 0.3530816652812064 0.43087824434041977
0 0.3071372306672856 0.5022173039615154
0 0.31110607446171346 0.5103844627737999
0 0.31368635562248526 0.503862127661705
0 0.36188894431106744 0.42882781848311424
0 0.3337184325326234 0.5021738260984421
0 0.3463042668066919 0.5023594573140144
0 0.36275580353103576 0.5052843987941742
0 0.3426013798918575 0.5518149323761463
0 0.3402267959434539 0.5571008324623108
0 0.34589672232978047 0.546564519405365
0 0.35232975450344384 0.535887036472559
0 0.3579394655767828 0.5285381712019444
0 0.3312245711684227 0.5147034414112568
0 0.3243309468496591 0.5166697800159454
0 0.31581768319010733 0.5198132991790771
0 0.30859968746080996 0.5237790867686272
0 0.30076114933472126 0.4549422785639763
0 0.2075608761049807 0.32977164164185524
0 0.4013717027846724 0.45393720641732216
0 0.3234696052968502 0.5097585618495941
0 0.31756785705219953 0.5098991170525551
0 0.37022814420051875 0.44545840844511986
0 0.33788872440345585 0.4283035434782505
0 0.36737040067091586 0.4412512592971325
0 0.3377309120260179 0.35894741863012314
0 0.3037356598302722 0.3610193580389023
0 0.33292312556877734 0.4064435623586178
0 0.29321242179721596 0.15605436451733112
0 0.30272675172891467 0.18904195353388786
0 0.33028723306488245 0.2243839856237173
0 0.29664804781787096 0.5159041434526443
0 0.40921780774369837 0.25419945269823074
0 0.40188417164608836 0.21478603221476078
0 0.4035693842917681 0.1708928346633911
0 0.29286004512105135 0.3003950919955969
0 0.24084621211513876 0.30276762694120407
0 0.36929301493801175 0.31945925392210484
0 0.27688379953615366 0.2665420435369015
0 0.37714259726926685 0.3508545123040676
0 0.3516579474788159 0.4134964421391487
0 0.2241781557444483 0.30390884913504124
0 0.25138607411645353 0.3175211902707815
0 0.27499322677031157 0.3313625790178776
0 0.31238879901357 0.340118246152997
0 0.3399329402484 0.3418683223426342
0 0.3615426441654563 0.34117501229047775
0 0.41056713461875916 0.3397455904632807
0 0.2182928274385631 0.34097688272595406
0 0.26259542785119266 0.26011891663074493
0 0.390060023823753 0.44820636510849
0 0.35483507700264455 0.37444016709923744
0 0.21731398263946175 0.25098758190870285
0 0.3789250876288861 0.33797719702124596
0 0.33132594721391795 0.4046320393681526
0 0.28134982772171496 0.27909259870648384
0 0.35373775316402317 0.3999174162745476
0 0.2045948550105095 0.3739817850291729
0 0.3700657899491489 0.31403253227472305
0 0.37395941782742737 0.39843322709202766
0 0.22873172145336867 0.4845806583762169
0 0.22966113789007067 0.500901248306036
0 0.20628588693216443 0.3353534247726202
0 0.2135705559514463 0.45221833512187004
0 0.23341884664259852 0.23135292157530785
0 0.2885060025146231 0.5711020566523075
0 0.39198923800140617 0.45066333562135696
0 0.33404981191270056 0.3806818425655365
0 0.22947185174562038 0.2779807988554239
0 0.31400624725501985 0.30027492344379425
0 0.3291059289127588 0.30639538541436195
0 0.30512408053036777 0.5113539658486843
0 0.21346417674794793 0.3759085386991501
0 0.3208822008455172 0.6071182414889336
0 0.2697997092502192 0.5611831620335579
0 0.2505155778490007 0.5353227257728577
0 0.459463601000607 0.23185263015329838
0 0.36247773794457316 0.6238665618002415
0 0.3432952575851232 0.3103071842342615
0 0.35676881531253457 0.3126480020582676
0 0.36553848194889726 0.3138670213520527
0 0.24851262918673456 0.2529186587780714
0 0.35838503050617876 0.30042264983057976
0 0.34467265182174744 0.2915103230625391
0 0.3300080053973943 0.28511899523437023
0 0.31391526784282175 0.28126100078225136
0 0.30235769785940647 0.2807450443506241
0 0.22371578942984344 0.21350745111703873
0 0.30354578820988537 0.29448286071419716
0 0.39610080486163496 0.4686901345849037
0 0.3222167400177568 0.45141004025936127
0 0.3500567949842662 0.42551374807953835
0 0.36424552043899894 0.46017343178391457
0 0.4378339376766235 0.3198637906461954
0 0.24628288843668997 0.5167474746704102
0 0.2665756795555353 0.5435790941119194
0 0.31931818171869963 0.5956969633698463
0 0.21559958490543069 0.4654924012720585
0 0.3666093529202044 0.30918583646416664
0 0.38848386937752366 0.3641151376068592
0 0.3619748318567872 0.612064965069294
0 0.2917844726005569 0.5855619087815285
0 0.20319049339741468 0.374487292021513
0 0.3425058763474226 0.5210048221051693
0 0.3350836027413607 0.5256682224571705
0 0.3264277047244832 0.5324741676449776
0 0.31944700416643174 0.5408411361277103
0 0.31600060893688353 0.5346126556396484
0 0.31840554005466404 0.5003105886280537
0 0.3118877469329163 0.4967143014073372
0 0.3063359358813614 0.49291422963142395
0 0.282834541471675 0.46339722722768784
0 0.23361327787861227 0.3961229585111141
0 0.3944175083190203 0.34450072050094604
0 0.3910197430755943 0.3062739260494709
0 0.3772986177355051 0.3047148287296295
0 0.3242458044551313 0.50311329215765
0 0.22244633566588162 0.4338826425373554
0 0.4100227661896497 0.3117896933108568
0 0.3058720881352201 0.5443346910178661
0 0.4196930899750441 0.3830066993832588
0 0.40565676568076015 0.3607778325676918
0 0.4257125100120902 0.3633057773113251
0 0.364832149585709 0.38540511205792427
0 0.3652629001997411 0.5961945205926895
0 0.36894811638630925 0.5773423388600349
0 0.3350514015648514 0.5651104710996151
0 0.266409688256681 0.4965134263038635
0 0.31132495375350117 0.4133472815155983
0 0.28337789862416685 0.52152344211936
0 0.27364460069220514 0.39858394488692284
0 0.2899820938007906 0.4261997640132904
0 0.2516829991247505 0.4197821281850338
0 0.32519259888213126 0.5813382044434547
0 0.3494654465466738 0.3882935419678688
0 0.2518692691810429 0.5022385306656361
0 0.2731153659289703 0.5300212129950523
0 0.2562929834239185 0.4703221321105957
0 0.21146115711890162 0.4056873098015785
0 0.23746737726032735 0.4626290500164032
0 0.20397582952864468 0.41249755769968033
0 0.26994626452215015 0.4432189092040062
0 0.3717104095965624 0.36920327693223953
0 0.35619877465069294 0.4240395985543728
0 0.34159783865325155 0.42093291878700256
0 0.36807907493785025 0.41690918803215027
0 0.38301099999807775 0.28511590138077736
0 0.3587047181092203 0.2653428167104721
0 0.3343507288023829 0.2552604600787163
0 0.3107135394588113 0.2523559667170048
0 0.2913720757700503 0.255711629986763
0 0.26662029991857705 0.2804668229073286
0 0.2109959876164794 0.29758626222610474
0 0.2745473336195573 0.3075532652437687
0 0.29328028378076854 0.3189633972942829
0 0.31847307381685824 0.3265276439487934
0 0.34237783453427256 0.33013993315398693
0 0.361096174409613 0.33076437935233116
0 0.3748128288425505 0.3299187533557415
0 0.21268939692527056 0.28911457397043705
0 0.3406629577744752 0.4238223321735859
0 0.3830492688342929 0.3813244625926018
0 0.3703619165811688 0.43127110227942467
0 0.3791913017630577 0.44180135056376457
0 0.36964884237386286 0.4333713985979557
0 0.3446981998626143 0.4294457286596298
0 0.38328652852214873 0.4449838399887085
0 0.38452512947842477 0.4473177120089531
0 0.37720428514294324 0.3163489680737257
0 0.3874413851182908 0.3241618908941746
0 0.39426429104059935 0.3295240718871355
0 0.29497993816621604 0.2811363860964775
0 0.28660986772738395 0.26983271539211273
0 0.4374656200874597 0.39002757519483566
0 0.583033655397594 0.37290340289473534
0 0.42575111594051124 0.45538488402962685
0 0.6744197782129049 0.3046303726732731
0 0.5220848297700286 0.3679441809654236
0 0.5410298020578921 0.3743356727063656
0 0.5601389914751053 0.37969717755913734
0 0.5899648388847709 0.38024304807186127
0 0.5070423562079668 0.36086495220661163
0 0.5628876413218677 0.3327289968729019
0 0.5405212895944714 0.3294134922325611
0 0.5829592112451791 0.3400442600250244
0 0.5951777037233115 0.3502107858657837
0 0.6018019204027951 0.3933600038290024
0 0.44587516579777003 0.5993066504597664
0 0.5920867456123233 0.37224648147821426
0 0.6567967751063406 0.3809192292392254
0 0.6248986267484724 0.38710037991404533
0 0.5152104906737804 0.4447665736079216
0 0.42059915834106504 0.4900715723633766
0 0.40933046750724317 0.5113926492631435
0 0.4458560047671199 0.5099567733705044
0 0.45685743470676243 0.5265317969024181
0 0.42801621588878336 0.5217557065188885
0 0.4393732603639364 0.5313768945634365
0 0.4778597516939044 0.5513790883123875
0 0.421067663282156 0.4481421522796154
0 0.4280215383972973 0.4332699775695801
0 0.6239752424880862 0.33811861276626587
0 0.4857537060044706 0.3907141238451004
0 0.4771275519393384 0.451127003878355
0 0.4813500931020826 0.4409347027540207
0 0.5719573732465506 0.4519393965601921
0 0.4328438198193908 0.41068414971232414
0 0.5843874531798064 0.30722750909626484
0 0.6090468835085631 0.32040558382868767
0 0.6627461686730385 0.2753389962017536
0 0.49494408145546914 0.3016196433454752
0 0.519558909162879 0.3314275499433279
0 0.4976741380058229 0.5383478589355946
0 0.5968690904788673 0.5317019335925579
0 0.45894769025035204 0.4570232331752777
0 0.4414840785320848 0.4582443833351135
0 0.45955009176395833 0.5489418692886829
0 0.453568017994985 0.5469021797180176
0 0.6210844106972218 0.3122982531785965
0 0.47698127166368065 0.45715444535017014
0 0.5485757352784276 0.29971257969737053
0 0.5549950353801251 0.28700991347432137
0 0.5902179419063032 0.22605124488472939
0 0.6432378266006709 0.2942381799221039
0 0.5696718880906702 0.25867912732064724
0 0.6363553972914815 0.3341648317873478
0 0.6562326601706445 0.3181855287402868
0 0.4166317604947835 0.5011583864688873
0 0.43788026124238966 0.516476608812809
0 0.44909123834222553 0.5292111560702324
0 0.453936033975333 0.45880480110645294
0 0.4565833432599902 0.5480018705129623
0 0.450099924672395 0.5534445941448212
0 0.4504579875618219 0.5459465682506561
0 0.44747060546651485 0.4516934044659138
0 0.4307294710539281 0.5321751497685909
0 0.41886235284619033 0.5247714966535568
0 0.40249180695973336 0.5174354165792465
0 0.4016287799458951 0.5680956915020943
0 0.4005203498061746 0.5753591991961002
0 0.4018380964640528 0.5634925290942192
0 0.4014762013684958 0.5511768609285355
0 0.3996904110535979 0.5418248176574707
0 0.4296510243788362 0.546453919261694
0 0.4353263442404568 0.5518784895539284
0 0.44162642015144227 0.5589875094592571
0 0.44598447238095107 0.5660038366913795
0 0.48308010352775455 0.5053843446075916
0 0.639774009026587 0.449295237660408
0 0.43858795971609654 0.5463892556726933
0 0.4442980710417032 0.5496720597147942
0 0.4320602223742753 0.46273399516940117
0 0.46828636853024364 0.46510519832372665
0 0.4367068077903241 0.4606386572122574
0 0.5036352056078612 0.4043934643268585
0 0.5321295033209026 0.42343053966760635
0 0.4833105326630175 0.4482441060245037
0 0.6369455570355058 0.24933595582842827
0 0.6160115633159876 0.2740351725369692
0 0.5940311644226313 0.2961483169347048
0 0.4572407262865454 0.5601103529334068
0 0.506387829594314 0.28121035173535347
0 0.5188391640782356 0.24655249156057835
0 0.5361667679622769 0.20735627599060535
0 0.5781698051840067 0.3822614289820194
0 0.6191017407923937 0.4087342843413353
0 0.49777111411094666 0.3549985960125923
0 0.611829774826765 0.36147044599056244
0 0.4742685664910823 0.37762462347745895
0 0.46409659627825023 0.4443703144788742
0 0.6311396228149533 0.41576114296913147
0 0.6043555180542171 0.41563156992197037
0 0.5784458659589291 0.41437919437885284
0 0.5407914246432484 0.40235524997115135
0 0.514194175414741 0.38910818845033646
0 0.49507895382121203 0.37725987657904625
0 0.4516958611086011 0.35113218054175377
0 0.6179586788639426 0.4507068544626236
0 0.6260589690878987 0.3618701472878456
0 0.41309064235538245 0.4541933611035347
0 0.4807277676649392 0.4092187285423279
0 0.6669126283377409 0.3726373314857483
0 0.48152976324781777 0.36543533205986023
0 0.4853874464519322 0.4474968686699867
0 0.6001724521629512 0.3731774240732193
0 0.4686244542710483 0.4316784255206585
0 0.6223607127554714 0.48974063247442245
0 0.5001496367156506 0.3508714362978935
0 0.4515698595903814 0.42001037672162056
0 0.5404412390664219 0.5731454342603683
0 0.5393166285008192 0.5902616567909718
0 0.6344121494330466 0.4530405215919018
0 0.5697998411953449 0.5523413792252541
0 0.6582542553544044 0.346542090177536
0 0.4470453725196421 0.6162833422422409
0 0.41129429573193194 0.4557792991399765
0 0.49553019609302285 0.425277017056942
0 0.6384831232950091 0.3939179629087448
0 0.5606639327481389 0.3694377541542053
0 0.5435187134891748 0.36497555673122406
0 0.4545186180155724 0.557162668555975
0 0.6053448304533958 0.4836729094386101
0 0.40721776871941984 0.6320851892232895
0 0.4755847341381013 0.6207535304129124
0 0.5047881674021483 0.6088861227035522
0 0.5278829221613706 0.35999269038438797
0 0.5136428699828685 0.35499048233032227
0 0.5045267967507243 0.35231878608465195
0 0.6389421364292502 0.3618520349264145
0 0.5190084198489785 0.35103239864110947
0 0.5359591191634536 0.35370708629488945
0 0.5520586429163814 0.3571567125618458
0 0.5686031283810735 0.362068522721529
0 0.5797563385218382 0.36666398122906685
0 0.6756512647494674 0.33488848619163036
0 0.5732359107583761 0.371821865439415
0 0.46768449926748873 0.4920390173792839
0 0.4590042685158551 0.45502452179789543
0 0.4275958973914385 0.47775987908244133
0 0.5091751918196679 0.5916677415370941
0 0.479555254522711 0.6046464778482914
0 0.40735287172719836 0.6207789778709412
0 0.5683303675614297 0.5658720508217812
0 0.5064347031526267 0.3504571467638016
0 0.45760166333056984 0.3832428567111492
0 0.4439427758567035 0.6295385584235191
0 0.6183665249496698 0.4892551228404045
0 0.41690196651034056 0.5449655503034592
0 0.4216654696967453 0.5529406033456326
0 0.42589131081476805 0.5630536936223507
0 0.42772008925676347 0.5739009492099285
0 0.4323966226540506 0.5665955618023872
0 0.4472743468359113 0.5396528095006943
0 0.4543936809990555 0.5399098247289658
0 0.46112354947254064 0.5392922013998032
0 0.4933251517824829 0.5210018306970596
0 0.5765892330557107 0.49004731327295303
0 0.46294833603315055 0.3634619042277336
0 0.4872008251026273 0.33326392620801926
0 0.49918885296210647 0.3395495302975178
0 0.44055838785134255 0.538946345448494
0 0.5685061877593398 0.5301814377307892
0 0.4683439225889742 0.32769105583429337
0 0.4396904463879764 0.5818165838718414
0 0.4445775737054646 0.37155890837311745
0 0.4662510412745178 0.41371969133615494
0 0.40444474178366363 0.5845813006162643
0 0.49452725807204845 0.5602227970957756
0 0.49796229861676694 0.4651280641555786
0 0.4690947511233389 0.573508583009243
0 0.539062425494194 0.47114358097314835
0 0.5089005148969591 0.486546628177166
0 0.547363658156246 0.5009116157889366
0 0.40729703861288724 0.6043870858848095
0 0.4778313649818301 0.4239526018500328
0 0.5079912885092199 0.574415348470211
0 0.4773546633776277 0.5878959037363529
0 0.5159504612907767 0.5425395183265209
0 0.5924686178565025 0.5111311674118042
0 0.5398802821524441 0.5473923608660698
0 0.5985772253945469 0.5223741084337234
0 0.5164103969931603 0.5110363438725471
0 0.46889478447847066 0.39613500609993935
0 0.4545876686926931 0.4506481736898422
0 0.4686680633574724 0.455678042024374
0 0.4473501038737595 0.4386451691389084
0 0.5080912097357213 0.3207878079265356
0 0.5430165170691907 0.31755475141108036
0 0.571464579924941 0.3222716897726059
0 0.5937142977491021 0.3317339438945055
0 0.6075735421851277 0.3446311131119728
0 0.6102690024301409 0.3794191814959049
0 0.6476005094125867 0.4173930995166302
0 0.5900138769298792 0.39687998965382576
0 0.5682035144418478 0.39521127566695213
0 0.5417021058499814 0.3876969814300537
0 0.5176766927354037 0.3778402917087078
0 0.5000223223119974 0.36847493052482605
0 0.4881892859004438 0.3605841286480427
0 0.653297083824873 0.41020306572318077
0 0.4677761706057936 0.458803653717041
0 0.4526135325431824 0.4007607065141201
0 0.43808084884658455 0.4493606798350811
0 0.4260492296423763 0.453937616199255
0 0.43812021766789255 0.451376274228096
0 0.46188003760762514 0.46221209689974785
0 0.42078228811733426 0.4548083618283272
0 0.4193889263551682 0.4565575160086155
0 0.4923039752990007 0.34852777048945427
0 0.4799241753295064 0.34932766482234
0 0.47235162956640125 0.35035916790366173
0 0.586850319802761 0.3699669875204563
0 0.6021768024191261 0.3611633963882923
0 0.3224691511131823 0.2944147139787674
0 0.3425089634023607 0.29976167157292366
0 0.3259268921567127 0.2806713040918112
0 0.3025482436642051 0.2889166697859764
0 0.31882194650825113 0.30785535648465157
0 0.5458737460896372 0.3593919090926647
0 0.5658867684192955 0.3645266816020012
0 0.5493907887488604 0.34512895718216896
0 0.5256621587090194 0.3539927862584591
0 0.5423678452149033 0.3733331002295017
