0 0.31733895806823603 0.3418225958233788
0 0.34056105593588787 0.2917738518461126
0 0.331554704577611 0.3084113115356082
0 0.3298867050605484 0.23990360278041423
0 0.3449473622479016 0.275944151965176
0 0.3482743758189527 0.255835986270958
0 0.3544649222732093 0.2077822342974131
0 0.18744918817206274 0.18639141054046587
0 0.36293092055662773 0.16536758660602302
0 0.3683213815407411 0.14382982045328585
0 0.3848105523153699 0.0717670142817564
0 0.315764036862659 0.34872027321689936
0 0.31389698599964255 0.3560087396985009
0 0.3125841894230259 0.36091231214566055
0 0.3121319113904414 0.3608027202408521
0 0.3106679956621259 0.36737979359987405
0 0.30867544005188763 0.3754044101685703
0 0.30640173863761033 0.3841345867856878
0 0.3043830434984296 0.40452776669788093
0 0.3369805239423921 0.3001599039684157
0 0.31495821878376895 0.29845411954473716
0 0.1134637166679157 0.1188930386588687
0 0.2452186994914767 0.20525670135054602
0 0.22311346842769833 0.2044834158166784
0 0.20212379135662997 0.20189319488381138
0 0.17539044875132886 0.19132608375629456
0 0.26526372140972926 0.20355728761154732
0 0.22839973596580923 0.15528613938336946
0 0.25341930570481697 0.15958061254992872
0 0.20328071348777804 0.1560834964283374
0 0.18498705459546438 0.16147571651875472
0 0.15301556627458662 0.19947968652936257
0 0.21350307806634702 0.4194148471709393
0 0.18009966284916873 0.1815640847055184
0 0.08484056780609904 0.18558486035558022
0 0.1291695767817115 0.18585162269635028
0 0.21821658068065403 0.27055431080131637
0 0.29230515162150067 0.33684725237159835
0 0.29116808211250145 0.35402355908679695
0 0.26460104350802266 0.34149441148052695
0 0.24612360563962268 0.34698803835556286
0 0.27113958702811713 0.35374765736716135
0 0.25494111640543876 0.3545120857676872
0 0.20642025762469457 0.3686119969151601
0 0.32202681710448444 0.2895925777966903
0 0.3226618092774339 0.2741819184367396
0 0.15736566817207176 0.14599671342125795
0 0.2732946103132224 0.23618573033843054
0 0.2666100384313849 0.28286112957641857
0 0.265285455727879 0.274742001078042
0 0.1468578692729966 0.26265659719622103
0 0.32672679776380836 0.2555681487091449
0 0.21931492226033272 0.13248029785329887
0 0.18463490029427573 0.1357312017963046
0 0.14506735530080675 0.09256879163055527
0 0.31464022674641023 0.15438924375034513
0 0.2730520319838061 0.16891859818239505
0 0.19301321737876925 0.3524000021923824
0 0.07447940991397649 0.3331753725097293
0 0.2816871057582807 0.2930585528288235
0 0.2985758087303065 0.2992719864311005
0 0.22491899220752315 0.35624676675689654
0 0.23015920924737987 0.3563761696094224
0 0.17443992970864983 0.12518911643856379
0 0.2632156922344417 0.2903131640591875
0 0.2619361535406314 0.13700168298072174
0 0.2619996936009403 0.1244839595980337
0 0.24976626277472902 0.06507506699455219
0 0.15809203200199434 0.10714502570008029
0 0.25650830661194235 0.0944132392479926
0 0.1441821413201119 0.1383628590601165
0 0.12716899843658577 0.12777252315807075
0 0.2910751204953415 0.3460263068936452
0 0.26774884376847796 0.34799382699971776
0 0.2503562255247736 0.3508154489413029
0 0.2861092955754276 0.29664100118044046
0 0.22761145120934595 0.35633152105561156
0 0.23645892324326914 0.35951186361766996
0 0.23310102943629654 0.356498664166747
0 0.29485862768149074 0.28766664186445606
0 0.25833158251605454 0.357018560421567
0 0.2737583973236728 0.35743996642884757
0 0.29201379506396846 0.35878673454626603
0 0.27471829567277484 0.40077583662936
0 0.2804227956739659 0.38060477050412606
0 0.2836962027891779 0.3720389683039582
0 0.2874742545156036 0.3644304622789057
0 0.291401266548704 0.35870386188437625
0 0.25761242456074 0.35690765137098085
0 0.2525585100117615 0.35940745965439397
0 0.24682757874581382 0.36295235591108393
0 0.24170736723308323 0.3674528817502724
0 0.22746505817783533 0.3279151223620781
0 0.06344438605167695 0.25357100626333756
0 0.33434177350394334 0.3040419357831405
0 0.24613127829153328 0.35671532120691296
0 0.24145998984952516 0.35795666390106456
0 0.30360431308987773 0.3057829068154514
0 0.26799161172617336 0.3004226611108005
0 0.3012930506895363 0.3026181818390427
0 0.24569654816816627 0.24307781658252747
0 0.20501331790087093 0.2497222794204199
0 0.25919137172055146 0.2817422814395915
0 0.1885848281755729 0.0738685069297876
0 0.19938010354585287 0.09504275428814714
0 0.2146239416508735 0.1201268951265084
0 0.22355489388799868 0.38048474895520035
0 0.31441513797904874 0.1329247673519519
0 0.31332724054151445 0.10014815916534231
0 0.3131213625775108 0.06513769862030734
0 0.18459172339379032 0.19755561879369057
0 0.12483772295939771 0.208460860058707
0 0.27948448577510654 0.20097398841414466
0 0.1597907367134899 0.16756837591737592
0 0.2928785000169328 0.2272623499401477
0 0.28244687333891666 0.2771613290663861
0 0.09689523751222634 0.21738621617565637
0 0.13850588134572475 0.22084616996994874
0 0.1675360454285698 0.2292559575967762
0 0.21203655130249538 0.23077609166711652
0 0.24530972106547294 0.22727916370920775
0 0.27121449019838484 0.2222181117000366
0 0.33116398280179954 0.20931299961581618
0 0.09349701122895575 0.2510479463248694
0 0.14177788812902908 0.16410094933683464
0 0.3260390597556714 0.2985265356819837
0 0.27389761365415677 0.25152039845116664
0 0.07535747636722613 0.18421321431127916
0 0.2920155746524344 0.21532435886332302
0 0.2553669048261039 0.28289126264614883
0 0.16892513092057113 0.1808769512577217
0 0.28219065636019164 0.26756124486442373
0 0.06515112808485071 0.29214020653599115
0 0.2815754292886468 0.1955940930449328
0 0.3043575166146966 0.2595466009709014
0 0.12097032713990674 0.3759229086360344
0 0.11594635927224461 0.3926599069135864
0 0.06987733579386135 0.25172081965358317
0 0.09622935051656474 0.35197254806673495
0 0.10550641812352692 0.15471197134640371
0 0.20529996292500557 0.43363284446946043
0 0.3260691085445227 0.3026320521904975
0 0.2495853136360394 0.26127485751437873
0 0.10723765137829358 0.1874944798084868
0 0.20752542582242298 0.19283719941013666
0 0.22560060376356422 0.19549855965526164
0 0.23163232924062996 0.3616273072587342
0 0.09222250497793849 0.28275003236214985
0 0.24147798994925454 0.4575301428802875
0 0.17562341438567086 0.43174599282213955
0 0.14781450018098083 0.4158227487104614
0 0.3765799848339226 0.10791124165559016
0 0.2874754943928135 0.4644488139646728
0 0.24398739931452626 0.19637016071324923
0 0.2619921814037275 0.1961528182196684
0 0.27456851850582076 0.19630209922122688
0 0.12449073238211845 0.1598891472282196
0 0.264763248620657 0.18173590502819092
0 0.2469828843064449 0.17484602298723215
0 0.228285215071988 0.17211958498847918
0 0.2083498858198335 0.17296028688174336
0 0.19489940611119008 0.17611473005692832
0 0.0916359555369188 0.14812226414012641
0 0.19563304874967422 0.1896218584031284
0 0.3279321626268862 0.32089546114122836
0 0.25251836716374265 0.32107058776860814
0 0.28272087161551046 0.2900193867897119
0 0.2975211691755786 0.3191662100182862
0 0.3577605450706643 0.18721822864201224
0 0.14814640801667162 0.3985345383652118
0 0.1752084056033364 0.41611515507310715
0 0.24389938261941516 0.44776657131873593
0 0.09242391938398659 0.3669308888144186
0 0.2765713286299243 0.1902941941213207
0 0.3109369469091359 0.23207513341048852
0 0.29150942760177806 0.4547263427274902
0 0.20602358443827568 0.4460707864507574
0 0.07090973049276489 0.28693449697574647
0 0.27304793309561814 0.35737053402999536
0 0.26761223847353005 0.3616048620194614
0 0.2627155257679742 0.36736818121260956
0 0.25843106442865943 0.3747806744415219
0 0.24596618499433945 0.3916157328781961
0 0.24204181317035658 0.3554117500948973
0 0.23723861638000746 0.35369056312977765
0 0.23330467562132243 0.3517378273130465
0 0.20665965603373726 0.3387402596593905
0 0.12231241399225806 0.294359570290862
0 0.3125751456127891 0.21704248144847005
0 0.3030352823844942 0.18365107530973204
0 0.2878612128994133 0.18450730070680463
0 0.24667335260769485 0.356868378922385
0 0.11236091153028142 0.33134951277607294
0 0.3250770025615451 0.18431036053251484
0 0.2281930265547354 0.40538584685125273
0 0.3503057031188836 0.23946000689885863
0 0.3301415071205751 0.2254719321801215
0 0.3522060702118692 0.2243223864825166
0 0.28938642232226924 0.2550781973603727
0 0.29586450359489347 0.4401651348720412
0 0.3003155023236818 0.42165270472774985
0 0.26268282218321465 0.41676093283153715
0 0.18259549191229454 0.37303206933980565
0 0.23203848384100675 0.2931961542418023
0 0.2021948144405703 0.39122088483067785
0 0.1771812544593328 0.2854140268988302
0 0.2064145687763198 0.30626355750220163
0 0.15219764115941173 0.3088472330269693
0 0.250973100903668 0.43377558006291966
0 0.27275863327557526 0.26340954761211277
0 0.15988085390646248 0.3826910756549248
0 0.18594984112912594 0.40202363064976965
0 0.1688470770035112 0.352070554464805
0 0.09382439715952813 0.3098669995446833
0 0.13856676661012546 0.3515660338709
0 0.07757131359245203 0.32012627488758716
0 0.183920541393103 0.324946947792331
0 0.29272834359342037 0.24153844949578038
0 0.2887620201593713 0.28444466136750723
0 0.2731820878097277 0.28828701752574504
0 0.3016903365211648 0.2746275437980139
0 0.29035081340290825 0.16596121614386722
0 0.2569475002932649 0.15173721104776827
0 0.2249500766585145 0.14687648615917237
0 0.1962108169426898 0.14809850175507597
0 0.1738834728168536 0.15474355596454203
0 0.15181749480686108 0.18340346534379057
0 0.07356023788452148 0.21800280168276875
0 0.16396063339861133 0.20715531322802483
0 0.18656657064011328 0.21366923079103314
0 0.2166079202281775 0.21632733849250302
0 0.2456008296475632 0.21547458068329414
0 0.269102643813765 0.21259335117513725
0 0.286251604305541 0.2089458653906814
0 0.06758064559743374 0.21838278479936743
0 0.2718682701577617 0.2930568324751547
0 0.3093139184678154 0.24558300097115568
0 0.30571747228566104 0.28623404422727955
0 0.31478370241978 0.29530702819343374
0 0.304265430204979 0.2890497255726021
0 0.27642810093199655 0.29851857904626544
0 0.31910835036748575 0.29694733165559317
0 0.3192900142589199 0.3011245922882016
0 0.28971917619182086 0.196484859918012
0 0.3011853272401834 0.20104684808007142
0 0.3092125110988376 0.20396408405290598
0 0.1868125768653451 0.17891194448083722
0 0.1721811797548447 0.1692396726261
0 0.3680886930554225 0.24382522961004777
0 0.49534300912784623 0.21787626160626986
0 0.3535262914649545 0.3026071608233519
0 0.5767855543627518 0.1688238577682431
0 0.4348661456933001 0.22530117363822894
0 0.4545475480928703 0.22860019372290924
0 0.47409472284437737 0.2302774175876329
0 0.5017118645116749 0.2238254865177539
0 0.41875547296387233 0.2204339571025859
0 0.4784029898261219 0.18093124992039358
0 0.4536700651112488 0.18009607197523786
0 0.4996492631324736 0.1866840453875833
0 0.5113563587896934 0.1953538080223468
0 0.5156336142544002 0.23570526781536283
0 0.37693321855762335 0.43420026549438134
0 0.5036432722952798 0.21378215588107496
0 0.5727464136695057 0.23683607778629334
0 0.5410618037614139 0.22537301184416486
0 0.44226091924095956 0.2934901196749604
0 0.34357019416390594 0.34156244609202324
0 0.33646578527201076 0.35831318031839965
0 0.3681774682636502 0.3509030525757819
0 0.3829566295639875 0.3596166170277849
0 0.35577857947047753 0.36162440416191804
0 0.37070888909609506 0.3652825480749627
0 0.4057047296676958 0.38828045096384045
0 0.35801467613831855 0.2933950970152847
0 0.3652197630596563 0.27856666985012235
0 0.5417492500337368 0.1843949804285995
0 0.4078071529855205 0.25010341839963984
0 0.4015894459269721 0.29680962272051004
0 0.4048665143266509 0.2890640260124741
0 0.5049709328116244 0.29924499838292096
0 0.36754037559283936 0.25971403976782365
0 0.5024900114485986 0.16185896561927154
0 0.5272556980953941 0.1706948633454427
0 0.568708148183702 0.13899371812657482
0 0.4104824870950562 0.16326293549617799
0 0.4310179460903763 0.18560499386961052
0 0.42517039343274593 0.37554254919207064
0 0.5089199271383165 0.37587420112278613
0 0.3821393025072315 0.3035628172863765
0 0.36441570998244144 0.3061788838450648
0 0.39797586026573983 0.3727115997079374
0 0.3928586682186851 0.3717494650381286
0 0.5398610774977801 0.1618745832049212
0 0.3987429795888909 0.30419550422860797
0 0.46584484245203717 0.1575814809451918
0 0.4725391291364839 0.14580134575774356
0 0.5042822320753009 0.09381770119279706
0 0.5582994519406733 0.15033701788477538
0 0.4881090695344949 0.12032625454814494
0 0.5548086287100104 0.1781193856097737
0 0.569771175143085 0.17501601543413156
0 0.3405196877974498 0.3506589773990193
0 0.36196034467673 0.35673212153570993
0 0.3769934620032331 0.3625535295457065
0 0.3756154478853765 0.30593583012829306
0 0.39535079223697195 0.37223697025902797
0 0.3850419571631065 0.3735353265489851
0 0.3899399972666165 0.37125964809198675
0 0.3770844544036479 0.2965167056278688
0 0.36588083641438546 0.36688860574690235
0 0.3510333505863882 0.3645703485366009
0 0.3331799939714907 0.36264618671908766
0 0.3325721915764145 0.4064484340470044
0 0.3326632714975735 0.38557914625696776
0 0.3336923987553592 0.3767556135727912
0 0.33387639653330614 0.3687418836171554
0 0.33290967156615436 0.36254033120740364
0 0.3658890341907614 0.3668790093990935
0 0.36957389091137594 0.37035651617691295
0 0.3732174086671338 0.3748843526305939
0 0.3759799717850826 0.3801983100693433
0 0.40966819409076677 0.34624102853593375
0 0.5482156910473788 0.30338683048216236
0 0.37699850903281684 0.3688834902285194
0 0.3809867418265041 0.37105605498749333
0 0.35738193033113763 0.31137669053064343
0 0.3877376544324658 0.3126187589989991
0 0.3607128531620975 0.30888932793080304
0 0.42832143196073763 0.26190329733349027
0 0.46149509063752897 0.2760994676448384
0 0.4053146497106753 0.29669798789571983
0 0.547209669266069 0.11380905756095544
0 0.5333061821853058 0.13171998217326253
0 0.5126491277026728 0.15065059266170533
0 0.3860898430337383 0.39624439818518503
0 0.42267981561427376 0.1432472522519216
0 0.4369271133519426 0.11409493195576494
0 0.45164139260722613 0.08089652799424671
0 0.49104530298257176 0.22903776836662398
0 0.5343101909894984 0.2488841446173959
0 0.408343655147633 0.21599674834256746
0 0.5274818808720585 0.20443288042765706
0 0.3956259574568221 0.23793510153513997
0 0.39321586954945753 0.28880290858217983
0 0.5584434819120898 0.2652294667495065
0 0.5180813652553639 0.25969103003750327
0 0.49102817809028465 0.26344279882286775
0 0.45260137847707244 0.2562887080911161
0 0.4257693562326552 0.24658521450534254
0 0.4066369422880406 0.23759906807867417
0 0.3738793280557238 0.21384365852473497
0 0.5484254490977098 0.29765224657138856
0 0.543452170327746 0.2032271141097659
0 0.3473630223093154 0.30079097807908256
0 0.40239536611339716 0.26476951406783417
0 0.5701564414591729 0.23616933321752467
0 0.39309059819088704 0.2281409264946518
0 0.4056610859899078 0.29822367279469464
0 0.5124933991251113 0.21488103178702816
0 0.39581684019998153 0.2793051316624596
0 0.5315619521000214 0.33918784729906826
0 0.40923484971251667 0.2103617164601131
0 0.3830177482170395 0.267647504472599
0 0.4678750903294559 0.4087260210213541
0 0.45791966402077977 0.4242529117760538
0 0.5576064043407198 0.3015957541492473
0 0.49612194375146795 0.39069187607751843
0 0.5719481661349912 0.20418693705433222
0 0.376288103151925 0.4486515051176568
0 0.3425185449012724 0.30443103139807864
0 0.4184366057190714 0.27861846862386924
0 0.5575991984661118 0.22927162894347802
0 0.4747209337693227 0.2213713885689316
0 0.4574704200406618 0.22046640189755864
0 0.388725238510325 0.3765136888381146
0 0.5347623523277573 0.32760793171009095
0 0.33225014441123996 0.4652229193545857
0 0.3966217101374759 0.4507445841610265
0 0.42476808974511515 0.44037456105069284
0 0.44093684707512837 0.21766319311633497
0 0.42525709731669364 0.21409735692983248
0 0.41452203621844197 0.21217655517807862
0 0.5581759601705688 0.2005857529760409
0 0.43091388392549024 0.19904359031458194
0 0.4504212950855368 0.19513188239907017
0 0.4693940420190996 0.1961693094224155
0 0.4863239964352378 0.20075933397317133
0 0.49551326614894947 0.20624746378062486
0 0.5769687644540006 0.1997231300137624
0 0.48666060121753546 0.22016937208442794
0 0.3926100509579172 0.33522936726818564
0 0.38385631364106126 0.30075452808572467
0 0.35631811568505656 0.3252826586824839
0 0.43654196373018034 0.4250397585353264
0 0.4074181232774308 0.4368433201012491
0 0.3376864370917469 0.4559952110803428
0 0.4840717376032962 0.40431874372712034
0 0.41620074243988164 0.20598670923743262
0 0.3829372583059319 0.23954622618624477
0 0.3668870624107651 0.4596551828691605
0 0.5413232573980018 0.3343223107963049
0 0.3509783583854321 0.3645279310664543
0 0.3540049715887142 0.3696298817960488
0 0.35587208079889354 0.37613015749207396
0 0.35654564044646575 0.38407948170723366
0 0.3619109829769859 0.4028124665679718
0 0.3823684318156182 0.3684863842168108
0 0.387769336941876 0.367758809017534
0 0.39270964956484766 0.3666460896406521
0 0.4212833637929667 0.3602612926846459
0 0.5089901771223495 0.33344210796997326
0 0.3846854559982879 0.22466941407414712
0 0.3994618166348099 0.19471214298440628
0 0.4102733125163533 0.19852880135971626
0 0.3769667973498252 0.36890789774619565
0 0.4975112480453298 0.3694164235384858
0 0.3823269469828545 0.19175558080192373
0 0.37047506284110154 0.41851418826426445
0 0.3710751342371043 0.2297254797457313
0 0.3916675692369163 0.265702348964221
0 0.33616188407447267 0.42349953127174483
0 0.4234120141604782 0.39623902207996997
0 0.42056773584100265 0.3122597695732651
0 0.39861870013208833 0.40964565757943805
0 0.4708439981887109 0.31521512213207425
0 0.43684659426725364 0.3295032238425995
0 0.47987821031723343 0.3417413091125275
0 0.3390816344490534 0.4417612198688069
0 0.40021513685395443 0.27651426104270443
0 0.43696521404926286 0.40878343782505067
0 0.40702273372859393 0.4223275134543411
0 0.44550309603727317 0.37931802660143343
0 0.5203615723782954 0.35255480714204934
0 0.4690959755378433 0.38376774824633986
0 0.5223796548722666 0.36420821408931614
0 0.4467562180531176 0.3513252918793708
0 0.39224120936816254 0.2518806243811001
0 0.3847047397355993 0.294616655642245
0 0.393417809079971 0.3008332342660728
0 0.38083381391275783 0.28290061706922304
0 0.42093774437401366 0.17922385266515053
0 0.4577431055060922 0.17231463008568065
0 0.48812015549543036 0.17442202300918536
0 0.5108964372787798 0.18116935762036748
0 0.5241456776228635 0.1910160840893326
0 0.5244301492151832 0.2197922248633302
0 0.5683753943141503 0.2693032373567255
0 0.5033032833775387 0.24174139746764794
0 0.4815426214837827 0.24441789144895323
0 0.4544381179890049 0.2411620146086236
0 0.42993245547330833 0.23475454392887296
0 0.411778786011386 0.22815037499956725
0 0.3996373249005668 0.22212372073272363
0 0.5595011992796564 0.26959524051148015
0 0.3904655009885378 0.3052820957341448
0 0.3816381587257868 0.2530463521554023
0 0.37192501901071284 0.2932015841080695
0 0.35707400317936505 0.2998278219492829
0 0.36961169987288206 0.2961018047078985
0 0.38251920088434016 0.3093271041784634
0 0.3536867461627043 0.3006174642832673
0 0.34875894900615706 0.30422593298412504
0 0.4023706269163623 0.21014179343602904
0 0.3914154219727979 0.21231290664659494
0 0.38439372018419743 0.21459840993587376
0 0.5002883396068203 0.21030163848433508
0 0.5166916525313623 0.20431746888895327
0 0.2282217333588419 0.18265203367762206
0 0.2516013831528933 0.18498801859487005
0 0.23152925897751175 0.16872848566172838
0 0.20446740725875404 0.180324610207929
0 0.2247045663841666 0.19660090314907855
0 0.4559444666914799 0.20693237958502034
0 0.47919563603300586 0.20914910904833584
0 0.45899220156770215 0.19343121871560895
0 0.43264556937076876 0.20457249788009152
0 0.4530393322811851 0.2203106561294791
