0 0.2685085418555948 0.4439566005913975
0 0.23727606712199514 0.37395579670183954
0 0.2537936852704421 0.3906649751023363
0 0.2520664721655903 0.3008748868022102
0 0.24146332000371076 0.35478540731314273
0 0.2577171700178005 0.32773391431132065
0 0.31045039151784043 0.2563648833253513
0 0.16100134087695206 0.2007456465651052
0 0.3406942878409827 0.19904075110682284
0 0.34943445609341994 0.17278418373376037
0 0.3887088334531807 0.08685287499961
0 0.26547671000448636 0.4524431076293555
0 0.26248535764017267 0.4615957119975227
0 0.26075344069970313 0.4684241054157099
0 0.2562717895427768 0.48009122903354634
0 0.2519467120690883 0.49041050920090357
0 0.2467415425345766 0.5028490669811114
0 0.24230273382412157 0.5148722736980207
0 0.23067232358941642 0.5092868987744609
0 0.2411334442077495 0.38318412220135284
0 0.2212491385299239 0.37552254040020344
0 0.125925545355113 0.10610573131817218
0 0.2237631288721121 0.23608039514706158
0 0.19862776365783288 0.23165330490746056
0 0.17525921872765612 0.22523753863934892
0 0.15218027990213115 0.20471458922559843
0 0.24376225893160136 0.23646947598685852
0 0.2032659001630559 0.16620737752213646
0 0.23163903910193226 0.17614949625521042
0 0.17607962949384603 0.16347434193181534
0 0.1581806516189941 0.16819270807333267
0 0.12956715330517263 0.21412234565320487
0 0.14098899370188908 0.5038394379539611
0 0.15662458746267452 0.19195907032147003
0 0.09835632063216157 0.18520848210246418
0 0.11580269235215312 0.19202278064081843
0 0.159219139271217 0.3185848930773263
0 0.23807602834930236 0.4348608144936851
0 0.23554687752283449 0.4561599512069751
0 0.20592740985701125 0.43718842576486994
0 0.18551816274936822 0.44205253040447784
0 0.21329600147777897 0.4537761797920203
0 0.19667589271383035 0.4533882872365153
0 0.13625483711560568 0.44717728977386184
0 0.2147860242237004 0.3680764219631402
0 0.2147827889564798 0.3489491398722981
0 0.13346287879726584 0.13983850814283086
0 0.23145625202489986 0.27920222663270017
0 0.17822009553726342 0.3451833024192542
0 0.18540985306961644 0.3334592508431822
0 0.10050645935163795 0.29674309434982155
0 0.23208178486898362 0.32383155213377346
0 0.18304103016138648 0.1297317114881814
0 0.15323627995644257 0.12929253989515213
0 0.14086899068429887 0.07941207641991563
0 0.28100199550747584 0.17388287139015077
0 0.25329357700096333 0.19140022935958717
0 0.12374616777010673 0.42657653516093
0 0.10497194521432872 0.3604546933890151
0 0.19462267950856144 0.3603061395712173
0 0.21164996818386966 0.37165114673943567
0 0.163778083501674 0.4525324300455209
0 0.17094180431011483 0.45376235913163937
0 0.147731864766823 0.11282739852564022
0 0.180303430957474 0.35257486946666583
0 0.22383779398114276 0.14246167313938324
0 0.22381151433614233 0.12480550528334353
0 0.227808140414796 0.0625001584379056
0 0.13293640254784544 0.10143835171343038
0 0.21869863273142626 0.10003615796756439
0 0.12678789313462713 0.1274906073134547
0 0.11838682063763661 0.12213566813606043
0 0.2356565784779098 0.44599214986490365
0 0.20908079058718052 0.4458590620241988
0 0.19046860743912575 0.4477398418389951
0 0.20053703507645237 0.3650994590296151
0 0.16748157007802877 0.4532432799902968
0 0.17370719589489542 0.46092007183038386
0 0.1746768485442054 0.45445562246889354
0 0.19906010798556056 0.35935233119196786
0 0.20197974341950542 0.4574159859849241
0 0.21730086478969748 0.45924919786544655
0 0.2369992585419465 0.462822642950966
0 0.1979264725598214 0.49897003173828125
0 0.20858549657199593 0.5049020566117649
0 0.21507993665673464 0.49369880261893473
0 0.2237878074463037 0.4821064860676043
0 0.2319913409310851 0.4737709825412153
0 0.19910384482331128 0.463166441018589
0 0.1902769537423726 0.4658087465328911
0 0.180184267121825 0.46960211561891596
0 0.17160725350574338 0.4741098446587023
0 0.1502196417152167 0.3992614258592502
0 0.11511566734714188 0.2617667323103347
0 0.24730982329490944 0.38696802157563526
0 0.1888817254302027 0.45916397045976437
0 0.18134321050821162 0.45989251669984277
0 0.21865335003220493 0.3817353294299433
0 0.18871420925612645 0.36562106098991615
0 0.21484701950058377 0.3769615343965281
0 0.2037083036322102 0.28442932470157123
0 0.1578754764809597 0.2884970594899723
0 0.18334845784042092 0.3404718831705209
0 0.1714031335404165 0.06365023481960114
0 0.16368548639958425 0.0926524518777768
0 0.17985816764459908 0.11158803629037291
0 0.1499832353288893 0.46351469972263126
0 0.27990589138986965 0.1453573208647414
0 0.28437544065985465 0.11513084192245532
0 0.2977898523247213 0.07086992111449805
0 0.15848651135282266 0.2159606397342377
0 0.10313009543956327 0.22264841341743835
0 0.2567566158674318 0.23473659186317516
0 0.1378147880093371 0.17114625266565683
0 0.2508178908976434 0.27116189292444587
0 0.1870674471989524 0.34325553967168154
0 0.08191051879089227 0.2290351124236378
0 0.1071104678890402 0.24155328525141023
0 0.13009261370276948 0.25667868178492537
0 0.1776853820545782 0.2638409648078699
0 0.2147265748082877 0.2631027477617843
0 0.24105110500070404 0.2600857853508605
0 0.2845303359792101 0.2548677365239055
0 0.07253475855294463 0.2710750202020517
0 0.12386341032078511 0.1636358754703412
0 0.2268724746341042 0.37932040668524114
0 0.22012273552749367 0.30133557548157325
0 0.12116983504318218 0.17817135283741325
0 0.26089771374238196 0.2547595112468488
0 0.1883036836588697 0.33969851119068867
0 0.14743505936446522 0.18924919713419466
0 0.19718834579133873 0.3290499848679613
0 0.10816715253914574 0.30823833721514327
0 0.2596033860167725 0.22783734013859075
0 0.21314502602143826 0.32414690450357553
0 0.08594950147384077 0.4273860309832393
0 0.09722993971346665 0.4448594772777618
0 0.08222174487239738 0.26494943295804835
0 0.08151212820617987 0.3924666700271753
0 0.10913048924016153 0.15077818239839694
0 0.13082040528313432 0.5202570662330895
0 0.23521271748222608 0.3836633846782648
0 0.19548673877756087 0.3102289876237083
0 0.10238417311252164 0.19095667025532587
0 0.17972172328608213 0.2146429604234787
0 0.20037708258171447 0.22124166762866912
0 0.16655001187210175 0.4624030506268096
0 0.07231058655597038 0.3094859260339706
0 0.1677222827927386 0.5618198504463171
0 0.11864071734231725 0.5092587821399823
0 0.10605250238228758 0.4812767345684405
0 0.36672816295132077 0.13219235575618074
0 0.2236829759548608 0.5819933711530302
0 0.22176193390532936 0.22510719299316406
0 0.24120085480973588 0.22680909031877122
0 0.253437165447848 0.22791582174575367
0 0.11449149265277872 0.15550786466263353
0 0.24597249853668168 0.20690485311392398
0 0.22743360026420165 0.19482740578940883
0 0.20473362937819758 0.18765784681033784
0 0.18250849192662777 0.18530990673711126
0 0.16912283328511446 0.1872540129640232
0 0.11969567946106982 0.13708962266818403
0 0.16765870371882577 0.20761787853301905
0 0.25135282521768154 0.405119813669223
0 0.17068706842349302 0.3932891821328063
0 0.19242890332814314 0.3578036859774361
0 0.21296350875918527 0.39814480425069887
0 0.3301177686638683 0.22722893858108276
0 0.0969797751600508 0.46107868036142174
0 0.11298853987984234 0.4900294904129955
0 0.1630340162083971 0.5479807259556585
0 0.10061413964493383 0.4069085288733339
0 0.2555645137525005 0.22009773376269842
0 0.25064624506506705 0.28438179332989094
0 0.21833809366900858 0.568167007007538
0 0.1364027318908728 0.5368002870212347
0 0.0808067516171389 0.30744255236543405
0 0.2129858133318327 0.4680367247365153
0 0.20316201827223065 0.47348809775453027
0 0.19294081535413682 0.48111977135411466
0 0.18456058990326432 0.4900542432888628
0 0.1691370552106441 0.48185018228646664
0 0.1836599378848819 0.45355746235710365
0 0.17706882624889164 0.45039194612838207
0 0.17179807906242298 0.4469928680517422
0 0.13393006021742054 0.41120211080240365
0 0.08460745079625996 0.3313951096214806
0 0.2684832559786826 0.2619039517241164
0 0.2794004388564496 0.21400848973673373
0 0.2666097822949755 0.21394991646178615
0 0.18974598345281982 0.45619863443100417
0 0.08020176768874665 0.37311533236275085
0 0.2952158383900027 0.21747553767487646
0 0.15758255781601374 0.4910597877380566
0 0.2755981054809168 0.30355463241235897
0 0.2668544921657736 0.2790997051202451
0 0.29236407731648545 0.2809355677888035
0 0.22033620795471776 0.31175851060178716
0 0.22091360929772721 0.5481059894013328
0 0.22705735966598958 0.5264452851999301
0 0.18814135716258765 0.5127822827226438
0 0.11535741799741055 0.44250188467982476
0 0.16353673035864064 0.3498708462943665
0 0.1334814291349132 0.4677270761313149
0 0.118822554818732 0.3321235461737782
0 0.13799050829107526 0.3643336920692517
0 0.09841886177051554 0.356994263280314
0 0.1719811311442789 0.5304279022704298
0 0.20842585324955215 0.31821063836923424
0 0.09850353081163457 0.44652643904518396
0 0.11963035577206875 0.4757997677349054
0 0.10377206962457378 0.4156373362190807
0 0.07397545727608587 0.3421724459614617
0 0.08646526711164333 0.40510058174498925
0 0.08027466609895373 0.34884511929350537
0 0.11791349993907005 0.3858180548817205
0 0.23624253726834588 0.29254706142047726
0 0.19074743668095384 0.35416581760199306
0 0.1824197263526116 0.35364564158284245
0 0.198081489339721 0.34488868104002346
0 0.2649312196589774 0.18764338630456895
0 0.22818645688412573 0.16388000390781
0 0.19312526975318398 0.15291197536090692
0 0.16457462175001059 0.15073282650103584
0 0.14629092312259354 0.15640913259487943
0 0.1335309629531787 0.1910573087942105
0 0.08728181322415669 0.22415861306479945
0 0.13622122567048747 0.2262433938705883
0 0.15660886384314485 0.23869664981342353
0 0.18901410638142546 0.24600670055840343
0 0.22097885569365477 0.24838930197036305
0 0.24467057400613093 0.24767521623605357
0 0.2609490805106769 0.24547915717664237
0 0.12136989160121488 0.21953419450753794
0 0.18571913578241564 0.3582480311774598
0 0.23421239052459206 0.30420678111310967
0 0.20040266658905312 0.3605021881981018
0 0.2170332320016637 0.37258093349468974
0 0.2051922091834551 0.3633164841526994
0 0.19333940469246688 0.36540333074502673
0 0.21963291827866213 0.37599419785764654
0 0.2267147415547634 0.3800955336695662
0 0.2668643856791855 0.23036487567158173
0 0.27594625556783425 0.23740542353913427
0 0.27878001839708655 0.2427230688710563
0 0.16178491597267078 0.18961548119688187
0 0.14825217965409623 0.17569509634194663
0 0.30385490730226183 0.3112805643782448
0 0.592324892108103 0.2819520810160774
0 0.28399655001340723 0.3881982431625025
0 0.7798427910827619 0.22646002723766973
0 0.4778331356654636 0.27885663699799074
0 0.5099335674473422 0.2879208330148325
0 0.5445590535227915 0.2949390045751017
0 0.603903350355528 0.2896717790597544
0 0.45347022638618234 0.2690088680377022
0 0.5647943360056523 0.22989793478871307
0 0.5234849424385053 0.2248098477007101
0 0.6002761410008803 0.24058997059782472
0 0.6206980310469794 0.25361996489211014
0 0.6244211279802757 0.3087926261341229
0 0.35360148027360583 0.554949117544741
0 0.6128894430842046 0.2769142126503844
0 0.7566400287534407 0.31364773637570514
0 0.6776532652280886 0.29842639959658296
0 0.4520890212459244 0.37825427801845174
0 0.30232423944153086 0.44815237758258664
0 0.2912797659135265 0.46771676547991964
0 0.3320876599358712 0.46381743799764125
0 0.3502522609788451 0.47658286536463534
0 0.31550127303571723 0.47516588204965804
0 0.33379824398804625 0.4820976379199531
0 0.3919913156998815 0.5016948224637455
0 0.2654311512585738 0.3787376720684405
0 0.27425576771477717 0.36108689719495685
0 0.6764231128372449 0.24134374502748726
0 0.41040382875527126 0.3149244655816319
0 0.36793581201589937 0.3841168705266885
0 0.3784613177644835 0.3725905494568066
0 0.5583505670515467 0.39075071438432885
0 0.28834499207903724 0.3350629227610823
0 0.5987827063178559 0.20554560213424147
0 0.6468147422484071 0.22077052204753644
0 0.744395348379652 0.18865523780115878
0 0.43155770629144113 0.198977717195456
0 0.48493950501334465 0.22787105084989018
0 0.41887693839679235 0.48888566623480556
0 0.675022562344869 0.48380554979220747
0 0.34158404153599725 0.39072040399423424
0 0.3132585592978864 0.39198876036622654
0 0.36959094380875 0.4953580862417008
0 0.3623494661683373 0.4937129889052516
0 0.673652752412023 0.2095491330082805
0 0.3709873204751552 0.39173538159257687
0 0.5301113880509667 0.19685882348983813
0 0.542361589358579 0.18137593619739667
0 0.5930441151991737 0.12699026650133224
0 0.6974863145562956 0.20601406036474454
0 0.5521369106192097 0.16040975674272726
0 0.7056335345160761 0.23435398260244547
0 0.7325500744423992 0.2376256948842789
0 0.2972246632873297 0.4586649276197147
0 0.32391115694309025 0.4699051463946748
0 0.34240655025704014 0.47945379677671973
0 0.33413073670663995 0.39269719717982476
0 0.3658551045601888 0.4945669448413788
0 0.35266214859285516 0.49855643567947533
0 0.3586978542861893 0.49289431587194865
0 0.31682676091182715 0.3837555224141374
0 0.3272596916420568 0.4836577637888753
0 0.30917865545343726 0.478458489853734
0 0.2868964536298665 0.4732381193020854
0 0.2746416368215776 0.5162194224592215
0 0.2797040460492781 0.5200519135203986
0 0.28173287881078196 0.5076941225094537
0 0.2832772827548661 0.49454076602436103
0 0.2829530935207431 0.48447848432741986
0 0.32545924887096855 0.489807555469842
0 0.331301876466623 0.4955182304016698
0 0.33714030815257157 0.502836672261881
0 0.34138731962199403 0.5101551506846858
0 0.38515096702735774 0.44806579736094126
0 0.7558927151510756 0.3918462759389664
0 0.340189983661798 0.4910284535953412
0 0.3464263863414883 0.4946037633731342
0 0.2991635269112438 0.397732853508605
0 0.35941840240137757 0.4011661176102611
0 0.3059423502972372 0.3950745701408996
0 0.4410865951499207 0.33197466329263803
0 0.48790998824780507 0.3554159292397788
0 0.3844510451209345 0.38147452844979285
0 0.6864440052343501 0.15544294777769632
0 0.6410217368059593 0.17987569985679164
0 0.6191189998059535 0.19135231408067405
0 0.3606154733567501 0.5097099279824157
0 0.4525120131117549 0.17388939781310842
0 0.46243489789162323 0.14738193792276108
0 0.49581119539640506 0.1057901595728085
0 0.5794178321778917 0.29619657498198193
0 0.6559831141282043 0.3305505868345023
0 0.43880755366753044 0.26151137915663064
0 0.6507005079758825 0.26734227189621607
0 0.3891590766483645 0.29868696291987507
0 0.3421683550881539 0.37514682318836734
0 0.6896276848493434 0.3511804452719399
0 0.6181203732959373 0.3429103522255017
0 0.5632269649768619 0.34359074552980856
0 0.4964022003203559 0.3267215692197172
0 0.4537687543198931 0.30826886698079947
0 0.42431936454144026 0.29337215118895704
0 0.3422227914956548 0.26629120701799
0 0.6611448339135241 0.3917088371496231
0 0.6813871831916791 0.2681881474991576
0 0.258738233602876 0.3859862793748752
0 0.39364828044276157 0.3359813751123203
0 0.7953806422311339 0.3082920659464388
0 0.4016539215755691 0.2795127161775534
0 0.3935683814884661 0.3813794657064322
0 0.6267374026403725 0.27864585364588534
0 0.35400581138311243 0.36085264065776007
0 0.7240225725608478 0.43689961783802167
0 0.44722909778713893 0.25522484337559903
0 0.32178027524079067 0.34616387461701903
0 0.5407078267573167 0.5312066123889277
0 0.5553947032498513 0.550038103097544
0 0.7196459295652468 0.39525489685253595
0 0.5981974873325522 0.5068227993413663
0 0.7482266997833618 0.27274205509466104
0 0.36164755672573756 0.5772274005146453
0 0.2614510438139204 0.38872298950585316
0 0.4201187289161362 0.3553433159288888
0 0.7114827209811131 0.3061190961648862
0 0.5469712599290075 0.28296524876603685
0 0.5156930939470835 0.2773423057775528
0 0.35808160765279684 0.5025769315969449
0 0.6394701777316397 0.42798174532076805
0 0.29637731036408055 0.5938202733048996
0 0.4261259686746757 0.5837223430791982
0 0.48588879645871313 0.5713456126447684
0 0.48981055867471857 0.2694848764437837
0 0.4667799611457532 0.26122023122379195
0 0.4524646655832835 0.25703677582664614
0 0.7135518786432646 0.266117607823576
0 0.48624151787883657 0.24535341841725114
0 0.5200950890708027 0.24449906029259436
0 0.5515599951183767 0.24962217434526632
0 0.5802358579006698 0.25835343138478434
0 0.5964430670658175 0.26651577446788266
0 0.7961735366631469 0.2641139411316893
0 0.5718552128588267 0.28385161744139065
0 0.35774589070885016 0.43188081686489116
0 0.3394235676284031 0.38816987058986874
0 0.29522140349129694 0.4149642188709003
0 0.4822452893074182 0.5519354823298348
0 0.42516000400915993 0.565887329296563
0 0.29091368383354993 0.5797295616076777
0 0.6167844839805036 0.5219099879645692
0 0.45991134529205246 0.2513879282405963
0 0.34842472146455045 0.303807974623415
0 0.36272011958151984 0.5926126108382838
0 0.6909942263893658 0.43543612690398487
0 0.30624595749006567 0.48763171552469176
0 0.310592699108078 0.4960780037096895
0 0.31346053714088973 0.5065761115223455
0 0.31455081115237815 0.5177175381693977
0 0.32144760585231463 0.5155465976117899
0 0.3490313616730898 0.4881177055188261
0 0.3563603571564745 0.4877305807777868
0 0.3630978177062613 0.48677618739703976
0 0.405641714160105 0.4678783721436327
0 0.5733134460677918 0.4339256530371718
0 0.36584112555574744 0.2812045222273269
0 0.4224007075353206 0.23495108631853098
0 0.44697513483125245 0.2406912489820974
0 0.34231651486824455 0.48816750377130963
0 0.5735155564132068 0.47966841920115316
0 0.3826385446303754 0.23073128770334653
0 0.3399077535247345 0.5336916256255616
0 0.3226384491943341 0.2901599628095048
0 0.3594683116431431 0.3398501728289424
0 0.2808060686079432 0.5347353048598804
0 0.431145160032405 0.5128501794589594
0 0.41660547163560807 0.40157371740371656
0 0.3907213021668313 0.526431757040298
0 0.4929405748129463 0.40985609548160445
0 0.4363813461731378 0.4263182569997379
0 0.5131733397499835 0.44480068462725264
0 0.28635010201868105 0.55811704690464
0 0.3817689975531553 0.35300612525818065
0 0.46602098733115255 0.5308682621477511
0 0.41161072697284984 0.5448788286398013
0 0.46166240883102233 0.49349266271621656
0 0.6213202182051661 0.45853553260096347
0 0.5157748921026143 0.4998891787787977
0 0.6552028515927797 0.4726592237576128
0 0.4520776260385124 0.4562470433049309
0 0.3715234473168993 0.31963003481538915
0 0.3267657889021958 0.3824747713229146
0 0.3539509774683762 0.3891337336823582
0 0.3093907476472054 0.36796132291848666
0 0.45986823784075764 0.21917255389423798
0 0.5231477679680291 0.2153935356262012
0 0.575057266141585 0.22194390708265213
0 0.6155879872022487 0.2337667142240384
0 0.641571180140086 0.24857688635682906
0 0.6469896454319394 0.28771575342732875
0 0.7432133385317503 0.35506869428835736
0 0.5971135292693579 0.3153119559486072
0 0.5534235973724072 0.3156749128152768
0 0.5057778943070976 0.3054394889563417
0 0.46634605991468725 0.2915909130352374
0 0.4386698836617047 0.2795873404310915
0 0.41928524457865196 0.27035009365873974
0 0.7788011012889212 0.3494417476958741
0 0.3553068083967808 0.3932519614125212
0 0.3321831058398139 0.3239704168642672
0 0.29500337077273453 0.3805199888186714
0 0.2816015247532504 0.3863615943981817
0 0.29955750074889737 0.38325936801898214
0 0.34716305558344157 0.3972043777807071
0 0.2712782397687578 0.3868617706786329
0 0.27388383344494754 0.38963869966257114
0 0.4319516138778888 0.25398730927001173
0 0.40654959860179635 0.2566532342197796
0 0.38733522511786406 0.2604606799043406
0 0.6058816996981485 0.2724300299208766
0 0.6315207838726272 0.2658852708225433
0 0.21813778314802001 0.20647624811044515
0 0.2453421072708331 0.21128362588608227
0 0.22420963991603118 0.1887358948826409
0 0.19069375112045298 0.20163901697713346
0 0.21181618141756356 0.2240712101847981
0 0.546630463725943 0.26381690662128093
0 0.583285665912308 0.2714417430158621
0 0.555496376767147 0.24515806447964505
0 0.509964219671931 0.25603371763381716
0 0.5378200691952694 0.2825003919510034
