0 0.5693823722847403 0.3776971769926811
0 0.5580984717431451 0.3225449065579497
0 0.556493064396492 0.337415528962055
0 0.5297409001156248 0.2699623977586468
0 0.557645151258018 0.3067835222925297
0 0.5559506708056615 0.2852956538098563
0 0.5511601063018107 0.23113338025297842
0 0.3433434939962902 0.22474233330639515
0 0.5479213932395485 0.18370859726185193
0 0.5471621243762568 0.1607927085383224
0 0.5444922467324301 0.07932825929188078
0 0.5705998167709962 0.38401850425193035
0 0.5710603079212366 0.39033606058055115
0 0.5709955478519327 0.3946482473420927
0 0.5717636680049736 0.3982982530147014
0 0.5737800440959286 0.40590464538526705
0 0.5754346377235927 0.41518017073401636
0 0.5765501243152699 0.4249832010778244
0 0.5617341483444102 0.43519791497595933
0 0.5576512015067072 0.3301707206388951
0 0.5315292527907005 0.33068265991278817
0 0.2455112341209806 0.1568364636046748
0 0.4245103625305594 0.23929139172762173
0 0.3967709059705211 0.24113617068507917
0 0.37009338009709547 0.24089619206222634
0 0.33386977557643055 0.23037764889631124
0 0.4484834645870869 0.23566479134248527
0 0.3789228403995812 0.18920902411142984
0 0.4127842523000411 0.19149133025680715
0 0.3482812251974259 0.19234918862192374
0 0.32935526300583207 0.19950625901403235
0 0.313634046585248 0.24172829185233563
0 0.4606462197716226 0.45352750146940507
0 0.33313153319469485 0.21918440685294843
0 0.23384573841899758 0.22926099978449224
0 0.2831960857417513 0.22860124286524908
0 0.41225582656729576 0.3099112398966634
0 0.5381282067500086 0.37629402221168345
0 0.5428905741071902 0.3910617804329308
0 0.5079711156303872 0.38350820944402564
0 0.4876539323651841 0.3900104563148562
0 0.5182630928382592 0.39303423232738094
0 0.4986129868382643 0.3953338195420669
0 0.43733941068880666 0.4112612665194492
0 0.5353594710303762 0.32271085585846454
0 0.5303749624435409 0.30782174738842116
0 0.2921987624233785 0.18588175906546742
0 0.4651408636243031 0.267316735511997
0 0.4694381834711204 0.3202346303143394
0 0.46553564235127926 0.3115059749653048
0 0.32772557996999363 0.3092851520008888
0 0.5296299041952262 0.28761239450597254
0 0.35297629287474264 0.16845419051949806
0 0.3159044210795109 0.17382116044826212
0 0.26953402664590986 0.12836218060547772
0 0.4780249802497872 0.18235262164300306
0 0.441957038917622 0.19962878590659597
0 0.41682301738342653 0.3975662955327108
0 0.2717593977471444 0.37278467508680313
0 0.49171772008203757 0.32859569080925216
0 0.5137238003910846 0.33246460892834556
0 0.4624198763179377 0.39948612451553345
0 0.4683819855818769 0.3992040418928063
0 0.3017219659019623 0.16388067543011683
0 0.46888669583364884 0.3273053520656283
0 0.4049387043538476 0.16972213050224602
0 0.39928146039886314 0.1573552359182781
0 0.3776366023448952 0.09049883322217993
0 0.2871929285772742 0.14494102040785203
0 0.3948391960140019 0.12294788975025553
0 0.27685882371186205 0.1787028853225821
0 0.2610451729363027 0.16756121713495764
0 0.540261741051694 0.3843601845903046
0 0.5131691382404118 0.38858907064367726
0 0.4930564683197923 0.39274866230264394
0 0.4983669060443524 0.3313333580926644
0 0.4654672969494188 0.39934960548563786
0 0.47920363965416757 0.402827140699502
0 0.4716501095752676 0.39909584737191706
0 0.5038980471308221 0.3228024072494371
0 0.5027655862303223 0.39721934156202904
0 0.5220665331254025 0.3959376220884131
0 0.5448961942004755 0.39506775628629526
0 0.5256710061292608 0.435117931552629
0 0.5434123520358203 0.4243276262057068
0 0.5438049459507697 0.4147053737091707
0 0.5444149379991781 0.4055458966240481
0 0.5456687213247838 0.39856508179774347
0 0.5032547600410155 0.3989789768752961
0 0.49901708369516623 0.4021192264443756
0 0.4943707541322909 0.40652253930396176
0 0.49065705920070535 0.41172795462580053
0 0.44574899493641995 0.3693547443280158
0 0.23528797578711047 0.2941255005228986
0 0.5570208552265972 0.3335617796240611
0 0.4885092582632218 0.3990773896588408
0 0.48407035512763236 0.40072778139532955
0 0.5219901767461109 0.33814570021374796
0 0.4788278519855773 0.3362681737008327
0 0.518008963719702 0.3353564590745973
0 0.43603251962470607 0.2772558595927726
0 0.39105054522365457 0.2894285654258049
0 0.4615741860011459 0.3186092741548803
0 0.3104454534843501 0.10595684186560969
0 0.32906787619309086 0.12929561352390412
0 0.3427390106619662 0.15643239279375948
0 0.4606196659023752 0.4207044139875636
0 0.4673175526319174 0.161414926268452
0 0.46512077082310044 0.12181737608898294
0 0.45346894420148953 0.08252246435709554
0 0.34701870262371337 0.23729895106555446
0 0.2861695215420381 0.2537508409289137
0 0.4645745864900356 0.231823814968763
0 0.3057138602316128 0.20744130358294377
0 0.48477278153101605 0.2565706606295892
0 0.4849564177829002 0.313704370815983
0 0.2545731808314344 0.2646381272398563
0 0.30473822028325076 0.2665033486107207
0 0.34059645700806807 0.27335510120980117
0 0.3943880790145085 0.26987509929695447
0 0.4330797181602269 0.2624786315156613
0 0.46162742445489025 0.2549820923084042
0 0.5234724690013797 0.23545799974444923
0 0.26160967607789903 0.29983242126546295
0 0.2856571737849763 0.20545668831075214
0 0.5440207008068069 0.33007732631190106
0 0.47020329717342363 0.2841623615681206
0 0.22773584622874038 0.22394967234714458
0 0.4830526995633725 0.24652147073904107
0 0.45853035070222137 0.3190889195191054
0 0.3216359673170098 0.2193979322556782
0 0.48172898357930566 0.303104256466473
0 0.24798406786304988 0.3322838310810736
0 0.46492553826122845 0.22581214349040782
0 0.5046288574169456 0.2934461659525354
0 0.33887945618559034 0.41798843664348057
0 0.33967694992254555 0.4299829163868091
0 0.2361937577714397 0.29777681042715326
0 0.30129353733505376 0.39598148396572325
0 0.24638202176566867 0.19629338358927734
0 0.45608007467748746 0.46562634809727066
0 0.5462542509479362 0.33332922945101773
0 0.4456598284626812 0.2965402003567697
0 0.26227561425307633 0.23124212765467408
0 0.37062143235769957 0.231139490294711
0 0.3946399486266108 0.23198768033393055
0 0.4746878759518957 0.40542916789173655
0 0.271348914516626 0.3310370139804175
0 0.5054133356497761 0.4832025990508771
0 0.42233604507104255 0.4628118445581954
0 0.3850527880438269 0.449647752557078
0 0.545729858714317 0.12068545896104788
0 0.5609109410505254 0.48486427522638936
0 0.41827791545713 0.23054537025069285
0 0.4411879103897996 0.22822755214582557
0 0.45693960213711493 0.2271529645045881
0 0.26754280390367224 0.20192997505797752
0 0.43741692483173644 0.21305105906788566
0 0.41157513624253655 0.20729908562781266
0 0.3859040430955243 0.20614217545214072
0 0.361414317025917 0.20871440378655176
0 0.3469060260786789 0.21293389086621511
0 0.23243920498759435 0.1873276416093005
0 0.35446881826668347 0.22834320346938616
0 0.5574922144161498 0.3505161672583113
0 0.46997902715256445 0.3596626303798363
0 0.4915573511445573 0.32584404556493884
0 0.5207680078372674 0.3528367922965035
0 0.5491557186665917 0.20728187544065863
0 0.378650821965455 0.4370163257718793
0 0.41567522545152574 0.45114047402871743
0 0.504721030341422 0.4763397321299443
0 0.30335450599968183 0.40585046306623684
0 0.4561847775923049 0.2209625991143083
0 0.5061805968168919 0.26199915626860737
0 0.5621178536223963 0.4778632164567108
0 0.4614527515343976 0.47479719468000237
0 0.24837350593840524 0.33256149065734936
0 0.522661474246516 0.3986860351064734
0 0.5188900965427045 0.40397945771155125
0 0.5160079560073619 0.4109109952639289
0 0.5142582763725192 0.41920242113009326
0 0.4895571650709281 0.4293484076910596
0 0.4826554559202637 0.3973119420088907
0 0.4773240850821829 0.3963109158677704
0 0.4726938708422053 0.3950734268586689
0 0.42786164009621375 0.3826951911299537
0 0.31097175042589004 0.34215014501257157
0 0.5041719329256549 0.24478715453142233
0 0.48324005186306274 0.21269372794976013
0 0.4669437070184619 0.21449498526424982
0 0.48764371790211913 0.3982310000263499
0 0.3130201517529628 0.37767880433819045
0 0.5078500919829944 0.21207642944116467
0 0.4730116769608566 0.44118079412308736
0 0.5542862922078949 0.26707882664806054
0 0.5264254758755366 0.2538439091979962
0 0.5527995743077515 0.25005722855475165
0 0.48761169266600146 0.28807964966956123
0 0.5623662125963702 0.4656858040486083
0 0.5620189955465904 0.44975878236415406
0 0.5167245183312943 0.4491640527336057
0 0.4095175475007874 0.4155933002842986
0 0.43558446509677146 0.3318066807686929
0 0.43795427654865926 0.43019105474578384
0 0.3710602434501366 0.3298543594061692
0 0.41244325356141426 0.34820668489483325
0 0.35161128954545356 0.3552470123781994
0 0.5084639121208513 0.4643940193090292
0 0.4716776531456895 0.29753226699353963
0 0.3862236418804539 0.4241541066910731
0 0.422404390472903 0.43952385287550705
0 0.38666105245236104 0.39748220094440956
0 0.283136311525534 0.35706006448322625
0 0.35051216103356597 0.39707071586011566
0 0.2675803005066602 0.3650928271905666
0 0.3955838621165682 0.3698167825650207
0 0.48822745485899316 0.27268702272559964
0 0.4951951565370278 0.3205296134892166
0 0.47934029311067444 0.3251409796491919
0 0.5060986383554804 0.3099563776527577
0 0.45821655940908923 0.19555887434971855
0 0.40998072765044524 0.18394429460256267
0 0.36804611786005365 0.18196081344484577
0 0.33493047380497687 0.185675038349586
0 0.313613879089617 0.19386073639384369
0 0.30552385627971923 0.22370665996807185
0 0.2308420887224785 0.26343406625489746
0 0.3283088314130839 0.24927464703789526
0 0.35743349614525644 0.25477669000059966
0 0.3945780829664021 0.2541250561762818
0 0.4293122805875062 0.24985354159509018
0 0.45635911438787036 0.24463779165510038
0 0.47508005904748973 0.23964120933735214
0 0.2304689153588774 0.25846741038285115
0 0.47998128334681195 0.32950930507723264
0 0.5072816673839142 0.27731812247743526
0 0.5151738433269509 0.32106182505934544
0 0.5295939201544105 0.3280324612082394
0 0.5150514751798493 0.3233547493514924
0 0.4876863684206572 0.33391395052132655
0 0.5352199044911671 0.32935242869251563
0 0.5376589390044474 0.3327461811995591
0 0.4747380519340813 0.22642759906298185
0 0.4892600679825127 0.2305595892109198
0 0.4985669190496332 0.23372260612807946
0 0.33902862095883124 0.21620775329684871
0 0.3192012650805687 0.20792150182797534
0 0.5785713928912762 0.2686224131538916
0 0.753270979294797 0.2150429893784393
0 0.5812333902729212 0.3293211271330131
0 0.8270753860976625 0.14283718135150444
0 0.6746103142384235 0.2340792426010892
0 0.7021032418379803 0.23405209473585037
0 0.7283178489922472 0.23238592463173194
0 0.7623065775456811 0.22041870616508974
0 0.6513077440644115 0.23184767390202515
0 0.7140097577863604 0.18227762832336153
0 0.6801634341604096 0.18614427821350552
0 0.744850116188516 0.1840149357579074
0 0.7639087730319188 0.19028532710081034
0 0.7815123824127616 0.23041674749282756
0 0.6570323997409032 0.4468709866771494
0 0.7622223969250289 0.20915310761823913
0 0.8439054599794155 0.21337062417400265
0 0.8071945676823709 0.21561693636123822
0 0.6926831540176134 0.30212273709431803
0 0.5976831201259597 0.37356809301308463
0 0.5962112664170406 0.38878291916027047
0 0.6258072903387657 0.37775110413595453
0 0.6442735830188301 0.3828248487672772
0 0.6175251347857689 0.38846550887165543
0 0.6341760167341192 0.38921754017984883
0 0.6779357101846848 0.40382811013489855
0 0.5801531594513841 0.3214953686701728
0 0.5843639831502729 0.30633838236119826
0 0.794803284894565 0.17451143922330645
0 0.636249683451552 0.2625595505834333
0 0.6408894025575259 0.3157333299641366
0 0.6434066047899833 0.3067472022764765
0 0.7725462873273761 0.2968368279976353
0 0.5818096204397547 0.28613047547470494
0 0.7361721175129403 0.16015622931867307
0 0.7720242479682472 0.16385038039721062
0 0.806107315584577 0.11618038768021662
0 0.6158492158988357 0.18014319652905808
0 0.6524385056666684 0.1957850167759797
0 0.6963046760247227 0.388988307291644
0 0.810317018867042 0.35555588845539204
0 0.6188320258498695 0.3253240824311371
0 0.5977588976234324 0.33032915643101485
0 0.6651762959071855 0.3915849757929855
0 0.6591196234970657 0.39153555675474916
0 0.7822924910215386 0.1528919851087025
0 0.6408128781157707 0.3228174059133654
0 0.6862444943013574 0.16369770023605013
0 0.6896894760272674 0.15040691347167442
0 0.706901425173514 0.08352979900998153
0 0.7944581966359907 0.13276849886842187
0 0.6940557014841571 0.1162160697568778
0 0.8057933002081601 0.1661405261088945
0 0.8180857622673743 0.15387927428824763
0 0.597864216767283 0.38189717147981006
0 0.6219921603735992 0.3835850740525505
0 0.639519021229402 0.38610898911033803
0 0.6121277900939249 0.3283973341876219
0 0.6621211817495933 0.39157788757751844
0 0.652988294005897 0.39615900123388037
0 0.6558826657538676 0.39157933357347374
0 0.6080657576961357 0.32009694881710715
0 0.6294360577054164 0.39132500840251555
0 0.6134511886266717 0.3916649025105921
0 0.594013158782122 0.39291687983210827
0 0.5964417360754456 0.43301171085588447
0 0.6060804544873378 0.422373603671471
0 0.6034146476898515 0.41259662960771987
0 0.5994744045573448 0.40342980913137344
0 0.5947514011638577 0.3965260573836267
0 0.6295996758505262 0.39355683227733645
0 0.6359662554435086 0.3968140657544843
0 0.6425157616913068 0.4012778836212973
0 0.6479891453111222 0.4065576401469546
0 0.6673872509837654 0.3629020015540072
0 0.8376958133802133 0.27710125143700504
0 0.641264854101189 0.39264219730632866
0 0.6471847983603739 0.39419397778923965
0 0.5905341163969241 0.33643267700539226
0 0.6311246372979401 0.332288707773315
0 0.5939638978066827 0.3334950086343614
0 0.6651311804725148 0.2709326326917782
0 0.7105998077473057 0.2805940404905543
0 0.6470966589350238 0.3136983033035432
0 0.7695320683692578 0.09591628542150042
0 0.7558867781725613 0.11944529060649985
0 0.7433019994683406 0.1470614458883926
0 0.6567983820971557 0.4145484973244537
0 0.6233326639304181 0.1579163532310816
0 0.625916792370599 0.11819948003244005
0 0.6339982066476395 0.07869472876986575
0 0.7503792965462439 0.22789766659798855
0 0.807816697575372 0.24018086353372142
0 0.6358836060586358 0.22892428119694494
0 0.786078900979038 0.19662433236943444
0 0.616819235091471 0.2528640484682606
0 0.6263818772281775 0.30997815265067247
0 0.8325069408376509 0.24894650519106312
0 0.7944289537673258 0.2540577181293447
0 0.7630409731643613 0.2627208500146017
0 0.7108771481594456 0.26273358044958056
0 0.6714128698477765 0.2579127575225536
0 0.6423735434998943 0.25212775299840406
0 0.5786178154784416 0.23391499447228645
0 0.829495971087162 0.2839347164401804
0 0.8029394501875221 0.19305766993428747
0 0.5710240064291009 0.3293124511572814
0 0.6338066901335736 0.2796646336785132
0 0.8419012590802671 0.20775409235507428
0 0.6207168650526538 0.24478508477250593
0 0.6486319655607521 0.31405132478666475
0 0.772351036091897 0.2094036051528451
0 0.6277309706442467 0.29917276358123635
0 0.8287193357692992 0.3150193481965704
0 0.6346172740690819 0.22274800717901364
0 0.6058430755943186 0.2906923375378583
0 0.7611296174395437 0.40365158521690686
0 0.7554312542018005 0.41514016484592026
0 0.8460216278265297 0.2805160984732785
0 0.7924428662670313 0.37989517590329314
0 0.8317081586218081 0.18151785668387815
0 0.6604592680679595 0.4585106587070587
0 0.5675091107183368 0.3327557644668706
0 0.6583653218132534 0.2907332223646723
0 0.825132210546405 0.21603726753843494
0 0.7271055584215413 0.22254311522272274
0 0.7032682508355957 0.22460663650949372
0 0.6581894164346944 0.398644810045317
0 0.8210411967104497 0.3151682290742406
0 0.6137123203478785 0.4792956030382946
0 0.6864476631462323 0.45297564136600155
0 0.7177743569708072 0.4373652644428918
0 0.6796450921754796 0.22466524187497539
0 0.6571082519328041 0.22374578691745003
0 0.6420682673715841 0.22369217165565716
0 0.8166310882769556 0.18809925056861387
0 0.6585107892122952 0.20815361253165973
0 0.6825474935744885 0.20090080870145297
0 0.708692112049473 0.19819089886980973
0 0.7340866490758421 0.19959442223801166
0 0.7490591845683408 0.20346498482309344
0 0.8381636245844233 0.17205656338416808
0 0.7429111235252412 0.21906325507418542
0 0.6433032650484818 0.35474247320125396
0 0.6192109506844469 0.3226052698008672
0 0.5946195281507597 0.35092212353454083
0 0.7269644979937671 0.4249279129971813
0 0.6948120946119606 0.4413249400728255
0 0.6170477626947412 0.4724470826654672
0 0.7849820879944266 0.38941379868970083
0 0.6421155115974604 0.21721668988643025
0 0.5987195800125348 0.25945292750852955
0 0.6531044438418456 0.46772590587147617
0 0.8359372824556214 0.3152116940114846
0 0.6140501632469113 0.3947640971356864
0 0.6205803236377894 0.40009542751708205
0 0.6261381866559701 0.4071532770690827
0 0.6306802801442045 0.41572786296672526
0 0.6301959614713484 0.4248999570753792
0 0.6472014925650906 0.39020053390082093
0 0.6524625572725691 0.38882967302949123
0 0.6570052856634437 0.38719839112190163
0 0.6853760968783736 0.3750423567716479
0 0.7882093354619505 0.328269916426386
0 0.5974158261144211 0.2422333413807947
0 0.6145793359239393 0.2106092822509304
0 0.6307118011929315 0.21171830444290687
0 0.6416177105803027 0.39141724026217295
0 0.784950641640128 0.3629685173679501
0 0.5912952899681365 0.21141417747007712
0 0.6452067778583317 0.43540548627769676
0 0.5789111031510156 0.25238373681178156
0 0.6192162539888535 0.2845846207399244
0 0.6054252723098305 0.44626746765942193
0 0.7025538359764759 0.40615159881213947
0 0.6719778585031566 0.32523964760849344
0 0.6767915409325548 0.4222443996799374
0 0.7341585798102592 0.3195466197682445
0 0.6964855859299752 0.34011236812437695
0 0.7532522683405172 0.3434898177358462
0 0.6140496030386993 0.4608849840656294
0 0.6343863935913214 0.29312161074272963
0 0.7225469574646608 0.4128834188055172
0 0.6903002150199584 0.43037064177285733
0 0.7232352666211027 0.3869697536437961
0 0.8101841374791624 0.34116905093334465
0 0.7538960596177146 0.38413460922128084
0 0.8201123714950014 0.34793829670438847
0 0.7143030081117203 0.3605199075112846
0 0.6160057380732604 0.2692113588006188
0 0.6167830829881917 0.3173195591742175
0 0.63152302003108 0.3212391155046076
0 0.6067849349874987 0.3072244943531665
0 0.636423908205475 0.19241634237525868
0 0.6823408140914853 0.17852039212716714
0 0.7239154340848641 0.17467937322415208
0 0.7566788005426464 0.17682679062919118
0 0.7777265700106882 0.18388132289635328
0 0.786662600588698 0.21257297311106327
0 0.848883246067707 0.24662880049764332
0 0.7695185860249564 0.23875285746929625
0 0.7425807500690348 0.24555432626785334
0 0.7063766594677535 0.24715647560987325
0 0.6716234334410495 0.24501209196105406
0 0.6448804379012514 0.24138384710992924
0 0.6263855746023765 0.2372633682239098
0 0.8400831220019216 0.2419057240619071
0 0.6302829804802745 0.3255789746593326
0 0.6002133191889348 0.2747578874035945
0 0.5986858181309599 0.31875872208978784
0 0.5837750922778487 0.3265774206900229
0 0.5978763919590898 0.32116675900111985
0 0.6226806562661119 0.3303797379365878
0 0.5791436642534119 0.32812939964296695
0 0.5755593774187917 0.33165161896713546
0 0.6255960918428526 0.22414559062265416
0 0.6115846495588118 0.2289275843053526
0 0.6037158529718214 0.2327535478387156
0 0.7568291977739535 0.2065409442778867
0 0.7741102019191292 0.19820827917413497
0 0.39395190090066773 0.2183121594104337
0 0.42369326150618525 0.2180018656901476
0 0.3930393217233666 0.20382777386712858
0 0.3638857315738493 0.21871615933919433
0 0.3946244868799604 0.2329001179581435
0 0.6923342936904119 0.2103213305857965
0 0.7252681875279181 0.20898738514061924
0 0.6906682344680094 0.19518928061883503
0 0.659355022987736 0.21163704514079246
0 0.6944147949480306 0.22538075469708244
