0 0.2325250469148159 0.4729166196740192
0 0.23652612312656382 0.41167921294336735
0 0.24368966419411742 0.43182515255782916
0 0.25038337432171986 0.34604604049869203
0 0.24158969545817893 0.3925411085719648
0 0.2544388172581144 0.3679535452438437
0 0.291726460599381 0.30661105539487754
0 0.17265858193454536 0.26595325534758363
0 0.3159509093055259 0.25086543683124624
0 0.3241928368806839 0.2237424790211346
0 0.35990267271256965 0.13237379718085993
0 0.2310583178439866 0.47899052798748015
0 0.23086349860481595 0.4854422606851744
0 0.23217351451192214 0.4899710145981415
0 0.2267577155371723 0.5070155549308528
0 0.22304963956222587 0.5156791718109794
0 0.21942916127812603 0.5266916614511739
0 0.21752720528646655 0.5376371203557305
0 0.21658447332194317 0.5462681487850521
0 0.23764881758910159 0.42178712914819305
0 0.2250668625752239 0.41814802042815996
0 0.16640039185143035 0.17671077478191127
0 0.21993578695084737 0.298109144879424
0 0.20053374694417353 0.29553280343180116
0 0.18336736107164103 0.2902366923249286
0 0.1687120884332968 0.2704783991627071
0 0.23588452172344146 0.297240282141644
0 0.2070352142352773 0.2299049485636794
0 0.2285955854408119 0.23911894274794537
0 0.18660350795835257 0.22781714116749557
0 0.17342776926639286 0.2330472135025522
0 0.15517165762898716 0.2804191450709882
0 0.15322784666457903 0.5487238609272501
0 0.17101704317104557 0.2570188486057779
0 0.1360025737920533 0.25732144635656606
0 0.150672332910092 0.2600717880155729
0 0.17543051351347697 0.3739449091579603
0 0.21366045684756144 0.46473249533902045
0 0.2147102715123607 0.48105527629023015
0 0.1958135304081699 0.46714735808579816
0 0.1847183371529631 0.47257632729799853
0 0.20221726410090923 0.4801014949446139
0 0.19323049388501956 0.48154829857142073
0 0.154394864509611 0.49730504219946653
0 0.22169673503579004 0.4074198503857074
0 0.22342749138403198 0.38853103790594185
0 0.15950627770760786 0.20888123479874238
0 0.2303248915983283 0.3346376597233441
0 0.19528462733749463 0.39420006236304406
0 0.19944142934906742 0.38364156691924384
0 0.12872840168521457 0.35846598044685696
0 0.23654077930942827 0.3656461398238721
0 0.1923430542987974 0.19849303189827047
0 0.17185184391944305 0.19828013369570607
0 0.18261739648068728 0.14650628948989122
0 0.26459181851342967 0.23566707126472308
0 0.24491666439596727 0.25374582332113516
0 0.14696998056024313 0.47794281905112057
0 0.12302830361801645 0.4321384179851283
0 0.20686651385672714 0.4086871573458547
0 0.21856711545716162 0.4176520385172056
0 0.17388913047540447 0.48545761173186097
0 0.17904892450441484 0.4864330861879432
0 0.17054400329842515 0.183265346483044
0 0.19567164313048124 0.40286393943040266
0 0.22160622153593146 0.2087302123722823
0 0.22279208414661494 0.19165623835895373
0 0.24854201778931462 0.11830630289471668
0 0.17646658222150544 0.16504045051077137
0 0.23988977880419596 0.15516733702110208
0 0.1579632284929571 0.19737977204115495
0 0.1602679055346095 0.1886578244359597
0 0.21290216137371634 0.47345829696758934
0 0.19832154270261526 0.4741089927113574
0 0.1881983937776607 0.47714648350425387
0 0.21083028622619485 0.41323701894801596
0 0.17644874796109355 0.48598045797451683
0 0.17880010880205943 0.49261783426222594
0 0.1815702662114864 0.4869443540987761
0 0.2101892093601434 0.40378565269967787
0 0.19822567583912093 0.48460354714289955
0 0.20654410868883133 0.48407552967900813
0 0.21790553536266088 0.48588337561358574
0 0.19451679763100718 0.5391651674457218
0 0.19669967407927566 0.5296964336996494
0 0.20010057188894437 0.5192916763865429
0 0.2060376835744018 0.5090750669655593
0 0.21209829288494328 0.5020688102297161
0 0.1947702724567574 0.4938422428525012
0 0.1887111750471851 0.4962654641141062
0 0.1817249583647303 0.5000836466965468
0 0.1760054678534684 0.5048310879779898
0 0.16876992635914814 0.4482373403466266
0 0.13666097580900657 0.3376207388613535
0 0.24042999027701822 0.4267806099808734
0 0.18975730252492687 0.4908233554466911
0 0.18414868989392466 0.49148566204568617
0 0.22159381777695988 0.4258345366820045
0 0.20069325249642134 0.4156035844398581
0 0.22006971360710653 0.4219006358281426
0 0.20847071792282487 0.3410784808189973
0 0.17373578051995972 0.34667611640432605
0 0.19697866609077092 0.39169699614462644
0 0.20803944045758765 0.1260539306246716
0 0.20169283502289784 0.15249592966359596
0 0.19202796179477288 0.18117872619110606
0 0.1628912079917348 0.5112464920334194
0 0.26429496138640074 0.20777537401603616
0 0.28441952035316953 0.1657746826177058
0 0.29732046333020146 0.12102813779012017
0 0.1717818953582774 0.28174190443495045
0 0.13758491700434167 0.2901880698359531
0 0.24637082000465496 0.295013095697631
0 0.16162989689442125 0.23783797595811926
0 0.2456535618428303 0.32547554036845333
0 0.20209043412266867 0.38894626420477163
0 0.11868758965283632 0.29737281501293183
0 0.1361755476049755 0.3077486264964809
0 0.14980983968986117 0.3212828833123912
0 0.183985049755353 0.32627294918765193
0 0.2120694742011635 0.3242449523314186
0 0.23235708705918945 0.3202376136313314
0 0.2729040032009716 0.3066776470645614
0 0.10632650331472573 0.3383813474489295
0 0.15504524419489113 0.23176792166803195
0 0.22844843736485296 0.41885647773742674
0 0.2222827046542712 0.3545474956864896
0 0.15203884454525035 0.25437700502250504
0 0.24774001603541168 0.3140883160674054
0 0.19910392059904078 0.39254345025705256
0 0.16640981809114633 0.2552339479327202
0 0.20874153332703788 0.37639014876407123
0 0.12852606922388077 0.3830390383367953
0 0.24993594420020995 0.28813912790754564
0 0.2219611171471036 0.3684996457203575
0 0.11463234727473362 0.48934692299884297
0 0.12218868947061508 0.505861754650655
0 0.11161976117316795 0.3363454799289289
0 0.10740453498842924 0.4588906089896741
0 0.1485079232522327 0.22062423261611358
0 0.14901846752542516 0.5623151637937711
0 0.23291844971801923 0.424264957205109
0 0.2033306403166574 0.3647660890351171
0 0.14460919347956128 0.2603903547577236
0 0.18529916939366123 0.2797129969234052
0 0.2016053916076603 0.28515146296957267
0 0.1740596975888247 0.4943250527848368
0 0.10291368000047363 0.3768697388794111
0 0.17345066376678323 0.5929613494354745
0 0.14248396982641323 0.5553450405597686
0 0.1327818698938126 0.5347598073275193
0 0.34044731505539105 0.17893640010253242
0 0.20769048445736585 0.6074879928775455
0 0.21881798302511807 0.28735183386699015
0 0.2347284420190946 0.28779511160176735
0 0.24475805364225223 0.2884872259005256
0 0.15231438078310178 0.22510330702947534
0 0.23925973264419514 0.2688575302777083
0 0.22528742269977278 0.2578399669864903
0 0.2077303184196353 0.2510235493597777
0 0.19034066488561424 0.2488559132684832
0 0.1798978414710449 0.2512465786026872
0 0.15676574121512796 0.2111387493169826
0 0.17661749462232643 0.2729094260412714
0 0.2406520083060731 0.44659526620222173
0 0.1853425979776227 0.4410529204036879
0 0.20571251687310313 0.40533649869587113
0 0.21561429572656102 0.4418863651545151
0 0.30650459833281196 0.2792520264568536
0 0.1258896070572993 0.5172379535177479
0 0.13722628792342934 0.5392622172832489
0 0.16973586137528004 0.5837708859340004
0 0.12020692670636851 0.47386949036432346
0 0.2467792801073064 0.2808653824355291
0 0.24759919325942578 0.33411596806153004
0 0.20543224437405233 0.5982641603635706
0 0.15400575056834065 0.5751503950875738
0 0.10694689182159693 0.37839479381623475
0 0.20176403321649716 0.497593459746112
0 0.19507468908863224 0.5022957910662113
0 0.1881137736060697 0.5093817301418471
0 0.1828217808076221 0.5181131908427115
0 0.17556221860096508 0.5258631277343501
0 0.18605798940457727 0.4839672592671021
0 0.18116350314053503 0.48135423141977063
0 0.17756232473513353 0.4784870656936065
0 0.15546470414847136 0.46145712836928987
0 0.11232768566064212 0.3949036086383073
0 0.25991942741624685 0.3147829184065694
0 0.26426345830702264 0.2744378959355147
0 0.25486707092141325 0.27486944898315097
0 0.19098063096728013 0.4859583420597989
0 0.10881121999219708 0.43786182157371356
0 0.2759491414560572 0.27663664066273236
0 0.1642975227340408 0.5368480050045511
0 0.26726458173083223 0.3473578394755073
0 0.26069058947589085 0.32756777094758077
0 0.27904543750312016 0.32802220420992895
0 0.2242240549227142 0.3609468982271526
0 0.2070487750613171 0.5828803951325624
0 0.212148185616926 0.5636564614980117
0 0.18467756210947814 0.5538033011166946
0 0.13866446057901435 0.49680837729702826
0 0.17988499031280694 0.40337384135826776
0 0.14962561918503564 0.5183399114919746
0 0.1425800372481994 0.3895084962896679
0 0.1588361198892412 0.41824139512103536
0 0.1250866025119372 0.4163731857486393
0 0.1737457004416248 0.5700076968773552
0 0.21431467799550813 0.3696914983832318
0 0.12693679903674385 0.5025120717027913
0 0.1401731988982014 0.5261916466381239
0 0.13071221631506216 0.47187450476314713
0 0.10334332214425439 0.4096855282783508
0 0.11640810581814984 0.46534416299799214
0 0.10511491524622492 0.41870878895987634
0 0.14223537010991055 0.44095479729382886
0 0.23555029904388863 0.3439755518151366
0 0.20470080828375142 0.39892148492128954
0 0.19845681155667358 0.40184192398320073
0 0.21124139986932278 0.38730871081352236
0 0.25293321073379205 0.24982693201821785
0 0.22524463435958908 0.22797149724286536
0 0.19895390299675259 0.21821589081183723
0 0.17842885997632277 0.21664481525835783
0 0.1657446896576363 0.22294085842111835
0 0.15967135260934415 0.25792259269434475
0 0.12115110886161742 0.29602524029171984
0 0.15727554496539675 0.2919870368812395
0 0.17037096777525934 0.303379139692887
0 0.1935440744880749 0.309159264098043
0 0.2177338266097333 0.31002602907626525
0 0.23615296128327432 0.3081296544360078
0 0.24888600611492342 0.30525281299715457
0 0.1464160231306501 0.2958617776632309
0 0.2000364858009245 0.4073963034412135
0 0.2362147640922795 0.3511489300624184
0 0.21205759497926288 0.40219860815483593
0 0.22241002060068044 0.4140548199415207
0 0.21470700086944777 0.40588786796383236
0 0.20482052615641252 0.4143222598925881
0 0.22384606425285988 0.41642141795676685
0 0.22791254560908544 0.42176514332709103
0 0.2546955472992166 0.2903994719619336
0 0.2608507121305751 0.2969398309355197
0 0.26207487366121746 0.3016789462255395
0 0.17454831929796416 0.2540105313062668
0 0.16686699843115133 0.24125914534796838
0 0.2857800923773776 0.35445259239362636
0 0.47415644270570384 0.3385670723474544
0 0.26344632211586705 0.42792114071224047
0 0.6146099445936473 0.27351706079814747
0 0.40348312558363314 0.34373824479787246
0 0.4262439615862525 0.3500043013821477
0 0.44921902469966724 0.3533208104579345
0 0.4832754271185916 0.3472658958124078
0 0.384815807737734 0.33482262032187504
0 0.4543687445314034 0.2862283453993175
0 0.4267138542364473 0.2831688037385111
0 0.478480356057053 0.29566052283929745
0 0.49253949231427646 0.3084255361038706
0 0.5015839616079694 0.364397826531659
0 0.2940502523890008 0.5883621173060458
0 0.4849136489564958 0.33417597374190455
0 0.5951732851402916 0.3640575666790423
0 0.5347638625813567 0.35439730260683144
0 0.3798022824137107 0.4235324000534804
0 0.2574476853175008 0.47600409893885903
0 0.25291812257922214 0.4908689857824989
0 0.281995310569587 0.49104022150454313
0 0.29857282644218724 0.5036896140679069
0 0.27294596616664657 0.4989774281563966
0 0.28887510793688503 0.5072757096394248
0 0.32651900451468385 0.5412212645230086
0 0.254654371139148 0.41568037219669507
0 0.26287536351415125 0.39799427519673886
0 0.530702804012791 0.29517345234103826
0 0.3551325480170224 0.3640469315259353
0 0.32035450600897486 0.42501598765020787
0 0.3289799627483539 0.4150902350311694
0 0.4547002519602361 0.43797828788342685
0 0.27450266877270263 0.37461076080799105
0 0.4782953796017429 0.25803549769132034
0 0.5102292581906785 0.2734185961925465
0 0.593281094794688 0.23306649988112244
0 0.3687766366030859 0.2550982277678407
0 0.4008353550149047 0.2886968067158823
0 0.3471290379681665 0.5284039861482123
0 0.5228245966136456 0.5345228418059971
0 0.30027265053080476 0.4322003425463386
0 0.2809092411366494 0.4333213917587114
0 0.3188735372994257 0.52360349919485
0 0.31336901442188286 0.522017495398936
0 0.5279712309331998 0.26243796322656715
0 0.3212563857922088 0.4339806411577308
0 0.43313594672666944 0.2500282193655553
0 0.4410745684543382 0.2336449286212092
0 0.49535079502865026 0.1682790985573893
0 0.560424864049191 0.24867643286352573
0 0.46354610683477443 0.20249154049417248
0 0.5496793518895688 0.288722061139086
0 0.5836078289734281 0.2826966614826866
0 0.2550078011320337 0.4841235992701157
0 0.27721128564165987 0.4953739976105483
0 0.29370479844510555 0.5056085274271344
0 0.29471090682984696 0.4345072601152503
0 0.3159900644551153 0.5228412806987762
0 0.30404104826890904 0.525679045267727
0 0.31058683894250705 0.5211576416440632
0 0.2869720411608401 0.4228602388630743
0 0.2855431558969228 0.5079309911831565
0 0.27015669400925224 0.5007745413676552
0 0.25210729626047873 0.49467464685440066
0 0.24479393814892872 0.5526352230621421
0 0.24425718244975028 0.5425738803718401
0 0.2448911009275395 0.53127573767434
0 0.24625915531878886 0.5196206831413767
0 0.2471508991945049 0.5111905843019485
0 0.283166092739481 0.5172845270322717
0 0.2861491967721478 0.5218534148257712
0 0.2896736384895833 0.5286390327888987
0 0.2925607213831466 0.5356504932693813
0 0.32786595400260843 0.4880372380432875
0 0.5873081603127978 0.4465475868919621
0 0.2962126410363809 0.5191558261280474
0 0.2998635116154733 0.5220490756242172
0 0.27160370665723865 0.43860280228697734
0 0.3122641079370742 0.44379958691804305
0 0.2759926008951405 0.43609758952389593
0 0.3756407904236213 0.38072356711263244
0 0.4071580014475014 0.4027553112610527
0 0.33189890355519625 0.4247094870909401
0 0.5558763254109932 0.19782729408015376
0 0.5230317579015441 0.22143954556921255
0 0.4915194528420334 0.2432232174536456
0 0.3031884286876606 0.5479401769845382
0 0.3826577388074087 0.2277306776979695
0 0.40393851632657257 0.19102811385755952
0 0.4316235212204249 0.14795543480178583
0 0.4697676410331674 0.35309672420439514
0 0.5253040524928466 0.38407289230305214
0 0.3726416108724864 0.3271582687678544
0 0.5138315010977828 0.3230289347793745
0 0.3417977820272031 0.3479227384795313
0 0.30536229544035765 0.41417957971925323
0 0.5487785674631596 0.40010533682678057
0 0.5037074110916128 0.39521420714647876
0 0.4693621121670889 0.3961510112752085
0 0.4231816216007523 0.38386409204939137
0 0.3913135878417803 0.3690655204265014
0 0.36834500430394773 0.35474614863810333
0 0.3126202994633628 0.3157568642626638
0 0.5272745839927507 0.4411782656026923
0 0.5350046868071608 0.3233846269871878
0 0.24872207285269446 0.42404789600683296
0 0.34198761816419987 0.38292032791220626
0 0.6192321035525074 0.36110554739185
0 0.35170602502868226 0.340103819448015
0 0.3376470121919461 0.42637315677559895
0 0.496043708499359 0.3364128033752027
0 0.3147979305409219 0.40194183588027954
0 0.56141991087276 0.4908982243226922
0 0.37453565252539905 0.32011421983656674
0 0.2952863548517875 0.38614525108233744
0 0.42186950754536234 0.5712428056675455
0 0.42667793887464894 0.5877615076044331
0 0.56683927361408 0.44734684954518855
0 0.467972212349591 0.5525006086929984
0 0.5920309069687906 0.3210667002460231
0 0.2960145511542973 0.6045731478411218
0 0.2492903162036901 0.42823915455652317
0 0.35843511055345123 0.40196437459924944
0 0.5570771758971007 0.36228744789310124
0 0.44894700594570325 0.3415660391683164
0 0.428928727446043 0.3392289236187935
0 0.3080571200698614 0.5294874708289685
0 0.5090581520420053 0.4776969421169032
0 0.2515229156807713 0.6161260788855345
0 0.3334396540632714 0.6097734449998192
0 0.3742488850232052 0.6020767489205237
0 0.41015690330253995 0.3340037297943364
0 0.3924568318154501 0.3272903463114863
0 0.3803808468029551 0.323251232245694
0 0.5560302924688744 0.3220653801508572
0 0.401582141528311 0.3080590136025263
0 0.4239275750258695 0.3052930119244949
0 0.4442203715443611 0.30827121255190476
0 0.4630674513299828 0.3155966051894685
0 0.4739269731647294 0.3234416567760965
0 0.6225739600865737 0.3141769586049992
0 0.46337473748818686 0.3407498806067135
0 0.30985762442097714 0.47204219543415565
0 0.29966042320365494 0.4288421709900317
0 0.2683360104084663 0.4551608250192974
0 0.37771394605869835 0.5867265478424404
0 0.338009482735525 0.5960308757813081
0 0.25076678006545355 0.6074269789716472
0 0.4757939548758061 0.5668606022129888
0 0.38333596524013125 0.3151644504588583
0 0.3149033779197413 0.3498670200938764
0 0.2924425154114547 0.615415247367776
0 0.5437067568140186 0.48742706646089967
0 0.2661620973730865 0.5144686507142109
0 0.26788824088061636 0.5213543757148411
0 0.2693094432192004 0.530960683459821
0 0.2700657022550054 0.5413292097008746
0 0.2757109553431687 0.5522276722866556
0 0.3023833722766975 0.5149259948212167
0 0.3070287342871661 0.5147903722265492
0 0.3113812657640032 0.514250028392543
0 0.3404330291339885 0.5077329886996228
0 0.4620887885761002 0.48186231203701185
0 0.3275253597403998 0.3304055843016376
0 0.3614532042942617 0.29703499441561493
0 0.3757677283947882 0.30387063337408976
0 0.2984159281477332 0.514663400857345
0 0.4543495526456315 0.5258516469727392
0 0.3380661327391863 0.2905001969441124
0 0.2869142340901105 0.570499255605366
0 0.2988174612755361 0.3364383505090423
0 0.3199331330378418 0.3839940555717634
0 0.2477543328119361 0.5713042098542919
0 0.3500074814276203 0.5526674862789072
0 0.3522479952434483 0.4456990838050842
0 0.32079468517685716 0.5646291714647542
0 0.40697330268828763 0.45461280566194784
0 0.36521043247826723 0.46938301687655243
0 0.41788256297940796 0.4896409345709759
0 0.24965460719945637 0.5916939774285193
0 0.3330470226381136 0.3980842999790026
0 0.3703562337095323 0.5683335871800133
0 0.33256304462480807 0.5793391818585603
0 0.3742970190132442 0.5347758738890939
0 0.4918166802305242 0.5074854205483975
0 0.409921879839638 0.5416194485581439
0 0.514186211578224 0.5227658914483112
0 0.37362561156244384 0.4989483522332233
0 0.3287574818924717 0.3660854659650637
0 0.2939958856643542 0.4211429055618203
0 0.3099257371023945 0.4296560041282488
0 0.2849401851063189 0.40546717773313107
0 0.3856791957564976 0.2786315449553987
0 0.42795950635943725 0.2715163510778676
0 0.4626995657125245 0.2761696045813353
0 0.48998524361978407 0.2873847800752391
0 0.5074929025672053 0.3027855225231337
0 0.5122044488139774 0.3445353446447331
0 0.5846779771635066 0.4064173815043076
0 0.485215597178625 0.3705854366654935
0 0.45833285630721116 0.371655521703803
0 0.42611208679559437 0.3654945157144381
0 0.39738908474859985 0.3550508278867473
0 0.37593465460383374 0.34382703369078427
0 0.361448020633796 0.3338248348106509
0 0.6056733756609585 0.4035241645315419
0 0.31000201096353325 0.43487620561019236
0 0.30367129591658065 0.3672752371300822
0 0.27372950113014033 0.4178965819918591
0 0.26320515848372295 0.4249721786250239
0 0.275947120445578 0.42170637353606844
0 0.3038108227774501 0.43931473960047185
0 0.2567141202237943 0.42503368038198225
0 0.2569588321949477 0.42916509586831797
0 0.3659322571981212 0.31845780287099923
0 0.3517980195743882 0.3194689717629681
0 0.34141573390882946 0.3208011954374935
0 0.4801195652588554 0.32917821608159853
0 0.4998590060226295 0.3218380903420241
0 0.21752049429747072 0.2679448585147443
0 0.24076780757826308 0.272587476865105
0 0.22351461853427085 0.25037407324365946
0 0.1944455840098469 0.2633158674706583
0 0.21158356774274423 0.28532526804053265
0 0.4363257183652857 0.32258503909992137
0 0.45999499086452567 0.3275746659092281
0 0.4410907673932936 0.3051141006791073
0 0.41284598887938523 0.3175635393546975
0 0.4316586652041777 0.3399955978212149
