0 0.3551936186850071 0.47903466127488925
0 0.3072604478701301 0.4411111464319022
0 0.31638557755428814 0.4498453988977101
0 0.25225010238911794 0.41831880451544473
0 0.29534105405859323 0.43197922376186954
0 0.2782818811095279 0.4197016831325448
0 0.23479107913115752 0.38914955909485405
0 0.12337183178928883 0.4459821138045062
0 0.2046118708246428 0.36715451563182083
0 0.1895017646577047 0.35565665105114813
0 0.1329990369875146 0.3135252102561619
0 0.35899587542466493 0.4822868866764981
0 0.36308182338657585 0.4852831694095031
0 0.3661002016261868 0.48708402203476947
0 0.3650444496584975 0.48837560836387717
0 0.367198178463656 0.4906954052655593
0 0.37002678895774094 0.4937879689361738
0 0.3741665190976599 0.4973899236191874
0 0.3852545355001222 0.5028748441001644
0 0.3123772100585958 0.4455641148530919
0 0.29674645529493043 0.45450589514296985
0 0.02302831103620322 0.447056594102279
0 0.17389021781475647 0.4281353445156761
0 0.16153047428182934 0.4383345139415368
0 0.1475707597868598 0.44707457818414853
0 0.12193017153312331 0.4529073322596757
0 0.18321061717427295 0.4182961809894313
0 0.11733925059113813 0.41861221194267273
0 0.13511958329573923 0.40864818251651264
0 0.10516740284536195 0.4298619161481443
0 0.10076401957675167 0.4391620560832646
0 0.11720709032986475 0.4665144727281902
0 0.34261425373994786 0.5455608231865842
0 0.11420536438084167 0.446812000611554
0 0.06539155923477981 0.4905645280428555
0 0.08993065462488195 0.4706835869861686
0 0.21680684946477413 0.47717207411061163
0 0.3359720570885617 0.48863846031220065
0 0.3472799879053365 0.49535183576138125
0 0.32338523686580034 0.5026076021401779
0 0.3161506549171779 0.5136436424825502
0 0.33478963051153265 0.5047043814607288
0 0.3250834449477818 0.5131421834230423
0 0.2977534386774768 0.530058345069056
0 0.2943475162205489 0.4485622683297033
0 0.28064569247805554 0.44110590834980423
0 0.07230849426401698 0.44584699622962787
0 0.21557352189784465 0.4359979052906451
0 0.25414579394070996 0.46768969880497974
0 0.24574750499880832 0.46319392777007556
0 0.17107248095714528 0.5018789100906124
0 0.26557291153332463 0.42908653033816296
0 0.09623436864627444 0.41569789272287616
0 0.07906854290353216 0.43121054768562317
0 0.01730168108706889 0.4235500521633936
0 0.17267549588628436 0.38460526097079983
0 0.15469294284348903 0.40300394951001456
0 0.2769747658268265 0.5288291168601617
0 0.18747166649478933 0.5638181333956511
0 0.27236403468186443 0.46587869427774264
0 0.2873310581173586 0.4610956019681433
0 0.30812929700250213 0.5284300498340441
0 0.31108370309938554 0.526076953696168
0 0.06284362855164902 0.4302351419692454
0 0.25834584997399995 0.4719427470927653
0 0.126617180912391 0.399687208397233
0 0.11432412793130978 0.3940545365862224
0 0.05193950357320516 0.3691190333793993
0 0.03957536500757155 0.426974560579528
0 0.08287270415736281 0.3809017124383346
0 0.056554564639278083 0.4466405407242153
0 0.0406798855604037 0.4476782047878141
0 0.3416174277663231 0.4926406294107437
0 0.3291630119733188 0.503926202006962
0 0.32046341912254045 0.5134922868531683
0 0.27779663694293605 0.46533283623664273
0 0.3096083720093188 0.5272848304847012
0 0.31762452099634253 0.5241306320480679
0 0.31278002294509305 0.5247627438410468
0 0.27647308098233264 0.4585800255122392
0 0.32840009940707166 0.5125471123534701
0 0.3388142759061378 0.5047885150365208
0 0.35143404259629873 0.49640184673278226
0 0.36506782472133636 0.5147874650100003
0 0.357839395818503 0.5080116566108621
0 0.35374110920921614 0.504144205995228
0 0.35168136899238045 0.5007913345875947
0 0.35071794526732486 0.4977639975107234
0 0.3280419856309891 0.513763669392337
0 0.32725315864967264 0.5162438513792079
0 0.3267412512846615 0.519721439027268
0 0.32742492303900095 0.5233321986768557
0 0.27519285678863525 0.5036057560988094
0 0.11277010947789835 0.5292048370060713
0 0.31421596151979075 0.4474969671472259
0 0.32068167319116386 0.5192773743816044
0 0.319198333374832 0.5214508791332659
0 0.2965058679489986 0.4614840681138246
0 0.27026340438295965 0.47395239964775415
0 0.29201219117511873 0.4612732228377591
0 0.20716250363899313 0.4506482971103295
0 0.19163698549179928 0.47104770852171857
0 0.24830753016083137 0.4685892022174338
0 0.02511836070081462 0.398280683580948
0 0.051583701258768204 0.4052129485037016
0 0.08146477984669416 0.4115998667219411
0 0.3175305649638176 0.5275940269879673
0 0.15255392925894778 0.3758306752728379
0 0.11917351749118256 0.3586990787931111
0 0.08725575633023096 0.34208080188735673
0 0.13344590600741946 0.45254021753435547
0 0.11007432663894218 0.48237007240886276
0 0.1885987644934136 0.41145140450933704
0 0.09220838846395844 0.4513538667689199
0 0.21839127503335476 0.42368516973827197
0 0.25907003741873347 0.45881551471741305
0 0.10083720501026382 0.5015070561481558
0 0.13102788923551206 0.4831059231706288
0 0.15579466359770816 0.4756513341613438
0 0.18099119076910225 0.4572195958184159
0 0.19498165421511815 0.44086977062018023
0 0.20369060685777146 0.42792629515347275
0 0.22327760728481022 0.39989370107650757
0 0.1290702358617083 0.5188715477352557
0 0.07807931870869968 0.45764879428822064
0 0.3042375443746214 0.4500566432657449
0 0.22978712278215782 0.44466156836437143
0 0.0589307960446762 0.49106409141550894
0 0.20923445228001344 0.41666903314383136
0 0.24702942209399265 0.4695428574214811
0 0.10866926723848218 0.45111954989640607
0 0.24965506346653338 0.4529789692681769
0 0.14591677875622458 0.5479234476452288
0 0.1836566478823838 0.40851807853449945
0 0.2559093415089276 0.4401544730948365
0 0.2517673487410597 0.5655496437912402
0 0.2632989541667959 0.573924139789913
0 0.11478236706360527 0.528591931514118
0 0.21716077982083612 0.5649671191754548
0 0.05082744635317637 0.46780975065801456
0 0.34838708036619687 0.5549616839574731
0 0.3076422948228276 0.45103818502115167
0 0.22513585966890273 0.4594644133163535
0 0.07800069645695064 0.4792092889547348
0 0.14182908905913 0.4403560893691104
0 0.1543489582836628 0.4329502644098323
0 0.31692958493595536 0.5268745888834414
0 0.15584405074300972 0.5344355857890585
0 0.3893043465264466 0.549342020050339
0 0.32994090020656586 0.5662638687569163
0 0.30059516915808554 0.5709168321412542
0 0.1608231344624706 0.33410703164079913
0 0.42215793223484704 0.5318273950530135
0 0.16472423060432725 0.4243031885960828
0 0.17425704026675742 0.41562059359705966
0 0.18110448494553566 0.410701510698899
0 0.06314503012791924 0.4615325079016063
0 0.15982702471639798 0.4105143365652665
0 0.1429422857320827 0.4161422317442687
0 0.13021530466073233 0.4239725159562152
0 0.12070538986312307 0.43314335009326105
0 0.11689724052405875 0.43968007745950116
0 0.036199263661451965 0.46828559300173883
0 0.13164609128042407 0.4441291297907415
0 0.3265135885904665 0.45756071967923123
0 0.2824312477656033 0.49047398405230563
0 0.27073421005321585 0.46441457550162857
0 0.30657892479844717 0.47076929198658984
0 0.21876092983976655 0.377803274632796
0 0.28630437847712764 0.5644945693404778
0 0.31659172086612036 0.5603328632271808
0 0.38256252913371375 0.544675312936306
0 0.22776114292766736 0.5720817317133364
0 0.17541309664754764 0.408582806263281
0 0.2334646908161433 0.42058594622041867
0 0.4152286260024361 0.526239733333173
0 0.35922669603124907 0.5596402391143467
0 0.1457902994816718 0.5451696631701096
0 0.3382052871520105 0.5062349989362385
0 0.3380676737946013 0.5092542793439783
0 0.33924108241563256 0.512721565430579
0 0.3419811411396317 0.5167028819737227
0 0.34001132003639056 0.5231789224173712
0 0.3174397017320861 0.5200823678270631
0 0.31405314997486444 0.5213192785563676
0 0.31096204208291095 0.5220501157252685
0 0.2734098082975201 0.5171423321184905
0 0.1844825559174237 0.5271582933871642
0 0.2201660706297211 0.410969201637351
0 0.186716811488504 0.3966557806276757
0 0.17763179054726724 0.402334572504396
0 0.3206163337049277 0.5186183488239413
0 0.2094677145714345 0.54906934046227
0 0.2009820458681687 0.3903292125981787
0 0.34060048230964207 0.5342311010412548
0 0.26339264975293825 0.40922519467447116
0 0.2381301970909471 0.40971652677525644
0 0.24955062446710857 0.3994804039273573
0 0.24242215814149898 0.4416790044178133
0 0.40572383060403494 0.5186285755556562
0 0.39463135405727057 0.5100526877719423
0 0.36999400526933046 0.524502386217532
0 0.286484737597082 0.5409377916999485
0 0.24371739055799402 0.48388417745413986
0 0.3130987442058066 0.5397253253537676
0 0.20831434404396493 0.5009457332932431
0 0.24250074783745018 0.5002667281938635
0 0.2146494581323603 0.5223256637868674
0 0.3759492745865946 0.5359004778058633
0 0.23995820513885954 0.4522961229085922
0 0.28035942934777425 0.5534681820351145
0 0.31158021157202515 0.5501438706465389
0 0.261392779648304 0.5375283988921539
0 0.17971864974369173 0.5468218041502911
0 0.242260225603114 0.5483193468788395
0 0.17834723676028458 0.5581576124481533
0 0.24728000406985698 0.518453449010849
0 0.231578196277437 0.4322957286368246
0 0.2699031907579173 0.4599312012610228
0 0.26322311543576093 0.46776425417350687
0 0.2685695587778869 0.45007273166075995
0 0.16533631215924802 0.3961920357592728
0 0.13361902146235757 0.4058123846416888
0 0.11096518349064433 0.41815565072971844
0 0.09623482442744401 0.4307448572438696
0 0.089705775451401 0.4417495688666468
0 0.10131907965178075 0.46012523478787876
0 0.0874741731778435 0.510726479732472
0 0.13167383695912102 0.46560988089312677
0 0.1506820034397685 0.4595053202432135
0 0.16957795822426028 0.44725474326506903
0 0.18376458663007486 0.4336339588398519
0 0.19349063123049942 0.4221982777766559
0 0.19975420395317284 0.4138299178170121
0 0.08501759406341158 0.5102637575372405
0 0.2662181674462298 0.46995125322238257
0 0.24557103629669416 0.4293656702274862
0 0.2815132719343123 0.454124263447264
0 0.294203684705755 0.45366271358469257
0 0.283031576677509 0.4555540852572607
0 0.27353016708208167 0.4700310217297595
0 0.2985749191240124 0.4525316869435103
0 0.30197364674962085 0.45359958222378854
0 0.18974134277390398 0.4061349507259286
0 0.20100765100315862 0.40470295885334845
0 0.2089242606383303 0.40465531724950543
0 0.11528660753822845 0.4437107068041097
0 0.10071971113591091 0.4464071966383768
0 0.2775556589274303 0.4027569614674734
0 0.3292778037164522 0.32318452049208723
0 0.3258040675326534 0.4365265524905661
0 0.3316631019115448 0.25887717274220096
0 0.29819323495030403 0.3548763763645421
0 0.3134524955049805 0.3470033893118734
0 0.3274464424213637 0.3385629433652629
0 0.33966150798875355 0.322581268037143
0 0.28384700174564903 0.3607652527482613
0 0.290927952884332 0.3188648737319138
0 0.27488754851662595 0.329897658980411
0 0.3080678967678029 0.31140431081471237
0 0.3218639044334059 0.30891231819987297
0 0.35907469301120093 0.3202607353096423
0 0.4488180704090906 0.4798208724545396
0 0.33223699551561603 0.3174622774772022
0 0.38970846164485684 0.2917333046055358
0 0.36595552366064943 0.30424287980017456
0 0.3637111920701421 0.3874259931237801
0 0.3695935689560745 0.46594117711419647
0 0.378211707200693 0.4745317315277846
0 0.39025605016428494 0.45731011486571765
0 0.4064472855433174 0.4521238149508186
0 0.3924567569857058 0.46555338443621347
0 0.4051730190606221 0.4584986855802329
0 0.43028343614676723 0.44869222265222797
0 0.3191000799769941 0.4332836309204931
0 0.3097525616378888 0.42319271519132284
0 0.3327344481063926 0.29172865268976794
0 0.30359417669799016 0.3820866164953812
0 0.3484086323043574 0.40984643121128495
0 0.34211898238762567 0.4040969376978667
0 0.40297358191531635 0.3600842272457869
0 0.29295025393366814 0.41217959769394086
0 0.28855398410688277 0.30541503785744956
0 0.3118805388069671 0.29519805895245593
0 0.2998955776186093 0.25171044128744496
0 0.2361120957395305 0.3527228511545969
0 0.2648163310697545 0.34214107724635495
0 0.430383024332316 0.4347908017428025
0 0.4810631231445333 0.38276274064960686
0 0.3440079348890678 0.42190891115561774
0 0.3358700597739738 0.43140360842580383
0 0.42889382447237556 0.4460863266950068
0 0.42535308845665143 0.4481380335662676
0 0.3102325968768286 0.2848317572927993
0 0.3536652216444845 0.41363638315511786
0 0.2628830212937749 0.3237768353327461
0 0.25479147307898686 0.3150794240443603
0 0.2216312280329673 0.26646147911315377
0 0.3046095920321734 0.2654613546379235
0 0.23671094336263512 0.28750018597297045
0 0.3331719329175742 0.281908446032068
0 0.33297239843270054 0.2693448687053245
0 0.3745522076345008 0.4705634603033895
0 0.3913754487167234 0.46181865684364154
0 0.4057472707784694 0.45539003351460333
0 0.3426449864130953 0.42560248238884885
0 0.42702821447797445 0.44718155977518664
0 0.4198325041519559 0.45340255550716235
0 0.4236693677047025 0.4491375344602958
0 0.33387129656646564 0.423265823851461
0 0.4043463622422322 0.4606626620111258
0 0.3926465572870296 0.46809188373710797
0 0.3799701760644498 0.4770244599684425
0 0.40375153526015906 0.4909272278132646
0 0.3902807274590368 0.4853010537183803
0 0.38565881339752156 0.48182673363581946
0 0.3822098847316659 0.47938688488110254
0 0.37911063789025595 0.47786038304152695
0 0.40391861161460046 0.4606745599404625
0 0.4073832321750081 0.4602502004607864
0 0.4114148119545501 0.46050212726644846
0 0.4157084984623868 0.4617093555305315
0 0.39571136009433994 0.4298472495182701
0 0.4372684127934601 0.32997931070301845
0 0.4134376338966515 0.4550472384561663
0 0.4164085132272347 0.4541567894427673
0 0.3356291794258615 0.43767648611379706
0 0.3552762778556865 0.4221952097571414
0 0.3357877912728683 0.4346128566109616
0 0.32549312710762024 0.3782215354883153
0 0.3569779042964396 0.37004627368372417
0 0.34931407415348553 0.4068025068744369
0 0.26449785397752473 0.2529295425376166
0 0.2733842194404291 0.2703170068562031
0 0.2824486976732378 0.29550484843228175
0 0.4251638416038907 0.46139185292565305
0 0.2240486099668171 0.33843376228342886
0 0.20134292688706648 0.3088331982169462
0 0.1796837499284226 0.28629127403964166
0 0.3371074079819348 0.3299837630728017
0 0.3833281112753827 0.31600988202768826
0 0.2739098653521227 0.3639526755913444
0 0.3396680517041165 0.30403661161013273
0 0.28569014823955036 0.3823889536054238
0 0.3358390992102416 0.4117040796124417
0 0.40559289118518 0.3146894363605458
0 0.3835714333083319 0.3288821944076082
0 0.37146103463095165 0.3442438678896945
0 0.342568284953418 0.3603283717580464
0 0.3171282078584899 0.3692532155824744
0 0.2971754430428795 0.3748041982560054
0 0.2513194623524728 0.38267950503074605
0 0.428701745265204 0.3351432739392571
0 0.34832893571128015 0.2960637393205062
0 0.31952838405318884 0.44060711821784143
0 0.31537882206232654 0.39228305463557656
0 0.38821206695359683 0.28920621684064035
0 0.2802059938726218 0.3776916910124862
0 0.3501011105659215 0.4065794892933058
0 0.3388055509523205 0.31438492918791977
0 0.3277359611314276 0.4051270938437918
0 0.46121049996303476 0.35396682082310965
0 0.26984073245978873 0.36062252748271695
0 0.3092792003375033 0.40736891815195914
0 0.4822381595554559 0.42317373337952985
0 0.4926762320101261 0.43231957438199414
0 0.43985871484746103 0.328716147205104
0 0.4832413339096567 0.4006565279610779
0 0.35974563544859056 0.2790599021574725
0 0.4612459206710691 0.4849875170899474
0 0.31996850588399434 0.4434025579172632
0 0.3370519329024398 0.3910625690351362
0 0.37860507890582085 0.2977171149914679
0 0.31780364299597946 0.334290813492692
0 0.30568119867340376 0.34182397373344586
0 0.4236575173942939 0.45317656967950903
0 0.4478780868584695 0.355126207937365
0 0.45040008684863214 0.5116135115208833
0 0.4785426532768685 0.4744901261899782
0 0.4866628180379453 0.45598196173491684
0 0.29289110004901886 0.3482156935269418
0 0.28031899504687474 0.35439297621664795
0 0.273153952282408 0.35886056138121564
0 0.3531369061573692 0.2872100461112416
0 0.27473095512908435 0.34580471658188366
0 0.2837479670086633 0.3354267539537471
0 0.2960110523778459 0.32727597394715185
0 0.31040781218072644 0.32120746876234596
0 0.32097630316148634 0.3188821219879648
0 0.35952920450464537 0.27071981536953343
0 0.3248704649184061 0.32821228112215584
0 0.3772358146050702 0.4325269774898239
0 0.3423655600003574 0.42043975384339044
0 0.347743452243183 0.44563991738402325
0 0.4783171392653299 0.4456363006130509
0 0.47064761185775633 0.4649435220205266
0 0.4443636559273886 0.5063433773491693
0 0.49124524191669794 0.4094324481228124
0 0.27079730318940204 0.3553778728389222
0 0.28117560319926427 0.39135178599668585
0 0.4674579250099866 0.4928737490073494
0 0.46033631167981937 0.35143175121882686
0 0.39193391087262525 0.4684505427013273
0 0.39569784943824227 0.4686874786148901
0 0.39956271097711893 0.47022754958142404
0 0.40426480996867886 0.47297502341477765
0 0.41733661391164945 0.4754847382073817
0 0.41609858203193417 0.45281227354122244
0 0.4179768236758916 0.4504904562364454
0 0.4193516875738683 0.4482294755137485
0 0.4144763266262801 0.43072368042624515
0 0.43660554419393127 0.3726296708311724
0 0.26737489122087543 0.3820254057645798
0 0.25198586325606576 0.3620994546167228
0 0.26132254051449505 0.35662771664235904
0 0.413922943174839 0.4550496330079825
0 0.46336920980526053 0.39280904537957645
0 0.2414037476739158 0.3709364857362664
0 0.4329389149080152 0.4771707770617112
0 0.26531552539571474 0.39300597232321033
0 0.31112784876123717 0.3996506540671639
0 0.4171319356107194 0.495330434454524
0 0.44642300547465036 0.4424718505014544
0 0.37063362902921176 0.40625011370233866
0 0.4426049917288449 0.4598107004295225
0 0.3985841488060744 0.3846520545042079
0 0.393967866897583 0.40764202177524567
0 0.42763821246183437 0.3919086315385673
0 0.43285980431929877 0.5006400787312052
0 0.32605328216500906 0.3995897551269635
0 0.46419218781849614 0.4399164646216061
0 0.45730562734863034 0.46002785634735355
0 0.4440544409596402 0.4254040089638337
0 0.46229076644648676 0.3729922458853411
0 0.4603642445543538 0.4140913729434428
0 0.4759008479507073 0.3746042157644811
0 0.41895336738747097 0.4134757486374482
0 0.2978084579758022 0.3917873449947523
0 0.3365990491988866 0.41890507061844284
0 0.34784066385549045 0.4158403934991878
0 0.32313608734504035 0.4164536980831105
0 0.25384094144987024 0.34846421557924023
0 0.270893863685753 0.32850146066883334
0 0.29083106683000276 0.31428979563972226
0 0.31018975344689 0.3052101664893005
0 0.32664625346660614 0.3017390516141187
0 0.35120016174471896 0.3104527757867523
0 0.416706724335318 0.30861597994099493
0 0.3571258052859617 0.32933593703352887
0 0.3464932770508787 0.3411320854464303
0 0.32711492673210474 0.3528314790000086
0 0.3061576202187849 0.36183319791503576
0 0.2889595642361952 0.36800339672228566
0 0.27621849464333575 0.3716096042290978
0 0.4126745259956173 0.3092787220426228
0 0.3502486208858697 0.41846175427022186
0 0.2936652118097181 0.39983191665100015
0 0.32770418667274975 0.4255472330943398
0 0.3250621860118016 0.4345639678447143
0 0.3290685676038265 0.4271157892501872
0 0.3495485410094261 0.4235792108204054
0 0.3234063655785892 0.43718704969986627
0 0.32402479551408603 0.4398979317882787
0 0.26596276721228723 0.3645375698156979
0 0.26258586824912095 0.3718841545607733
0 0.2622607823299325 0.37681448686382046
0 0.32749524356230447 0.31801294956518256
0 0.3325715388940728 0.3091815057332101
0 0.14021570510838344 0.4280395624430283
0 0.15466623081137304 0.41895583012829657
0 0.1287017937587655 0.41962622980708664
0 0.12572503810667474 0.4372772444849429
0 0.1519139473852904 0.43665927551362826
0 0.299557583325583 0.3341672446416772
0 0.3140178269342236 0.3251581300535928
0 0.28908832241659577 0.3267563686746618
0 0.285030177106028 0.34316923793243326
0 0.3101983156217181 0.3416470013882803
