0 0.5295408659846471 0.40535986381752487
0 0.5149390452270266 0.35492372729865107
0 0.5244457490333525 0.36956195554145577
0 0.47813116573583225 0.3133161654826306
0 0.5077080756803102 0.3407311685779849
0 0.49963211849771977 0.32251368116597834
0 0.4814976241266677 0.2781430931151414
0 0.3479379951199399 0.302139058416965
0 0.46386443625522567 0.2397785602080054
0 0.45452957301703184 0.22043047498922055
0 0.42548574048255566 0.15465121355210365
0 0.5325923484085985 0.41099147419301735
0 0.5366071676403158 0.4166515644858865
0 0.5402389138559752 0.4202301247614105
0 0.5401262044906616 0.41996606775358614
0 0.5424957041498981 0.4257912966383605
0 0.546006700660609 0.43276538192724984
0 0.5507069443851583 0.44018501193583515
0 0.5712930482148119 0.45554135343273816
0 0.5194319031409573 0.3623341468869805
0 0.5036370752984461 0.3664529519755633
0 0.26701589563727884 0.26372481669698444
0 0.40510431824857174 0.30316525898059876
0 0.3879931595506547 0.3084085340760335
0 0.37056193459889053 0.3119127370563208
0 0.343862338282388 0.308624567103987
0 0.41862709939731324 0.296876089496105
0 0.3546082088212927 0.2678889749931688
0 0.3774318263752048 0.26493350339202987
0 0.33602088136512015 0.27485653311431574
0 0.32698628721357903 0.28353281139659614
0 0.33444529293961667 0.32109974437401073
0 0.5107762316862742 0.49071392659045737
0 0.33970729032146274 0.29922616940920427
0 0.28299816751278906 0.32663153775599824
0 0.30916488887388494 0.31415873173238185
0 0.41890264010127587 0.36637305345188004
0 0.5063925401822424 0.40731434494841334
0 0.5177688254082756 0.42040392464282467
0 0.4891516659330215 0.416736629830689
0 0.4796157074377004 0.42511696408108834
0 0.5029612384767975 0.4244010473499779
0 0.4917473507581381 0.42850734723382305
0 0.4738875438895407 0.45205644491006014
0 0.49921575616180647 0.35817275920501945
0 0.48937547948793014 0.34534309307734173
0 0.2943216265505376 0.2759379587587522
0 0.44122106113514314 0.3224765898800698
0 0.457282391530049 0.36582000390822145
0 0.4521353449751053 0.3589599381307928
0 0.36250567335619704 0.37783206427464633
0 0.48268700148988875 0.3281138662864514
0 0.3255899578710146 0.2526744465116693
0 0.30383797587221684 0.26240747699550554
0 0.27001219472301663 0.2350739948555869
0 0.41476666625541975 0.24688337605540492
0 0.3995084153951975 0.2675648880105059
0 0.4528880566987307 0.44240799304150064
0 0.3673542873768867 0.450912580603645
0 0.4765099816432985 0.3702554078329177
0 0.4933641097716641 0.37074875188808815
0 0.471836563152603 0.4373082906759086
0 0.4760154284505401 0.4359462467395291
0 0.28984496500421675 0.25526674300515684
0 0.4606492259079897 0.3723662664242485
0 0.36058453831994586 0.24646603668771205
0 0.35118282168223386 0.23607870443862358
0 0.32140513462356374 0.18652158896295296
0 0.28415525336808795 0.245204883045843
0 0.34227525332809 0.2099815652150066
0 0.2813562173632127 0.2716342338911292
0 0.27711068665930993 0.2690772564888668
0 0.511566498737295 0.4146960849354581
0 0.49599345990374116 0.4210155065320119
0 0.4854373327035944 0.42697939093039483
0 0.48250797378362986 0.371812517986912
0 0.47396086137506027 0.43662729366820735
0 0.4823102479494071 0.43716736375784676
0 0.4782288934611067 0.43527323708814736
0 0.48075995188725146 0.3631621362114487
0 0.4968401973257588 0.42941865466889884
0 0.5084201229524009 0.42643742384362954
0 0.5229226541921559 0.42349088809737306
0 0.545579347932389 0.460282797906913
0 0.5281136767773689 0.44395207382049884
0 0.5242392453463268 0.43636081549299865
0 0.5224505011542437 0.42919603207198176
0 0.5226319293935591 0.4232627242720094
0 0.4966591016904211 0.4294514028298087
0 0.4940523107846578 0.43308964363333224
0 0.4918479273087868 0.4375387009452371
0 0.4911148102977608 0.44257158408311903
0 0.46009859279238224 0.413051837716116
0 0.31519899023736075 0.386754265769857
0 0.5218833101449637 0.3657835865555023
0 0.48824273156717357 0.43209062504167317
0 0.4851154154363061 0.4345598912873522
0 0.5011270143060241 0.3747337188373427
0 0.47208104153725666 0.3790868529919483
0 0.4974344738676578 0.3727501088163766
0 0.4248213134234465 0.3353539555012679
0 0.39798419259268525 0.35177541096337367
0 0.4530149668077879 0.3660168672810082
0 0.28586365200799224 0.20941493716560491
0 0.3038906429890339 0.22532768539186954
0 0.3132235106033615 0.2431977228039787
0 0.4939171578813706 0.45699475275702167
0 0.3985371105530091 0.22991162918361963
0 0.3869553628350109 0.19913775555225982
0 0.3667042201329887 0.16941762638359176
0 0.3546685981348094 0.3122865453320725
0 0.32133430443735567 0.3352848399086159
0 0.4270202595473342 0.2915223392785764
0 0.31441097910897137 0.2930700892493838
0 0.4500997941705245 0.3100835825381827
0 0.464128914261669 0.35758678677703154
0 0.3039144458650034 0.351600837306816
0 0.3384636262046637 0.34357878590832236
0 0.3643568458687907 0.34443790096194804
0 0.398168758878225 0.33396213370210986
0 0.4204926461861606 0.3221172087666701
0 0.4358877563526862 0.3115912459644617
0 0.46514277795196085 0.2856154646359238
0 0.3197701691575191 0.38083553489516764
0 0.2997785443243598 0.2937512485002603
0 0.5098406166969975 0.3640041283699645
0 0.4489192669653188 0.33587178579565524
0 0.28311478135958 0.32601077040704357
0 0.44608749116020363 0.3013144262781998
0 0.4525298855978728 0.36743359964768757
0 0.3315262881260884 0.30134042262697086
0 0.4591269119630886 0.34906233066604253
0 0.3379413367323735 0.4187016692482123
0 0.42482669293125974 0.2862859782384557
0 0.46938751329852557 0.33699178787506595
0 0.4183995693544798 0.47641795656594244
0 0.429788927362941 0.4897425142990775
0 0.30891488637099285 0.3857288389813666
0 0.3860648952204467 0.4631430202839421
0 0.27881253444695775 0.29619361981958237
0 0.514756416721183 0.5036888877216842
0 0.5143312620714244 0.36697252950414555
0 0.4369959205011778 0.3502661251053423
0 0.2968499373786057 0.3195891605705774
0 0.3669780688949778 0.30333405428406907
0 0.38260399176098625 0.3007442663196756
0 0.48026351875896695 0.44013960880725655
0 0.33810967772821837 0.4075686923262118
0 0.559548339008782 0.5145692145791041
0 0.49598442175217317 0.5074881486365107
0 0.4665869878062719 0.5007137472556085
0 0.43993567691070623 0.1878087763943258
0 0.6005698047609772 0.5090570900620532
0 0.3971375347064014 0.29641425805766375
0 0.41061195089847224 0.29145152637270655
0 0.42008776591799935 0.2884712066052675
0 0.28688509328455863 0.2932434897629821
0 0.402685925804613 0.27903800150927377
0 0.38418822788991003 0.2780323933486511
0 0.36719294552561604 0.28097635816459227
0 0.3526583975377465 0.28680670394950886
0 0.34541410937087946 0.29234231628623664
0 0.27122256951996043 0.29263103425669734
0 0.3558761964115915 0.30337144509583963
0 0.5306423057483721 0.380890697574749
0 0.4733887536113272 0.40078345809330124
0 0.47471289342968775 0.3677739608688515
0 0.5056303130926462 0.3876744840993267
0 0.4734066129988256 0.2592375573574328
0 0.45234089423332535 0.4879556927694326
0 0.4826526998970579 0.49580896134470026
0 0.55228770986388 0.5066017767294448
0 0.39859128161824703 0.4746653309055403
0 0.4173284399358532 0.2831408318852176
0 0.4627224332672634 0.3106378301852891
0 0.5946413557740706 0.5005890446550706
0 0.5260080332997479 0.5129300093784386
0 0.3301631468760816 0.4149419707076556
0 0.508029949564471 0.4263304431899255
0 0.506054903761747 0.4314730526352463
0 0.5058747047110449 0.4374897035063148
0 0.5077901565575902 0.44464223132747893
0 0.5177249650663465 0.4603434768544526
0 0.48332019269717896 0.4322211184755427
0 0.47837016338537514 0.43223379840369985
0 0.47403629017278615 0.43176918387079105
0 0.452854897528258 0.4275863551292099
0 0.3644893234792138 0.410435479311716
0 0.4574040522806755 0.2966896346470221
0 0.43151128090886626 0.2723544313460171
0 0.4215828786419414 0.276492069123172
0 0.4884071536204986 0.43198713885635887
0 0.3820721001564702 0.44315288889975774
0 0.44735505938026976 0.26816885695070114
0 0.5130503318480801 0.4757519108908517
0 0.4935317855595536 0.3074843220684041
0 0.4717385172843933 0.30038427367430776
0 0.4878306930829704 0.29351283839436804
0 0.4596475239544478 0.3358281299012716
0 0.5874393806175844 0.4877910034663203
0 0.5790032711713123 0.4711145766142036
0 0.5461625039325988 0.4767151361420041
0 0.45876414225071294 0.4608318288119233
0 0.4420503730009377 0.3819960977683882
0 0.48498778227512346 0.4705869618083249
0 0.39742987914175926 0.3895364366993517
0 0.4315907587984946 0.3997037172818384
0 0.3943048333945657 0.4152452905638879
0 0.5476437485167749 0.49384317311252196
0 0.45336480834816073 0.34672270919762405
0 0.44901123919567476 0.47330153973496597
0 0.47992823948840047 0.4827709500195265
0 0.4345227351671533 0.4474666853244899
0 0.35636246342699235 0.4297046020251362
0 0.41290417074654173 0.4535884947336021
0 0.3543409832167726 0.44119708486297887
0 0.4274978499372297 0.42123965171872735
0 0.45605895841171973 0.32293681136700286
0 0.4734747100479995 0.36220090779937614
0 0.46583193339376006 0.3687601248089339
0 0.4752246986461591 0.3509789467358789
0 0.4078884159965354 0.2614038656739628
0 0.3712971484610803 0.258419152860548
0 0.34293580482780683 0.2627751574713309
0 0.32291842487793937 0.27055134805811554
0 0.3128839364031699 0.2805052788651624
0 0.32208447101749954 0.30724934402968035
0 0.2928899688811242 0.3565283123017693
0 0.3470628706714775 0.3255086402599217
0 0.36785137125208406 0.3258956276736006
0 0.3919240107390448 0.3201554890941171
0 0.41279092632265535 0.31166240831717057
0 0.42798841188225567 0.3035055328400529
0 0.4379065323479568 0.2965862483036618
0 0.29862643306768394 0.35612936881409973
0 0.4687732805179644 0.3726731556303361
0 0.4671368689476689 0.32317061626276716
0 0.48572795627489374 0.3595861967872171
0 0.5002386580036662 0.3641563623893161
0 0.487983705373756 0.3619498552060595
0 0.4765540155177378 0.3756338190130827
0 0.5038124732830354 0.36451404618949784
0 0.5084164353865611 0.3675019913861732
0 0.4313336993068582 0.2855555844240162
0 0.4431879798319772 0.28680919999835874
0 0.45066302285415716 0.28812771284279703
0 0.3420469279279186 0.2960958246256457
0 0.32435161541785873 0.2919675345514335
0 0.511895342843945 0.30582944168096166
0 0.6251089213266654 0.24163091550020277
0 0.5382139051513832 0.3587061648442298
0 0.6744137589941548 0.1731549104054769
0 0.5778006330321107 0.2664723923894204
0 0.5970545856258537 0.2632772252172315
0 0.6153813540181027 0.2586747607430156
0 0.6362901704723825 0.24484070951865167
0 0.5603946570605668 0.26713262227069096
0 0.5831652459715992 0.2174287765633826
0 0.5616292541037129 0.2241360342302242
0 0.6056338593929629 0.21562021444825566
0 0.6224076564301921 0.2188713305554136
0 0.6580398097822938 0.25069797519041376
0 0.6565780876055045 0.4600506653638781
0 0.6302034019920897 0.23575490450157838
0 0.7152671874323978 0.23143667759013778
0 0.6753848758427906 0.23473787691746772
0 0.6180954892424089 0.3228298806342758
0 0.5525864750021118 0.39723340269564245
0 0.559162142407542 0.41147765458798874
0 0.5826645468357746 0.3972492026848619
0 0.6042923374015068 0.39902738788548636
0 0.5808682250574169 0.40794794198845613
0 0.5992946011104664 0.40591391178072334
0 0.6521854013330323 0.4131374272311769
0 0.5310722325421586 0.3511210967178772
0 0.5271726388971514 0.33694084351804077
0 0.6418491109011042 0.20081345298710992
0 0.5601800262676513 0.29610197738606053
0 0.5790927271802717 0.3390611621345125
0 0.5783741290559246 0.33124296304558504
0 0.6795994888378095 0.3085168625961165
0 0.5188964396589416 0.3200355040259054
0 0.5859253094669132 0.19491298070975713
0 0.6164674361546835 0.19420224328001007
0 0.6413393013084991 0.15226983318642742
0 0.5060642311341652 0.22588907173868655
0 0.5463570049543421 0.23526202221544518
0 0.6608273203362895 0.3968369552568227
0 0.7618321492199154 0.36528422702260377
0 0.5673961443237111 0.35024336113983173
0 0.5533033956455279 0.3576196098194069
0 0.6319950673147596 0.4032142851866928
0 0.6271780072888241 0.40388232770086335
0 0.6222104367324571 0.18268094355819606
0 0.583658136144469 0.34552745124539075
0 0.5495274149918858 0.20367288910875134
0 0.5461750271954114 0.1915850237387569
0 0.5438981938965713 0.13659031576469166
0 0.6325230110546708 0.16764560642362641
0 0.5432568177392211 0.1646664098781698
0 0.6507427677323546 0.19153684999595502
0 0.6643921408472182 0.18352504487798996
0 0.5563282408291781 0.40490760472642273
0 0.5817729367988522 0.40294201617815245
0 0.6016871516714619 0.40255150933559536
0 0.5639566432071638 0.35396259872853253
0 0.6294836180622567 0.4035865459121576
0 0.619759232183046 0.40786080492310833
0 0.6244008797633497 0.4043022130383831
0 0.554482144142505 0.34673963240882594
0 0.5976702789717083 0.40807114695968416
0 0.580036686191076 0.4111231657303348
0 0.5608298187517415 0.4153082658763693
0 0.5973407407350178 0.44920153911708116
0 0.5755749918237517 0.43387275399948033
0 0.5699659872658646 0.42659445027677284
0 0.5650425518112343 0.4200369555409215
0 0.5609512336646454 0.4150200471156785
0 0.5979037380419703 0.4081515197326489
0 0.6026167653280975 0.4100226577924413
0 0.6081333349022684 0.41273498927511754
0 0.6137203586755423 0.416290336296338
0 0.6238108113848208 0.3773523236857075
0 0.7504197258486527 0.29145314880445894
0 0.6113776987112021 0.4062217245248853
0 0.61516328149707 0.40697712874880027
0 0.550152363404946 0.36413988846690715
0 0.5813373701984872 0.3554403095686135
0 0.5516196964662287 0.3610014564850751
0 0.5861669534872352 0.29978495986521747
0 0.6241683172777233 0.302161597738079
0 0.5853984647662328 0.3371430234748776
0 0.5995614941110088 0.13917375128476225
0 0.5936184105490834 0.16040293379825035
0 0.5867098499451006 0.18228526989451976
0 0.6390477177463 0.4255951820802288
0 0.5011197404016422 0.20541694084135423
0 0.49432707059232495 0.17491100557378025
0 0.48786714937113507 0.1421498776901336
0 0.6299365668357173 0.25245558046827127
0 0.6851068901110299 0.2560954561837915
0 0.5480941810688389 0.2665715853707129
0 0.6448596685747557 0.22146400145622863
0 0.5407862643149332 0.2898449819712412
0 0.5635540188616338 0.33563473603638616
0 0.7127827224852163 0.26185869569538023
0 0.6764001856373332 0.2699441467346597
0 0.6530457176739657 0.2811945377945566
0 0.6133510236498676 0.28707477959598143
0 0.5827959398680096 0.28717185093575165
0 0.5591199740075864 0.2853252365559089
0 0.5026810557781896 0.2771876056154235
0 0.724663567945424 0.2923965179870109
0 0.6594652058203009 0.2158601970649233
0 0.528926040301343 0.35975994674765427
0 0.5640559038029441 0.31045496964655
0 0.7220298939616369 0.228840112853117
0 0.5397219026642006 0.28143647980957137
0 0.5888326152970519 0.33775323253719747
0 0.6395214036547182 0.2342975614201121
0 0.5615559655402783 0.326458886057055
0 0.7595070738832659 0.3269296408701344
0 0.5456860125819339 0.2615864266868399
0 0.539724042898492 0.32146244523238066
0 0.7299051174131627 0.40992216686574684
0 0.7370918506308447 0.42416017863596855
0 0.7454533989419414 0.29046418928966466
0 0.7473097629687957 0.3851663793335442
0 0.6896681342949847 0.20548631851913549
0 0.6667328630318622 0.47218603054348496
0 0.5291496947847841 0.36365762686863
0 0.5878878175457821 0.31719277895131365
0 0.6943786453597153 0.23308557994058487
0 0.608895373998312 0.2508110586835557
0 0.5934105475240619 0.2553027859505485
0 0.624669161023973 0.4091924220240083
0 0.7341463098043128 0.3214288983358389
0 0.6399398483807528 0.49783026170329886
0 0.6915813302188986 0.4665902634294761
0 0.7130948207046413 0.4488238619656122
0 0.5774240964072667 0.25802557587790553
0 0.5617559328360899 0.2597499587455717
0 0.5513992812563095 0.2614522515809169
0 0.6726560192772105 0.2090707569897008
0 0.5569945478238134 0.24569992441423133
0 0.5706866099361629 0.2367521508985541
0 0.5870117675905993 0.2319461336406339
0 0.6048091172166011 0.2305239474072176
0 0.6168107413038423 0.23215154598073132
0 0.6996610617335839 0.19752665586164353
0 0.6187591643273076 0.24611537926504257
0 0.6000027872842072 0.3732372626703994
0 0.5657492051144692 0.3476458479042481
0 0.5586950796565929 0.3761553933807448
0 0.7098696900822442 0.43371784920785944
0 0.689499171474312 0.45277014015769423
0 0.6356865087138952 0.4892850135053907
0 0.7533313410694589 0.3979791971314855
0 0.548878432326176 0.2558445783138943
0 0.5265272714920688 0.29646220715606914
0 0.6682850534905864 0.4832824403498353
0 0.7539949583101876 0.3228363703612854
0 0.5803922253821973 0.4109539835392928
0 0.5856436662030119 0.41445738778394814
0 0.5911061804002851 0.41926827233712544
0 0.5969493670805597 0.4254965382296832
0 0.6211606518125735 0.4379741366670913
0 0.6143846700463114 0.4045146767164813
0 0.6175837129480225 0.40275346464803574
0 0.620558089093317 0.4008016293289281
0 0.6450914501640868 0.3854969560432167
0 0.7098546505980351 0.3352748557132165
0 0.520917312505376 0.28252518143640515
0 0.523416093884641 0.25246389231094124
0 0.5374074706548377 0.25187207912864473
0 0.611234476546195 0.40607655432377876
0 0.727709555173222 0.3681611729269268
0 0.5032698949681053 0.25596327791694834
0 0.6402297633609692 0.44872154892325733
0 0.5078747247341816 0.2923220234090875
0 0.5515176882723716 0.31560149788856506
0 0.6119860747695473 0.46274884424957574
0 0.6738142041717401 0.4144568885741782
0 0.6116104347293387 0.34509014348689915
0 0.6602301371248462 0.4330960335183878
0 0.6583265144110731 0.3326289940114115
0 0.6373853630657438 0.35491618923112456
0 0.6863373512960185 0.3518001967284526
0 0.62642328548029 0.47732571961165143
0 0.5684782062904744 0.3213756576138718
0 0.6959259479860717 0.42059312514564234
0 0.6772510155343808 0.44111706153685304
0 0.6816668683969522 0.39377010995600403
0 0.7396096916641364 0.3464496164929633
0 0.7084531731243375 0.3897175000829189
0 0.7566489934418272 0.35394582528026164
0 0.6620170592255733 0.3701833219421344
0 0.5448727813954092 0.303277506297376
0 0.5593778433176032 0.34312797452555316
0 0.5742561736690344 0.3449296974668316
0 0.5458546283375865 0.33532699817368966
0 0.5305341660724914 0.23428823867765794
0 0.5568974274623243 0.21742832727458963
0 0.5845416769196715 0.20954903739006245
0 0.6099440020347949 0.207667378484368
0 0.6302827063492079 0.21141302426990008
0 0.6549812414475131 0.23506412298238577
0 0.7331087010822216 0.2599720322117418
0 0.6502747505526 0.2594780142233819
0 0.6318508617988619 0.2683062394793962
0 0.6054172329761811 0.27387975431790873
0 0.5794726766111479 0.2760105937802825
0 0.5587554689701096 0.27586640951847163
0 0.5433465340469457 0.2744049978773801
0 0.7372174881681611 0.2595425121256617
0 0.576308455899798 0.3491192655403073
0 0.5314492897645331 0.308931980480333
0 0.5447312945555031 0.3465039055554473
0 0.5380790414689463 0.35579080474810776
0 0.5463365859623197 0.3490289584929202
0 0.5732499743312723 0.3545526147556572
0 0.534743283871357 0.357640801274142
0 0.5348821677236114 0.3615744744195324
0 0.5387653914684988 0.26356984950414225
0 0.52878140095417 0.268785480858565
0 0.5220821494794596 0.27292625117702646
0 0.6241983673240565 0.23397646969606897
0 0.6345071817752178 0.22447706938457757
0 0.3823082923637664 0.28788270068769695
0 0.40222016454748966 0.2834495182464771
0 0.3753470935650516 0.27634937001042675
0 0.3621706833064808 0.29236842495720594
0 0.3890729077506166 0.29946661379490913
0 0.5871294804766208 0.2430897686912232
0 0.607129883162583 0.23886221075425296
0 0.5810848225521136 0.23116511995551967
0 0.5670991145105805 0.2472335841892814
0 0.5933148443447387 0.254968802134196
