0 0.45616272280487835 0.3662137866444435
0 0.47231411688689945 0.31566081182812455
0 0.47000576480279993 0.33072777065942294
0 0.47783701442465 0.2561856924002705
0 0.47940589449828186 0.2991639727799494
0 0.4912520828126352 0.2766234543824111
0 0.5226364775171762 0.2197436957596884
0 0.3345692983911007 0.18164597053969034
0 0.5438744970892049 0.17540556849958208
0 0.5536799826953984 0.15251841069964753
0 0.595458873842336 0.06209588920518597
0 0.4542796904150444 0.371461617989048
0 0.4528135208389427 0.3767402727832998
0 0.45248633660847626 0.38033271217685577
0 0.4477361444431015 0.3947322394075767
0 0.4441911072670659 0.4022803255671708
0 0.4399861165239841 0.4116010381657882
0 0.4363035906719256 0.42113063598442757
0 0.42863056591794463 0.43052643134500634
0 0.47026218455049057 0.32351455654537975
0 0.44761028150214427 0.31908487849388256
0 0.29070005254654946 0.09270998527995208
0 0.40303519311585007 0.20993506229644993
0 0.3763974256153348 0.20670439594581033
0 0.35141730572603924 0.20179970599578367
0 0.32320687533179415 0.1856629275766556
0 0.4262746017944964 0.21065480301812875
0 0.3866668117197254 0.15264733936438782
0 0.4173291829190677 0.16082973582040372
0 0.35599229984645603 0.15060990348829492
0 0.3345496514930001 0.1546859022137109
0 0.29988271959974794 0.19329154109615448
0 0.3304289324751383 0.43508285729486323
0 0.328664613298223 0.17467997337151253
0 0.24802924768079684 0.16530500506166887
0 0.28047241610062273 0.17636598386798466
0 0.3567682731000683 0.2775537195579013
0 0.4269249299659005 0.358755185086532
0 0.42676866582677336 0.3726650497667306
0 0.39664533658872675 0.3604733070020574
0 0.3763906521887719 0.36474995087050033
0 0.4046501206069053 0.37157864757279907
0 0.38765085988406894 0.3725370138989649
0 0.33033677822426905 0.3860945896746001
0 0.45113822666904596 0.3116751905013658
0 0.4535341579702836 0.2953590769784731
0 0.3098328238046622 0.13556295209083694
0 0.4288248761168009 0.2424505378427879
0 0.3979803948085519 0.2975050681850664
0 0.4004802843437919 0.28786400246874716
0 0.28208423415316813 0.26244469681668536
0 0.4657394963351986 0.2744283154341674
0 0.37279588380191897 0.12826009237893535
0 0.3364485479608367 0.12737811142015287
0 0.3222628339559217 0.06770493742409975
0 0.48250846055489555 0.1617711682760843
0 0.4399640137636209 0.17389893701492254
0 0.3181686739001093 0.36856447717048946
0 0.22936810100380378 0.3214540982161552
0 0.41468360529670234 0.3098944264374594
0 0.4326227284684966 0.3178132721537797
0 0.35484291669688645 0.3746655589745138
0 0.362014826717256 0.37561976867214214
0 0.3303203199860416 0.11528934766389297
0 0.39548832838293874 0.30465470344570605
0 0.42001183613946164 0.13771415371911805
0 0.42173189037962805 0.12397820881677268
0 0.43501089607612997 0.046676041392669135
0 0.32514530325992197 0.08905914818264836
0 0.431981629585918 0.08460436936375085
0 0.3015265826937519 0.12597063894373667
0 0.29354847646966764 0.10745593237282967
0 0.42561262808268585 0.3662463371439761
0 0.40010729035999204 0.366467282441163
0 0.3813773993449875 0.3687496813166608
0 0.41977575647680065 0.3138583864605724
0 0.3584051251034193 0.375181888346146
0 0.3657026009846337 0.38114304983743147
0 0.36582000704505774 0.3761001227165032
0 0.426205619792395 0.30617292665501933
0 0.39349145489402965 0.375079992402915
0 0.4094371705115596 0.37488785078517056
0 0.4294010530921477 0.376639489177283
0 0.39678427105463004 0.42444651322008453
0 0.40444440253173247 0.41408444808471245
0 0.4101125524391102 0.4049989948069074
0 0.4172216201130348 0.3962152776344815
0 0.42380447968651974 0.3900065625689632
0 0.39036454807353926 0.3823465694312099
0 0.3831653066828281 0.3844354216314295
0 0.3741607490596892 0.38781335557482843
0 0.36638416217852243 0.391963017368656
0 0.3554330366321757 0.34425212267879063
0 0.23184303580960142 0.23447106974829135
0 0.4700243224071551 0.32695065401627077
0 0.37975513397515576 0.37960849283428805
0 0.37291463662551927 0.3801728283383244
0 0.4374867221222648 0.3251576542430077
0 0.40138669557209256 0.31560217994812123
0 0.43511754783648476 0.32156861040515833
0 0.39716459301453605 0.24775282980284233
0 0.34875006106080886 0.2526523825112611
0 0.3945344041419935 0.29448990253367036
0 0.3681914193343513 0.05160047532824859
0 0.36951293070105057 0.0802603851857983
0 0.37062268336362475 0.11434517827322474
0 0.34671874608420117 0.3992294187647592
0 0.48354073472415343 0.1383278711410604
0 0.49765419884573053 0.0944234675784128
0 0.5083430818741834 0.050596810532634366
0 0.3316168568179577 0.1945365391592114
0 0.26916156614883036 0.20066938111790558
0 0.4423166902004918 0.20973048006512515
0 0.3096972958573812 0.15880800438945403
0 0.4515655070920534 0.23469792799593292
0 0.4132394394542597 0.2935437133727973
0 0.24359621824342995 0.20431303193136466
0 0.2781225520221493 0.21529907433587886
0 0.30647482826739925 0.2273866086667967
0 0.3582959976754611 0.2334983015824043
0 0.39889348043671136 0.23341366150201004
0 0.42958542100990876 0.2310286641545143
0 0.4947703629732132 0.21945962532559324
0 0.23359990817836568 0.24200711046673648
0 0.29392560976970045 0.15372264745820885
0 0.4574478913711596 0.32086385696383984
0 0.42296318841885916 0.26076152570731276
0 0.2526992084104804 0.1595368926211184
0 0.4537466494720193 0.2262196937489764
0 0.39365752267686627 0.2945516372490608
0 0.3179260386696345 0.1732335837286138
0 0.41775846368149866 0.28216643562520527
0 0.22730188901665843 0.27630175475123936
0 0.44562604382068294 0.20392592394479228
0 0.4414390363270723 0.2761883841714825
0 0.2524964413310908 0.37741405641481124
0 0.2550798301832585 0.39089174881524463
0 0.22183102010926115 0.23706444005524985
0 0.2338220448810843 0.34856886923101027
0 0.27095729659629775 0.13377170863949106
0 0.3218472188786615 0.4473399352348572
0 0.4597744643688202 0.3246971173642793
0 0.3947247136620027 0.2694237932191625
0 0.26172567074057423 0.17618162861073994
0 0.3565301138766204 0.1922415240379415
0 0.37889278963019574 0.19713031927461727
0 0.3589018034406855 0.38260565618603254
0 0.23029651596576353 0.2764341521517662
0 0.35826458640490905 0.4745431956023084
0 0.30058963162989555 0.4395164577986422
0 0.27927809463271613 0.41928178517419673
0 0.5743797723251053 0.10651228987873661
0 0.4077869300978093 0.48660426801634005
0 0.4015558331827574 0.20005109725897846
0 0.4231926530976839 0.2020353897610593
0 0.4377963588207583 0.20382153987884521
0 0.28154035968871055 0.14760486595995487
0 0.4287796209130106 0.186112677711609
0 0.4087322984315172 0.1757567743389632
0 0.38525528507896617 0.16989600128126314
0 0.36044050017489665 0.16816136993971584
0 0.3442871255587928 0.17011098971994745
0 0.26914011696471446 0.12198860344089223
0 0.34270083659057377 0.18685880717009412
0 0.46439617928824845 0.3441972083468454
0 0.38185750061198126 0.3384619391261471
0 0.4150669574737549 0.3070772568101985
0 0.42919854348218894 0.340009492911478
0 0.5346327705096595 0.19682296293910287
0 0.2741590081890927 0.4042942120935569
0 0.29699375414395635 0.4255709690555559
0 0.3579159331849859 0.46658837455871693
0 0.23925665020942688 0.3601503779455436
0 0.4407314311099958 0.19734625905434008
0 0.4642637211687957 0.24397328358103795
0 0.4098032920420924 0.4786056267409138
0 0.325270274960542 0.4584556381049105
0 0.21916488454311708 0.2752479323288724
0 0.40492036448249336 0.3858303510421536
0 0.3970819651326047 0.3899800713800451
0 0.3883627826654458 0.39614124866567046
0 0.3809641014926041 0.4037549627209049
0 0.36800245657751834 0.41253654303499815
0 0.3743917387497576 0.37412338239866644
0 0.3678836047272139 0.3718486235235085
0 0.3628337577551226 0.3693625205776445
0 0.33334717022467264 0.3550156537324084
0 0.2552337770975089 0.2940915687228437
0 0.4739350255908845 0.2258686196337391
0 0.4713534984407546 0.19319617281604917
0 0.454403453989874 0.19281923686058072
0 0.3808247511145435 0.3758840658486526
0 0.24548509320880793 0.33138387398363434
0 0.4954779285796081 0.19581342910108193
0 0.3482063846497596 0.42345372298434114
0 0.5020325655424143 0.25743326640213937
0 0.4855681876592998 0.2388277726241278
0 0.5119598738000363 0.2394134181674265
0 0.43360976723930506 0.26783039943179204
0 0.41468109001841724 0.46512515349744477
0 0.4220935359031339 0.4472342339274722
0 0.3815928418425065 0.4387965999888356
0 0.3047343349154991 0.38636093589334725
0 0.36617311646666706 0.3039470228011922
0 0.32334008605419834 0.40643071916179724
0 0.3093697551307799 0.29102178145982194
0 0.33656846929954576 0.31703115273200744
0 0.28117679304714444 0.31424062065382447
0 0.3658957030576996 0.4542532281095023
0 0.41594576005694234 0.27482366349773474
0 0.28260091588466985 0.39164351313988083
0 0.30625316689286053 0.41409779613128334
0 0.29258094595957407 0.363638140552833
0 0.23110803980616074 0.3054799698425782
0 0.26546426551251473 0.3572002547491488
0 0.22142849636228779 0.31163710758779395
0 0.31101910430419294 0.3365731612643313
0 0.44408057365990894 0.25199651336330536
0 0.4188262092161782 0.3022660470942161
0 0.4040437404867969 0.30426201913704654
0 0.4320406891122649 0.2932912420971962
0 0.4569062549102155 0.17221127264864505
0 0.41786774955218353 0.1526507056480625
0 0.3793657708771621 0.14358932861653936
0 0.34663605878624737 0.1417266321351944
0 0.32291494460800024 0.1465576736528254
0 0.30201217004015474 0.17504312219993076
0 0.2305882882468308 0.2003120866958781
0 0.30875707691228843 0.20283434060120498
0 0.3328030184854435 0.21288577093348385
0 0.3677233597145805 0.21880823479852643
0 0.40228843273995796 0.22089761389532123
0 0.42977741398388825 0.22056616667750892
0 0.44957780347594734 0.21867276383464446
0 0.24161192114594615 0.19627441969630557
0 0.4037217056449455 0.3088202892249165
0 0.45496842114231256 0.26004520981337254
0 0.43472987809513186 0.30618618688549437
0 0.44621715402301354 0.31596494824012406
0 0.43520970208735404 0.3085986413989627
0 0.40946915613699564 0.31470200642147944
0 0.450041288061987 0.31845667141612316
0 0.45219702018967156 0.3223880223956397
0 0.45436297187322305 0.20616355124741687
0 0.4674093638417087 0.2119871780965676
0 0.4748542310693596 0.21609284402636872
0 0.335339310237124 0.17235419334465923
0 0.32110089422026766 0.1615729819837414
0 0.5252390577446057 0.2633648631411515
0 0.7440965703771084 0.24099502996193556
0 0.4976163310340688 0.32698583899867917
0 0.8719680897797211 0.17756774713984588
0 0.6569682020175306 0.2468679655489124
0 0.6839405411406408 0.25144859946919507
0 0.7110828496987307 0.25444936328086987
0 0.7524620294570923 0.2485599475399031
0 0.6348851677737658 0.24097957432906397
0 0.7168877950952023 0.20115014497071398
0 0.6825183988371982 0.2001844313645278
0 0.7472899043107335 0.2072466896097855
0 0.7648179874389986 0.21653622749437218
0 0.7690177891827836 0.26294659507656437
0 0.5213037761329096 0.46613439461514616
0 0.7566984710814078 0.2368157887798187
0 0.8538904084434992 0.2569155905170373
0 0.8039689475222479 0.2536700539741652
0 0.627808917549592 0.31905332324343644
0 0.4899080725787561 0.3686377450664697
0 0.48198445084728775 0.3811740196472385
0 0.5211279443170451 0.3802018954660545
0 0.541262350882156 0.3902694839599718
0 0.5072433111033862 0.38735615570774284
0 0.5270117149700092 0.39358749805396137
0 0.5612092206749735 0.4230975408995279
0 0.49508623835406723 0.31856348506072235
0 0.5061608105897903 0.30345490139998577
0 0.805477718386469 0.20532527343234133
0 0.5944947498508647 0.2673792003312569
0 0.5659133852282657 0.3234470552396944
0 0.5741286802140972 0.3143736327670223
0 0.7139748651770097 0.3287783118753671
0 0.5164385743533508 0.2820870498745467
0 0.7446841552287717 0.18030651162951866
0 0.7832246354863613 0.18973326216388853
0 0.8561027442352681 0.14517959029649077
0 0.6104510019097147 0.18352243951206954
0 0.6515544517130791 0.2055435842466524
0 0.5871786965599542 0.41147200704893605
0 0.7528149606306341 0.4041307863391591
0 0.539557507143745 0.32956250961140804
0 0.5155729027111319 0.33080891273199875
0 0.5652937157244622 0.4054674058622313
0 0.5580385044405732 0.4043001543160435
0 0.8010470655900014 0.1799577646408217
0 0.5638990236234062 0.330806863689762
0 0.6893458147592182 0.17734295257045704
0 0.6982339367836337 0.1635914934911762
0 0.757694362839566 0.09325033235380234
0 0.8273960910265958 0.1630326904011791
0 0.7232489932941485 0.1274399193156232
0 0.8232484565505499 0.19959395593595675
0 0.8480339295501951 0.18957973035629108
0 0.4862456491476373 0.3756178952620971
0 0.5141202601828153 0.3842334153389167
0 0.5345261781653271 0.39209497568870355
0 0.5316425007355364 0.3315107682421538
0 0.5615402867522421 0.40491349120157044
0 0.5469649026665506 0.40833685533856157
0 0.5542434842526158 0.4036619069313239
0 0.5284556035376802 0.3221853135743599
0 0.5210872641469859 0.3941574537881328
0 0.5017789977638027 0.3889134570797143
0 0.4788716256241255 0.3842153252231693
0 0.4636485672827008 0.43523998956239096
0 0.47180674366558656 0.4252005900352451
0 0.4736466400230987 0.41535409319867445
0 0.4749078045162973 0.4054863448669053
0 0.4748913264727291 0.3981478171840681
0 0.5195058472926104 0.4019799067032295
0 0.5241620235050781 0.4060278481860178
0 0.5293722739325294 0.41187836139651807
0 0.533127703244173 0.4180472372265473
0 0.5684275544142421 0.37764088539042084
0 0.8273741467089593 0.32617968723867286
0 0.5351358459720129 0.4027775988460011
0 0.5410131006678448 0.40530693658306083
0 0.504723378563229 0.3357212865904133
0 0.5497563070134271 0.33892253454893934
0 0.5099088327039646 0.3333383382851543
0 0.6190351119524315 0.2813222302236591
0 0.6584932132612301 0.2998839184058519
0 0.5755347801914698 0.32230702668322364
0 0.8209515123427669 0.11704679655434823
0 0.7884574441970149 0.14196629689681572
0 0.7585823551008973 0.16744470278139217
0 0.5338994777655299 0.42925857182499355
0 0.6267925074583367 0.16154913991371508
0 0.653630922866773 0.11738163932786717
0 0.6845968109142931 0.07603583089821704
0 0.7361600157580798 0.25398039605693884
0 0.7931569743005535 0.27906008759427325
0 0.6205893162685104 0.23582570620703103
0 0.7871256538584263 0.2275824971046312
0 0.5794067639338819 0.25384712049545344
0 0.5513161360463009 0.31491042328899016
0 0.8126274068144304 0.29112461410807544
0 0.7697554985179177 0.2894929910469734
0 0.7306487439553949 0.29159006868817205
0 0.6767323081251941 0.2817039960643999
0 0.6395181519321248 0.26960273315049577
0 0.6126163198223596 0.2584291887453018
0 0.5486626957036271 0.22756259212290264
0 0.7880951649026026 0.32735850123748234
0 0.8074307230454457 0.22807969720338164
0 0.48416935624201085 0.3250983198342374
0 0.5816774858704096 0.2846808153539366
0 0.8670276078996779 0.2517598489849593
0 0.5930602886254275 0.2470331476252274
0 0.5786231062080287 0.32294138088769336
0 0.7681177552742294 0.2388391009004939
0 0.5598119538796099 0.30384375107245937
0 0.795686512431012 0.36488817340538593
0 0.6231501468374759 0.2300694782114538
0 0.5395879479525965 0.2911795869840846
0 0.6598595441142215 0.4429454421657684
0 0.6552634375004829 0.4559080346199117
0 0.8187752618819852 0.328992319700981
0 0.7077632765226727 0.42392213403966506
0 0.8533738851547241 0.22076442614993166
0 0.5208983410008347 0.480101076309367
0 0.4811359306302252 0.3280105942933161
0 0.6008639494075051 0.3007472677162958
0 0.825564651549617 0.2594004054934953
0 0.7137417167047911 0.24383759307691635
0 0.6893142054352579 0.24184914394629808
0 0.5520364166815069 0.4116039653689836
0 0.7638527147377594 0.35926896779138423
0 0.4635729108807407 0.49221252589039105
0 0.5566316914709308 0.4816471372210682
0 0.6006079455719718 0.47203112836410144
0 0.6666115016876897 0.23808622423864345
0 0.6452638001381596 0.23395367194749284
0 0.6303880878641636 0.23191595798709638
0 0.8267699649816826 0.22661808610386697
0 0.6544596971590307 0.21975505330808645
0 0.6812194457537011 0.2163539212793642
0 0.7068985753421542 0.21764838907642298
0 0.7309686398204369 0.22275845160263713
0 0.7444066427931001 0.2286763636667109
0 0.8749934744231308 0.21141947630885657
0 0.7313370191598241 0.24309235641540583
0 0.5477116432371019 0.3643578227304479
0 0.5404270210220844 0.32681055807134013
0 0.4999098291125479 0.35113672896212106
0 0.6115509905392611 0.45916214786814624
0 0.5677766716932948 0.4699448521026937
0 0.46762629173978976 0.4847400786613654
0 0.7044631125806253 0.4346454745934103
0 0.6333977074562749 0.22593395480905987
0 0.5539616146419621 0.25744611682416707
0 0.5116426318506652 0.48934290078186904
0 0.7894132499453388 0.36398679972543413
0 0.49884386605854275 0.40043624609814843
0 0.5020799003069913 0.40650161602318924
0 0.5044799907298028 0.41471057684820317
0 0.5051410930066169 0.4238478123505345
0 0.5014168174960946 0.43389974030735656
0 0.54374893122836 0.3991231027447032
0 0.550468586290939 0.3989806357651843
0 0.5563855110844479 0.3983715725963226
0 0.5818522085871878 0.3942363711862802
0 0.7174561291555815 0.36586114647549667
0 0.5643360482741006 0.23943686506502146
0 0.6040196531935583 0.213512894946061
0 0.6226922473575496 0.21799415031786068
0 0.5372904491952702 0.398921301356414
0 0.7017140124417558 0.40319809158501674
0 0.5748068546947045 0.20923401176717357
0 0.5136703026445606 0.4502040572013719
0 0.5367125491552716 0.24651339342585663
0 0.5609837962856775 0.287226135620443
0 0.4671253354489049 0.45262751799885487
0 0.5877444955367076 0.43182774879754227
0 0.5956510648697237 0.3392156939489561
0 0.5528823820096028 0.4434922437226645
0 0.6608655762068832 0.34527438985071146
0 0.6117487666727621 0.35959394589013477
0 0.6706899363028852 0.37487693231725183
0 0.46901163571997534 0.47112325629305585
0 0.5740152352218386 0.2987354595041784
0 0.6084876192521446 0.4441910842135283
0 0.5652680876134317 0.4561617645928868
0 0.6180428247663039 0.415567661943809
0 0.7409256956999815 0.38525781936917014
0 0.6550369436227823 0.41920614624362823
0 0.7556819817687892 0.39564892236024035
0 0.6205540627618379 0.3850121099329504
0 0.5679227558872367 0.27068269549739743
0 0.5379616125852247 0.32088979198415085
0 0.5534677882737751 0.3275729481435755
0 0.5303575896386858 0.30852493442250317
0 0.632482383824602 0.19950021225362485
0 0.6838124005854884 0.19224652955540558
0 0.7273303987104681 0.19383629361081378
0 0.7611889756178554 0.20080450081740409
0 0.7820175395736212 0.21180048107676658
0 0.7826191466065902 0.24555562717634588
0 0.8411135869690135 0.29343291873185234
0 0.7512271268458306 0.26888398767790334
0 0.7191653696796562 0.27055550851855836
0 0.6814625761176967 0.2654628482153407
0 0.6477590354183053 0.257196133671282
0 0.6225095232830772 0.2490512785962468
0 0.6050929838343512 0.2416733068503519
0 0.8498616852337801 0.28873534304391446
0 0.551284249447569 0.33186220825779056
0 0.5448786872851697 0.27369502176169397
0 0.5166360930174212 0.3191150286867949
0 0.5000139655946176 0.3246911165977288
0 0.516484423717366 0.3215722694091525
0 0.5415894558912591 0.3354355037424488
0 0.4934594672691973 0.3253806485824313
0 0.49016051145294043 0.3283741236581497
0 0.6122492080247854 0.22944068569305529
0 0.5931423223471339 0.23074405218782798
0 0.5803742548332939 0.23204229607700877
0 0.7514871709708926 0.23303065159991118
0 0.7733019220678112 0.2267854635825785
0 0.39592404588113855 0.18398602068212108
0 0.4281296492377414 0.18884437300556495
0 0.40221889618831347 0.16866294620724334
0 0.3635797259173816 0.1791605262145453
0 0.3893303527862211 0.19934195301286692
0 0.6981978514526463 0.22789111213751959
0 0.728587641746183 0.23218242129397137
0 0.7040404269966898 0.21294705193237903
0 0.6678725077381616 0.22351488481636997
0 0.6923062378847147 0.24280427571293298
